1 0.000342468751094
2 0.00120479590697
3 0.00489043094902
4 0.000806217321233
5 0.00206905365547
6 0.000584942636154
7 0.00616966091839
8 0.00327091412742
9 0.000668045455422
10 0.00240632773734
11 0.00037385722715
12 0.000390570076083
13 4.565376187e-05
14 0.000496880771136
15 0.000285269120931
16 0.000788499273405
17 0.00384971084141
18 0.000524447658304
19 0.0357257003952
20 0.0119918778601
21 0.00232005432322
22 0.000817255358488
23 0.00118337950139
24 0.000439241277923
25 0.000898408131612
26 1.05585401762e-05
27 0.000487738640762
28 0.000326815129139
29 0.000884420067867
30 0.00395415800614
31 0.000125531663516
32 0.000720084033244
33 0.00638945373347
34 0.000136260595897
35 0.000450343910069
36 0.000681825634746
37 0.000476610592597
38 0.0122835920535
39 0.00103376595642
40 0.00121629665278
41 0.00283252638572
42 0.000681406836647
43 0.000663117758662
44 0.000226507533473
45 0.000792394268015
46 0.00196830400692
47 0.0010734238166
48 0.0019947653368
49 0.105309290449
50 0.000684934009463
51 0.000790466594564
52 0.00047258979206
53 0.00152844365684
54 0.00754228506785
55 0.000174412974763
56 0.00227773078846
57 0.000681406836647
58 0.00018865835957
59 0.00117048815755
60 0.0137516546257
61 5.76830636116e-05
62 0.000199777747256
63 0.00525776880129
64 0.000534380619203
65 0.000373260011132
66 0.000307787011388
67 0.00501660598757
68 0.00210782426839
69 0.000155277996137
70 0.000262256388402
71 0.000830046101616
72 0.000884420067867
73 6.80825279383e-06
74 0.00982482090797
75 0.0152380339112
76 0.00239305855924
77 0.000278647412677
78 0.000228538939412
79 0.000989605307426
80 0.000182306966476
81 0.00347370426513
82 0.00101775826062
83 0.00107715878315
84 0.00192897915356
85 0.000657033218931
86 0.00986865512601
87 0.000331542297636
88 0.00104288809421
89 6.76405782593e-06
90 6.58305907349e-06
91 2.54219334793e-05
92 0.00378192265632
93 0.000462481211701
94 0.0017728531856
95 0.00314995679872
96 0.000231441293729
97 0.000142358174279
98 0.001266827343
99 4.83744974427e-05
100 0.00133091069947
101 0.00209577958293
102 0.000518125934574
103 0.00696113743093
104 0.00176190003468
105 0.000864424030224
106 0.000450531475213
107 0.000202450459182
108 0.00179698361924
109 0.0127302344983
110 0.000392429193216
111 0.00180756882656
112 0.00368201527005
113 0.00019615689413
114 0.00104023332965
115 9.99859394773e-06
116 0.000687486108378
117 0.000550949568605
118 0.00465042095009
119 0.00279189946797
120 0.000684934009463
121 0.00311542926075
122 0.00022592607044
123 0.00453472187649
124 0.000289126610259
125 0.000324717265485
126 0.00642129817911
127 0.000495532556537
128 0.00249901385042
129 0.00255964005062
130 0.00047306060791
131 0.0039667087903
132 0.00144493668848
133 2.63749204837e-06
134 0.000865143847345
135 0.00422753614121
136 0.000352266681096
137 0.00063538147165
138 0.000437088865417
139 0.000740805476067
140 0.000395530262565
141 0.00474131445478
142 0.000709008788208
143 0.000464476813317
144 0.000452693526483
145 0.00050625
146 0.000372448953474
147 0.000399673669196
148 0.000316611998328
149 0.0158451529512
150 0.0173893125564
151 0.00277123119404
152 0.00063538147165
153 0.00146461725042
154 0.132188156476
155 0.00279300466887
156 0.00125348742023
157 0.000544504766425
158 0.0040688760829
159 0.001317518717
160 0.00067552765089
161 0.000395788650509
162 0.000478943157366
163 2.48616876789e-05
164 0.00198775311967
165 0.0474456038104
166 0.00241577021868
167 0.000592297149929
168 0.000493484403495
169 0.00057134271557
170 0.000366994025337
171 0.000590760030864
172 0.000135799725112
173 0.00177568975069
174 0.000360797325927
175 0.00198575189675
176 0.000315712532878
177 0.00119916592791
178 0.000646106494306
179 0.000126069559865
180 0.000802153114861
181 0.000462481211701
182 0.00653562814573
183 0.000672357083089
184 0.00123556788779
185 0.000912824872753
186 0.00143073509604
187 0.00183272688356
188 0.00500831728687
189 0.000638227146814
190 0.000425940673722
191 6.55273477796e-05
192 0.0113159095589
193 0.00241577021868
194 0.000477768819612
195 0.0361206225891
196 0.000205581234965
197 0.00150041400428
198 0.00026464376244
199 5.76830636116e-05
200 0.00014633194589
201 0.000578021304375
202 0.000989085072112
203 0.000584942636154
204 0.0138100923126
205 0.000254140876195
206 0.00427558898926
207 0.00963764161241
208 0.000792394268015
209 0.000477189178999
210 0.000102610004492
211 0.00240370092122
212 0.000333604386898
213 0.00141118482513
214 0.000467540048846
215 0.000773991959084
216 0.00572786499215
217 0.000348110223041
218 0.000257150745058
219 0.000234948185467
220 0.000391194988205
221 0.000753187069896
222 0.000249361044778
223 0.000390570076083
224 6.87987100242e-06
225 0.00168526312281
226 0.00079815471357
227 0.00102855954316
228 0.000414556451021
229 0.000813741175052
230 0.000289271497264
231 0.0458978872449
232 0.00134514494955
233 0.000160738997541
234 0.00110855535208
235 0.000372604075904
236 0.00088405186634
237 0.00411441192093
238 0.000683032770827
239 0.000725649268714
240 0.00564261940973
241 0.00123016312712
242 0.000262256388402
243 0.0070166994691
244 0.00079723183391
245 0.000645454006671
246 0.000533227784953
247 0.00123703549656
248 0.00021226385646
249 0.0050582224827
250 0.00171030141299
251 0.00464162694139
252 0.000445085367373
253 0.042801693636
254 0.000828859696677
255 2.70035329271e-05
256 0.00025852158765
257 0.000319333578922
258 2.13894366815e-05
259 0.00126442689496
260 0.000436161300341
261 1.00461873463e-05
262 0.000434330940769
263 0.000477768819612
264 0.00564724539979
265 0.00860834768313
266 0.00246639207176
267 0.000809366607644
268 0.000224399167807
269 0.00322483542173
270 0.000800996796013
271 0.000681406836647
272 0.000926019482253
273 0.000656526639734
274 0.00122277623884
275 0.00640886733527
276 0.000602205577929
277 6.78799500658e-05
278 1.09101744878e-05
279 0.00112910452075
280 0.00209278454282
281 0.00273200681157
282 0.00134712890648
283 0.000970157647658
284 8.42600179895e-06
285 0.00322918361702
286 0.000170750425723
287 0.00506137990323
288 0.000316336243952
289 0.00525805700715
290 0.000989605307426
291 0.00762454986572
292 1.4156720842e-05
293 0.000316336243952
294 0.00073046018992
295 0.00122850751431
296 0.00412822855985
297 0.000865800294451
298 0.00123792561627
299 0.000718672050648
300 0.00227828687508
301 0.000195002049327
302 0.000810511021888
303 0.000221833628541
304 0.00157230234287
305 0.00230550864113
306 0.000654661508176
307 0.000792253036817
308 0.00055685294713
309 0.0139030172948
310 0.000320143839978
311 0.00152274831313
312 0.000413102884395
313 0.00447106767228
314 0.00372256331243
315 0.00088405186634
316 0.000321628458921
317 0.00111547805411
318 0.000425088670016
319 0.000342230986903
320 0.000259107790198
321 0.00806423931276
322 0.000649113554302
323 0.000645454006671
324 0.00726166328161
325 0.002562890625
326 0.000427060648116
327 0.00190795092232
328 0.000373260011132
329 4.75624256837e-05
330 0.00203865838967
331 0.000464476813317
332 0.00419282802195
333 2.13894366815e-05
334 0.000539655666483
335 0.000338825476515
336 0.000264221008825
337 0.000558001116002
338 0.000365248179601
339 6.88890266669e-06
340 0.00038206647223
341 0.000772463714285
342 0.00106853535001
343 0.000174562791805
344 0.000129315853467
345 0.000539655666483
346 0.0088100081
347 0.000180172064321
348 0.00352051642616
349 0.00544631109247
350 0.00638497463599
351 0.000938956891855
352 0.00544936214031
353 0.0741160545628
354 0.00036071921075
355 0.0012071570378
356 0.00111547805411
357 0.00386508339632
358 0.00162728396737
359 0.000649113554302
360 0.00136228570913
361 0.00767028613225
362 0.000533227784953
363 0.000768266828673
364 1.61575992281e-05
365 0.000453344952369
366 0.000616790945375
367 0.000182889553337
368 0.000753187069896
369 0.00345518736268
370 0.000199777747256
371 0.000258241485707
372 0.00108634435711
373 0.000441504432329
374 0.0011951924845
375 0.000444089356069
376 0.000667906229415
377 0.000654661508176
378 0.00207775904772
379 0.00120664393375
380 0.000234948185467
381 0.00453988191757
382 0.000823237043233
383 0.000672908746243
384 0.00077507492993
385 0.00566584790087
386 0.00322483542173
387 0.00120664393375
388 0.000584942636154
389 0.0113815244733
390 0.000476978347684
391 0.000212084079555
392 0.000720084033244
393 0.000271097995433
394 0.00171053054668
395 0.00079723183391
396 0.00339334527288
397 0.000152265367595
398 0.000373260011132
399 0.000227907885832
400 0.00190690490265
401 0.00272117062583
402 0.00180380416781
403 0.000772463714285
404 0.00152844365684
405 0.000922929017786
406 0.000452882070225
407 0.669178001269
