1 0.000566893424036
2 0.00207199787944
3 0.00282214943591
4 0.00035453809495
5 0.000582193503871
6 0.000255772596058
7 0.01257254586
8 0.00144570472573
9 0.00165142404874
10 0.00194447572865
11 0.00040661145828
12 0.000491032970475
13 7.631024694e-06
14 0.00060415553591
15 0.00079598274388
16 0.00168379393797
17 0.00547351828551
18 0.000370112940711
19 0.0442866762701
20 0.00265429341249
21 0.018995335142
22 0.000140117048998
23 0.000374435729543
24 0.000305401074559
25 0.00216582844747
26 4.97489214925e-05
27 0.000618113000214
28 0.000118875852021
29 0.000436575468897
30 0.00205067970347
31 0.000326293060243
32 0.00179210058509
33 0.00761038745864
34 0.00011500118595
35 0.000969920850575
36 0.0010859411258
37 0.00474790001714
38 0.00640959549659
39 0.00106967405699
40 0.000261324819173
41 0.00533244668811
42 0.000700798838054
43 0.0011047372027
44 0.000696588436632
45 0.00195942830798
46 0.00371570924934
47 0.00645375667317
48 0.00231094609248
49 0.108408270647
50 0.000631396337007
51 0.000741802186988
52 0.000164883682684
53 0.00186880911508
54 0.0270298181874
55 0.000619824038842
56 0.000174967106184
57 0.000346042757839
58 0.000172443117522
59 0.000818272858487
60 0.0210726659207
61 6.61697046143e-06
62 0.000437438591995
63 0.00831754396897
64 0.000457352434322
65 0.000437438591995
66 0.000154315034142
67 0.00106796531249
68 0.00563666752779
69 0.0008326935727
70 0.00212228740284
71 0.00122400575572
72 0.00410269554445
73 1.61431760204e-05
74 0.00232578421151
75 0.0161230120918
76 0.00126732087686
77 0.000427177837396
78 0.00225690277591
79 0.000600822522513
80 0.00025899973493
81 0.00195254594097
82 0.00186880911508
83 0.000450343910069
84 0.00279439719498
85 0.00213439194745
86 0.00148721655471
87 0.0010077725998
88 0.00240855899146
89 2.93709692934e-06
90 5.54938186823e-06
91 1.63321960614e-05
92 0.00241237296444
93 0.000464912451287
94 0.00199674802202
95 0.0144858859829
96 0.000359244746836
97 0.000492364509506
98 0.00234119306805
99 4.88262412716e-05
100 0.000798483866436
101 0.000457352434322
102 0.000672707189662
103 0.00236291794431
104 0.00338043169421
105 0.000412167590311
106 0.00223024997896
107 0.000352191131971
108 0.000551776946984
109 0.0103265631818
110 0.000314782139821
111 0.00661422967103
112 0.00136163723261
113 0.00230861492123
114 0.000473009405618
115 3.6524268436e-06
116 0.000821698310535
117 0.00207199787944
118 0.00339396633868
119 0.00538070565456
120 0.00143613448344
121 0.000905500684239
122 0.000473850311062
123 0.00688600405027
124 0.000551776946984
125 0.000254916756036
126 0.00643596844399
127 0.000906578069471
128 0.00748817059681
129 0.000396813409371
130 0.000607154426396
131 0.00105024005487
132 0.0264407614307
133 2.62044163941e-06
134 0.000707568844583
135 0.00801699887447
136 0.000175937218083
137 0.000962401506398
138 0.00344140877862
139 0.00071640800984
140 0.00114830055344
141 0.00616114094472
142 0.00448866749995
143 0.000237562735567
144 0.000304724473107
145 0.000243717321005
146 0.000306468867243
147 0.000286415639663
148 0.00128831731847
149 0.0144200365499
150 0.00575351664055
151 0.00535376839624
152 0.000309686735493
153 0.00353141007057
154 0.165776869598
155 0.00130759725765
156 0.000621595999326
157 0.00108272687102
158 0.00349713811702
159 0.000978396132831
160 0.000704975999328
161 0.00570234179151
162 0.00101137484548
163 2.41079392801e-05
164 0.00951575067235
165 0.0523753086774
166 0.00106796531249
167 0.000232621430667
168 0.000557726610476
169 0.000954817535587
170 0.000286194810334
171 0.000655593079041
172 4.02272392046e-05
173 0.000868175771424
174 0.00151071985548
175 0.00235151310023
176 0.000978396132831
177 0.00105024005487
178 0.00105024005487
179 0.00040661145828
180 0.000294011941119
181 0.000328965362054
182 0.00144908234034
183 0.00280643551037
184 0.000565793194458
185 0.000381469726563
186 0.00182774812596
187 0.0010270159519
188 0.0102126149496
189 0.000252620499101
190 0.000200485550944
191 9.01802703605e-06
192 0.00626578833793
193 0.000196828615997
194 0.000837460324025
195 0.180465162722
196 0.000468619658378
197 0.000657462195924
198 0.000554785376764
199 4.94384765625e-05
200 0.000445074921797
201 0.000280764614135
202 0.00212599476226
203 0.000781168948066
204 0.0181874150629
205 0.00185829893179
206 0.00204380090975
207 0.00290675199003
208 0.000904399449899
209 0.00156360801401
210 0.00113338847395
211 0.000446932248927
212 0.000223879204731
213 0.0012150729752
214 0.000252911710247
215 0.000382017705829
216 0.0127734959973
217 0.00106796531249
218 0.000775787765522
219 0.000413731473627
220 0.000424035440572
221 0.000912621004955
222 0.000254916756036
223 0.000548092303218
224 3.3498412961e-05
225 0.000691951619473
226 0.000606265943878
227 0.00061455874867
228 0.000532288440036
229 0.0017466518996
230 0.000619824038842
231 0.0419215511926
232 0.00154632858893
233 0.000575082696109
234 0.00349256824495
235 0.000475962411458
236 0.000199777747256
237 0.0262330590517
238 0.00105054380795
239 0.00350505629227
240 0.00141730086156
241 0.00265854028195
242 0.00114830055344
243 0.00786827429185
244 0.00164475588715
245 0.000973555380923
246 0.00115766354329
247 0.00212228740284
248 0.00084036228952
249 0.00554794737549
250 0.00355848317056
251 0.00125057055014
252 0.000316674603894
253 0.0275281278418
254 0.00150560500889
255 6.86186087663e-06
256 0.00015662686813
257 0.000200485550944
258 8.89996440014e-05
259 0.000239905012609
260 0.00131484982147
261 2.64823319812e-06
262 0.000120427291082
263 0.000633888303023
264 0.00605031511086
265 0.00362754468573
266 0.000537702163411
267 0.00303235213209
268 0.00143242777273
269 0.0043434038737
270 0.000262832562787
271 0.000995828356341
272 0.00162080766249
273 0.000672707189662
274 0.00119420251995
275 0.00629168037622
276 0.000725252553171
277 1.2867189477e-05
278 4.24686945999e-06
279 0.00113062366558
280 0.000860692525451
281 0.00279439719498
282 0.00175663638442
283 0.000851902145234
284 5.09556736595e-06
285 0.00280416404117
286 0.000636439396581
287 0.00202880222104
288 0.00202880222104
289 0.000653208433696
290 0.000320584166905
291 0.0147720095619
292 9.196665519e-06
293 0.00064192570275
294 0.00281884766656
295 0.00174148190794
296 0.00544756235367
297 0.00119291146382
298 0.00182819435353
299 0.00275629997992
300 0.000673229283832
301 0.000796596928096
302 0.000744929907039
303 0.000925030559045
304 0.000791015625
305 0.000480074599752
306 0.00121545625529
307 0.000604473912583
308 0.000181523181183
309 0.008379340868
310 0.000570661399204
311 0.00260220821515
312 0.00079598274388
313 0.00369290473136
314 0.00149772328255
315 0.00146545410156
316 0.000305401074559
317 0.00258160707956
318 0.000337214879235
319 0.000143632066583
320 0.000550435832808
321 0.00793961825544
322 0.000154315034142
323 0.00052486463228
324 0.000924267039157
325 0.00616114094472
326 0.000255022927113
327 0.00197866874672
328 0.000376745688824
329 1.32659857995e-05
330 0.00134501256179
331 0.000216772729228
332 0.00117468032308
333 2.42931299029e-05
334 0.00186020266652
335 0.00135576337029
336 0.000530432048166
337 0.000366796272063
338 0.000190780112081
339 5.78542788121e-06
340 0.00064192570275
341 0.00113338847395
342 0.000754126572558
343 0.000220913764662
344 0.000582193503871
345 0.000132880432526
346 0.00339511077944
347 0.000446380993629
348 0.00291792889031
349 0.00888424239927
350 0.0133610715557
351 0.00391082563625
352 0.00110837269906
353 0.0709328810833
354 0.000450343910069
355 0.000801391601563
356 0.000535211223811
357 0.00326530482435
358 0.00288918281061
359 0.00030692486332
360 0.000497908387026
361 0.00747802398566
362 0.000676601289719
363 0.000995482690046
364 2.69407030075e-06
365 0.000522822357446
366 0.000214744457531
367 0.00131274942239
368 0.00207359043211
369 0.000555810731007
370 0.0010297079978
371 0.000260084416424
372 0.0030039504828
373 0.000440748107959
374 0.000964701712054
375 0.000151810673996
376 0.00130779655612
377 0.000493856417126
378 0.00279947369894
379 0.000766765867115
380 0.000320707547557
381 0.0013108345548
382 0.000423060688171
383 0.00202880222104
384 0.00112499788311
385 0.00635929609728
386 0.00234446123295
387 0.000751896813911
388 0.000424358638316
389 0.000969920850575
390 0.00640711704143
391 0.000185425970942
392 0.00221453287197
393 0.00113243266345
394 0.000672464925438
395 0.00135383130879
396 0.00143246977808
397 0.000218937817099
398 0.00096007423013
399 0.000341921676412
400 0.00387180858102
401 0.00291553349598
402 0.00142619114013
403 0.00121456711634
404 0.000781219860345
405 0.000791015625
406 0.00147465630251
407 0.000445294107137
