1 0.000405822810618
2 0.00139353139799
3 0.00445404765001
4 0.000267228162782
5 0.00397960520569
6 0.0010961468225
7 0.00223648309803
8 0.00445749690365
9 0.0010016462133
10 0.00263784838623
11 0.0005098855359
12 0.000353858844858
13 8.68880973625e-06
14 0.000488055348444
15 0.000187974203478
16 0.000959620050436
17 0.00991042615767
18 0.000521788506841
19 0.0310189514573
20 0.00656387053718
21 0.00544400933507
22 0.000321505669735
23 0.000367557115435
24 0.000231317497723
25 0.0117964441756
26 1.07851305405e-05
27 0.000148720999405
28 0.000290686438713
29 0.000559736275476
30 0.0021473217315
31 0.000117851019044
32 0.000417856443246
33 0.00548060239928
34 0.000365635641405
35 0.00117203493561
36 0.00089266514015
37 0.00157041666267
38 0.0240110245932
39 0.000171480973423
40 0.0018549078071
41 0.00112939796511
42 0.000278507628575
43 0.00175472202822
44 0.000488055348444
45 0.000788557676813
46 0.000587436200974
47 0.00337270799216
48 0.000788549482697
49 0.0927887046903
50 0.000792253036817
51 0.00196950168127
52 0.000254581486081
53 0.00171949202346
54 0.013759027088
55 0.000552540827822
56 0.000648081167103
57 0.00103158712965
58 0.000152937085401
59 0.00129310919702
60 0.00856354427869
61 1.74255905769e-05
62 0.000171153999154
63 0.000585677598452
64 0.00047839601852
65 0.000277749435999
66 0.000720084033244
67 0.000601395890582
68 0.00053391250756
69 5.51861684995e-05
70 0.000185459940653
71 0.00147965558568
72 0.000207588498838
73 3.6524268436e-06
74 0.00220638095009
75 0.0418422850672
76 0.00218118486517
77 0.000298073156967
78 0.00062865230095
79 0.00158476097893
80 0.00181810112614
81 0.00283274134421
82 0.00520730258743
83 0.00140124109926
84 0.000930569855898
85 0.0018549078071
86 0.0055525818395
87 0.000352759115604
88 0.000967582662618
89 2.7708463325e-06
90 1.44573436077e-05
91 2.75395455975e-05
92 0.000737909521946
93 0.000181387386775
94 0.000251313969961
95 0.00338383590035
96 0.000149870320209
97 0.000713222798475
98 0.00484789505295
99 5.36212683734e-05
100 0.000930569855898
101 0.000281518850502
102 0.000315688187841
103 0.00222341864042
104 0.000645838300398
105 0.000918273645546
106 0.00117221357224
107 0.000656570091942
108 0.00134785161034
109 0.014044949315
110 0.000540504019999
111 0.000850015867816
112 0.00332628741704
113 0.00182287413312
114 0.000634373844394
115 9.40946215514e-06
116 0.00052112464811
117 0.000382677778586
118 0.00500701070415
119 0.00131431367383
120 0.00173177895781
121 0.000928195297144
122 0.000313480567214
123 0.0106607878766
124 0.000546178623571
125 0.000379289940828
126 0.00911128250141
127 0.000493013405361
128 0.00184555683534
129 0.000404115585806
130 0.000403846045263
131 0.00383402505535
132 0.00154592955415
133 2.03271698644e-07
134 0.00115731410697
135 0.00626345754604
136 0.000278809449231
137 0.00127326359914
138 0.000691976438143
139 0.000365724907919
140 0.000255288231504
141 0.00293743878259
142 0.000842163496595
143 0.000417856443246
144 0.000212836488198
145 0.00053391250756
146 0.000273748084311
147 0.000585677598452
148 0.000384775394375
149 0.014697892175
150 0.0246088656836
151 0.00214158406744
152 0.000866467120715
153 0.00320640665701
154 0.189503537961
155 0.00231904932566
156 0.00036814520682
157 0.000591672753835
158 0.0035019831158
159 0.000604057092834
160 0.000806217321233
161 0.00110383112343
162 0.000722028018209
163 8.02510252068e-06
164 0.000948514707331
165 0.0511363940496
166 0.00117048815755
167 0.000629778491129
168 0.000287870911058
169 0.0010451930175
170 0.00105144163369
171 0.00137803594277
172 2.42400011492e-05
173 0.000422100039995
174 0.000443555281967
175 0.00236068972801
176 0.000550390863512
177 0.000883769704423
178 0.000843623920273
179 0.000806217321233
180 0.000798269273563
181 0.00033364758645
182 0.00546360605348
183 0.000928195297144
184 0.00164950462522
185 0.000380280421825
186 0.000792253036817
187 0.00340558014766
188 0.00354400964777
189 0.000299844455689
190 0.000881754112882
191 8.9910067455e-06
192 0.0369286974049
193 0.000227839088644
194 0.00329079360239
195 0.0584004616548
196 0.000346519749685
197 0.000566072939177
198 0.000285336011687
199 4.55169716491e-05
200 0.000322629019358
201 0.00130695103169
202 0.000951619405106
203 0.0021547495706
204 0.0132863414573
205 0.000315712532878
206 0.00462082941421
207 0.0050620188983
208 0.000788557676813
209 0.000504502718266
210 0.000131481557716
211 0.00180156289184
212 0.000389124859649
213 0.000470146554447
214 0.000848583432522
215 0.00120476851592
216 0.0161050487068
217 0.000294665308374
218 0.00115343538626
219 0.00016402890688
220 0.000731695640337
221 0.000467185246831
222 0.00036706390563
223 0.000947656551312
224 9.7809016891e-06
225 0.00264154255456
226 0.00072330966392
227 0.00277008310249
228 0.000271706315662
229 0.000935021271962
230 0.00122092350715
231 0.0241512895708
232 0.002343056671
233 0.000672707189662
234 0.00137798438935
235 0.000369822485207
236 0.00187043462381
237 0.00109913436851
238 0.00124627311912
239 0.00157431347672
240 0.00282470395566
241 0.00110636153393
242 0.000353196984581
243 0.00546147833868
244 0.000862993812361
245 0.00105442011066
246 0.000240605526471
247 0.000294438118468
248 0.000562675094227
249 0.00261187760267
250 0.00916302389386
251 0.00402612796001
252 0.000224438552932
253 0.0180659902068
254 0.000294438118468
255 3.89711079471e-05
256 0.00052112464811
257 0.000176297073469
258 3.41098446486e-05
259 0.00038206647223
260 0.000484807258579
261 6.73774709108e-06
262 0.000369822485207
263 0.00121284126631
264 0.00100619307079
265 0.00626873897707
266 0.00186997808619
267 0.00265960037167
268 0.000544436933502
269 0.000527087005458
270 0.000482169144334
271 0.000507653234824
272 0.00209649934925
273 0.0018549078071
274 0.00173177152518
275 0.00434348176587
276 0.000425303823873
277 4.87505123318e-05
278 1.56502837822e-05
279 0.000561275057834
280 0.00160185566813
281 0.000527087005458
282 0.00573023389991
283 0.000941307111557
284 1.08206371191e-05
285 0.000770547583222
286 0.000254189218768
287 0.000465951211939
288 0.000174402737908
289 0.00579985406262
290 0.000660897225339
291 0.00510342108038
292 3.25702905069e-05
293 0.000174402737908
294 0.000720084033244
295 0.00102433444925
296 0.00844620506356
297 0.00162922878228
298 0.00209218027694
299 0.000409039262719
300 0.000772544124742
301 0.00053391250756
302 0.00162922878228
303 0.000555488879762
304 0.000499834456979
305 0.00072330966392
306 0.00145633776846
307 0.001030248745
308 0.0010961468225
309 0.00751956258361
310 0.000470298517947
311 0.00196822824146
312 0.00043207929228
313 0.0168789634644
314 0.00283085908047
315 0.00118602925864
316 0.000503369493754
317 0.000661877136092
318 0.00128702905367
319 0.000263193245745
320 0.000231495983447
321 0.00889400560029
322 0.000989138835379
323 0.00105442011066
324 0.00560086637084
325 0.00430083947642
326 0.000899895727785
327 0.00665501125458
328 0.000379096670257
329 3.60480480427e-05
330 0.00376549586777
331 0.000252174960388
332 0.00644916168348
333 3.41098446486e-05
334 0.00215932713703
335 0.000281518850502
336 0.00086984221368
337 0.000650612734162
338 0.000311358122117
339 9.40946215514e-06
340 0.000197445277493
341 0.000788549482697
342 0.000852677620012
343 0.000137643322989
344 0.000285336011687
345 0.000333513213681
346 0.00434786646124
347 0.000528328652628
348 0.00384667470102
349 0.00760862181074
350 0.018346385139
351 0.00230169772685
352 0.0076088198694
353 0.0797625567131
354 0.000214082965699
355 0.00140124109926
356 0.00164701123353
357 0.0230682941969
358 0.00123055413241
359 0.00140124109926
360 0.000841514180098
361 0.0120120339892
362 0.000966673323198
363 0.000428906550891
364 1.07851305405e-05
365 0.000178913351343
366 0.000195951009186
367 0.000174402737908
368 0.00160256307528
369 0.000989138835379
370 0.000734327874848
371 0.000315712532878
372 0.00181780701261
373 0.00042491286825
374 0.00114699691429
375 0.000401602252815
376 0.00196373935236
377 0.000786094855446
378 0.00299824834546
379 0.00160256307528
380 0.00025847540865
381 0.00652346261935
382 0.000567948565465
383 0.000604057092834
384 0.000850517841238
385 0.00541459162258
386 0.000322629019358
387 0.00105400573461
388 0.000458921395209
389 0.0127760880706
390 0.000429085187522
391 0.000252174960388
392 0.000803363456848
393 0.000303629781583
394 0.00182287413312
395 0.000512637949448
396 0.0028488376505
397 0.000916945631962
398 0.00133013850611
399 0.000274970025933
400 0.00129946292431
401 0.00857559371801
402 0.00891042401384
403 0.00142071005917
404 0.00117443618842
405 0.00038206647223
406 0.000255092199296
407 0.457111783153
