1 0.000290880163413
2 0.00217567421753
3 0.00657869398066
4 0.00246322077094
5 0.000646417913127
6 0.000436995480437
7 0.00113752513476
8 0.00043207929228
9 0.00150239958692
10 0.00253760916694
11 0.000330848523072
12 0.000401202731934
13 9.43839207553e-06
14 0.000677036053589
15 0.000724175312245
16 0.000654035242176
17 0.00703187957713
18 0.00035410845188
19 0.0412929854849
20 0.00473258457035
21 0.0216121127319
22 0.000439424218897
23 0.000268470306798
24 0.000923381829647
25 0.000889231800077
26 1.0339016346e-05
27 0.000144072027009
28 0.000289176163236
29 0.000726989950064
30 0.00392667480179
31 0.000154696987276
32 0.00139561256825
33 0.0161901086075
34 0.000345931892463
35 0.000417856443246
36 0.000554116002551
37 0.000360884507719
38 0.00926742878332
39 0.000327712238243
40 0.00128110658583
41 0.00422438826302
42 0.000333042320315
43 0.00214458795219
44 0.000268041440493
45 0.000340641557193
46 0.00646315751221
47 0.00162076458946
48 0.00182940973729
49 0.0500983413511
50 0.000426883409603
51 0.00475971534134
52 0.000251695867241
53 0.00213976826813
54 0.0156852136642
55 0.000715343905999
56 0.000668126453371
57 0.000602205577929
58 0.000445686719429
59 0.00079469937601
60 0.0146368918854
61 1.20982986767e-05
62 0.000252620499101
63 0.000844560284333
64 0.00218818380744
65 0.00014130249995
66 0.000416319733555
67 0.00161593443732
68 0.00176541204717
69 0.00014130249995
70 0.000142605862198
71 0.00109915454077
72 0.000517911007802
73 4.30933353763e-05
74 0.00182873386753
75 0.0302179078635
76 0.00136024253625
77 0.000268409280295
78 0.000684950281769
79 0.00158701830921
80 0.000193572778828
81 0.00358812861484
82 0.00481025198728
83 0.000709927405763
84 0.0016409686927
85 0.00350930362973
86 0.00448885160698
87 0.000417058949837
88 0.000833680178346
89 1.69661044463e-05
90 3.48073067498e-06
91 2.23816839489e-05
92 0.000775997784156
93 0.00029747446533
94 0.00107280750995
95 0.00247106100987
96 0.000177195982726
97 0.000204130220723
98 0.00230581879539
99 8.47501393743e-05
100 0.00128201004829
101 0.00125893933443
102 0.000567876565784
103 0.00166147531957
104 0.000920748231873
105 0.000229557111459
106 0.000587259238388
107 0.000646181488517
108 0.00130299418265
109 0.0115482695117
110 0.0027491611114
111 0.00120646005019
112 0.000930066274133
113 0.00236509270979
114 0.000162551644528
115 8.92398493854e-06
116 0.000448970952342
117 0.000344976806519
118 0.00244589437063
119 0.00277249449137
120 0.00128003997928
121 0.000668452686991
122 0.000110338252948
123 0.00314744597417
124 0.000364561650162
125 0.000602205577929
126 0.0102072483792
127 0.000932476139498
128 0.00306373941684
129 0.000912121075627
130 0.00052999327157
131 0.00125711808428
132 0.00187451647663
133 1.48945685209e-05
134 0.000938455784235
135 0.00123468517311
136 0.000101075896768
137 0.000969815974426
138 0.000371725120261
139 0.000235879276404
140 0.000815375378312
141 0.0108027002779
142 0.00349056016548
143 0.00141634871083
144 0.000413113887236
145 0.000403867826015
146 0.000182220843499
147 0.000435507837327
148 0.000428553568193
149 0.0141079624811
150 0.0240361935922
151 0.00237884930526
152 0.000333482555661
153 0.00118456361623
154 0.267097620518
155 0.00135600222999
156 0.000566342908483
157 0.000859145122526
158 0.00133468276236
159 0.00232409854599
160 0.00104058272633
161 0.000575016934891
162 0.00109662244965
163 2.80606845213e-05
164 0.00330425860021
165 0.0147601462668
166 0.00129800645392
167 0.00119134181306
168 0.000580635796197
169 0.00114687987039
170 0.000646181488517
171 0.000295792134529
172 7.95176091705e-05
173 0.000672364651867
174 0.000764509758118
175 0.00259644159993
176 0.000507478304869
177 0.00124899628696
178 0.000908591622838
179 0.000380801573832
180 0.000856632956573
181 0.000774236155248
182 0.00211489822956
183 0.00424998190672
184 0.00108914012882
185 0.000231704935796
186 0.00150669259095
187 0.0025509915485
188 0.00421664594825
189 0.000341156358472
190 0.000885185438153
191 7.08170468697e-06
192 0.0217893291576
193 0.000749468692622
194 0.0010297079978
195 0.055526144127
196 0.000353031934136
197 0.000555810731007
198 0.00039993611005
199 0.000142783759017
200 0.000507478304869
201 0.000605599153669
202 0.000637953023701
203 0.000427099489277
204 0.0115749972207
205 0.000717474489796
206 0.0044780254714
207 0.0112809013592
208 0.000930208030919
209 0.00127908619992
210 0.000491595176184
211 0.00113716643291
212 0.000354861996882
213 0.00147815268164
214 0.000678561031748
215 0.000391902018372
216 0.00347014203437
217 0.00285698970318
218 0.000378687272133
219 0.000276669991133
220 0.000722842780022
221 0.000698005629798
222 0.000204130220723
223 0.000423661424571
224 2.40292195309e-05
225 0.000583757488401
226 0.000377608723683
227 0.000760420159987
228 0.00047258979206
229 0.0058209227557
230 0.000508179603202
231 0.070114615512
232 0.000555810731007
233 0.000298086902109
234 0.00232208073406
235 0.00142731712241
236 0.000580785645387
237 0.00296247916761
238 0.00115323860688
239 0.00137425446015
240 0.0021720533767
241 0.000556530117454
242 0.000473850311062
243 0.00524485579331
244 0.00325624185577
245 0.0010961468225
246 0.000589236189949
247 0.000808367710999
248 0.000385193558297
249 0.00651981019251
250 0.00211600901738
251 0.00435788533925
252 0.00047258979206
253 0.00363641840166
254 0.000324291134831
255 4.06991089439e-05
256 0.000196527141594
257 0.000235326777889
258 9.43839207553e-06
259 0.000425475715888
260 0.000678790300336
261 1.79328591512e-06
262 0.000417856443246
263 0.000217557442562
264 0.00487379512448
265 0.00918750533983
266 0.00181318445389
267 0.00329662782445
268 0.00120646005019
269 0.000517513886581
270 0.000393806875395
271 0.000524373292999
272 0.00119007368626
273 0.000471129433894
274 0.000848946741887
275 0.0113937634137
276 0.000324291134831
277 5.41541950447e-05
278 7.20688257286e-06
279 0.00115440323634
280 0.00047258979206
281 0.00045908119427
282 0.00145691609977
283 0.00244262928706
284 9.25269990892e-06
285 0.00103190985153
286 0.000160230732254
287 0.0016409686927
288 0.000203541624262
289 0.00321308420889
290 0.000670736322329
291 0.00804081043709
292 1.4408604178e-05
293 0.000885185438153
294 0.00088886404499
295 0.000588422703656
296 0.0045799853908
297 0.0042402890789
298 0.00149772328255
299 0.000731459017038
300 0.000678687109351
301 0.000330848523072
302 0.000722842780022
303 0.00108189528099
304 0.00110049835554
305 0.000215977171274
306 0.000417856443246
307 0.000769214533464
308 0.000389953305431
309 0.00918556950857
310 0.000429719836418
311 0.000734811849009
312 0.000815375378312
313 0.00546116701961
314 0.014310782009
315 0.000422454225035
316 0.000461274898896
317 0.00061296948247
318 0.00045809405958
319 0.000117329821073
320 0.000220732576427
321 0.00687498622854
322 0.000678561031748
323 0.000591672753835
324 0.00454660731846
325 0.00473193817486
326 0.0012433616506
327 0.00129282934478
328 0.000154635023759
329 5.08982102599e-06
330 0.00136554215607
331 0.000183347219189
332 0.00655258526991
333 1.52059448111e-05
334 0.0043056794822
335 0.000265350832293
336 0.000235076283705
337 0.000669748446996
338 0.000216864055683
339 3.06368377337e-05
340 0.00045919327464
341 0.000417884335673
342 0.000891067052796
343 0.000195951009186
344 0.000122096395104
345 0.000299456802458
346 0.00804840777455
347 0.000332510303829
348 0.00184658287121
349 0.00502528743075
350 0.00911141586415
351 0.000436935828458
352 0.00727464984499
353 0.0287638230564
354 0.000482494673987
355 0.00136554215607
356 0.000587503827825
357 0.01032493338
358 0.00182682496858
359 0.00021224890106
360 0.0015844409352
361 0.00876284362645
362 0.000429719836418
363 0.000675362807637
364 1.08921783267e-05
365 0.000193572778828
366 0.000476978347684
367 0.00021224890106
368 0.00103480516138
369 0.000882266444466
370 0.000695640461235
371 0.000346004287132
372 0.00306667574318
373 0.000354904458862
374 0.00444088536168
375 0.000397653202258
376 0.000734505932336
377 0.00175128020559
378 0.00636275783073
379 0.00157720646453
380 0.000123513495779
381 0.00657869398066
382 0.000388130080563
383 0.00232409854599
384 0.000662477373551
385 0.00708269265377
386 0.00029747446533
387 0.00103732869172
388 0.000230175534458
389 0.00190492210548
390 0.000294150591836
391 0.000245606540216
392 0.00161844365174
393 0.000507602200939
394 0.00226578996076
395 0.00082080895018
396 0.000735359305568
397 0.000608252316777
398 0.000912121075627
399 0.000201998590211
400 0.00277249449137
401 0.000436935828458
402 0.0099637155147
403 0.00111566017948
404 0.00151081921362
405 0.000979962192817
406 0.000562672591884
407 0.145333458114
