1 0.000580340467352
2 0.00188864267171
3 0.00488951685093
4 0.001242424449
5 0.000832820488349
6 0.000669207126794
7 0.00378836591221
8 0.00537562559541
9 0.00100002431012
10 0.00388822810938
11 0.000452693526483
12 0.000644543955312
13 9.61480680248e-06
14 0.000633574892009
15 0.000341022567607
16 0.00054340888701
17 0.00626044178732
18 0.000331808200957
19 0.0142215527828
20 0.0020804837528
21 0.0198784611828
22 0.000796592937909
23 0.00128862590401
24 0.000776314964021
25 0.00113884495197
26 7.26527706134e-06
27 0.00142289829151
28 0.000206506986472
29 0.000468424190588
30 0.00252497902893
31 0.000764562753615
32 0.00217913952718
33 0.0114244730828
34 0.000368050883035
35 0.00119720138438
36 0.000421746300191
37 0.00051317229498
38 0.0161552523617
39 0.00110508883975
40 0.00106711111111
41 0.00290195535446
42 0.000374778371562
43 0.000780335702775
44 0.000408964237176
45 0.00151234567901
46 0.00277249449137
47 0.00446211687213
48 0.00283650627356
49 0.166047403511
50 0.000438116220683
51 0.000423377195211
52 0.000246512329656
53 0.00275804488503
54 0.00306441459269
55 0.000877914951989
56 0.00065431268095
57 0.000375578390722
58 6.76430765283e-05
59 0.00123876203462
60 0.0159850178359
61 1.12418838868e-05
62 0.000174092702671
63 0.000589636204705
64 0.000870046527508
65 0.00132384704882
66 0.000326293060243
67 0.00260953918099
68 0.00124350646458
69 0.000423377195211
70 0.000249727896484
71 0.000915670461468
72 0.000310833311782
73 9.48203776103e-06
74 0.00241764282103
75 0.056183515422
76 0.000634241578201
77 0.000558719148569
78 0.0018247239512
79 0.00116759938454
80 0.0007546309145
81 0.00211685136231
82 0.000640723415705
83 0.000668846611177
84 0.000585918278133
85 0.00291644444444
86 0.00406266771736
87 0.00199187300253
88 0.00123274953878
89 2.64392887831e-06
90 3.03248032821e-06
91 2.58327426784e-05
92 0.000326293060243
93 0.000310833311782
94 0.000447812170946
95 0.00494078444699
96 0.00037039210004
97 0.000816956412195
98 0.00228762975719
99 8.56347390699e-05
100 0.00152676232143
101 0.000439262532345
102 0.000316238380017
103 0.00257774392077
104 0.00251033524677
105 0.000423377195211
106 0.000447625737902
107 0.000471841437126
108 0.0022809635324
109 0.0090251314475
110 0.00068949336602
111 0.00168372243804
112 0.00152676232143
113 0.000357873895963
114 0.000251066256695
115 8.58726133451e-06
116 0.00083477400555
117 0.000321113335495
118 0.00331856923362
119 0.0011315065507
120 0.000763629746958
121 0.000657028334167
122 0.000253883297363
123 0.00325222473172
124 0.000540326051115
125 0.000517835766149
126 0.00513597306291
127 0.00090754713678
128 0.0148819976697
129 0.000877914951989
130 0.000588487441969
131 0.0009765625
132 0.00156195890223
133 1.51271916686e-05
134 0.00239205604087
135 0.00209075158129
136 0.000152305231537
137 0.00185817201614
138 0.00101863480633
139 0.000217182369213
140 0.000657462195924
141 0.000603027420997
142 0.000959754251767
143 0.000439136089328
144 0.000173256820483
145 0.00083477400555
146 0.000527124114952
147 0.00058776233647
148 0.000576444444444
149 0.015294287277
150 0.0325629705693
151 0.0234567361591
152 0.000399360767182
153 0.00157068503951
154 0.148775527701
155 0.000835957224278
156 0.000145075008985
157 0.000477560027385
158 0.00312434913598
159 0.000585918278133
160 0.00208086835612
161 0.0015487833455
162 0.000960728370767
163 8.81829841012e-06
164 0.00364402488426
165 0.0467480075828
166 0.00134661452468
167 0.000409039262719
168 0.000439136089328
169 0.000768398043642
170 0.000250377593348
171 0.000480659029373
172 0.000241117240847
173 0.000193597918187
174 0.000910592594831
175 0.00104514031509
176 0.000323118622769
177 0.00144096111721
178 0.00106974219897
179 0.000676845792848
180 0.000320979649676
181 0.000598262397276
182 0.00233182782374
183 0.0016638495776
184 0.000676601289719
185 0.000317063173189
186 0.00207107688423
187 0.0026651653024
188 0.0305328352743
189 0.00104163249446
190 0.000189822077537
191 1.22255367011e-05
192 0.0870684930653
193 0.000231856929693
194 0.00132384704882
195 0.18747223064
196 0.00054340888701
197 0.000612
198 0.0016638495776
199 4.80028161652e-05
200 0.000296939799982
201 0.000368050883035
202 0.00182177470862
203 0.000852398818651
204 0.0144788099842
205 0.00121802988612
206 0.00288206626421
207 0.00594020041381
208 0.000656526639734
209 0.000207028621707
210 0.000253067219613
211 0.00160899777299
212 0.000480659029373
213 0.0008326935727
214 0.000486733260168
215 0.000714282171219
216 0.0261042293255
217 0.00152676232143
218 0.000450560697757
219 0.000278148518848
220 0.000768045058643
221 0.000790706725022
222 0.0007546309145
223 0.000298256617947
224 1.12418838868e-05
225 0.000536749213375
226 0.00080316018948
227 0.00151474908853
228 0.00142349091887
229 0.00128588384697
230 0.00143835846217
231 0.0540446868336
232 0.000927257896743
233 0.000141453791912
234 0.00241936016921
235 0.00068949336602
236 0.000576768768683
237 0.00310860406111
238 0.000560069372137
239 0.0180431996365
240 0.00220121856161
241 0.00168379393797
242 0.0013134543489
243 0.00445980149905
244 0.00146327930313
245 0.000966673323198
246 0.000450560697757
247 0.000491595176184
248 0.000576768768683
249 0.0201583443711
250 0.000827034517511
251 0.00274348422497
252 0.000754049086501
253 0.0190257302267
254 0.0002301492294
255 2.40734518631e-05
256 0.000203383719345
257 0.00015383690884
258 1.08384561974e-05
259 0.000192901234568
260 0.000635216527913
261 1.93723963499e-07
262 0.000577800768803
263 0.000375015575727
264 0.00334510699492
265 0.0164283320989
266 0.00445037630157
267 0.00267264104753
268 0.00129308168161
269 0.000622067531205
270 0.0002194460969
271 0.000343454537548
272 0.0012694103207
273 0.00182044444444
274 0.00220399336988
275 0.00661318212568
276 0.000439262532345
277 4.84493515862e-05
278 1.58027319607e-05
279 0.000792098201612
280 0.00238316748326
281 0.00124024074019
282 0.00597265609153
283 0.000241117240847
284 1.43843268375e-05
285 0.000965668178646
286 0.000325179990422
287 0.000589636204705
288 0.000437032364537
289 0.000816892810374
290 0.000658424933527
291 0.00746122085462
292 4.36046833474e-05
293 0.00143835846217
294 0.000434362675754
295 0.00142289829151
296 0.00419941480059
297 0.00263829809161
298 0.00490292332245
299 0.00249653845243
300 0.000635119961095
301 0.0015465219038
302 0.000780663559335
303 0.000827717952584
304 0.000402572340639
305 0.000219089073204
306 0.000398086889948
307 0.00109069971883
308 0.000307831598008
309 0.0146708341267
310 0.000452693526483
311 0.00105447367036
312 0.000399360767182
313 0.00436453399709
314 0.00892848573549
315 0.000464313423357
316 0.000175430902153
317 0.00121629665278
318 0.000454319217308
319 0.00013067197383
320 0.000503581264503
321 0.0107386046202
322 0.00123703549656
323 0.000311330645081
324 0.00135970000083
325 0.0148265884804
326 0.00186469529412
327 0.00119108204518
328 0.000345743280822
329 2.6089947833e-05
330 0.000547577111651
331 0.000909639244537
332 0.0025361571535
333 5.3523240481e-05
334 0.00408554979047
335 0.0004688382672
336 0.00123703549656
337 0.000596499432037
338 0.00045991178247
339 4.06887693148e-06
340 0.000187676948464
341 0.000451117922608
342 0.000289947409308
343 0.000126780310027
344 0.00011437467095
345 0.000452693526483
346 0.00616280367696
347 0.000714282171219
348 0.00228914383581
349 0.00852420681098
350 0.00147815268164
351 0.00220513924596
352 0.00349151510978
353 0.0661665909577
354 0.00032306942793
355 0.000676601289719
356 0.000379372768406
357 0.00825498225611
358 0.00032957903145
359 0.000825472974996
360 0.00032957903145
361 0.00272776104547
362 0.000422286940986
363 0.000386891257558
364 3.60480480427e-05
365 0.000127317324506
366 0.000161505941968
367 0.000455458060678
368 0.000463497765327
369 0.000793687078457
370 0.000579649112036
371 0.00024844701678
372 0.000672433582486
373 0.000421746300191
374 0.00207542251819
375 0.000253559982149
376 0.000421736480433
377 0.00186325759536
378 0.00591715976331
379 0.00126655928293
380 0.000658907777804
381 0.00844090027593
382 0.000879251626789
383 0.00143046454622
384 0.000427510708282
385 0.0013836850638
386 0.000259447772623
387 0.00126655928293
388 0.000877914951989
389 0.00186755452699
390 0.00030393569985
391 0.000776991343831
392 0.00119409725054
393 0.000296939799982
394 0.0015487833455
395 0.00207790521181
396 0.00045564775583
397 0.00092300260511
398 0.000802257711671
399 0.000305594803183
400 0.00246524270458
401 0.00158647857131
402 0.00166874815152
403 0.000547577111651
404 0.00141383478035
405 0.000754049086501
406 0.000677103976747
407 0.0554523529125
