1 0.000331542297636
2 0.000317949907727
3 0.00528265998426
4 0.00253338861188
5 0.000870267760476
6 0.000609812004649
7 0.227474256968
8 0.00217332606946
9 0.00498136742405
10 0.00123615029417
11 0.000208397951592
12 0.000451923966866
13 3.9666196712e-05
14 0.0015274564496
15 0.000602565615462
16 0.000634659147392
17 0.00285029961862
18 0.000323030182634
19 0.0181870034625
20 0.000233122068113
21 0.00633422998909
22 0.000870267760476
23 0.000177186663381
24 0.000203113275145
25 0.00328567164558
26 1.00302851924e-05
27 0.000344537703141
28 0.000639143170464
29 0.000748488031965
30 0.000366516113281
31 0.000188270931812
32 0.000509311827331
33 0.00168289378743
34 0.00029129013383
35 0.00270687160278
36 0.000242018332211
37 0.00198685171658
38 0.0287919729482
39 0.000402994463953
40 0.000361433590192
41 0.00355068047061
42 0.000821534342164
43 0.0114763196744
44 0.000475548230631
45 0.000634659147392
46 0.00494201981722
47 0.00265977182881
48 0.00111230312818
49 0.0867753904326
50 0.00104327330756
51 0.000783309934729
52 9.91307088736e-05
53 0.00216333153056
54 0.00427834240295
55 0.00117578442353
56 0.000634360755037
57 0.000957542738222
58 0.000190362879239
59 0.000749468692622
60 0.0172276688453
61 3.66815264587e-05
62 0.000176305504382
63 0.00123575459144
64 0.000374510179409
65 0.000467218281977
66 0.000501849213673
67 0.00025948221221
68 0.00400451660156
69 0.000306066332654
70 0.000247389586122
71 0.000795679286599
72 0.000939238121988
73 3.48293469497e-05
74 0.00655064437659
75 0.020408407613
76 0.00040049163007
77 0.00117578442353
78 0.000461928665707
79 0.00196303182428
80 0.0010961468225
81 0.00401332200323
82 0.00102841767863
83 0.00045230064863
84 0.00246053270563
85 0.000328676247804
86 0.00351101761716
87 0.000422808856058
88 0.000475910528821
89 2.21772639799e-06
90 4.565376187e-07
91 5.37702163411e-06
92 0.00574432132964
93 0.000459241021045
94 0.000567737957884
95 0.00359339683544
96 0.000300853629885
97 0.00143170197224
98 0.00166443097995
99 5.33658711418e-05
100 0.000159089685108
101 0.00017051484827
102 0.000448025146272
103 0.00188528281834
104 0.00165465653032
105 0.000430433360307
106 0.0029660584792
107 0.000357373352004
108 0.0110970846406
109 0.0137196481732
110 0.00169842924096
111 0.00258910759829
112 0.00132635829896
113 0.00416916000649
114 0.00159929934435
115 1.42638556188e-05
116 0.00037149162517
117 0.000176305504382
118 0.00646025131926
119 0.000746131492196
120 0.000802876737683
121 0.00156597827566
122 0.000236080667453
123 0.000829819302613
124 0.00149057409049
125 0.000640591916536
126 0.013506857882
127 0.00133496585581
128 0.00589249903945
129 0.00169184618189
130 0.00136601084637
131 0.0028349866141
132 0.00140553279996
133 2.50558706766e-06
134 0.00206792029158
135 0.00297878634548
136 0.000166015625
137 0.00173033850958
138 0.00437042236328
139 0.000727170696506
140 0.00117578442353
141 0.00359881021235
142 0.000897007483368
143 0.000104208332632
144 0.000357373352004
145 0.00023237656157
146 0.000266178606066
147 0.000731853637002
148 0.000488699187339
149 0.0164973988968
150 0.00412935518591
151 0.00899694529657
152 0.00029129013383
153 0.00476725554167
154 0.214557448324
155 0.00172981037016
156 0.000430433360307
157 0.00397756685437
158 0.0057983563284
159 0.00246053270563
160 0.000641430289322
161 0.000856137224326
162 0.000323030182634
163 2.14334705075e-05
164 0.00454990174074
165 0.0420216772943
166 0.00347105450996
167 0.000613439597992
168 0.000396187472108
169 0.00119515837898
170 0.000357373352004
171 0.00296845628678
172 4.36006844769e-05
173 0.00109649658203
174 0.000421579881039
175 0.0018449211862
176 0.000565230737077
177 0.000978943996723
178 0.000695973591197
179 0.000693534344131
180 0.000967901234568
181 0.000806889308969
182 0.00482380765917
183 0.00246035439453
184 0.00225413625197
185 0.00063160796089
186 0.000776331360947
187 0.00204362774603
188 0.0234767683486
189 0.000329911687529
190 0.000598453293599
191 1.64205576462e-05
192 0.0121972825322
193 0.000929737625022
194 0.00146545410156
195 0.0910116345765
196 0.000430433360307
197 0.000419226463453
198 0.000687486108378
199 1.07321974644e-05
200 0.000634659147392
201 0.00079598274388
202 0.00113462603878
203 0.000586361735659
204 0.0292313453906
205 0.000602295922272
206 0.00567561735438
207 0.010330696709
208 0.000542540929595
209 0.0020959282646
210 0.000490076372229
211 0.00195514152733
212 0.000542408505643
213 0.000796104064219
214 0.000791015625
215 0.00284785247566
216 0.0127506225205
217 0.000369822485207
218 0.000682939728735
219 0.000343953895869
220 0.000252913436529
221 0.000821534342164
222 0.000592129291454
223 0.000436210880067
224 5.01599475327e-06
225 0.00179403544534
226 0.00446461750573
227 0.00113013810052
228 0.000833352152932
229 0.00242366863905
230 0.000575332256002
231 0.0503595847947
232 0.000639930660408
233 0.000167865823
234 0.00102744729693
235 0.000786177801222
236 0.000270160336918
237 0.00287369788986
238 0.00086251318571
239 0.00149057409049
240 0.00154012330942
241 0.0245094542866
242 0.000903667420385
243 0.00610221264712
244 0.00336601554295
245 0.00148394545311
246 0.000489981331245
247 0.000758671598813
248 0.000706701374916
249 0.00391737165182
250 0.000906742406032
251 0.00146671766056
252 0.0010961468225
253 0.013255187376
254 0.00107357141998
255 1.52587890625e-05
256 0.000258402620307
257 0.000361433590192
258 9.88884933349e-06
259 0.000411773697082
260 0.00104337763489
261 1.37840143168e-06
262 0.00122107734718
263 0.000266662742842
264 0.000840878951794
265 0.00945422594608
266 0.000343953895869
267 0.00319895540283
268 0.000300853629885
269 0.000217851384037
270 0.00108807939169
271 0.000275000218311
272 0.000592129291454
273 0.000700742473902
274 0.00046662489999
275 0.00874417939547
276 0.000242621868965
277 4.36006844769e-05
278 5.75858313261e-05
279 0.000403285407149
280 0.00300264791819
281 0.00178640825545
282 0.00146545410156
283 0.000228221689901
284 0.000152651272342
285 0.00115537230512
286 0.000473558213116
287 0.00178640825545
288 0.00126132346007
289 0.0015640379043
290 0.000881829131092
291 0.00726598369051
292 9.90441619347e-06
293 0.000964224500057
294 0.00165355279696
295 0.00164492442825
296 0.00182287413312
297 0.000813079993405
298 0.00354496317655
299 0.000877914951989
300 0.00068449161709
301 0.000424054598723
302 0.000590174395182
303 0.000576768768683
304 0.000411773697082
305 5.20039790692e-05
306 0.000263881284754
307 0.000306066332654
308 0.000947340344941
309 0.00579824783584
310 0.000890390002514
311 0.00269580934808
312 0.000392434908151
313 0.0131299567632
314 0.00146562708844
315 0.000929737625022
316 0.000382080078125
317 0.000435847818685
318 0.000271567915575
319 0.000263677829638
320 0.000242485545519
321 0.00905881324816
322 0.00161117114434
323 0.000284309842729
324 0.0025060693868
325 0.0033197158592
326 0.00165081710848
327 0.00177460570302
328 0.000155170555908
329 1.50750289776e-05
330 0.00231415693383
331 0.000343857638929
332 0.000513368313885
333 6.9161046251e-06
334 0.00330954183746
335 0.00280643551037
336 0.000148043198543
337 0.000650970478261
338 0.000177116342236
339 6.51677407464e-05
340 0.000565230737077
341 0.000382224474889
342 0.00202722933904
343 0.000469748861965
344 0.000153627237396
345 0.000474536309006
346 0.00440612293887
347 0.000947340344941
348 0.00245803579834
349 0.00850325853265
350 0.00250061035156
351 0.00182287413312
352 0.00157867645182
353 0.060734527504
354 0.000238697204045
355 0.00278548324273
356 0.000267340678857
357 0.00458162021576
358 0.00221340758727
359 0.00280177430055
360 0.000856803541122
361 0.00769199133231
362 0.00104013183146
363 0.000306066332654
364 1.00302851924e-05
365 0.000501849213673
366 0.000165381716879
367 0.000162278388576
368 0.000609663161103
369 0.0026986001012
370 0.00147521972656
371 0.00031390163077
372 0.00132705346514
373 0.00068560746205
374 0.00715132379025
375 0.000455380926496
376 0.0031265273796
377 0.00110815406356
378 0.00607455938234
379 0.0009765625
380 0.000501849213673
381 0.00356426821118
382 0.000787148061367
383 0.00246053270563
384 0.00134473505745
385 0.00531846230169
386 0.000439842210767
387 0.000359754848727
388 0.000667479309159
389 0.0200485550944
390 0.000729364636733
391 0.000441452454331
392 0.000496928108358
393 0.000800653461276
394 0.00100112915039
395 0.00369240847346
396 0.00201882202335
397 0.000322805278714
398 0.000217683418436
399 7.59441999991e-05
400 0.00115158597097
401 0.00458994869891
402 0.0135872884426
403 0.00132423951573
404 0.00068449161709
405 0.000591672753835
406 0.00017578125
407 0.000470314994919
