1 0.000396110233799
2 0.00186267110048
3 0.00510948633276
4 0.00080123299116
5 0.000826918164715
6 0.000690815410108
7 0.00372771838063
8 0.00500951287289
9 0.00104501338287
10 0.00243114332587
11 0.000446468335056
12 0.000591672753835
13 9.16883901295e-06
14 0.000639522988566
15 0.000329389396334
16 0.000530211218837
17 0.00659136823708
18 0.000318855102067
19 0.0153627246267
20 0.00210885365832
21 0.0160156844145
22 0.000785490733043
23 0.00120086266052
24 0.000767601806563
25 0.00111654253074
26 7.97982699735e-06
27 0.00141634871083
28 0.000204332608079
29 0.000482816867421
30 0.00265793625709
31 0.000774988489
32 0.00210480338125
33 0.00879513897374
34 0.000369822485207
35 0.00120646005019
36 0.000393548492845
37 0.000687437802265
38 0.0153739428776
39 0.000673677556921
40 0.00115788966049
41 0.00292031485224
42 0.000386293711919
43 0.000859425564197
44 0.000241594981381
45 0.00146545410156
46 0.00286397759364
47 0.00362210124167
48 0.00279983892855
49 0.147823882441
50 0.000441504432329
51 0.000411773697082
52 0.000228030268907
53 0.00278393782601
54 0.00314702441555
55 0.00085385393827
56 0.0006264674227
57 0.000358157773943
58 6.88046030833e-05
59 0.00125393483153
60 0.0191295274145
61 9.2386433976e-06
62 0.00016932134424
63 0.00059247440135
64 0.000465454299621
65 0.000744929907039
66 0.000341921676412
67 0.00250452213877
68 0.000767601806563
69 0.000411773697082
70 0.000252593733493
71 0.000910497192374
72 0.000285336011687
73 9.49665361668e-06
74 0.00340282914201
75 0.054149408284
76 0.000603720007402
77 0.000558412972663
78 0.00120646005019
79 0.00123556788779
80 0.0013199245412
81 0.0021500219222
82 0.000674592003967
83 0.000738198647205
84 0.000565209999801
85 0.00317177854938
86 0.00399948566724
87 0.00210782426839
88 0.00124803888434
89 2.7073852902e-06
90 2.99844455689e-06
91 2.45834049149e-05
92 0.000341921676412
93 0.000285336011687
94 0.000804271808143
95 0.00407814960536
96 0.000370963031902
97 0.000166762098883
98 0.0022663248231
99 8.57338820302e-05
100 0.00232478339993
101 0.00041287819256
102 0.000321348282138
103 0.0022662680578
104 0.00245130652076
105 0.000842872008325
106 0.000441504432329
107 0.000467497241115
108 0.00225694653469
109 0.00517254353882
110 0.000665972944849
111 0.0016026967605
112 0.00152552286703
113 0.000742675960049
114 0.000247567118196
115 8.00241672985e-06
116 0.000859425564197
117 0.000528256317365
118 0.00487918877674
119 0.0011910880256
120 0.000804075500648
121 0.000629067507218
122 0.000245365921068
123 0.00223266898662
124 0.000552188644002
125 0.000523778365771
126 0.00487077915661
127 0.000918273645546
128 0.0144295463283
129 0.000842872008325
130 0.000393867349217
131 0.000915189605254
132 0.00189718934911
133 2.79872888731e-06
134 0.0024692940477
135 0.00160803010031
136 0.000110222442667
137 0.00184500287254
138 0.00102507929675
139 0.000218227770202
140 0.000411773697082
141 0.000299740640419
142 0.00097076823656
143 0.000316941318191
144 0.000166493236212
145 0.000470133721075
146 0.000550032361086
147 0.000587393534026
148 0.000461705034476
149 0.0095967318687
150 0.0332089954266
151 0.0217512702359
152 0.000407134030477
153 0.00155272423758
154 0.105035955258
155 0.00146545410156
156 0.000153746828221
157 0.000456570969391
158 0.00391961265004
159 0.000565209999801
160 0.00236509270979
161 0.00155858187129
162 0.000536880523059
163 9.196665519e-06
164 0.00358568809226
165 0.0473883837889
166 0.00132966983469
167 0.000424638328393
168 0.000308449274804
169 0.000756129206888
170 0.000245606540216
171 0.000475115879991
172 0.000192566772152
173 0.000228585959141
174 0.000346260387812
175 0.000908479035705
176 0.000318855102067
177 0.00144532931816
178 0.000987879238548
179 0.000693090634291
180 0.000308449274804
181 0.000601142115847
182 0.00355496609761
183 0.00160803010031
184 0.000709008788208
185 0.000339406630322
186 0.00134239446869
187 0.00392585473709
188 0.028604142384
189 0.0010260510761
190 0.000190397513592
191 1.16882168164e-05
192 0.0753934211056
193 0.000234033637486
194 0.00138007461944
195 0.179324070785
196 0.000530211218837
197 0.0006640625
198 0.00160803010031
199 4.77818598824e-05
200 0.000289728079597
201 0.000369822485207
202 0.00178609822179
203 0.000799531494045
204 0.0170158255995
205 0.00130386451105
206 0.00274268213974
207 0.00426114091718
208 0.000477236457049
209 0.000198218207964
210 0.000253291024351
211 0.00164043044239
212 0.000475115879991
213 0.000826918164715
214 0.000494598084539
215 0.000744929907039
216 0.0265524755779
217 0.00152529038869
218 0.000445816599444
219 0.000278148518848
220 0.000764509758118
221 0.000775639467021
222 0.000712165780764
223 0.000403216456384
224 3.04119809689e-05
225 0.00053371673801
226 0.00080409004201
227 0.00676289819945
228 0.000782434348868
229 0.00123431096723
230 0.000380195684391
231 0.0558605281323
232 0.000904737760755
233 0.000138018330601
234 0.00247742675211
235 0.000665972944849
236 0.000577213806313
237 0.00232078742023
238 0.000584409383654
239 0.0141453936065
240 0.00228631473491
241 0.00114191550452
242 0.00129830707564
243 0.00548002556692
244 0.00130846414281
245 0.000892697798929
246 0.000445816599444
247 0.000480659029373
248 0.000558001116002
249 0.0242099099958
250 0.00051605010393
251 0.00269956408894
252 0.000712165780764
253 0.0193524287156
254 0.000285336011687
255 2.54272750632e-05
256 0.000208827558555
257 0.000124228565454
258 1.05414066453e-05
259 0.000441353011793
260 0.000764509758118
261 1.91024010954e-07
262 0.000971294504491
263 0.000222512756848
264 0.00490324127658
265 0.0141762078027
266 0.00445037630157
267 0.00187780956616
268 0.000787022580864
269 0.000623953297554
270 0.000224712979087
271 0.000331315724981
272 0.00126041381949
273 0.00197530864198
274 0.00158016449154
275 0.00629335165821
276 0.00084507985747
277 4.69846035515e-05
278 2.6970431417e-05
279 0.000814144326561
280 0.00225079555402
281 0.000764816435688
282 0.00627262439583
283 0.000590076873904
284 5.47794754155e-05
285 0.000974734017018
286 0.000348095440058
287 0.00059247440135
288 0.000430235697253
289 0.00237451618292
290 0.00063559501431
291 0.00870580559137
292 4.25793506117e-05
293 0.000156615544184
294 0.000802257711671
295 0.00142509158335
296 0.00334758073483
297 0.0015921919596
298 0.0049085996442
299 0.00243783414811
300 0.000641082562993
301 0.0015921919596
302 0.000558059792943
303 0.000616549486209
304 0.000414460630882
305 0.000211262844781
306 0.000390624761954
307 0.000654345813783
308 0.000551722175653
309 0.017206641643
310 0.000446468335056
311 0.00107258046313
312 0.000407134030477
313 0.00459524291342
314 0.00710403370644
315 0.000477236457049
316 0.000169763074409
317 0.00119578323304
318 0.000459883880271
319 5.50224184115e-05
320 0.000497929199228
321 0.00762616982423
322 0.00122002446743
323 0.000285792549306
324 0.002786803085
325 0.00944122998246
326 0.00187367095044
327 0.00116936147059
328 0.000333523576543
329 4.47796621969e-05
330 0.000526200845313
331 0.000891898853967
332 0.00399078115898
333 5.50224184115e-05
334 0.0039411530284
335 0.000469252893107
336 0.00122002446743
337 0.000471334296156
338 0.000443482963764
339 4.00801201602e-06
340 0.000333523576543
341 0.000570708736372
342 0.000288309291628
343 0.000126069559865
344 9.89680561201e-05
345 0.000446468335056
346 0.00650938241619
347 0.00148628145503
348 0.0035087713361
349 0.0102954522711
350 0.00146124998831
351 0.00216794852704
352 0.00325754544516
353 0.065671577931
354 0.000357137771449
355 0.000356568173727
356 0.000659339317584
357 0.00704483769701
358 0.000324648973298
359 0.000703793588636
360 0.000324648973298
361 0.00314513624865
362 0.000419983143142
363 0.000411773697082
364 3.48750697501e-05
365 0.000126325528606
366 0.000422681137465
367 0.000447625737902
368 0.000454665615312
369 0.000782625372879
370 0.000558663091716
371 0.000256644942481
372 0.000790390508976
373 0.000393548492845
374 0.00210372340767
375 0.000336768314407
376 0.00043302482542
377 0.00187222633136
378 0.00588567719206
379 0.001242424449
380 0.000748330115206
381 0.00885841692325
382 0.000844927480377
383 0.00137990722608
384 0.000435862368542
385 0.000672908746243
386 0.000256455718646
387 0.001242424449
388 0.000802257711671
389 0.00535262373449
390 0.000321628458921
391 0.000763629746958
392 0.0010961468225
393 0.000286415639663
394 0.00155858187129
395 0.00222433529248
396 0.000447625737902
397 0.000927445451183
398 0.000789781109972
399 0.000319342895798
400 0.00230004450533
401 0.00153824550654
402 0.00164353542732
403 0.000842872008325
404 0.00142710807432
405 0.000712165780764
406 0.000747312210751
407 0.0669902274933
