1 0.000282276130188
2 0.00162244836445
3 0.00433705860955
4 0.00160641925133
5 0.00174628290586
6 0.000693661196633
7 0.000447239437391
8 0.00109206989247
9 0.00216004290847
10 0.00243335406831
11 0.000640416170446
12 0.000257811800685
13 7.35420856076e-06
14 0.000401755758981
15 0.000362563101038
16 0.000370720436883
17 0.00208156447168
18 0.000755428625127
19 0.0222920329155
20 0.00336834431985
21 0.00339448203752
22 0.000419457153988
23 0.00146835786608
24 0.000380459685518
25 0.00344211374924
26 6.20338735967e-06
27 0.000105844298803
28 0.00040524691358
29 0.000509628088188
30 0.00343770225679
31 0.000242149135913
32 0.000466362013076
33 0.00498085302524
34 0.000173247414505
35 0.00149159101593
36 0.000276459735614
37 0.00113258136095
38 0.00472034280167
39 0.000354809823696
40 0.000526601546579
41 0.00616482715191
42 0.000407575169613
43 0.00114641911223
44 0.000214856391049
45 0.00564473930054
46 0.00458825466564
47 0.00676529919642
48 0.00108439198173
49 0.0801697312027
50 0.000401755758981
51 0.000788276179005
52 0.000213810438569
53 0.00203388852984
54 0.0122755764891
55 0.00135530190606
56 0.00107367565275
57 0.000889591165591
58 0.000116957807041
59 0.000814433952864
60 0.017305645107
61 9.26678852494e-06
62 0.000613022180429
63 0.00582914373822
64 0.000426379860948
65 0.00017199677506
66 0.00183980044966
67 0.000601283011113
68 0.00216963402257
69 0.000328187355598
70 0.000320248574381
71 0.00111699519512
72 0.00169619539907
73 3.03776799996e-06
74 0.00139975597683
75 0.0801966967155
76 0.000344496097337
77 0.000321537104205
78 0.000778058779668
79 0.00163645123113
80 0.000429008085258
81 0.0055308978142
82 0.00707278789752
83 0.000842380157974
84 0.000515786679906
85 0.00126916614157
86 0.00231229173089
87 0.00814166417818
88 0.00223578567304
89 2.93458175332e-06
90 2.6590400965e-06
91 1.29186273209e-05
92 0.00156404609148
93 0.000288469914006
94 0.00183429700719
95 0.0036992799833
96 0.000287233533274
97 0.000196294331081
98 0.00143544958345
99 4.80768089345e-05
100 0.000882978695992
101 0.000296921127124
102 0.000405486093164
103 0.00200719484806
104 0.00104892069562
105 0.000419914001612
106 0.000655819698068
107 0.000389438353985
108 0.00214127810087
109 0.0122319490179
110 0.00252756970101
111 0.00151955950033
112 0.00314732946186
113 0.00120001228466
114 0.000473470401019
115 6.11306355569e-07
116 0.000887173529013
117 0.000373965239242
118 0.0015445810745
119 0.00128002128882
120 0.0035162819329
121 0.00163661487626
122 0.000587018042304
123 0.00174872145142
124 0.003581710891
125 0.000792253036817
126 0.00494382716049
127 0.000613022180429
128 0.00270310881267
129 0.000347554136423
130 0.000668846611177
131 0.00389422152369
132 0.00112550873494
133 2.75477350597e-06
134 0.00111111111111
135 0.00531069186513
136 0.000683680175496
137 0.000612495506472
138 0.00105147864884
139 0.000163056390123
140 0.000413560372583
141 0.00487621032954
142 0.000756355045664
143 0.000192598464497
144 0.000311770222358
145 0.000220916439152
146 0.000149226079698
147 0.00187890495165
148 0.00038206647223
149 0.0148776047995
150 0.0113992073707
151 0.00468820192293
152 0.000210209124017
153 0.00194994669945
154 0.207786424385
155 0.00119191834559
156 0.000613022180429
157 0.00193745281716
158 0.000703783060685
159 0.000625488567501
160 0.00142104759169
161 0.000506248076331
162 0.000762970735341
163 2.20644958835e-05
164 0.292883382897
165 0.0375521627569
166 0.00214926380999
167 0.000584541845032
168 0.000453899904433
169 0.00235243170241
170 0.000664364638868
171 0.000829808453393
172 9.87331914455e-06
173 0.000446239837864
174 0.000332174351325
175 0.00189928369378
176 0.000455672950934
177 0.000664364638868
178 0.00120001228466
179 0.000340614482145
180 0.000464648998849
181 0.000775997784156
182 0.00222696354523
183 0.0018499248468
184 0.0010747083366
185 0.000295631838556
186 0.00116797182235
187 0.00108439198173
188 0.00951444881527
189 0.000442049243595
190 0.000331059878933
191 1.12607540201e-05
192 0.00789109132114
193 0.00169000791585
194 0.00057985928569
195 0.0694087068486
196 0.000347554136423
197 0.000680529300567
198 0.0018499248468
199 1.09826069826e-05
200 0.000155708874865
201 0.000614888067044
202 0.00114703437082
203 0.00134429575532
204 0.00268532571565
205 0.000215388853498
206 0.00718234028111
207 0.00455533127826
208 0.000728832927601
209 0.000309341279175
210 0.000536146988048
211 0.000680714264703
212 0.000274970025933
213 0.0014953503576
214 0.000732860995484
215 0.000262492495874
216 0.00747457242242
217 0.000295686202427
218 0.000411346954969
219 0.000598934949472
220 0.00150152667632
221 0.000389438353985
222 0.000278302032894
223 0.000781168948066
224 5.1070892783e-06
225 0.001300059512
226 0.000596000692521
227 0.000347554136423
228 0.000483429392507
229 0.0031024521495
230 0.000680529300567
231 0.0833861233091
232 0.00119162742093
233 0.000181827914571
234 0.00544983171432
235 0.000364754555201
236 0.000585779425367
237 0.00232474787249
238 0.00085988279665
239 0.00235008367831
240 0.00123912092086
241 0.00151772011456
242 0.000443586764507
243 0.00719944452912
244 0.00212599476226
245 0.00110359092215
246 0.000411346954969
247 0.000870733673744
248 0.0002263182646
249 0.00645789703613
250 0.00203887851118
251 0.00317397341797
252 0.000889591165591
253 0.00685766273204
254 0.00140885778804
255 1.54594284478e-05
256 0.000695568168096
257 0.00011552090873
258 3.05991887815e-05
259 0.000139226077044
260 0.000409798720953
261 4.59638035047e-07
262 0.000533179985931
263 0.00215921024995
264 0.00431045637843
265 0.0146954599455
266 0.00296322190427
267 0.00545107081353
268 0.00114869458333
269 0.00249326432963
270 0.000339907414659
271 0.000629293352378
272 0.000614888067044
273 0.000440370674358
274 0.00120458684083
275 0.00472957833179
276 0.00019394694138
277 4.99836781693e-05
278 1.71856266208e-05
279 0.00184833453968
280 0.000889591165591
281 0.00228914383581
282 0.00128862590401
283 0.00229834287663
284 3.4357147704e-06
285 0.000980849020951
286 0.00020263167893
287 0.00228914383581
288 0.000640416170446
289 0.00520824258652
290 0.000419914001612
291 0.00865351535623
292 3.83138862768e-05
293 0.000356451522315
294 0.000339907414659
295 0.00311198005601
296 0.00936562860438
297 0.00219833890164
298 0.00122840801615
299 0.000681870629927
300 0.000403325117415
301 0.000407983054731
302 0.000535795629424
303 0.000225766504816
304 0.000374092271814
305 0.000196294331081
306 0.000339907414659
307 0.0010392905133
308 0.000704832015036
309 0.00721818915274
310 0.000584541845032
311 0.00148696588618
312 0.00063292157426
313 0.0103143489588
314 0.00804705797369
315 0.000990409813513
316 0.000906030133891
317 0.000353031934136
318 0.000254838384488
319 6.55640971004e-05
320 0.000252557442145
321 0.00932574053352
322 0.000212084079555
323 0.000270515927978
324 0.00477819553391
325 0.00344010964366
326 0.000759141623034
327 0.00219191101355
328 0.000369093229407
329 5.6554608423e-06
330 0.00396186859697
331 0.000178334344113
332 0.00389216894312
333 9.33771661314e-06
334 0.00316653587298
335 0.00286420174271
336 0.000640416170446
337 0.000792253036817
338 5.92967164902e-05
339 9.87331914455e-06
340 0.000200351806778
341 0.000388111733953
342 0.00057985928569
343 0.000122129755647
344 0.000262492495874
345 0.000375400201475
346 0.00395761368262
347 0.000347554136423
348 0.00257607343138
349 0.00548456425741
350 0.00176855683956
351 0.00210697942057
352 0.00548763673485
353 0.0427893377484
354 0.000592528890083
355 0.00288275302914
356 0.00399258415017
357 0.00339106495913
358 0.0022968936078
359 0.00146774655972
360 0.000769228942951
361 0.00677253120095
362 0.00042927922656
363 0.000536277883308
364 4.52452291419e-05
365 0.00043987320391
366 0.000998223748917
367 0.000213810438569
368 0.000664364638868
369 0.0012618147448
370 0.000166762098883
371 0.000134132927077
372 0.00375278480547
373 0.000389438353985
374 0.00656965179607
375 0.000865612961059
376 0.00111699519512
377 0.000612495506472
378 0.00272116613942
379 0.00237474674748
380 0.00059175841102
381 0.00590759010297
382 0.000798092556573
383 0.000790198510794
384 0.000723258906247
385 0.00547517628459
386 0.00249134199784
387 0.00162214618001
388 0.00093089581566
389 0.00314389374708
390 0.000426379860948
391 0.000223136653983
392 0.00079559300523
393 0.000492116937846
394 0.00456610638432
395 0.00100382315459
396 0.00112962931079
397 0.000181693138742
398 0.00389422152369
399 0.000118662812499
400 0.00125990777959
401 0.00451035374253
402 0.00860066401522
403 0.00239045545296
404 0.00389422152369
405 0.00164807746033
406 0.00045113395793
407 0.00181826682031
