1 0.000418864276662
2 0.0016365825438
3 0.00538178409594
4 0.00061756153312
5 0.00356295504247
6 0.000407953409376
7 0.000738198647205
8 0.00313249993689
9 0.000542250228284
10 0.00251261455374
11 0.000676295847071
12 0.000973180467908
13 1.20145736779e-05
14 0.00103456684393
15 0.00423964289038
16 0.000439389224042
17 0.00977458817618
18 0.000762009644223
19 0.0187362520284
20 0.00210372340767
21 0.00513543405256
22 0.000259588718943
23 0.00312583200332
24 0.000263202734546
25 0.00129430892205
26 1.24861092035e-05
27 0.000323017281166
28 0.000188270931812
29 0.000410657318526
30 0.00171887934567
31 0.000205530666715
32 0.000778346758041
33 0.00286116667868
34 0.000117212638518
35 0.00109308695988
36 0.000224251870842
37 0.000631208661448
38 0.0092337366984
39 0.000415813970817
40 0.000454442522
41 0.0032722278081
42 0.000454442522
43 0.00493425996281
44 0.000293274228738
45 0.000735182254665
46 0.00220878462444
47 0.00141080315097
48 0.00503654836399
49 0.0824065086929
50 0.00070955586289
51 0.000572601777326
52 0.000291651213953
53 0.00214527780758
54 0.00757454292808
55 0.00019507227931
56 0.000634381658316
57 0.000321924277217
58 0.000151807364616
59 0.000826792148537
60 0.0290320071096
61 9.61480680248e-06
62 0.000244753740373
63 0.00397886145852
64 0.000731073993746
65 0.000292805739555
66 0.000355998576006
67 0.00032829045555
68 0.00248764925726
69 0.000862231849887
70 0.000218312850348
71 0.000979457502949
72 0.000496525664545
73 3.09685670979e-06
74 0.00206537577332
75 0.0556879532906
76 0.00128829452821
77 0.000241617224623
78 0.000838876199662
79 0.000636859711669
80 0.00110060420925
81 0.000769858238349
82 0.00397951032838
83 0.000412019365082
84 0.00121687398594
85 0.000686763860959
86 0.00229079512502
87 0.00321296193367
88 0.00131206884776
89 6.37956904735e-07
90 5.40204555207e-06
91 8.94624203163e-06
92 0.00225079555402
93 0.000209543799323
94 0.000381713127243
95 0.00282891124239
96 0.000338248670004
97 0.00018107726189
98 0.0023077255765
99 3.43322753906e-05
100 0.000775965597852
101 0.000860200953958
102 0.00127777208075
103 0.00272447931076
104 0.00130293405439
105 0.000396432209184
106 0.000587752366272
107 0.00104307364758
108 0.00343276925041
109 0.0122061684776
110 0.00296720874795
111 0.00188928
112 0.000733393762028
113 0.000403997180423
114 0.001152042494
115 7.6204955132e-06
116 0.000348073067498
117 0.000246273778912
118 0.00662401200138
119 0.000474764814014
120 0.000953032467586
121 0.00252609367629
122 0.000460267005294
123 0.00498714142228
124 0.000902222102076
125 0.000307378297405
126 0.00306306351326
127 0.000351211200996
128 0.00270935240087
129 0.00204006857895
130 0.00179166316732
131 0.00230169772685
132 0.00154828090423
133 1.26145510248e-05
134 0.00142506962534
135 0.00540878363926
136 0.000145817016732
137 0.000988882084025
138 0.000529571224908
139 0.000357472470649
140 0.000380801573832
141 0.00161219986262
142 0.00556916907997
143 0.000788414157803
144 0.00046113747724
145 0.00196559004101
146 0.000177777777778
147 0.000424231854989
148 0.00205081553832
149 0.0148310245767
150 0.0106758689019
151 0.0112474854854
152 0.000200558129081
153 0.00146397532199
154 0.190230657834
155 0.00182873386753
156 0.000712165780764
157 0.000431582287032
158 0.00180293696254
159 0.000406305826076
160 0.00141027151694
161 0.00212153692533
162 0.000350042811358
163 2.59718939218e-05
164 0.209398593479
165 0.0573952598655
166 0.00145790425389
167 0.000455014036273
168 0.000733393762028
169 0.00234568638201
170 0.000447812170946
171 0.000247584354178
172 5.23412702515e-05
173 0.000471097299222
174 0.000375578390722
175 0.00238204999006
176 0.000270174169002
177 0.00186433043691
178 0.000305296101497
179 0.000369603026986
180 0.000271962661639
181 0.00163610783174
182 0.00169950298088
183 0.00323197744338
184 0.00135820395649
185 0.000398086889948
186 0.00132129856096
187 0.0124159645465
188 0.0299620576641
189 0.000248822985443
190 0.000447625737902
191 3.07517200302e-06
192 0.0245390213094
193 0.000188944391304
194 0.00685915013251
195 0.246274094877
196 0.000572620611252
197 0.00180293696254
198 0.00212567156451
199 1.24861092035e-05
200 0.000209543799323
201 0.000350188601784
202 0.00297400396825
203 0.00108427678015
204 0.00316247804823
205 0.00152929059642
206 0.00462893574921
207 0.00853821536541
208 0.000735182254665
209 0.00123811047848
210 0.00090401337295
211 0.000615842614619
212 0.000562511655541
213 0.00145790425389
214 0.000872464238998
215 0.000607161981541
216 0.0191733862981
217 0.00276305648924
218 0.000523113039238
219 0.000272664292233
220 0.000487738640762
221 0.000447625737902
222 0.000154478808212
223 0.000617416652609
224 2.30645956748e-05
225 0.000461467998703
226 0.000728271546386
227 0.00121545062024
228 0.00197706564313
229 0.00143835846217
230 0.000776390073709
231 0.0789823024798
232 0.00203108838596
233 0.000263202734546
234 0.00394998078255
235 0.000617260136569
236 0.000404943310466
237 0.00195956089323
238 0.000372009912264
239 0.00307843873147
240 0.00367306964478
241 0.000486591695502
242 0.000766937647557
243 0.0114257807351
244 0.00100868787427
245 0.00134719840422
246 0.000148576011844
247 0.000186373749257
248 0.000390398604204
249 0.00289220522437
250 0.00366014019131
251 0.000453042827043
252 0.00083433173335
253 0.0374412452762
254 0.000872735524045
255 1.43118618301e-05
256 0.000267656997558
257 9.92047745274e-05
258 8.75319491614e-06
259 0.000143127645355
260 0.000425413886225
261 2.68965379281e-06
262 0.000262869668728
263 0.000127677231958
264 0.00222057834975
265 0.011887495683
266 0.00147928994083
267 0.00504643315716
268 0.000623350631616
269 0.00127777208075
270 0.00146774655972
271 0.000572689050878
272 0.00300798201628
273 0.00204283571132
274 0.00182290116653
275 0.00315448911933
276 0.000860200953958
277 5.2225755621e-05
278 4.37852034746e-05
279 0.00249261993022
280 0.000601413045621
281 0.00241739440844
282 0.00149854299709
283 0.00130073729535
284 1.0174777236e-05
285 0.00085385393827
286 0.000835663999378
287 0.00241739440844
288 0.00108329517887
289 0.00193376395154
290 0.000728382580993
291 0.00873852064414
292 1.04902555361e-05
293 0.000336919232104
294 0.00085385393827
295 0.00224136497322
296 0.0106817057642
297 0.000403867826015
298 0.00238086901719
299 0.00113050694565
300 0.000678882762989
301 0.00102464133651
302 0.000438116220683
303 0.000621850549599
304 0.000356983738026
305 0.000195608587217
306 0.000703793588636
307 0.00136699149402
308 0.000792253036817
309 0.00664726841842
310 0.000493137849274
311 0.00246307527567
312 0.000204247752524
313 0.0122565915153
314 0.00158559063541
315 0.000423758579275
316 0.00038895817927
317 0.00102847168767
318 0.000249504221999
319 6.67751066576e-05
320 0.000298291684293
321 0.00827185644646
322 0.000396432209184
323 0.000678779306304
324 0.00219524334871
325 0.000888032390295
326 0.000786026537218
327 0.00489693998821
328 0.00110561581221
329 4.92027520483e-05
330 0.00157419397138
331 0.000188706100976
332 0.00324193961337
333 2.08291332201e-05
334 0.00645785875653
335 0.00137381815019
336 0.000676295847071
337 0.000264596894689
338 0.000238236501866
339 9.61480680248e-06
340 0.000688719474321
341 0.000637891370339
342 0.000486591695502
343 0.000297675605984
344 0.00013902095578
345 0.000213984232862
346 0.00379098483756
347 0.000477560027385
348 0.00696812539724
349 0.00804856675544
350 0.00463001796656
351 0.00186823224966
352 0.00182490642359
353 0.069843680613
354 0.000246273778912
355 0.0026130714818
356 0.00279904292986
357 0.00889168373536
358 0.0016339869281
359 0.000825472974996
360 0.000506209300509
361 0.00627816852694
362 0.00187758219121
363 0.000696120415749
364 1.12796717052e-05
365 0.000423758579275
366 0.000995361460071
367 0.000184689023444
368 0.000793784075602
369 0.00134977488767
370 0.000422315103727
371 0.000318630283961
372 0.0039256487375
373 0.000496525664545
374 0.004746264021
375 0.000282655916395
376 0.000480593450651
377 0.000403616172283
378 0.00415701122969
379 0.000763629746958
380 0.00019567768145
381 0.00289904498746
382 0.000529505601391
383 0.0016810336205
384 0.000763629746958
385 0.00649786537311
386 0.0018111007595
387 0.000177777777778
388 0.0026986001012
389 0.00598272336009
390 0.000461467998703
391 0.000236484224075
392 0.0011507063825
393 0.000287850697482
394 0.00144903826606
395 0.000825472974996
396 0.000649630673226
397 0.000297675605984
398 0.00106003244997
399 4.99052416523e-05
400 0.00521159407702
401 0.0129703113705
402 0.00383101761373
403 0.000847050862964
404 0.000678779306304
405 0.00187758219121
406 0.000265947374759
407 0.0285531919529
