1 0.000309984699039
2 0.000618125394259
3 0.00874612981995
4 0.00132437193968
5 0.00169394443813
6 0.000411337496162
7 0.00186624
8 0.0042890919142
9 0.0011517792531
10 0.00329925828741
11 0.000336919232104
12 0.00169394443813
13 6.83497799991e-06
14 0.00104976
15 0.00153482330043
16 0.000631426692965
17 0.00848933086086
18 0.00010707452524
19 0.0103155544795
20 0.00166681232115
21 0.00579124436579
22 0.000887279311906
23 0.0010301368641
24 0.000660104195255
25 0.00256106310159
26 9.52598689224e-06
27 0.00068151664799
28 0.00016404916242
29 0.00113144493104
30 0.00614656
31 0.000123843294523
32 0.000719480568755
33 0.00306646496461
34 0.000420585864015
35 0.000317949907727
36 0.000705807628478
37 0.00214148771703
38 0.0298986281611
39 0.000671738917474
40 0.000319333578922
41 0.00341687723335
42 0.000718571609695
43 0.000662170109253
44 0.00020992
45 0.000970564289221
46 0.00274806184304
47 0.00274750392853
48 0.00185470810233
49 0.113601500156
50 0.00038872413896
51 0.00102663460383
52 0.000150035492396
53 0.00194279382859
54 0.00828210353124
55 0.000367557115435
56 0.000774230036753
57 0.00229095522552
58 0.000463034253459
59 0.000722466694162
60 0.0207148265043
61 4.25947904994e-05
62 0.000228157882472
63 0.00324467232815
64 0.00113866340487
65 0.000699174790463
66 0.000369822485207
67 0.000367557115435
68 0.000701723608614
69 0.000132689168884
70 0.000302613128295
71 0.00116508444444
72 0.000992959129868
73 9.14635562388e-05
74 0.00235328313548
75 0.0322643541352
76 0.00207124331518
77 0.000245417175112
78 0.000209022251281
79 0.00102104434968
80 0.000141020947661
81 0.00209278454282
82 0.00286989795918
83 0.000910592594831
84 0.00139660364288
85 0.00122675187679
86 0.0148720999405
87 0.00468489183287
88 0.00335782230855
89 5.5233284682e-06
90 7.31448299634e-06
91 5.81606159936e-05
92 0.00141330021672
93 0.00025847540865
94 0.000851123765902
95 0.00377977686152
96 0.000218219694361
97 0.000659265334467
98 0.00290258823529
99 0.000184806209252
100 0.00115504928002
101 0.00045113395793
102 0.000418222817766
103 0.00376035473852
104 0.00105735928346
105 0.000806058374548
106 0.000838670645899
107 0.000454665615312
108 0.00219652394958
109 0.0124408546704
110 0.000309124228395
111 0.000874643267569
112 0.000334063484931
113 0.000457471776736
114 0.000378200859237
115 6.86186087663e-06
116 0.000319333578922
117 0.000230715550851
118 0.00541643185115
119 0.0035087713361
120 0.000432495612415
121 0.00102119959438
122 0.00023459152711
123 0.0018890174315
124 0.000590171928058
125 0.000452194780577
126 0.00794999224259
127 0.000481376621515
128 0.00684977009924
129 0.000766863905325
130 0.000937839932897
131 0.000751753656823
132 0.00284543149158
133 2.69407030075e-06
134 0.000520564445999
135 0.00314994441021
136 6.50364203954e-05
137 0.000868833546271
138 0.000870733673744
139 0.00030224717145
140 0.000625
141 0.0004919738943
142 0.00198080706282
143 0.00130964874577
144 0.000424946049904
145 0.000662170109253
146 0.00038432
147 0.000301408179012
148 0.000319333578922
149 0.0154849657422
150 0.0235242677728
151 0.0194791275729
152 0.000332302517361
153 0.00235554385267
154 0.141826614976
155 0.000926052294802
156 0.000521354017835
157 0.000677580097967
158 0.00418733225055
159 0.000454665615312
160 0.000715452106532
161 0.000386940960158
162 0.000386940960158
163 2.1521947072e-05
164 0.0167808469585
165 0.0593094648043
166 0.000424946049904
167 0.000531907972113
168 0.000119307290634
169 0.000728612873003
170 0.000775639467021
171 0.00408129247977
172 2.89396408412e-05
173 0.000204289939057
174 0.00174200849026
175 0.00152281052952
176 0.000339250864929
177 0.000640922929018
178 0.00106427116264
179 0.000231335630676
180 0.000292805739555
181 0.000398669992608
182 0.00301775147929
183 0.00365977421389
184 0.00122675187679
185 0.000485084804602
186 0.00234411090814
187 0.00365977421389
188 0.0389202291317
189 0.000256615493269
190 0.000205295625701
191 1.12418838868e-05
192 0.0269713098446
193 0.00022495408866
194 0.00789253516359
195 0.255226705522
196 0.000340828402367
197 0.000574467066548
198 0.00149904351801
199 4.25947904994e-05
200 0.000168573307035
201 0.000396919822857
202 0.000624020908921
203 0.00065536
204 0.00851089273356
205 0.00126433627452
206 0.00353355054085
207 0.0104510547392
208 0.000714083359121
209 0.00114374572639
210 0.000282994147961
211 0.001591077492
212 0.000707389623909
213 0.000806058374548
214 0.000662170109253
215 0.00129484799282
216 0.0115530249533
217 0.00114374572639
218 0.000454665615312
219 0.000218219694361
220 0.000172845791171
221 0.000775639467021
222 0.000398675476918
223 0.000652605432319
224 8.72735524045e-06
225 0.00187250764706
226 0.000734130918545
227 0.00306509740065
228 0.000689930433767
229 0.00523660668305
230 0.000606331674654
231 0.0225243618674
232 0.000341091387245
233 0.000182923910084
234 0.00450390122567
235 0.000626739734719
236 0.000222951593528
237 0.00670052357984
238 0.000307733793851
239 0.00175121360876
240 0.00121114597295
241 0.000741831111111
242 0.000448442906574
243 0.00728312354721
244 0.00453394831871
245 0.000524499956328
246 0.000372108862978
247 0.00116404421917
248 0.000404517914966
249 0.00946550758517
250 0.00116838894168
251 0.00813837453003
252 0.00183857157838
253 0.0883544140253
254 0.000653818498565
255 1.74255905769e-05
256 0.000662170109253
257 0.000119769219685
258 1.22469380741e-05
259 0.000169172745276
260 0.000391350782313
261 2.75706104874e-06
262 0.000762166434567
263 0.00106427116264
264 0.00613142648808
265 0.0134739255953
266 0.00523581043015
267 0.00185311162459
268 0.000404278924507
269 0.000392943287168
270 0.001300952607
271 0.00229345883072
272 0.0011305673463
273 0.000715080192626
274 0.00167411614329
275 0.00639115105533
276 0.000923381829647
277 5.55994478494e-05
278 7.31448299634e-06
279 0.00114399780336
280 0.00047839601852
281 0.00204373198819
282 0.0074805806864
283 0.000609970489724
284 6.06134984016e-05
285 0.00137183580431
286 0.000417535880957
287 0.00204150099196
288 0.000914847893465
289 0.000548123457902
290 0.000375226424386
291 0.0116933885141
292 5.32793435985e-05
293 0.000367557115435
294 0.000926052294802
295 0.000484844005506
296 0.00830864052015
297 0.00122675187679
298 0.00613142648808
299 0.000284566393665
300 0.000385260813232
301 0.00210095948244
302 0.000732934227742
303 0.000404278924507
304 0.000872876687539
305 0.00107168320458
306 0.000992959129868
307 0.000411106046285
308 0.000483862088294
309 0.0143922033071
310 0.000326765093541
311 0.00152263877184
312 0.000301408179012
313 0.0036368436521
314 0.00166681232115
315 0.000535974607376
316 0.00043987320391
317 0.000605101979489
318 0.000227823803143
319 0.000134456717415
320 0.000232543127053
321 0.00952867002344
322 0.000556239597312
323 0.000545462485807
324 0.000735797252069
325 0.00412791449011
326 0.000637034247832
327 0.00257514792899
328 0.00025847540865
329 4.23372756062e-05
330 0.000849164007096
331 0.000555810731007
332 0.00168379393797
333 1.74255905769e-05
334 0.000388499005533
335 0.000679489721726
336 0.000135712728508
337 0.00124447927535
338 0.000343273526468
339 8.72735524045e-06
340 0.000174782102648
341 0.0007046371351
342 0.000820183275028
343 0.000555810731007
344 0.000132689168884
345 0.000914847893465
346 0.00296842704216
347 0.000421986794852
348 0.00299768637006
349 0.00905878791002
350 0.00620982927695
351 0.0013281672007
352 0.00511067736293
353 0.0616518048706
354 0.000421921954626
355 0.00287862489276
356 0.00113007006252
357 0.00719723269193
358 0.000771575896722
359 0.00103656985868
360 0.00142071005917
361 0.00572903606061
362 0.00187250764706
363 0.000427099489277
364 9.40946215514e-06
365 0.000233383810884
366 0.000705341470759
367 0.000789318911819
368 0.000775828832125
369 0.000445315415369
370 0.000881483472185
371 0.000300681282208
372 0.00112452767436
373 0.000679489721726
374 0.00921792755529
375 0.00034091231408
376 0.00812430222222
377 0.00140431428135
378 0.0028414127959
379 0.001242424449
380 0.000902952866387
381 0.00886539365201
382 0.000399563751735
383 0.000582568891769
384 0.000664593068407
385 0.00559431692834
386 0.000861080017621
387 0.00124261381411
388 0.00275194840097
389 0.00852420681098
390 0.000531530322523
391 0.000159221407318
392 0.000629265537493
393 0.000341091387245
394 0.00105735928346
395 0.000272559038531
396 0.000573505469566
397 0.0010849339674
398 0.000379289940828
399 0.000222029735538
400 0.00261984619833
401 0.0050597140849
402 0.00477280554998
403 0.00149332265223
404 0.00137174211248
405 0.000195951009186
406 0.000170315655224
407 0.299907055434
