1 0.000171261974177
2 0.000821534342164
3 0.00544773458967
4 0.000412702930896
5 0.00251661125
6 0.00047258979206
7 0.00753804897534
8 0.00238680729561
9 0.00110684757134
10 0.00244713447423
11 0.000562256278486
12 0.000155036412361
13 4.24715060763e-05
14 0.00104394758339
15 0.00214458795219
16 0.000598934949472
17 0.0131285398028
18 0.000310908363297
19 0.0124607810651
20 0.00483584357247
21 0.0165842602036
22 0.000598934949472
23 0.000364780607191
24 0.000629776971044
25 0.00556070387339
26 6.642183578e-07
27 0.000314873497309
28 0.000246600464635
29 0.0010576610192
30 0.00407063222203
31 0.000103446609302
32 0.000762312576445
33 0.00415901760721
34 0.000121612152965
35 0.000379096670257
36 0.000456442605668
37 0.00172486325532
38 0.0111694553527
39 0.000364237731955
40 0.000344976806519
41 0.0015154584345
42 0.000909097302092
43 0.00181061703204
44 0.000254414513877
45 0.00159739095029
46 0.00171887934567
47 0.00530595121433
48 0.000545757514378
49 0.0992121751994
50 0.00105722069405
51 0.000666928772419
52 0.000378506866115
53 0.00216472970892
54 0.00532325030257
55 0.000170317402447
56 0.000646023767871
57 0.000951153221573
58 0.000300414154528
59 0.000724175312245
60 0.00377054572702
61 1.15496030185e-05
62 0.000155036412361
63 0.00347438587096
64 0.000400048727491
65 0.000704052979987
66 0.000554652741726
67 0.000988731385749
68 0.00472726177322
69 0.000119793762262
70 0.000809703218983
71 0.00210233580494
72 0.000988731385749
73 1.34066805655e-05
74 0.00381559766764
75 0.0749468692622
76 0.00133771441301
77 0.000211109627273
78 0.00237925797409
79 0.00157736418517
80 0.00045115636791
81 0.00137090011351
82 0.000467185246831
83 0.000684615996614
84 0.00253890992128
85 0.000715343905999
86 0.000327712238243
87 0.0014351100908
88 0.00111547571148
89 2.58683311644e-06
90 4.02007525078e-06
91 2.19383641659e-05
92 0.00161612080503
93 0.000394066831272
94 0.00146587548574
95 0.00448398425592
96 0.000160230732254
97 0.000418696008226
98 0.00274470169548
99 4.02007525078e-06
100 0.000876471606648
101 0.000422681137465
102 0.000558687100314
103 0.00260628138523
104 0.00163526878463
105 0.000416493127863
106 0.000736044490439
107 0.00014130249995
108 0.000865051903114
109 0.0132795925405
110 0.000556822884062
111 0.000935517844498
112 0.00082353777906
113 0.00192730707642
114 0.000321869948791
115 9.32346599848e-06
116 0.000275203221067
117 0.00051841234767
118 0.00372734557404
119 0.00121478043968
120 0.00119648979592
121 0.00103496288202
122 0.0003791124771
123 0.00573994507808
124 0.000279586979272
125 0.00138131794459
126 0.011106296859
127 0.00082353777906
128 0.00515328391694
129 0.000773991959084
130 0.00110907061128
131 0.000701723608614
132 0.00125893933443
133 2.76394079915e-06
134 0.0014650627688
135 0.0139174754189
136 0.000290415498616
137 0.00131943371488
138 0.00121669557174
139 0.000394163038994
140 0.000616781176248
141 0.00430575096108
142 0.00101545418112
143 0.000354926291747
144 0.000372742509288
145 0.000714606940884
146 0.000398372331291
147 0.000440283158359
148 0.00221507352941
149 0.0160555772988
150 0.00279900542521
151 0.0147524358125
152 0.000679605609733
153 0.00132184324991
154 0.180049543407
155 0.00315872881983
156 0.0003615458018
157 0.00150546869693
158 0.00349788363343
159 0.00184331207337
160 0.000664816110926
161 0.00111658950908
162 0.00043662285587
163 5.28471396486e-06
164 0.00544376833801
165 0.0281487712084
166 0.00220637345203
167 0.000378111199729
168 0.000300640749205
169 0.00168909253618
170 0.000253237284146
171 0.00180003452466
172 0.000134036747012
173 0.00143451287478
174 0.000265947374759
175 0.00140688955012
176 0.000583235460716
177 0.000503571224839
178 0.00121165023586
179 0.000449831420232
180 0.000312786585387
181 0.00110199825778
182 0.00449086585456
183 0.00331623157789
184 0.00876621894241
185 0.000550032361086
186 0.000678278727868
187 0.00202102823552
188 0.0183376039309
189 0.000242919057593
190 0.000289300369112
191 6.94143553686e-06
192 0.0130538907143
193 0.000363955103269
194 0.00582716624905
195 0.171702117121
196 0.00049936019475
197 0.00138131794459
198 0.000609663161103
199 4.13265306122e-05
200 0.000155036412361
201 0.000781577201129
202 0.00182659279778
203 0.000609640214694
204 0.00960594757615
205 0.00101900285414
206 0.00715884815361
207 0.00872305250003
208 0.00125415149689
209 0.00132329590517
210 0.000308449274804
211 0.000863908785766
212 0.000300640749205
213 0.000778536784105
214 0.000735279679008
215 0.00249186516015
216 0.00695382260197
217 0.000724175312245
218 0.000225180108058
219 0.0005478886839
220 0.000860826991709
221 0.000331069713685
222 0.000545155222525
223 0.000275223512922
224 8.38943329902e-06
225 0.00236385070235
226 0.000417174515235
227 0.00144347111505
228 0.000268461865569
229 0.00065992656305
230 0.000323300935885
231 0.0287355568282
232 0.00120458684083
233 0.000347071630495
234 0.000992463691215
235 0.000412702930896
236 0.000316796034943
237 0.00908557657966
238 0.000711200693512
239 0.00107614751733
240 0.00164873336223
241 0.000315873015873
242 0.000321628458921
243 0.00647432102668
244 0.0107964379245
245 0.000482609085097
246 0.000466933472068
247 0.000988882084025
248 0.000793037389351
249 0.00208426623244
250 0.00222919514463
251 0.00636250720155
252 0.000935517844498
253 0.0312231116164
254 0.000437368582217
255 3.33299933902e-06
256 0.000233284474396
257 0.000784871837575
258 3.62897372623e-05
259 0.000704052979987
260 0.000427809719674
261 1.42230869859e-06
262 0.000118308138167
263 0.000364197890566
264 0.0127202718576
265 0.00225636560556
266 0.000714282171219
267 0.00376843463308
268 0.000707568844583
269 0.00274778876171
270 0.000242919057593
271 0.000699870263456
272 0.0013000296175
273 0.000715343905999
274 0.0016234535716
275 0.00329212577264
276 0.0005478886839
277 3.8103947569e-05
278 2.41079392801e-05
279 0.000736044490439
280 0.00101108317286
281 0.00253890992128
282 0.00132711164316
283 0.00106622240733
284 1.07811961564e-05
285 0.00243187974166
286 0.000666928772419
287 0.00341496318532
288 0.0013015013535
289 0.00546881632653
290 0.000381210802476
291 0.00424407686023
292 5.47794754155e-05
293 0.000583235460716
294 0.00145407197687
295 0.00180357182958
296 0.0162037473274
297 0.000651878678135
298 0.0071801056526
299 0.000915292897048
300 0.000685038404222
301 0.00042576396735
302 0.000621161145101
303 0.000844275765822
304 0.000600566924055
305 0.000110367234038
306 0.000231187157116
307 0.00102847168767
308 0.000379096670257
309 0.00277226035503
310 0.0013991026164
311 0.00275917986635
312 0.00101386516597
313 0.0061428864492
314 0.00385308792246
315 0.000337910899654
316 0.000378506866115
317 0.000401362675229
318 0.000119483563007
319 6.51020309036e-05
320 0.000228470928858
321 0.0137262715195
322 0.00122660888074
323 0.00050369952511
324 0.0102622040816
325 0.00164132653061
326 0.000639011692702
327 0.00120305313658
328 0.000482609085097
329 2.01290445712e-05
330 0.00162444814751
331 0.000247864754046
332 0.00324179591837
333 7.66274350163e-06
334 0.00184331207337
335 0.000378506866115
336 0.00304866573827
337 0.000710894514909
338 0.000338408376068
339 1.06622240733e-05
340 0.000364111026839
341 0.000415136473625
342 0.000472786622461
343 0.000598934949472
344 0.000432368292824
345 0.000217316670266
346 0.00884296072006
347 0.000192566772152
348 0.00616148434798
349 0.0051323649149
350 0.00366914607983
351 0.00111342954785
352 0.00288514001334
353 0.0739468255098
354 0.000625
355 0.000580635796197
356 0.00306895606547
357 0.00440084803965
358 0.000677079970474
359 0.000184793648296
360 0.00134519504604
361 0.00314274885748
362 0.000675325120462
363 0.000373260011132
364 9.87331914455e-06
365 0.000250651814772
366 0.000659158062899
367 0.000212341697606
368 0.00443642760847
369 0.00541507547048
370 0.00016245524371
371 0.000277058001275
372 0.00128761080963
373 0.00227293755872
374 0.00166874815152
375 0.000535591836735
376 0.000544671201814
377 0.000963616548344
378 0.00609972605067
379 0.000635882264908
380 0.000216616780179
381 0.00233117057627
382 0.000555077234997
383 0.00184331207337
384 0.000698154545376
385 0.00357470947719
386 0.00201959251027
387 0.00101856043459
388 0.000784871837575
389 0.00681934693878
390 0.00144530177515
391 0.0003615458018
392 0.000629466696887
393 0.000176728943619
394 0.0027084749682
395 0.00101900285414
396 0.00150581341857
397 0.000971409373865
398 0.006902169515
399 0.000322064713139
400 0.00209795918367
401 0.00421109193193
402 0.00144362983216
403 0.000809703218983
404 0.000684934009463
405 0.00173316230296
406 0.000396468008458
407 0.184190837754
