1 0.00199514095279
2 0.00103573481481
3 0.00533759473498
4 0.000296184581226
5 0.00293173691097
6 0.000425303823873
7 0.00573855616289
8 0.000190249702735
9 0.00163957200648
10 0.00233508176056
11 0.00134372769412
12 0.000330088403476
13 3.39774222127e-05
14 0.000747824913455
15 0.00304399524376
16 0.00105972436818
17 0.0121218739997
18 0.00052406971327
19 0.0410625496928
20 0.0159131408443
21 0.010321764291
22 0.00177136119897
23 0.000174638395792
24 0.000467185246831
25 0.00401510398517
26 9.62077224784e-08
27 0.00113733975503
28 0.000238149672306
29 0.00116398849785
30 0.00346870412887
31 0.000223924589639
32 0.000457448261763
33 0.00608897680795
34 0.000222723840241
35 0.00032306942793
36 0.000894166131489
37 0.00431245306935
38 0.00516421427404
39 0.000322553342582
40 0.000475038998074
41 0.00514659449636
42 0.00113993958684
43 0.00198075494069
44 0.000390381113424
45 0.000353326926338
46 0.000871077504726
47 0.00336734969723
48 0.00177136119897
49 0.0860072869221
50 0.00062461443182
51 0.000902003338278
52 0.000250158087337
53 0.00166878594085
54 0.0724222804931
55 0.000353326926338
56 0.00018165912814
57 0.000639543535433
58 0.000219851124043
59 0.000826993430419
60 0.0605387630012
61 0.000155277996137
62 0.000147167913079
63 0.00356219057891
64 0.000944414968322
65 0.000342019709086
66 0.000613866272832
67 0.000780386539018
68 0.000761763246258
69 0.000222631115911
70 0.000956933603714
71 0.000559258582907
72 0.000709927405763
73 1.30800597759e-05
74 0.00326306790934
75 0.0159115531179
76 0.00112507878013
77 0.000324415118471
78 0.000229687855605
79 0.00154965242496
80 0.000517469351325
81 0.0032578553408
82 0.00177078149055
83 0.000382933632067
84 0.000712700559692
85 0.00138007461944
86 0.00888408755746
87 0.00179641243805
88 0.000657637156126
89 2.73884012517e-06
90 6.71158957287e-06
91 5.30371100244e-05
92 0.000747157953608
93 0.000330088403476
94 0.00123596191406
95 0.0074326056549
96 0.000443563582866
97 0.000484521816487
98 0.00202355603088
99 4.31562683148e-05
100 0.000940405260484
101 0.00214458795219
102 0.00031336639395
103 0.00248431311487
104 0.00199408756915
105 0.000747824913455
106 0.000408487397329
107 0.000429945633312
108 0.00352647896045
109 0.0114667499837
110 0.000322553342582
111 0.00291076180389
112 0.00175661736996
113 0.000963139120095
114 0.000232402589305
115 1.13176503709e-05
116 0.000499923792105
117 0.000442803070761
118 0.00808857363115
119 0.00244913662957
120 0.000626951504722
121 0.00140407367791
122 0.000362978464223
123 0.00417438863277
124 0.0009580302172
125 0.000956933603714
126 0.0271874858367
127 0.000791023722433
128 0.00276716952594
129 0.00198069462078
130 0.000653267870449
131 0.0021940484302
132 0.00352647896045
133 3.0404170236e-06
134 0.000717074280912
135 0.00552410518627
136 0.000359244746836
137 0.00105635405827
138 0.000360913214209
139 0.000300989992203
140 0.00137583099291
141 0.00241700961146
142 0.00487024766142
143 0.00138426937271
144 0.000390543704475
145 0.00219084660877
146 0.000296038904722
147 0.000330088403476
148 0.000232402589305
149 0.0159943495523
150 0.0212938684518
151 0.00116319657534
152 0.0011109846514
153 0.000758356778561
154 0.196342290772
155 0.00154506381187
156 0.00124676100574
157 0.000464476813317
158 0.00697676856064
159 0.000672707189662
160 0.000410997196284
161 0.000771604938272
162 0.000252174960388
163 8.53715342492e-06
164 0.00310375020741
165 0.0100230708667
166 0.00166733332211
167 0.000335644775945
168 0.00119979329961
169 0.00114878941195
170 0.000731459017038
171 0.000433658941782
172 0.000151712604176
173 0.000786094855446
174 0.000751823802611
175 0.00224805151882
176 0.00051652892562
177 0.00116709693842
178 0.000459410273503
179 0.000137128026888
180 0.000196376862595
181 0.000437565689718
182 0.00488921000226
183 0.00156073769242
184 0.00110855535208
185 0.000524019894771
186 0.00212047284336
187 0.0038103947569
188 0.00346208553558
189 0.000227236918121
190 0.000230537666849
191 9.4674556213e-06
192 0.020585325577
193 0.000296038904722
194 0.00350076647631
195 0.0369999855736
196 0.000335303413368
197 0.00163248648097
198 0.0025
199 6.68206015339e-05
200 0.000353326926338
201 0.000222631115911
202 0.00195190163884
203 0.000791488026229
204 0.0204442041647
205 0.000608364327986
206 0.00278850371084
207 0.0047830178027
208 0.000789104053154
209 0.00073155821335
210 0.000395467458678
211 0.000881619740112
212 0.000429269339245
213 0.000442803070761
214 0.000320912659757
215 0.00128110658583
216 0.0149484041893
217 0.00138927128496
218 0.000338788667218
219 0.000278539548922
220 0.000181082405934
221 0.000456252579604
222 0.000609847917263
223 0.000399555925652
224 2.43197598048e-05
225 0.000301873853997
226 0.000906283768692
227 0.000309635542301
228 0.000425303823873
229 0.00657287425686
230 0.000322553342582
231 0.0636841070048
232 0.000621449690517
233 0.00020503695789
234 0.00230718264877
235 0.000170963831165
236 0.00212608692041
237 0.0181092751997
238 0.000564581531142
239 0.00153440574226
240 0.00119814572527
241 0.00135969747301
242 0.000739803009387
243 0.00477880289211
244 0.00497595920915
245 0.000484320184437
246 0.000859212243309
247 0.00014349445503
248 0.000365750180469
249 0.00964832878965
250 0.0198382874591
251 0.00338785969334
252 0.000517469351325
253 0.0199539654547
254 0.00029755010195
255 1.29186273209e-05
256 0.00089402986722
257 6.97696563169e-05
258 9.22461889352e-06
259 0.000324778983669
260 0.000468687097108
261 6.03686107372e-06
262 0.000319820441371
263 0.000332288076302
264 0.00372293556876
265 0.0035939271906
266 0.00165699054094
267 0.0046463644641
268 0.000486372840251
269 0.00201297559504
270 0.000333513213681
271 0.000456252579604
272 0.00105635405827
273 0.00138007461944
274 0.00116709693842
275 0.00129353760919
276 0.000466863411905
277 5.20062869822e-05
278 1.44818061136e-05
279 0.00195960048449
280 0.00107552992884
281 0.00325754544516
282 0.00306537245983
283 0.00190543109783
284 7.01723608614e-06
285 0.000466863411905
286 0.000292073516677
287 0.00192282442759
288 0.00157096134508
289 0.00241118020297
290 0.000336686131012
291 0.0145845951618
292 2.36925167625e-05
293 0.000628486743585
294 0.000747194130375
295 0.00172487852023
296 0.00945952810497
297 0.000132117849121
298 0.00772506338595
299 0.00116994308246
300 0.000401283078567
301 0.000690500293036
302 0.00114861434499
303 0.000473635437102
304 0.00038049940547
305 0.000749352392247
306 0.000447347551112
307 0.000870733673744
308 0.000800996796013
309 0.0265008112493
310 0.000487546297239
311 0.00273888209318
312 0.000161701105984
313 0.0258201499113
314 0.00808836645494
315 0.000747824913455
316 0.000325569793332
317 0.000379080268199
318 0.000783434923936
319 2.51955846138e-05
320 0.00182318995402
321 0.00780653618752
322 0.00140984424774
323 0.000500652380498
324 0.00283462689566
325 0.00116398849785
326 0.00136518030802
327 0.00429913784211
328 0.000430185503199
329 4.4274712415e-06
330 0.0017230653219
331 0.000709927405763
332 0.00317577455268
333 8.30502703286e-06
334 0.00345738237672
335 0.000624512004703
336 0.000643465766946
337 0.00045230064863
338 0.000754345994195
339 9.22461889352e-06
340 0.000419914001612
341 0.000510939834995
342 0.00033023451687
343 0.000303089671868
344 7.12377032326e-05
345 0.000243916437098
346 0.00171816693066
347 0.00033593192353
348 0.0067238408549
349 0.00999219207525
350 0.0080762609784
351 0.00101926037641
352 0.00223229498556
353 0.0125079149545
354 0.000247109702419
355 0.00591715976331
356 0.0013211351637
357 0.00263862135037
358 0.0630136690257
359 0.00140984424774
360 0.000696223258751
361 0.00724960553633
362 0.000463588287814
363 0.000464476813317
364 4.10329149833e-05
365 0.000613866272832
366 0.00129928341891
367 0.000442095717613
368 0.00171853035235
369 0.00287794394983
370 0.000732658714455
371 0.000249077427154
372 0.00186624
373 0.000341224247159
374 0.00233829857829
375 0.000375489350217
376 0.004349043022
377 0.00135766963731
378 0.00380359978026
379 0.00105302399018
380 0.000613866272832
381 0.00286588992215
382 0.000672707189662
383 0.00109393739263
384 0.00128683292001
385 0.00607955848159
386 0.000902003338278
387 0.000437565689718
388 0.00116922954055
389 0.00313704559472
390 0.00171594348614
391 0.000246273778912
392 0.000780386539018
393 0.000565315916324
394 0.001575954465
395 0.00073155821335
396 0.000456252579604
397 0.000241825052185
398 0.000271815188875
399 0.000172948095371
400 0.00585723954411
401 0.00177044798534
402 0.00421063111111
403 0.00261492768595
404 0.00218232191379
405 0.00339128714085
406 0.00142071005917
407 0.189486270248
