1 0.000778725596568
2 0.00168135785755
3 0.0143117972233
4 0.0012684743101
5 0.000668666462606
6 0.000247567118196
7 0.00611580077934
8 0.000513283385896
9 0.000726729808956
10 0.00355371412397
11 0.00191366709381
12 0.000330333321593
13 0.000309087060676
14 0.000402295547656
15 0.00036868719045
16 0.00117257692961
17 0.00649120865336
18 0.000797447792784
19 0.0058603159637
20 0.00242689703705
21 0.00505514662025
22 0.000423183673469
23 0.000674650025299
24 0.000348921807851
25 0.000998082943046
26 1.04902555361e-05
27 0.000460045295884
28 0.000466517253138
29 0.000717474489796
30 0.00403351484927
31 0.00173280843832
32 0.000372878921038
33 0.0187030819559
34 0.000232297863218
35 0.00147234764329
36 0.000873276888669
37 0.000383705825108
38 0.0027104510979
39 0.0001242840369
40 0.000179207313949
41 0.00169407987209
42 0.00128836161115
43 0.00251452580467
44 0.000217316670266
45 0.00152199379285
46 0.00262825952052
47 0.00523162578614
48 0.00182819671732
49 0.0913772836017
50 0.000281788957323
51 0.000687343068356
52 0.000217316670266
53 0.00197774955449
54 0.0423489265138
55 0.000869466230427
56 0.000423183673469
57 0.000804548149938
58 0.000144954486266
59 0.000869466230427
60 0.0189415931651
61 1.21829019063e-05
62 0.000104720831855
63 0.00194023092207
64 0.00037762021298
65 0.000166751331876
66 0.000845597542547
67 0.000488842355201
68 0.00115628315405
69 0.000466808931568
70 0.0012237166695
71 0.00599199704345
72 0.000640591916536
73 1.07851305405e-05
74 0.00116611308435
75 0.0134187303344
76 0.000840864629876
77 0.000164299712744
78 0.000765099657622
79 0.000640591916536
80 0.000251508859089
81 0.00547595985757
82 0.000664526837266
83 0.00396685678483
84 0.00250470557002
85 0.000668666462606
86 0.00494539297082
87 0.00144955622811
88 0.00299152609962
89 5.20563291126e-07
90 3.38532916825e-06
91 5.3916973337e-05
92 0.00151819391839
93 0.00034604236391
94 0.00106418369033
95 0.0109013994258
96 0.000918971444398
97 0.000167031613343
98 0.00179458067562
99 1.07851305405e-05
100 0.000527712915928
101 0.003823203776
102 0.000465951211939
103 0.00272155694334
104 0.00127546219662
105 0.00050901918366
106 0.00247137180018
107 0.00116563144995
108 0.000703164911227
109 0.00234665946517
110 0.00403316553517
111 0.00577186330153
112 0.00116962128598
113 0.00141634871083
114 0.000668666462606
115 6.56620105461e-06
116 0.00068449161709
117 0.00168176824511
118 0.0114715279644
119 0.00714949368874
120 0.000228269582811
121 0.00190140253632
122 0.000407792024762
123 0.00229176097782
124 0.000656748186524
125 0.000348921807851
126 0.0148502128543
127 0.000459853769949
128 0.00605219161442
129 0.000508010958311
130 0.000438116220683
131 0.00109282152858
132 0.000752069401526
133 1.11523779692e-05
134 0.000506764552067
135 0.000557298786159
136 0.000302667981941
137 0.00361912843049
138 0.000377038363654
139 0.000120758362517
140 0.00106943959719
141 0.00341541575308
142 0.00389422152369
143 0.000404341952956
144 0.000320301764814
145 0.000186927050673
146 0.000194132349729
147 0.000686298443647
148 0.00528586731797
149 0.00637241577607
150 0.0150185773457
151 0.0260814828919
152 0.00167553330969
153 0.0019642682369
154 0.190996751989
155 0.0078958217644
156 0.00127168216298
157 0.00509563472602
158 0.00519268945448
159 0.000869466230427
160 0.000431221606183
161 0.00111022559231
162 0.000466808931568
163 2.09351607058e-05
164 0.0116459369233
165 0.0480264847038
166 0.00109282152858
167 0.000502724768244
168 0.00171244252481
169 0.00191329649372
170 0.00123114804555
171 0.00188641907105
172 5.31930263286e-05
173 0.000764509758118
174 0.000255282005258
175 0.00286748993933
176 0.00203208808025
177 0.00059875494193
178 0.000383264172036
179 0.000407521265258
180 0.000640591916536
181 0.0016230210767
182 0.00215731077301
183 0.00401084371707
184 0.00141634871083
185 0.000851088421257
186 0.000873961199305
187 0.000963003576469
188 0.0238956000594
189 0.000183280334659
190 0.000459853769949
191 1.04902555361e-05
192 0.0226416106699
193 0.000640858718667
194 0.00428083755915
195 0.149342121032
196 0.000225563556448
197 0.000557269551196
198 0.000318422499275
199 9.81156280412e-06
200 0.000296145161242
201 0.000125056187491
202 0.00318664096474
203 0.000438042722049
204 0.0145366661741
205 0.000717474489796
206 0.00130915167076
207 0.00907413528196
208 0.000769259919792
209 0.000845294053077
210 0.00106418369033
211 0.000979566952524
212 0.000231317497723
213 0.00168094746998
214 0.000660790370496
215 0.000592623372655
216 0.0141550671074
217 0.00367968959761
218 0.000950920840692
219 0.0729836640565
220 0.000366574613196
221 0.000427235579076
222 0.000527712915928
223 0.000789224489796
224 8.15161598145e-06
225 0.000483684073115
226 0.00373159955129
227 0.00317728740722
228 0.0019725680129
229 0.00216333153056
230 0.000327712238243
231 0.0755175187219
232 0.000371296942798
233 0.000133264202528
234 0.00924252592784
235 0.000125906932818
236 0.000170785184888
237 0.00217598856265
238 0.00048962976949
239 0.00178089758587
240 0.00108698294133
241 0.00248877672353
242 0.000792504496765
243 0.00535505129568
244 0.00459336045706
245 0.000799110989025
246 0.000721676381194
247 0.000309270047518
248 0.000397254476509
249 0.0120717470405
250 0.00225824273899
251 0.00155979984019
252 0.000228269582811
253 0.0223289332396
254 0.000626739734719
255 4.67129331507e-05
256 0.0912613312681
257 0.000168116231359
258 1.04902555361e-05
259 0.000113258067075
260 0.000232297863218
261 2.12961899386e-06
262 0.00025396422279
263 0.000202140309156
264 0.00644319166204
265 0.0113905476717
266 0.000953775826819
267 0.00120319217281
268 0.0013991026164
269 0.0028528911939
270 0.000338790048983
271 0.000963139120095
272 0.00186446473576
273 0.00109366475507
274 0.00125990777959
275 0.0179430746831
276 0.000364197890566
277 4.54999161095e-05
278 2.74792793353e-06
279 0.000563534062993
280 0.000409775606878
281 0.000904873909253
282 0.00347639001694
283 0.00693101021621
284 3.07247743841e-06
285 0.0018562328238
286 0.000309335622838
287 0.00128836161115
288 0.00147534674668
289 0.00214201054118
290 0.000508222541384
291 0.0160698844894
292 9.32346599848e-06
293 0.000402295547656
294 0.000318377053556
295 0.000656748186524
296 0.00843054724048
297 0.000170828874363
298 0.00191024010954
299 0.00126298025703
300 0.00101851644584
301 0.00013520822066
302 0.000755200745877
303 0.00112233528821
304 0.000196298676122
305 0.00268877427542
306 0.000178921040284
307 0.00114378909501
308 0.000692942130882
309 0.0212961899386
310 0.000802232516326
311 0.00278688980318
312 0.000692942130882
313 0.0359430454509
314 0.00838335877194
315 0.000625772319976
316 0.000452693526483
317 0.00206148575278
318 0.00133593797728
319 0.000383214155505
320 0.000284566393665
321 0.00334318150439
322 0.000346004287132
323 0.000545182462428
324 0.00194375982456
325 0.000325352056954
326 0.000345613157896
327 0.000508010958311
328 0.000784490229783
329 1.11523779692e-05
330 0.00298726417414
331 0.00016873434874
332 0.000798191309748
333 7.73752758912e-06
334 0.00378504716864
335 0.00109215282948
336 0.0011099546073
337 0.000227829890929
338 0.000716327955113
339 4.4181698339e-06
340 0.00203208808025
341 0.000664364638868
342 0.000232297863218
343 0.000222582162616
344 0.000393057079925
345 0.000679544097221
346 0.00551423324151
347 0.00337911400262
348 0.00789112745895
349 0.00973558699626
350 0.00482354521905
351 0.00314705704921
352 0.00109215282948
353 0.0751435272811
354 0.00159744306873
355 0.00162222897271
356 0.000655414590659
357 0.00217613637791
358 0.00214676346231
359 0.000717474489796
360 0.000582882380063
361 0.00586672153331
362 0.000229001576019
363 0.000821534342164
364 4.27807260681e-05
365 0.00109282152858
366 0.000421294161739
367 0.000352461061934
368 0.000248217611767
369 0.000782434348868
370 0.00194413722375
371 9.40972680965e-05
372 0.00210950158181
373 0.00125660165957
374 0.00746699808304
375 0.000868175771424
376 0.00409468802533
377 0.000228989789282
378 0.0027707674122
379 0.00144955622811
380 0.000253869328981
381 0.00642865179976
382 0.00050888440931
383 0.00466282428582
384 0.00133205179648
385 0.0106856278456
386 0.00137581558348
387 0.000345775561779
388 0.00334604528684
389 0.000474121595188
390 0.000590076873904
391 0.000215733892244
392 0.00119317147962
393 0.000332534626527
394 0.000773948150193
395 0.00132921006944
396 0.00360192076827
397 0.000354226982767
398 0.00043075611795
399 5.56916907997e-05
400 0.00185470810233
401 0.000590076873904
402 0.00819874975806
403 0.00168094746998
404 0.00139642318805
405 0.00026305842975
406 0.000247928549052
407 4.12675559061e-05
