1 0.000493203230932
2 0.000786639336715
3 0.0132421246845
4 0.00394336087996
5 0.0020313429875
6 0.000415454276151
7 0.00535216374799
8 0.000885185438153
9 0.000835812225887
10 0.00382379099269
11 0.00142319518079
12 0.00035545088597
13 3.24056904392e-05
14 0.00054340888701
15 0.000643225550486
16 0.00121582653689
17 0.0103129877336
18 0.00079647082972
19 0.0333492244437
20 0.000518491047028
21 0.00982261841067
22 0.000415627310002
23 0.000427566423059
24 0.000958433778947
25 0.00151395537639
26 1.09282152858e-05
27 0.000727770994255
28 0.000668080087805
29 0.000759876659045
30 0.00185311162459
31 0.000273468713857
32 0.00112123927273
33 0.00961477356543
34 0.000246685022239
35 0.000852469497576
36 0.000264871210461
37 0.000406295575015
38 0.0157436709243
39 0.000280620793797
40 0.000163259134126
41 0.000704838180707
42 0.00271424412699
43 0.00121582653689
44 0.000296446812224
45 0.000521421087114
46 0.00699695758055
47 0.00529737839102
48 0.00521396192392
49 0.092927663288
50 0.000361983926755
51 0.000684615996614
52 0.000296446812224
53 0.00098566792861
54 0.00659160748515
55 0.000741802186988
56 0.000636422463432
57 0.000158114579207
58 0.000758042207088
59 0.000583556645956
60 0.0506978777425
61 7.8683003881e-06
62 0.000181693138742
63 0.000741802186988
64 0.000456570969391
65 0.000309958341599
66 0.000232207087661
67 0.000606383518922
68 0.00112792851536
69 0.000148337824924
70 0.000983448661182
71 0.00142359887255
72 0.000858934701067
73 6.40112403738e-06
74 0.0025394275538
75 0.0133730575487
76 0.0017589394145
77 0.000268392854996
78 0.000201311325872
79 0.000614712109829
80 0.000189032301722
81 0.00102433444925
82 0.00364598696571
83 0.000410317862191
84 0.00307218525016
85 0.000471450335472
86 0.0104536490762
87 0.000446591577354
88 0.000930846863522
89 5.06693259618e-06
90 5.7096445889e-06
91 3.09071091663e-05
92 0.0018412138518
93 0.000176614087181
94 0.0015128499203
95 0.00979207709014
96 0.000652501288093
97 0.00119073596509
98 0.00261805279331
99 1.39229226999e-05
100 0.000536146988048
101 0.0142043363485
102 0.000341385539017
103 0.00281252109585
104 0.00442609193646
105 0.000500806662011
106 0.00388001366068
107 0.000491150595446
108 0.00326632819861
109 0.010391099867
110 0.000278892231133
111 0.00336197606649
112 0.00119896256167
113 0.00249609832287
114 0.000708746653525
115 1.39229226999e-05
116 0.000933026234126
117 0.000221479362515
118 0.00827852866965
119 0.000916273155959
120 0.000885066980879
121 0.00991932420218
122 0.000198055468073
123 0.00238913589541
124 0.00159588298054
125 0.00143835846217
126 0.0175503520621
127 0.000727770994255
128 0.00272797825519
129 0.00209017877033
130 0.000459537981859
131 0.00175469354957
132 0.00172705894794
133 1.21781784783e-05
134 0.000406609074687
135 0.00129713474462
136 0.000172798513933
137 0.00137990722608
138 0.000162946064853
139 0.000361983926755
140 0.00116554136828
141 0.00221773047756
142 0.00762156714538
143 0.000674650025299
144 0.000464912451287
145 0.000344558168081
146 0.000238517613035
147 0.00031887755102
148 0.000194232220905
149 0.0146539128694
150 0.0301791496911
151 0.00573728372869
152 0.00203204383324
153 0.00679360842638
154 0.186564941035
155 0.0018860757505
156 0.000701278986605
157 0.00350418242847
158 0.00543011347255
159 0.000741915249355
160 0.000424035440572
161 0.00624240353846
162 0.000588586593216
163 7.4855762303e-06
164 0.00141442325937
165 0.0478813226255
166 0.00116121242542
167 0.000279802709966
168 0.00119896256167
169 0.00220364891304
170 0.000417180951072
171 0.000953252385338
172 4.38577255384e-05
173 0.00148492532598
174 0.000381483776884
175 0.00235360361143
176 0.000945101079976
177 0.00088212606992
178 0.000322401886746
179 0.000456252579604
180 0.000141050885517
181 0.000748515828101
182 0.00174683990041
183 0.00157622038666
184 0.00469774475368
185 0.000459292996627
186 0.00178563216467
187 0.00550417813057
188 0.00714958153193
189 0.000266642661717
190 0.000690500293036
191 9.77920250966e-06
192 0.0235953282828
193 0.00098643245674
194 0.000374416509312
195 0.0974968907131
196 0.000154198673891
197 0.000613817250885
198 0.00153975642828
199 7.04847961684e-05
200 0.000206197063028
201 0.000144289409403
202 0.0025708402967
203 0.000459708904966
204 0.00996453903501
205 0.000745190945512
206 0.00277616785212
207 0.00244980875546
208 0.000788557676813
209 0.000536146988048
210 0.0022149635683
211 0.00134212372208
212 0.000240163266547
213 0.000459708904966
214 0.000411763815959
215 0.000971309147375
216 0.0166479004979
217 0.00662657257566
218 0.000786574202762
219 0.000894108816354
220 0.000471450335472
221 0.000461464508893
222 0.00031427952107
223 0.00129713474462
224 1.88671158748e-05
225 0.00102299763445
226 0.00146166901476
227 0.00241622837133
228 0.000418222817766
229 0.00236855290527
230 0.000281425661115
231 0.0970153639687
232 0.00166345688703
233 0.000158714222113
234 0.00590915976431
235 0.000491150595446
236 0.0028174808346
237 0.00426071484569
238 0.00182774812596
239 0.000477020446905
240 0.000764700511322
241 0.000977511297126
242 0.00161409241388
243 0.00648200919793
244 0.00457932069928
245 0.0013441805179
246 0.000552188644002
247 0.000182923910084
248 0.000543864167966
249 0.00203909014586
250 0.00128192298424
251 0.00282855700038
252 0.000852469497576
253 0.0221971846307
254 0.000238517613035
255 1.44207659029e-05
256 0.000352663713108
257 0.000523778365771
258 3.61444331549e-05
259 0.000200065315441
260 0.000690500293036
261 1.84041368083e-07
262 0.000355998576006
263 0.000550032361086
264 0.00234131113424
265 0.00348071994468
266 0.00185156988238
267 0.00561783211287
268 0.000495134236393
269 0.00194660069359
270 0.000673578443694
271 0.00113883007384
272 0.00105085749591
273 0.000346067343177
274 0.00271314072956
275 0.0141289094608
276 0.00185156988238
277 4.39223409632e-05
278 1.50102041592e-05
279 0.000543991024148
280 0.000437811624889
281 0.00210388093537
282 0.00298706841329
283 0.000852469497576
284 1.19362955486e-05
285 0.00247335538591
286 0.000463103453422
287 0.00271424412699
288 0.00210388093537
289 0.00211002047878
290 0.000405778269036
291 0.0119876752291
292 4.85995820436e-05
293 0.000746060730265
294 0.00218232191379
295 0.0022177931334
296 0.00879653987329
297 0.000138612070837
298 0.00110705069619
299 0.0027672327874
300 0.00109684665051
301 0.000420603232521
302 0.0022013936948
303 0.000606299709633
304 0.000674650025299
305 0.000148947967704
306 0.000126958936719
307 0.000832968628715
308 0.0034956577335
309 0.0286709819077
310 0.00060874256756
311 0.00309234420232
312 0.000341520592466
313 0.0324669081914
314 0.00185941043084
315 0.000615347635358
316 0.000646879452581
317 0.00233028628118
318 0.000750960238679
319 1.55000310001e-05
320 0.000366641349969
321 0.00728143875588
322 0.000301125438711
323 0.000606331674654
324 0.00802542174811
325 0.000518491047028
326 0.000417991569165
327 0.00289747488656
328 0.000418233226775
329 2.23905104041e-05
330 0.00234131113424
331 0.000180242774058
332 0.00304712058447
333 2.23905104041e-05
334 0.00255033430788
335 0.0020370771921
336 0.000543864167966
337 0.000217353936024
338 0.000221668380157
339 8.27386225506e-05
340 0.000225751879175
341 0.000431526902672
342 0.00425890277877
343 0.000238517613035
344 0.000642729617139
345 0.000195156563262
346 0.00300338896192
347 0.00157740307705
348 0.00588911232404
349 0.0169356352036
350 0.00365571572488
351 0.00308878335861
352 0.00162637911789
353 0.0788335249482
354 0.000793098347088
355 0.00126626405693
356 0.00519345238095
357 0.00647943214252
358 0.000427566423059
359 0.000614348964135
360 0.000826760261833
361 0.00748482616322
362 0.00130194494633
363 0.000365655825735
364 3.98332707148e-05
365 0.00038400157195
366 0.000653353067263
367 0.00103562757753
368 0.000939239299779
369 0.000764509758118
370 0.00044429650333
371 0.000281425661115
372 0.000953987919586
373 0.00116121242542
374 0.00982532308232
375 0.00473193817486
376 0.00147089123418
377 0.000463103453422
378 0.00466727828766
379 0.000414419306382
380 0.000288054406795
381 0.00237721618951
382 0.000470254749936
383 0.000945101079976
384 0.000793738869223
385 0.00752923605778
386 0.0013281030863
387 0.000414419306382
388 0.00170408291453
389 0.00166611527977
390 0.00206217790616
391 0.000852401829315
392 0.00165534610878
393 0.000546115989086
394 0.000792115403282
395 0.000523778365771
396 0.000646537198224
397 0.00030221570581
398 0.00098566792861
399 0.000302135675151
400 0.00194279382859
401 0.000597309617929
402 0.000859847175472
403 0.00233307226771
404 0.000279586979272
405 0.000460444439214
406 0.000799456862127
407 0.349831061933
