1 0.000582974709424
2 0.000767913684676
3 0.00700985953093
4 0.00276603770967
5 0.00134115796506
6 0.000386891257558
7 0.0117166071952
8 0.000476811207387
9 0.000419593878655
10 0.0037713058579
11 0.00135662661227
12 0.000352731302339
13 2.73161019316e-05
14 0.000809886109766
15 0.00146088526848
16 0.000963877582111
17 0.0105635803405
18 0.000779266775274
19 0.0105174298963
20 0.00189879223272
21 0.0199359655163
22 0.000386940960158
23 0.000173987626489
24 0.00190724482955
25 0.00152235290187
26 1.08742266556e-05
27 0.000773275944423
28 0.000202765711654
29 0.000767913684676
30 0.00164575867418
31 0.000412275503105
32 0.000519147572504
33 0.014841247331
34 0.000129957920665
35 0.000438298693078
36 0.000707612414764
37 0.000591592830447
38 0.00254113329854
39 0.000788549482697
40 0.00038751028357
41 0.00148093254286
42 0.00120647039726
43 0.000963877582111
44 0.000426883409603
45 0.00151234567901
46 0.00512442634331
47 0.00792988534712
48 0.00245821554143
49 0.0885272036687
50 0.000438116220683
51 0.000956933603714
52 0.000326293060243
53 0.00353835419924
54 0.00525830701017
55 0.000564371098247
56 0.000221147137452
57 0.00036036575397
58 0.000353576736503
59 0.000728271546386
60 0.0591762351185
61 3.72306808388e-05
62 0.000147370020793
63 0.000791565227641
64 0.00107186178106
65 0.000401838300519
66 0.000767249288273
67 0.000339335180055
68 0.0030779696003
69 0.00038751028357
70 0.000938718977896
71 0.00161616659175
72 0.000770455142097
73 8.59985724237e-06
74 0.00152166434033
75 0.0117126740503
76 0.000422395641289
77 0.00013874485038
78 0.000637388202249
79 0.000885185438153
80 0.000125231528049
81 0.00121378463442
82 0.000649113554302
83 0.000866644267072
84 0.00141556899768
85 0.000809886109766
86 0.00256153253402
87 0.00255156548136
88 0.00212479922035
89 5.08982102599e-06
90 1.60856758844e-05
91 5.78843845341e-05
92 0.00221127979438
93 0.000213290324173
94 0.0010397544018
95 0.00919415900487
96 0.000841065041622
97 0.000273015599733
98 0.00398581121677
99 1.58097142789e-05
100 0.000791565227641
101 0.00080707420223
102 0.000314410416331
103 0.00253601041985
104 0.00137165964895
105 0.000488885148741
106 0.00296118348192
107 0.000268500369499
108 0.00156088750479
109 0.00833480889357
110 0.000359790089827
111 0.00436263119824
112 0.00130889341306
113 0.0010294832566
114 0.000649272029291
115 8.42600179895e-06
116 0.000840481272799
117 0.000815032315151
118 0.0137946683461
119 0.00341264518677
120 0.000693055128074
121 0.00282260364555
122 0.000202765711654
123 0.00339106495913
124 0.00146418013387
125 0.000819884703714
126 0.0143995335767
127 0.00123381893759
128 0.0203030299965
129 0.0013264792842
130 0.000560619057024
131 0.00147984061559
132 0.00260202368545
133 3.20592711806e-06
134 0.00126464714321
135 0.00219831721356
136 0.000344531780772
137 0.00195314063199
138 0.000702958579882
139 0.000391194988205
140 0.00112188365651
141 0.00259645421721
142 0.00301348381383
143 0.000174638395792
144 0.0004
145 0.000383276882649
146 0.000802515793697
147 0.000471948340092
148 0.000812453100581
149 0.0118686014283
150 0.0279568843303
151 0.0166219556245
152 0.00244198250729
153 0.00146628405624
154 0.193303925694
155 0.0013131738247
156 0.00129621161775
157 0.000596150531456
158 0.00285000118705
159 0.000617566964021
160 0.000886925449975
161 0.000898595396234
162 0.000829068535697
163 9.72000906391e-06
164 0.0020413068779
165 0.0479489181552
166 0.000767249288273
167 0.00247624495167
168 0.00242698646021
169 0.00123468517311
170 0.000497505562389
171 0.000682506145715
172 4.92843426686e-05
173 0.00175966876492
174 0.000307864711931
175 0.00404643659328
176 0.00318494968673
177 0.00116155058996
178 0.000985137108273
179 0.00017581880895
180 0.00018520883704
181 0.000921690474765
182 0.00262476489964
183 0.00463134599739
184 0.000592129291454
185 0.000788414157803
186 0.000459708904966
187 0.00463134599739
188 0.0170178877431
189 0.000223507466805
190 0.000591672753835
191 3.61777403338e-06
192 0.0228673616448
193 0.000767249288273
194 0.000822483385773
195 0.180122966184
196 0.000397346607653
197 0.00126442689496
198 0.00129567606074
199 4.26566341072e-05
200 0.000149327404482
201 0.000393051849513
202 0.00185502528975
203 0.000422630174316
204 0.00885041702582
205 0.000496100627353
206 0.00200391201511
207 0.00241235306461
208 0.000769786359414
209 0.000195096697004
210 0.0010397544018
211 0.00108179780456
212 0.000190395571775
213 0.000420862958295
214 0.000393051849513
215 0.000581152128441
216 0.0145990555206
217 0.00610775638612
218 0.000405778269036
219 0.00107186178106
220 0.0035909106824
221 0.000530196216403
222 0.000791565227641
223 0.000268500369499
224 2.02702651976e-05
225 0.000435582503818
226 0.000592473122704
227 0.000554045887074
228 0.00105993781548
229 0.00164797308124
230 0.000953252385338
231 0.149679401355
232 0.000591672753835
233 0.000142997267412
234 0.00151644197013
235 0.000159977503164
236 0.000236484224075
237 0.00263405654175
238 0.00308394598246
239 0.00313784531354
240 0.000929767926579
241 0.000969191902317
242 0.000927271185482
243 0.013184831721
244 0.0173278106509
245 0.000851900161543
246 0.000340828402367
247 0.000333970281454
248 0.00111094513071
249 0.00190313265995
250 0.00582790156136
251 0.00707925446601
252 0.000380498448213
253 0.0226718665235
254 0.00123379709922
255 1.10864608445e-05
256 0.0718402830471
257 0.00011404524695
258 0.000203354717353
259 0.000142997267412
260 0.000168292153651
261 2.13428835623e-06
262 0.000291603895017
263 0.000481281302872
264 0.00118267986132
265 0.00228276677725
266 0.000604309191514
267 0.00133393022264
268 0.000159472842585
269 0.00168880537616
270 0.000412275503105
271 0.000657989325344
272 0.00134115796506
273 0.0003808888705
274 0.00136153615115
275 0.0174348166014
276 0.000386390378458
277 5.09395196969e-05
278 4.20775805391e-06
279 0.000471948340092
280 0.000880812359102
281 0.000802876737683
282 0.00142111614458
283 0.000961784970357
284 1.60856758844e-05
285 0.001336064511
286 0.000375578390722
287 0.00463477667811
288 0.00171915651562
289 0.00252497902893
290 0.000828114486828
291 0.0124462209224
292 9.64468963389e-06
293 0.000665972944849
294 0.00121852598065
295 0.00220210094512
296 0.00881905966822
297 0.000881491998268
298 0.0303154111328
299 0.00121879151549
300 0.000821534342164
301 0.000436328344555
302 0.000769120443097
303 0.000366574613196
304 0.000191197920746
305 0.00161592029998
306 0.000723923666271
307 0.00104465492152
308 0.000884106878698
309 0.0357824747021
310 0.000516296827218
311 0.00576174965673
312 0.000276762674048
313 0.0436065886696
314 0.00160400751252
315 0.000921062629956
316 0.0030779696003
317 0.00143412345506
318 0.00285933325948
319 0.000366291980495
320 0.000520022905289
321 0.00397050864995
322 0.000160484563078
323 0.000604309191514
324 0.00293682961058
325 0.000821534342164
326 0.000956933603714
327 0.000815032315151
328 0.000906217947552
329 2.34383070482e-05
330 0.0130568093037
331 0.000333166336807
332 0.00114547576738
333 4.16233090531e-05
334 0.00201732354723
335 0.000422454225035
336 0.00110854163256
337 0.00039871325818
338 0.000399239379408
339 5.09395196969e-05
340 0.00171915651562
341 0.000781219860345
342 0.000595690893421
343 0.000138577471685
344 0.000393051849513
345 0.000158470659096
346 0.00216902642393
347 0.000832100591716
348 0.00211291195341
349 0.00885724605131
350 0.00326127547666
351 0.00060485470349
352 0.00115440323634
353 0.0779326700001
354 0.000866855850145
355 0.000728271546386
356 0.000266376494878
357 0.0116584835724
358 0.000440419139482
359 0.000390570076083
360 0.000224167709036
361 0.00700314558281
362 0.00152199379285
363 0.000333028550895
364 8.59985724237e-06
365 0.00130889341306
366 0.000389337994592
367 0.000333970281454
368 0.000148830414247
369 0.000905906464875
370 0.000515877359711
371 0.000286323290809
372 0.00273407515868
373 0.000329140695272
374 0.0029877453858
375 0.0350033745143
376 0.00161592029998
377 0.000337414519406
378 0.0110342632797
379 0.000239923592973
380 0.000414142056477
381 0.00313748140027
382 0.000376745688824
383 0.00318494968673
384 0.000910806939562
385 0.0111415876454
386 0.000755969985192
387 0.000161111455902
388 0.000746060730265
389 0.00221003668573
390 0.00187250764706
391 0.000832742644642
392 0.00334267202839
393 0.000481281302872
394 0.000423491161615
395 0.0034252940292
396 0.00419715946196
397 0.000275847397141
398 0.000660104195255
399 0.000142672923578
400 0.00191024010954
401 0.000886925449975
402 0.000994337688702
403 0.00117229438587
404 0.000921062629956
405 0.000459708904966
406 0.000255550358746
407 5.10204081633e-05
