1 0.000366363525391
2 0.00119482178576
3 0.021154893801
4 0.00151049894952
5 0.000590268038355
6 0.00019775390625
7 0.0119141247892
8 0.000430433360307
9 0.000985381184426
10 0.00236711397862
11 0.00376896588676
12 0.0010091503268
13 9.16883901295e-06
14 0.000238927437037
15 0.00114402688892
16 0.000983272602967
17 0.00799912759319
18 0.000860510650104
19 0.00686362313342
20 0.000959854332675
21 0.0141303656423
22 0.00100112915039
23 0.000102688111034
24 0.000316987910433
25 0.000885185438153
26 5.62198674687e-06
27 0.000238927437037
28 0.000248783448935
29 0.000286996192939
30 0.00233321779595
31 0.000526187674956
32 0.000224251870842
33 0.0179154323562
34 0.000122583535286
35 0.00122548928061
36 0.000780799983246
37 0.000840656839747
38 0.00353890023512
39 0.000182215140636
40 0.000150275549184
41 0.00123126045863
42 0.00252624653929
43 0.0018231660226
44 0.000223321944948
45 0.000858726133451
46 0.002211521512
47 0.00631931047783
48 0.00223419189453
49 0.0858180808082
50 0.00044839984193
51 0.000576376347589
52 0.000151376417769
53 0.00168925467421
54 0.0186551300987
55 0.000868201552441
56 0.000205252830437
57 0.000407307195569
58 0.00022443191765
59 0.000542013955007
60 0.0258495251768
61 4.17429162014e-05
62 0.000546777145196
63 0.000844233125597
64 0.000289231338794
65 0.000551048841643
66 0.000266642661717
67 0.000629911572472
68 0.00234722278732
69 0.00022995537872
70 0.000555083468107
71 0.000963346726738
72 0.000499011662083
73 4.40889770668e-06
74 0.00335427572183
75 0.0364582111061
76 0.0010972616025
77 7.17211609785e-05
78 0.00102567388611
79 0.00149568084002
80 0.000433305301369
81 0.00405695971439
82 0.00108442533166
83 0.000421986794852
84 0.000418058381627
85 0.000799456862127
86 0.00036253552123
87 0.00121478043968
88 0.000746768802858
89 6.85276961537e-07
90 1.1092615715e-05
91 6.21836014556e-05
92 0.00106536604244
93 0.000199307958478
94 0.000690248354594
95 0.00374072236345
96 0.00134967068919
97 0.000513835761786
98 0.0012093529192
99 4.64172475031e-05
100 0.000499011662083
101 0.000775189625379
102 0.000431698639218
103 0.00239063875454
104 0.0014631645528
105 0.00038087437788
106 0.00147714438896
107 0.000797701000788
108 0.00045401863177
109 0.00393258602055
110 0.000163172013143
111 0.00157501258498
112 0.000783922573637
113 0.000264751783591
114 0.00100357055664
115 1.08028619482e-05
116 0.00036435625578
117 0.000712165780764
118 0.00813405500058
119 0.00455153565125
120 0.00113527509614
121 0.00163245337355
122 0.000229245798759
123 0.0147639966087
124 0.000823478992397
125 0.000183648653119
126 0.00820915808714
127 0.0004
128 0.00344344712553
129 0.000433305301369
130 0.000492457874713
131 0.0204977053732
132 0.00242832975433
133 1.26544704651e-05
134 0.00110564439807
135 0.00116698806006
136 0.00042368960275
137 0.00151291574784
138 0.000436550456441
139 0.000175430902153
140 0.000668402003866
141 0.00263665918669
142 0.00268985970175
143 0.000512879845375
144 0.000242446013991
145 0.00235639162633
146 0.000445085367373
147 0.000442642574325
148 0.00527390277771
149 0.006022397284
150 0.0141103654832
151 0.018351502904
152 0.00120975450759
153 0.00197787958721
154 0.201744547789
155 0.000668121773417
156 0.00110292615841
157 0.000431122053684
158 0.00214211099821
159 0.000629911572472
160 0.000563410281207
161 0.000697073505339
162 0.00018543634115
163 6.49113554302e-06
164 0.00619461282477
165 0.0468269589864
166 0.00134362999985
167 0.00082944
168 0.00174933857653
169 0.00139584926673
170 0.00027370782872
171 0.00146316701006
172 4.64172475031e-05
173 0.00283970962305
174 0.000696588436632
175 0.00377805539511
176 0.000375897034314
177 0.00047638652586
178 0.000409354879434
179 0.000856632956573
180 0.000266642661717
181 0.000875031817804
182 0.0051226170746
183 0.00123912092086
184 0.000957332159984
185 0.000885185438153
186 0.000713827865509
187 0.00338603596908
188 0.0211181322794
189 0.000295328491072
190 0.00276805929755
191 6.88693376491e-07
192 0.0125273817875
193 0.000217861957217
194 0.000270023822219
195 0.179939291532
196 0.000311113597033
197 0.00428305145144
198 0.000322553342582
199 1.1092615715e-05
200 0.000314954505638
201 0.00015600614518
202 0.000565412714734
203 0.000416493127863
204 0.0135898686468
205 0.000746060730265
206 0.00647953135153
207 0.00233321779595
208 0.000785834288494
209 0.000499011662083
210 0.000690248354594
211 0.000764950334255
212 0.000335039041607
213 0.000790390508976
214 0.193108419286
215 0.000378386667047
216 0.0143174179914
217 0.00616759409007
218 0.000357097760457
219 0.000249727896484
220 0.0014019973677
221 0.000876471606648
222 0.000499011662083
223 0.000832754116601
224 2.53366965452e-05
225 0.000956933603714
226 0.00135363350427
227 0.000461386944841
228 0.00100357055664
229 0.00153457881621
230 0.000369000716126
231 0.0704020709493
232 0.000983272602967
233 0.000343444145816
234 0.000960686030354
235 0.000242035066698
236 0.000173130193906
237 0.00909512687792
238 0.00173232891162
239 0.00183326997464
240 0.00207139250095
241 0.000566260171363
242 0.00114191550452
243 0.0100767357305
244 0.00482393412205
245 0.000868431012111
246 0.000588235294118
247 0.000228348291713
248 0.000562511655541
249 0.0118680353747
250 0.0170530890492
251 0.00998732048358
252 0.000445085367373
253 0.0225198139875
254 0.000320510724027
255 1.437221117e-05
256 0.0102160320271
257 0.000131173816067
258 1.19730367213e-05
259 0.000226886784195
260 0.000554046919305
261 1.437221117e-05
262 0.000225563556448
263 0.00022055161101
264 0.000556539424119
265 0.00464682489585
266 0.000555083468107
267 0.00131835426624
268 0.00124184048073
269 0.00225174932718
270 0.000433305301369
271 0.000403616172283
272 0.000823478992397
273 0.000683497799991
274 0.00252288317591
275 0.0130483213298
276 0.00332968289099
277 4.53087000315e-05
278 1.024e-05
279 0.00042829810096
280 0.00216019057775
281 0.00154033064206
282 0.00149630378081
283 0.000959620050436
284 5.29353293656e-05
285 0.00169860032195
286 0.000499011662083
287 0.00347955861346
288 0.000712165780764
289 0.000954314494412
290 0.000898734755441
291 0.0102085382325
292 1.39576215593e-05
293 0.000712165780764
294 0.00123734249135
295 0.00172039469954
296 0.00731490750602
297 0.00312487944138
298 0.00210613177098
299 0.00113332440735
300 0.00180942517451
301 0.000358157773943
302 0.000708746653525
303 0.000216772729228
304 0.000316161785803
305 0.0012225156947
306 0.000430433360307
307 0.000870522392484
308 0.000775189625379
309 0.0394773994577
310 0.000513835761786
311 0.004377212688
312 0.000171761258203
313 0.0381074018118
314 0.00388186066613
315 0.000329618923607
316 0.00157674637302
317 0.000655593079041
318 0.00194812730606
319 0.000110896691127
320 0.000474435845936
321 0.00399564634374
322 0.000359790089827
323 0.000487494290058
324 0.00195062822849
325 0.000764481982864
326 0.000400555723097
327 0.0015890975726
328 0.000552732492691
329 1.26544704651e-05
330 0.00111262437088
331 0.000417556661657
332 0.00046759768137
333 1.437221117e-05
334 0.00377954164622
335 0.000415454276151
336 0.00175066963113
337 0.000329618923607
338 0.000658202870254
339 0.000131928228982
340 0.00190297873621
341 0.000742675960049
342 0.00158701830921
343 0.000289231338794
344 0.00026811902086
345 0.000210113525391
346 0.00163726567974
347 0.000909529115663
348 0.00573197066346
349 0.00908380732615
350 0.00448125128065
351 0.00424092414093
352 0.00113527509614
353 0.0772144274114
354 0.000524281596646
355 0.000981789011147
356 0.000286006833244
357 0.00195846734689
358 0.00070597300457
359 0.000359790089827
360 0.000590268038355
361 0.00719964886711
362 0.000277023459653
363 0.000328437167072
364 6.80199808694e-05
365 0.000552910223336
366 0.0003303359171
367 0.00042829810096
368 0.00134509834764
369 0.00122397980433
370 0.00082944
371 0.000186062189122
372 0.000994937623289
373 0.000418058381627
374 0.00169559298477
375 0.00075603451296
376 0.000385306502999
377 0.000370694879208
378 0.00227594023871
379 0.000846965269849
380 0.000775787765522
381 0.013584129805
382 0.000712165780764
383 0.00352550304448
384 0.00164296238308
385 0.0125781790385
386 0.000629911572472
387 0.000552910223336
388 0.000667886659222
389 0.00127776276029
390 0.000600566924055
391 0.000690416872258
392 0.000712892227786
393 0.000576616404377
394 0.00063254349026
395 0.0051239771901
396 0.00190297873621
397 0.000353711743587
398 0.000483805534845
399 4.15562558073e-05
400 0.00262154356613
401 0.00103105799175
402 0.00359571817323
403 0.000555083468107
404 0.00115378367202
405 0.00166458564574
406 0.000436887300929
407 9.16883901295e-06
