1 0.000298980973183
2 0.000877112653697
3 0.01
4 0.000403217912648
5 0.000998256465714
6 0.000391808015326
7 0.00930925771122
8 0.00057978013752
9 0.000317992823486
10 0.00324204408755
11 0.000460321390869
12 0.000131550211328
13 4.3728921715e-05
14 0.00043273540662
15 0.000230902270838
16 0.000944927520184
17 0.00393691032046
18 0.000631264433891
19 0.0155247513729
20 0.0077872773776
21 0.00714251239477
22 0.000432555250331
23 0.0020877809621
24 0.000167955304283
25 0.00152523247245
26 1.0174777236e-05
27 0.000737332761388
28 0.000257095082264
29 0.000678077876624
30 0.00397652595233
31 0.000262492495874
32 0.00212915376014
33 0.00743587945062
34 0.000363952573434
35 0.0030321081817
36 0.000496977565013
37 0.00153645786444
38 0.00525538171581
39 0.000560171800161
40 0.000415867367464
41 0.00324182952578
42 0.00212477097506
43 0.00171861295858
44 0.000823864934872
45 0.000871405536146
46 0.00192565263799
47 0.00235724541918
48 0.00479082251316
49 0.0901522178095
50 0.000132307878366
51 0.00145124716553
52 0.0012426893018
53 0.000325352056954
54 0.0224720540477
55 0.000363801052796
56 0.000234859391422
57 0.000331808200957
58 0.00052184024212
59 0.000816363608836
60 0.0100211655121
61 0.000114081793081
62 0.00017199677506
63 0.00055973595361
64 0.00156910772601
65 0.000697610951631
66 0.00096261240154
67 0.00220423203977
68 0.00754516093956
69 0.000193330619487
70 0.000355390655277
71 0.00105061147622
72 0.000952163265306
73 8.63781169678e-06
74 0.00296472702485
75 0.0135578907863
76 0.000742698907821
77 0.000122366669277
78 0.000459693688427
79 0.000468443588173
80 0.000966468898494
81 0.00161314162859
82 0.00406276687157
83 0.003207223474
84 0.00164537249802
85 0.000278892231133
86 0.00587107329492
87 0.000419914001612
88 0.00265625
89 1.05757155133e-05
90 1.76047728495e-05
91 2.2180107401e-05
92 0.00161314162859
93 0.000419914001612
94 0.00115537230512
95 0.0227104791037
96 0.000404533286098
97 0.000718543352947
98 0.00156910772601
99 5.29353293656e-05
100 0.00049041257135
101 0.000665972944849
102 0.000335429137034
103 0.00245638088802
104 0.00110753682828
105 0.00123379709922
106 0.000456650618913
107 0.000621595999326
108 0.00605218432894
109 0.0095698895536
110 0.000636368383814
111 0.000811248306351
112 0.00133699186856
113 0.000188888888889
114 0.00024432758989
115 4.00801201602e-06
116 0.00103710123102
117 0.000438673387391
118 0.00370137009082
119 0.00704847961684
120 0.000475538863171
121 0.00588877738534
122 0.000162738752567
123 0.0078895707701
124 0.00180805134726
125 0.000301493630335
126 0.0184240533444
127 0.000435507837327
128 0.00265500262222
129 0.000779215987374
130 0.00031461619498
131 0.00353081688932
132 0.00168358743574
133 1.6042752152e-05
134 0.00116414910477
135 0.00232208073406
136 0.000684056555578
137 0.00200836762689
138 0.00069966274744
139 0.000856632956573
140 0.000430663800054
141 0.00339090621077
142 0.00125167798355
143 0.000862231849887
144 0.000219478737997
145 0.000566893424036
146 0.000405609335536
147 0.000620628534882
148 0.000298980973183
149 0.0117545452024
150 0.00556197328896
151 0.0135982821781
152 0.0009
153 0.0053626280653
154 0.19745523792
155 0.000602212816514
156 0.000971599039165
157 0.00159739095029
158 0.00224020608158
159 0.000994278429173
160 0.00167838171631
161 0.000721293242155
162 0.00164537249802
163 6.16494067593e-06
164 0.00544827282398
165 0.0462776697618
166 0.000775034794946
167 0.000334163093485
168 0.00195729406535
169 0.00123918686224
170 0.000921373301218
171 0.00210480338125
172 4.18630396391e-05
173 0.000737920160498
174 0.00117833233541
175 0.00123949436895
176 0.000462111311512
177 0.00212915376014
178 0.000673677556921
179 0.000438673387391
180 0.000278892231133
181 0.000867132604475
182 0.00577476895037
183 0.00417849005248
184 0.00411304382169
185 0.000236686390533
186 0.000320784139006
187 0.00611772728583
188 0.0283647344483
189 0.000693872694825
190 0.00017051484827
191 1.00302851924e-05
192 0.0251244217264
193 0.000750470416404
194 0.00057978013752
195 0.225070561869
196 0.000336425034544
197 0.000321681376139
198 0.00274150732343
199 4.19232958957e-05
200 0.000742957143562
201 0.000196370747365
202 0.00228165520604
203 0.00110925381888
204 0.00259249978296
205 0.000816515011582
206 0.00311906261569
207 0.00203859434172
208 0.000879251626789
209 0.00125570025129
210 0.00116414910477
211 0.00102501210767
212 0.000115931737944
213 0.000707547968636
214 0.000730985114144
215 0.000857203161612
216 0.0159253913219
217 0.00125570025129
218 0.00320690536019
219 0.000959354687133
220 0.000237167428111
221 0.000321167508126
222 0.000311033864562
223 0.000577984709475
224 2.35141386742e-05
225 0.00171150952549
226 0.00163701630703
227 0.0026249072927
228 0.000718543352947
229 0.00190362610411
230 0.000466082609227
231 0.0637784359482
232 0.00151359117674
233 0.000230003818423
234 0.00495636266446
235 0.000385676529084
236 0.000713487420604
237 0.00266400239688
238 0.000421403490908
239 0.00507351807209
240 0.000989079318318
241 0.0029999711428
242 0.00134661452468
243 0.00373288001543
244 0.00151432195359
245 0.0012845563474
246 0.00125820147465
247 0.00119007368626
248 0.000500289368861
249 0.0102568537682
250 0.00253456123539
251 0.00401084371707
252 0.000466082609227
253 0.0162748944379
254 0.00181386021377
255 1.26544704651e-05
256 0.000113366263361
257 0.000323482221417
258 3.9555397334e-05
259 0.000591722729362
260 0.000799738850709
261 3.31180384848e-06
262 0.000385676529084
263 0.000375781616679
264 0.000867688770772
265 0.00997218439661
266 0.00409337981775
267 0.00482389808536
268 0.000601452303154
269 0.00030161920036
270 0.00059429222049
271 0.000620145649442
272 0.0023219860695
273 0.00142266294986
274 0.00114279349521
275 0.000811248306351
276 0.000813441626883
277 2.14555384294e-05
278 4.2893652728e-05
279 0.00394381808987
280 0.000920744970236
281 0.00233033564093
282 0.00338117621231
283 0.000505525135426
284 2.92535364275e-05
285 0.00278313723173
286 0.000782299265895
287 0.00112381155523
288 0.00233033564093
289 0.0010811846434
290 0.000422984953041
291 0.00170109739369
292 6.67694916839e-06
293 0.00112381155523
294 0.00129203808857
295 0.000670325461876
296 0.012384766957
297 0.000358154560434
298 0.00123918686224
299 0.000634307405494
300 0.000413731473627
301 0.000162738752567
302 0.00129390452111
303 0.0011305673463
304 0.000341091387245
305 0.000370026812842
306 0.000444335118257
307 0.00154359253887
308 0.000415813970817
309 0.00185470810233
310 0.000801942203775
311 0.00250048295396
312 0.000784207022069
313 0.0145245447102
314 0.00408653312915
315 0.000385071309045
316 0.000706223432515
317 0.00171597593628
318 0.000252915201782
319 5.4420854609e-05
320 0.000477846949847
321 0.0137088904727
322 0.00039745223578
323 0.000774711574343
324 0.00360266307991
325 0.0046318093981
326 0.000144184497098
327 0.00116441059606
328 0.000189400797999
329 7.13011206754e-06
330 0.00365378094578
331 0.00145124716553
332 0.00114972867449
333 2.42931299029e-05
334 0.0015176307142
335 0.00118200541334
336 0.000363801052796
337 0.000782299265895
338 0.000419292949104
339 3.60961923419e-05
340 0.000460313213023
341 0.00124807084426
342 0.000567644027627
343 0.000578757158048
344 0.000444335118257
345 0.000146133344814
346 0.0105743556054
347 0.000221007036567
348 0.00243430385937
349 0.00450682184948
350 0.00538048377404
351 0.00248866479291
352 0.00373860331315
353 0.0817523336935
354 0.00255312136811
355 0.00058620975853
356 0.0027513203667
357 0.00855610278311
358 0.000519287692977
359 0.00320690536019
360 0.000789105732424
361 0.00659827660455
362 0.00069397845198
363 0.000325179990422
364 3.04306951379e-06
365 0.000616186457959
366 0.000646084964598
367 0.000637628186392
368 0.00252282003082
369 0.000978959132544
370 0.00024698293583
371 0.000256872112147
372 0.00180096995526
373 0.00111111111111
374 0.00149148827327
375 0.000574651978585
376 0.00407377314195
377 0.0009
378 0.00609536280113
379 0.00169621839489
380 0.000845546517942
381 0.00362788049801
382 0.000357342192247
383 0.00119425536461
384 0.00160227468012
385 0.00206013576095
386 0.0018549078071
387 0.00111111111111
388 0.001613813491
389 0.000890236414712
390 0.00533243688469
391 0.000862231849887
392 0.000726772554967
393 0.000553899164053
394 0.007682689811
395 0.000233304674722
396 0.000782299265895
397 0.000395165824944
398 0.00267682850718
399 5.18503695554e-05
400 0.00413375228341
401 0.00358994112856
402 0.00782957791256
403 0.00148161495413
404 0.000847618792434
405 0.00305451898783
406 0.00049936019475
407 0.269466937507
