1 0.00084968261647
2 0.000804365863993
3 0.0111905556288
4 0.00206062543644
5 0.000455710226367
6 0.00068949336602
7 0.00722670052927
8 0.00082944
9 0.000310014920398
10 0.00254606015808
11 0.000764770794311
12 0.000388973681121
13 0.000100627941942
14 0.000918273645546
15 0.000824914453316
16 0.00266526722369
17 0.00589266535024
18 0.000533546752034
19 0.0328774295376
20 0.0072748581838
21 0.0146745352315
22 0.000755962081222
23 0.00231393977691
24 0.000475739078472
25 0.00182719164743
26 6.18027634333e-06
27 0.000354631717694
28 7.22712296737e-05
29 0.00164442418514
30 0.00412602365071
31 0.000418696974582
32 0.00935266952052
33 0.00996453903501
34 7.33519776456e-05
35 0.000337556230668
36 0.00026057985346
37 0.00131742112483
38 0.0186538332198
39 0.000378506866115
40 0.000658399753303
41 0.00163109830946
42 0.000969218380469
43 0.00146084541474
44 0.000482384138904
45 0.00131742112483
46 0.00405137771727
47 0.00283523738784
48 0.00178673396084
49 0.0846979326392
50 0.000602479338843
51 0.00109169345482
52 0.00032582204903
53 0.00352764003673
54 0.0215925668241
55 0.000578021304375
56 0.000629362988503
57 0.000304288382019
58 0.000173479930021
59 0.000585882033754
60 0.00513374817602
61 0.000131361811479
62 9.46767726121e-05
63 0.0029262328534
64 0.00141520109611
65 0.000283417791835
66 0.000547277435808
67 0.000883561989731
68 0.001779872063
69 0.000136196220448
70 0.00200616109755
71 0.000944173111506
72 0.00306274189842
73 7.21656598805e-06
74 0.00954796352439
75 0.0135111267161
76 0.00122148059604
77 0.000116087927536
78 0.0019528744316
79 0.000290673287306
80 0.000303512243684
81 0.00532016486127
82 0.0038070566977
83 0.000847010567532
84 0.00198259405774
85 0.00508024501006
86 0.00136236093856
87 0.00038198408293
88 0.00189201024787
89 5.26049995792e-06
90 1.57331624569e-05
91 5.5175790932e-05
92 0.00108877778911
93 0.00058769513315
94 0.000686860637721
95 0.0114735263356
96 0.000317774168491
97 0.00145407197687
98 0.00167802146364
99 4.99052416523e-05
100 0.00232393136617
101 0.000286884643914
102 0.000409662486323
103 0.0023228680058
104 0.000891664912463
105 0.000370981726024
106 0.00111709412989
107 0.00127749394419
108 0.00216139946222
109 0.00897466683969
110 0.00039681909811
111 0.00423450951217
112 0.00122598058831
113 0.000180751365525
114 0.000338825476515
115 3.2145548615e-06
116 0.000458991400901
117 0.00110209604806
118 0.0145249624507
119 0.00554971200468
120 0.00171451391836
121 0.00559374071149
122 0.000275189346448
123 0.00612923943861
124 0.000383984134434
125 0.000325643705145
126 0.0115124610879
127 0.000506084786856
128 0.00453468466936
129 0.00100748845923
130 0.00149650752556
131 0.00616175705882
132 0.00173341344512
133 3.12152730088e-06
134 0.00039499068927
135 0.00151474908853
136 0.000146726105835
137 0.00205837599884
138 0.00014339882447
139 0.000468154113393
140 0.00105809275314
141 0.00547884863092
142 0.00145407197687
143 0.000916729680043
144 0.000185147449058
145 0.00228662817435
146 0.000347554136423
147 0.000338966594997
148 0.000334247958926
149 0.0097740209327
150 0.00525879189209
151 0.00800856374042
152 0.000182204446042
153 0.000877007818839
154 0.203578781003
155 0.0013871317215
156 0.00108877778911
157 0.000958433778947
158 0.00637845185726
159 0.00106247140792
160 0.00196422705963
161 0.000866041384226
162 0.000378506866115
163 2.6970431417e-05
164 0.00501045047208
165 0.0284685372352
166 0.00077548041417
167 0.000187224769837
168 0.00122598058831
169 0.00128130907372
170 0.000303089671868
171 0.00059488399762
172 1.09282152858e-05
173 0.000509370898324
174 0.000788649449234
175 0.00136415086856
176 0.000500960926388
177 0.00295924309048
178 0.0012320301147
179 0.000463905325444
180 0.000283417791835
181 0.000327649187779
182 0.00311248513674
183 0.00144952103168
184 0.00034541863219
185 0.000463905325444
186 0.000799456862127
187 0.00353886970625
188 0.0163595214798
189 0.000181082405934
190 0.000360336675528
191 9.44161474458e-06
192 0.0177965823241
193 0.000244352690679
194 0.00116434928345
195 0.213285651089
196 0.000533227784953
197 0.00059488399762
198 0.00733820022288
199 9.58506263838e-06
200 0.000357814998737
201 0.000452882070225
202 0.00177433958861
203 0.000771783845275
204 0.00361241154436
205 0.0010297704775
206 0.00293854071994
207 0.00301177324263
208 0.00122794215726
209 0.000664067443837
210 0.00245515786056
211 0.000329430792851
212 0.000397457325548
213 0.000772463714285
214 0.000786420432769
215 0.00120486571665
216 0.0155290920662
217 0.00232393136617
218 0.000852652602953
219 0.00046653864241
220 0.000566893424036
221 0.000286884643914
222 0.000637132901941
223 0.000369561294422
224 2.66312810369e-05
225 0.00045863751393
226 0.000526858618688
227 0.00134330878953
228 0.00145407197687
229 0.00360877914952
230 0.000326343364308
231 0.0597512755102
232 0.00064019718713
233 0.000524124837312
234 0.00543616599643
235 0.000182204446042
236 0.00032582204903
237 0.00250775461133
238 0.00158833102024
239 0.00858704816234
240 0.00157777311645
241 0.00121573361501
242 0.000485598693766
243 0.00963129500772
244 0.00557763843129
245 0.00123703549656
246 0.000689930433767
247 0.00055940976452
248 0.000242085001358
249 0.00528265998426
250 0.0147516259779
251 0.00722600357676
252 0.0004026250955
253 0.00933496869239
254 0.00134517641364
255 1.21217109571e-05
256 0.000252843711371
257 0.000229134239547
258 1.13176503709e-05
259 0.000711111111111
260 0.000552819948594
261 2.95225611412e-06
262 0.000383644704052
263 0.000689930433767
264 0.00196392845412
265 0.0115385562586
266 0.00336184143443
267 0.00804199342312
268 0.000804784354752
269 0.00237092575574
270 0.000426883409603
271 0.000380498448213
272 0.00116645825493
273 0.00121976682691
274 0.00279678254438
275 0.00195095456305
276 0.000220477502296
277 5.46670265579e-05
278 1.33198358996e-05
279 0.00106247140792
280 0.00117374254877
281 0.00252624653929
282 0.0124108706034
283 0.00250020833003
284 1.57331624569e-05
285 0.00285891756355
286 0.000205869748099
287 0.00252624653929
288 0.0017836986681
289 0.000777235577849
290 0.00128134806721
291 0.0200692175754
292 9.22461889352e-06
293 0.000499011662083
294 0.00126259372826
295 0.00121623660782
296 0.00839454384967
297 0.000245673686383
298 0.000716951834931
299 0.000738806370675
300 0.000376124885216
301 0.000135853157831
302 0.00248118820875
303 0.000343484224966
304 0.000145056788125
305 0.000439095192856
306 0.000303089671868
307 0.000489912310701
308 0.000230029295171
309 0.00294151860795
310 0.000711111111111
311 0.0073294338789
312 0.000650465865621
313 0.00461245140224
314 0.02135589333
315 0.000918273645546
316 0.000290477481618
317 0.00113214587835
318 0.000578162422858
319 0.000421736480433
320 0.000425424887131
321 0.0126310395343
322 0.000846657940319
323 0.00131836931257
324 0.00104286621315
325 0.00802158228053
326 0.000221273780581
327 0.00252482500973
328 0.000356994944467
329 5.5756200438e-06
330 0.00194263941399
331 0.000393962000603
332 0.00133516397048
333 2.76361472618e-05
334 0.00206625682096
335 0.000710058782567
336 0.000351928997239
337 0.00145407197687
338 0.000426883409603
339 1.13176503709e-05
340 0.000292511474771
341 0.00108293593358
342 0.00094674556213
343 0.000588148601617
344 0.000124145529597
345 0.000482585048583
346 0.00191724011338
347 0.00038568742314
348 0.00603746862201
349 0.00922977798943
350 0.0173106806639
351 0.00196183837429
352 0.00378343413011
353 0.0377852866142
354 0.00129160108934
355 0.000966066900133
356 0.00158215074389
357 0.00707088594279
358 0.00144286592446
359 0.00353191417336
360 0.000385071309045
361 0.0068567649084
362 0.000703881912169
363 0.000260255788511
364 6.58305907349e-06
365 0.000440784017242
366 0.000658967714798
367 0.000649113554302
368 0.00485617354354
369 0.00131742112483
370 0.000823478992397
371 0.000307891932006
372 0.00146578748243
373 0.00110564439807
374 0.00191070164849
375 0.000606185941043
376 0.0032578553408
377 0.00058769513315
378 0.0064984660401
379 0.00168787292959
380 0.000231676079462
381 0.0172729332256
382 0.000372943294965
383 0.00121841201965
384 0.000625091193427
385 0.00226732453011
386 0.00106247140792
387 0.000690248354594
388 0.00082284408184
389 0.000963918367347
390 0.00310349534847
391 0.000242085001358
392 0.000883561989731
393 0.000209870895392
394 0.00116563144995
395 0.000385071309045
396 0.000649113554302
397 0.000350160457528
398 0.00252360333096
399 0.00021324187702
400 0.00378051706447
401 0.0114712293589
402 0.00622839846232
403 0.00110209604806
404 0.00147990605492
405 0.000303512243684
406 0.000406977667021
407 0.121857307405
