1 0.000517663695361
2 0.00115329861111
3 0.0178395951672
4 0.000479799942808
5 0.00264253802358
6 0.000438036819378
7 0.00620343945324
8 0.0056031403543
9 0.000995643671227
10 0.00982156352502
11 0.000713888888889
12 0.000451704479208
13 2.62984878369e-05
14 0.000237282015061
15 0.000470885935028
16 0.000732314541253
17 0.0171105349423
18 0.000391086580654
19 0.0112973559854
20 0.0145032739836
21 0.00444847017945
22 0.000737043837618
23 0.00134316493517
24 0.00125440480394
25 0.00212978138977
26 7.28489967783e-06
27 0.000245058733717
28 0.000172064692292
29 0.000598121455577
30 0.00135928312059
31 0.000291851293343
32 0.000210928737382
33 0.009924866098
34 0.000265350832293
35 0.000232297863218
36 0.000357472470649
37 0.00586382968849
38 0.0106341028142
39 0.00119578323304
40 0.000764514736345
41 0.00208807286248
42 0.000434990546599
43 0.00462251890359
44 0.000246995025378
45 0.000368121502478
46 0.001476970396
47 0.00501097999563
48 0.00371694505367
49 0.0901746564822
50 0.000959826520244
51 0.003016196346
52 0.000368121502478
53 0.00204926275065
54 0.0106525124148
55 0.000384467512495
56 0.000648498368526
57 0.000571684911771
58 0.000207017015587
59 0.000647933884298
60 0.00659511382582
61 1.22899097537e-05
62 0.000166762098883
63 0.00249261993022
64 0.00101618203924
65 0.000368121502478
66 0.000366994025337
67 0.000980234934867
68 0.00118906064209
69 0.000165158626474
70 0.00051174528421
71 0.00166590028985
72 0.000349738573115
73 2.4346433518e-05
74 0.0045839408965
75 0.0448662909566
76 0.00213439194745
77 0.000266523230587
78 0.000262020599348
79 0.00289773715898
80 0.000129692308107
81 0.00504784379202
82 0.00693930326791
83 0.000360985265757
84 0.000243717321005
85 0.000288054406795
86 0.0092803457914
87 0.00118000116543
88 0.000748685641778
89 4.80917205294e-06
90 6.54103518423e-06
91 2.78308816961e-05
92 0.000619824038842
93 0.000212379827964
94 0.00112309562883
95 0.0181364961068
96 0.000381375627184
97 0.000338408376068
98 0.00149445520315
99 1.55136007355e-05
100 0.00128558264165
101 0.000383631259317
102 0.00120217418603
103 0.00273236018715
104 0.00140090815271
105 0.0011390625
106 0.000411168373791
107 0.000190980728777
108 0.00402758930038
109 0.00673983504295
110 0.000377365076939
111 0.00177320481874
112 0.00096535705631
113 0.000806088573738
114 0.000232297863218
115 1.45679156226e-05
116 0.000246600464635
117 0.000132799951272
118 0.00556641152046
119 0.000818254713797
120 0.000988263286385
121 0.0026143897212
122 0.000243717321005
123 0.00118395190195
124 0.00457380248851
125 0.000230125954378
126 0.00696862003781
127 0.000605168963969
128 0.00283487070706
129 0.00079723183391
130 0.00109072
131 0.00309963273934
132 0.00204128341529
133 3.27890286271e-06
134 0.00226400832925
135 0.00400074434995
136 0.000240061715212
137 0.000643132140766
138 0.00246793677488
139 0.000210940176162
140 0.000478931273732
141 0.00423661694994
142 0.00023601717881
143 0.000930569855898
144 0.000401504229322
145 0.000598252518502
146 0.000331107438017
147 0.00134333858848
148 0.000643132140766
149 0.00790742779192
150 0.0139636517168
151 0.0127403551961
152 0.000283081774677
153 0.00443475945301
154 0.190329619112
155 0.00336601554295
156 0.00195895004869
157 0.00262067245777
158 0.00072470937928
159 0.000572601777326
160 0.000365871720106
161 0.000404278924507
162 0.000258949653568
163 9.84236831988e-06
164 0.00480932750047
165 0.0439193894114
166 0.000368121502478
167 0.000826899975754
168 0.000602667657772
169 0.000780944803758
170 0.000214744457531
171 0.000640922929018
172 9.99859394773e-06
173 0.000338408376068
174 0.000394932498718
175 0.00222487834309
176 0.000403219302914
177 0.000966125392079
178 0.000885364024724
179 0.000949990617377
180 0.000367544875272
181 0.000596082784815
182 0.00140140599729
183 0.00140553279996
184 0.00979487724519
185 0.00039993611005
186 0.000959826520244
187 0.00594292521752
188 0.0250760539652
189 0.000329385595117
190 0.000598264639811
191 3.86359108718e-06
192 0.0674397085498
193 0.000271035461752
194 0.000846437960678
195 0.239566245128
196 0.000512139844953
197 0.000477189178999
198 0.000365871720106
199 6.22176681279e-05
200 0.000412360935525
201 0.000572601777326
202 0.000295428599609
203 0.000314370504502
204 0.010123016757
205 0.00173888888889
206 0.00691232
207 0.00207176211033
208 0.0014737107569
209 0.000733761700697
210 0.000703469550983
211 0.000700776165788
212 0.000377786529684
213 0.000401504229322
214 0.00119888305664
215 0.00193526292793
216 0.0161694505168
217 0.00131945451192
218 0.000748685641778
219 0.00126990480456
220 0.000338949829469
221 0.000418582554992
222 0.000573998154164
223 0.000354140064035
224 1.18497101265e-05
225 0.000478931273732
226 0.000517181726725
227 0.000514427293818
228 0.00288179389653
229 0.00188873166128
230 0.000390570076083
231 0.0659722905145
232 0.000417353553866
233 0.000403867826015
234 0.00151263039565
235 0.000255092199296
236 0.000763336747538
237 0.00303007896661
238 0.00028495081293
239 0.00670301831606
240 0.00238686358838
241 0.000483620089396
242 0.00103234378228
243 0.00628752
244 0.00544636505576
245 0.00110658980914
246 0.000478931273732
247 0.00102663460383
248 0.00079723183391
249 0.00632251858237
250 0.00101779658919
251 0.00298932124771
252 0.000713888888889
253 0.0183420638119
254 0.000120970965226
255 2.74792793353e-06
256 0.000464722060014
257 0.000403867826015
258 1.22899097537e-05
259 0.000959826520244
260 0.000240444457577
261 3.4359113205e-07
262 0.00030039510085
263 0.000390570076083
264 0.000594078740186
265 0.0139477413514
266 0.00566174151772
267 0.000742980898006
268 0.00230825060084
269 0.000755555555556
270 0.000432703832358
271 0.00024273792292
272 0.000838639667492
273 0.000645454006671
274 0.00170050234016
275 0.00422265375542
276 0.000128766158644
277 0.000162020291776
278 1.11028852287e-05
279 0.00145456999711
280 0.00076893502499
281 0.00123400699108
282 0.00146188411064
283 0.000906440796163
284 0.0299971542206
285 0.000557298786159
286 0.000108506944444
287 0.000872822797597
288 0.00189576721686
289 0.000748906165393
290 0.000298912055769
291 0.0155540894698
292 2.78962507439e-05
293 0.000598121455577
294 0.00102179548533
295 0.00110809383861
296 0.023404023517
297 0.000160230732254
298 0.0045839408965
299 0.000590532180134
300 0.000988263286385
301 0.00116818827013
302 0.00882579835339
303 0.000204893897055
304 0.000394301616132
305 0.000338408376068
306 0.00154900727408
307 0.00153095801554
308 0.000836115546523
309 0.00914122930825
310 0.000439990692241
311 0.0027772186421
312 0.000330578512397
313 0.0295269410446
314 0.00443475945301
315 0.000889591165591
316 0.000432308730652
317 0.00121246422698
318 0.000298912055769
319 0.000131512498948
320 0.000446389710807
321 0.00476348876953
322 0.000417013888889
323 0.000288054406795
324 0.00207455070768
325 0.00145158849491
326 0.00087980468179
327 0.00576508338829
328 0.000403219302914
329 0.000187858283318
330 0.000827244373912
331 0.000255509186884
332 0.00158350098218
333 5.38675195691e-05
334 0.000403219302914
335 0.000651705340722
336 0.00119943241732
337 0.000701143072044
338 0.000560824383767
339 3.86359108718e-06
340 0.00051427176737
341 0.000647565896865
342 0.00066618649777
343 0.000763336747538
344 0.000165158626474
345 0.000416840277778
346 0.004756163544
347 0.000947340344941
348 0.00212559684102
349 0.00805498891099
350 0.00559621784921
351 0.00206591373493
352 0.00233508176056
353 0.0796793679119
354 0.000263915859714
355 0.00423964289038
356 0.000590076873904
357 0.00341440423889
358 0.00104822144229
359 0.0102981732364
360 0.00140984424774
361 0.0102290832151
362 0.000404792642103
363 0.000745224410956
364 1.0094121373e-05
365 0.000480074599752
366 0.0010086387482
367 0.000141184996169
368 0.00279964899747
369 0.000959826520244
370 0.000844884540046
371 0.000288445918006
372 0.00138056560896
373 0.000643132140766
374 0.00221329372327
375 0.00113159666831
376 0.00123415361221
377 0.000872735524045
378 0.0105894983808
379 0.000643132140766
380 0.000231708897818
381 0.00301233490899
382 0.000457150491382
383 0.000980234934867
384 0.00577816981823
385 0.00954197618289
386 0.000349242256306
387 0.0002390625
388 0.00427393019834
389 0.008006197408
390 0.0134336650285
391 0.000651705340722
392 0.000872735524045
393 0.000163957768719
394 0.00480908386624
395 0.00178929559154
396 0.00110534660145
397 0.00078311874363
398 0.000840335679451
399 6.05799546843e-05
400 0.00329925828741
401 0.00263126204962
402 0.00100349426865
403 0.000643132140766
404 0.00240513204445
405 0.000480074599752
406 0.000488936712325
407 0.170416374528
