1 0.000336919232104
2 0.00119564822308
3 0.00684021966828
4 0.00468672473264
5 0.00166458564574
6 0.000662170109253
7 0.015982441701
8 0.000728498737343
9 0.000687468339056
10 0.00230369536905
11 0.000977316456737
12 0.000177777777778
13 4.22265375542e-05
14 0.000661697046143
15 0.000213559978361
16 0.00082737028153
17 0.01206535041
18 0.000520465671505
19 0.0244306904794
20 0.00161752538585
21 0.00373234149474
22 0.00047404766646
23 0.000704832015036
24 0.000532740567258
25 0.00118389071208
26 7.95733278162e-06
27 0.00123379709922
28 0.000360305563088
29 0.000737920160498
30 0.000741062248324
31 0.00013538980361
32 0.000707568844583
33 0.00897389337265
34 0.000285887651987
35 0.000684025190269
36 0.0009765625
37 0.000419686257772
38 0.00370379214497
39 0.000555810731007
40 0.000478675260362
41 0.00151772079777
42 0.00109126218501
43 0.00133915548984
44 0.000241200463641
45 0.000489857076994
46 0.0101914547061
47 0.00471461593594
48 0.00182743435185
49 0.0727460497277
50 0.000348593161662
51 0.0010914285106
52 0.000371535284855
53 0.00066428180023
54 0.0125399063038
55 0.000434027777778
56 0.000374215507297
57 0.000681269609787
58 0.000236878816715
59 0.000778742616976
60 0.0634139071814
61 1.18090244565e-05
62 0.000480074599752
63 0.000794736587134
64 0.000531889543988
65 0.00057551306668
66 0.00158701830921
67 0.000336042527504
68 0.00123492681641
69 0.000177481851441
70 0.000256275492618
71 0.0010962244091
72 0.00031259440351
73 0.000133456711283
74 0.00403816558941
75 0.0450661742074
76 0.0013705046088
77 0.000119181556416
78 0.000403587491172
79 0.000638395134481
80 0.000211262881864
81 0.000811325390826
82 0.00395001716551
83 0.000644487141018
84 0.00133728069952
85 0.000744224447628
86 0.000969131487046
87 0.000434947940244
88 0.00215497398599
89 4.52693526483e-06
90 5.99260811789e-06
91 1.69505854858e-05
92 0.000532740567258
93 0.00014130249995
94 0.000522822357446
95 0.00265964702554
96 0.000442031148071
97 0.00028600672223
98 0.00176270842071
99 0.000146002077668
100 0.000584750387303
101 0.000383877394711
102 0.000299281487696
103 0.00253945657
104 0.00192231112999
105 0.000882266444466
106 0.00119328298774
107 0.000996452804192
108 0.00107964689546
109 0.0114758069665
110 0.000683497799991
111 0.00243489364282
112 0.00119564822308
113 0.000683497799991
114 0.000255772596058
115 3.60405086307e-06
116 0.000662170109253
117 0.000812453100581
118 0.00299295148574
119 0.000473099042288
120 0.000418232427581
121 0.00156123146047
122 0.000413774869456
123 0.00667568219763
124 0.000540326051115
125 0.000704832015036
126 0.0097231099878
127 0.00048958211252
128 0.00505679012346
129 0.00100249928642
130 0.000433305301369
131 0.000442586334113
132 0.00238554170514
133 2.86302432712e-06
134 0.00197894139273
135 0.00393694732795
136 0.000371535284855
137 0.00121999290208
138 0.000784119295971
139 0.000429880776892
140 0.000735797252069
141 0.00154404251036
142 0.00353684333094
143 0.000222397791398
144 0.000251909720825
145 0.000910172516359
146 0.000336425034544
147 0.00132526289992
148 0.000704832015036
149 0.0159193594203
150 0.0340177865622
151 0.0045260262028
152 0.000256461604087
153 0.00455763888889
154 0.208047496255
155 0.000622301148222
156 0.000490277777778
157 0.00124201898742
158 0.00328423612836
159 0.00134372769412
160 0.00236669101534
161 0.00168094746998
162 0.00026178512814
163 6.16494067593e-06
164 0.00385348075892
165 0.0459835573586
166 0.00268136585195
167 0.000593978617217
168 0.00078446479916
169 0.00115943749789
170 0.000431635465341
171 0.000812453100581
172 1.36163723261e-05
173 0.000457847867127
174 0.000461290017832
175 0.00278014255075
176 0.000287194703183
177 0.00073891966423
178 0.00227489277964
179 0.000414763866173
180 0.000298672926124
181 0.000434027777778
182 0.00227460660095
183 0.0007196146064
184 0.00089926575569
185 0.000224051951031
186 0.000969131487046
187 0.0015211814185
188 0.0084885411033
189 0.000325910552105
190 0.000258137313083
191 3.57724365695e-06
192 0.0625576826013
193 0.000344976806519
194 0.000401362675229
195 0.110121026312
196 0.00061058584453
197 0.000268041440493
198 0.000321167508126
199 6.2656205401e-05
200 0.000151369065041
201 0.000596847503059
202 0.00892385958411
203 0.000787934749154
204 0.00273665137125
205 0.000676601289719
206 0.00434883907723
207 0.00227433752146
208 0.000786377836317
209 0.000584610427899
210 0.000522822357446
211 0.00103234378228
212 0.000432555250331
213 0.00150516967168
214 0.000322954877647
215 0.000447569585386
216 0.00433934988436
217 0.000573273716226
218 0.0007053758669
219 0.000155036412361
220 0.000426860576835
221 0.000429632588088
222 0.000211262881864
223 0.0003575171466
224 1.18090244565e-05
225 0.00245734386634
226 0.00889297169611
227 0.00132329590517
228 0.000662681042979
229 0.000758381448094
230 0.00058564217858
231 0.0456386741645
232 0.00201994697639
233 0.0004122162637
234 0.00377286870499
235 0.000174955614373
236 0.000693950413223
237 0.00879121553702
238 0.00079304730849
239 0.0124125947732
240 0.00488184227057
241 0.00129390452111
242 0.000749326228394
243 0.00882163711073
244 0.000654080246492
245 0.000531862285424
246 0.000234086254605
247 0.000439241277923
248 8.49861631903e-05
249 0.007720944312
250 0.00124871250848
251 0.00776642012078
252 0.000242244394313
253 0.00631464313495
254 0.000295532341621
255 1.53787004998e-05
256 0.000109784022332
257 6.82111191982e-05
258 0.000150320752778
259 0.00015811108011
260 0.000329903264347
261 2.38149672306e-06
262 0.000237091501953
263 0.00026178512814
264 0.000217198577189
265 0.00524877146275
266 0.00126995041322
267 0.00385920741825
268 0.000371475293063
269 0.000775343252101
270 0.000684505911524
271 0.00109126218501
272 0.0009765625
273 0.000575653026083
274 0.0018092340047
275 0.00257175659354
276 0.000387874660105
277 1.38998619624e-05
278 1.45926594239e-05
279 0.000196982058686
280 0.000770415566675
281 0.000775154051698
282 0.00151875141624
283 0.00034541863219
284 1.58306890219e-05
285 0.00387591030901
286 0.00125400948912
287 0.00109126218501
288 0.000454270167959
289 0.00223894096765
290 0.000638395134481
291 0.00882876976658
292 1.46547954381e-05
293 0.000118250251968
294 0.00122675187679
295 0.00127979163392
296 0.0029961660406
297 0.000532653486886
298 0.00139350554012
299 0.000755717043762
300 0.000371535284855
301 0.00020199221052
302 0.0013385127253
303 0.000424074973741
304 0.000170843629039
305 0.000383264172036
306 0.000489616836723
307 0.00042194405218
308 0.000662170109253
309 0.0238149672306
310 0.00479749568235
311 0.00087936186555
312 0.000347379239178
313 0.0400027250689
314 0.00225253178942
315 0.000661697046143
316 0.00125453155802
317 0.000644543955312
318 0.00022664314553
319 4.86042879994e-05
320 0.000436367894215
321 0.0106320130766
322 0.000378506866115
323 0.000661858593273
324 0.00403779203085
325 0.0020472639484
326 0.000811701842398
327 0.00266746314533
328 0.000324778983669
329 9.39504704863e-06
330 0.00117271006658
331 0.000399514063161
332 0.00378569276917
333 8.35310234221e-06
334 0.00516206430973
335 0.001129476273
336 0.000774964851295
337 0.000704832015036
338 0.00024698293583
339 1.11111111111e-05
340 0.000550390863512
341 0.000538092014523
342 0.000536972765734
343 0.000235477266632
344 0.000339041322314
345 0.000205110797511
346 0.001972914743
347 0.000426178690929
348 0.0014814901579
349 0.0126847637035
350 0.00315798860126
351 0.00316262764822
352 0.00174324427576
353 0.0747688582319
354 0.000414936612473
355 0.00214973153749
356 0.000684827952519
357 0.0076207985727
358 0.000749824116992
359 0.00356821207612
360 0.000536735147598
361 0.0060499642664
362 0.000485401257549
363 0.000427058889424
364 1.18090244565e-05
365 0.00105991072259
366 0.000523516675843
367 0.000886813365052
368 0.000431455766979
369 0.00133601109718
370 0.00184425458241
371 0.000289184244749
372 0.00209287414127
373 0.000439241277923
374 0.00105282394583
375 0.00264825976114
376 0.00152476193277
377 0.00119070242394
378 0.00390313467583
379 0.00179698361924
380 0.000436250707704
381 0.00271376877068
382 0.000451715898678
383 0.00196735171696
384 0.00128228581078
385 0.00721686927114
386 0.000470684668182
387 0.00117918065094
388 0.00314621689694
389 0.00860947223236
390 0.000338753504376
391 0.000231904970497
392 0.000781219860345
393 0.000553579386504
394 0.000434766862834
395 0.00123379709922
396 0.000732934227742
397 0.00127476601507
398 0.001129476273
399 6.2429507697e-05
400 0.00118822996831
401 0.00747991234478
402 0.00616122392435
403 0.00256775300924
404 0.000436250707704
405 0.000371535284855
406 0.000644543955312
407 0.111274050516
