1 0.000847618792434
2 0.00102138358459
3 0.00247564184494
4 0.0028069943829
5 0.000403113976861
6 0.000197291233982
7 0.00635754572245
8 0.000607161981541
9 0.00157930498741
10 0.00195456810546
11 0.000454016664855
12 0.000344639577594
13 2.82265764717e-05
14 0.000471962553862
15 0.00127179963091
16 0.00235762465572
17 0.0189587606645
18 0.00108522005863
19 0.0217714846768
20 0.00175838877369
21 0.0135795394898
22 0.000593275116687
23 0.000126562419129
24 0.00137803594277
25 0.00113666393558
26 7.0452024593e-06
27 0.00110672136746
28 0.00026115562828
29 0.00161045039149
30 0.00335793432628
31 0.000351714677641
32 0.0004688382672
33 0.00473305172422
34 0.000150551394482
35 0.00202176388386
36 0.00121478043968
37 0.000349636853179
38 0.00719056639639
39 0.000134620572442
40 0.000313480567214
41 0.00075475607438
42 0.000427853883631
43 0.00105651085077
44 0.000422454225035
45 0.000337414519406
46 0.00519845837142
47 0.00585862139324
48 0.00152230890418
49 0.0846163091479
50 0.000365854224955
51 0.000893787451314
52 0.000192292223853
53 0.0025510650681
54 0.00563185989797
55 0.000436582128975
56 0.000365854224955
57 0.000184910836763
58 0.000512792743121
59 0.000634943098141
60 0.0570219742517
61 1.37174211248e-05
62 0.000118071800917
63 0.00304435028511
64 0.000570661399204
65 0.000408451615475
66 0.000381469726563
67 0.000856942573615
68 0.00435527409074
69 0.000243295116977
70 0.000890509749567
71 0.000828114486828
72 0.000690815410108
73 4.39870992897e-05
74 0.00197219601917
75 0.0156440883975
76 0.000450734240634
77 0.000127672948074
78 0.000844081727593
79 0.000320644214541
80 0.00136199920163
81 0.00147368657487
82 0.000625488567501
83 0.000462879301815
84 0.00172048302528
85 0.00257590460097
86 0.00571110394155
87 0.00116111273384
88 0.00233122765417
89 5.37079282301e-06
90 1.02893295151e-05
91 1.05243147849e-05
92 0.00180578918125
93 0.000563905848609
94 0.000450219791826
95 0.00906894504716
96 0.00055073002881
97 0.000167301781699
98 0.00292463967092
99 3.91712334199e-05
100 0.00120853211516
101 0.00354204265891
102 0.000261484382316
103 0.00278966072818
104 0.00174746934783
105 0.000586117046913
106 0.000972227856888
107 0.000266642661717
108 0.000790195005039
109 0.00590503842273
110 0.000166625976563
111 0.00316144919224
112 0.00102138358459
113 0.000549554183813
114 0.000998786872034
115 9.40946215514e-06
116 0.000867603913747
117 0.000743939613877
118 0.00120908258362
119 0.00161937419284
120 0.000652943792467
121 0.00381489190806
122 0.000131271523279
123 0.003079293849
124 0.00132688363698
125 0.000762166434567
126 0.00735766031918
127 0.000246600464635
128 0.00287358964303
129 0.000447239437391
130 0.000645109605387
131 0.00462141164716
132 0.00145558530768
133 1.60142317093e-05
134 0.000612495506472
135 0.00137525863724
136 0.000118770279332
137 0.00222553461986
138 0.0013135263121
139 0.000342935528121
140 0.00118112051413
141 0.00576538680845
142 0.00138484591139
143 0.000219478737997
144 0.000916355535893
145 0.000537719726563
146 0.000403113976861
147 0.000288907431474
148 0.00073046018992
149 0.01018189952
150 0.0333037279292
151 0.0116523447422
152 0.00293367831424
153 0.00342795950027
154 0.197468814892
155 0.0018180541596
156 0.00148596794087
157 0.000518450892055
158 0.000540835144248
159 0.00141200741466
160 0.000573002444508
161 0.00308125335848
162 0.000339586472221
163 6.11171294507e-06
164 0.010616163352
165 0.0479379403599
166 0.000690815410108
167 0.000488660330728
168 0.00111111111111
169 0.00135923185912
170 0.000286108756118
171 0.000734867179562
172 1.41863591064e-05
173 0.000337414519406
174 0.000231853597261
175 0.00194885864481
176 0.00121383924311
177 0.000677370293848
178 0.00109161825066
179 0.000132307878366
180 0.000272380448479
181 0.000576424842163
182 0.205219651796
183 0.0147202443791
184 0.00676620879261
185 0.000359662781074
186 0.000843725020241
187 0.00215445250855
188 0.0120035559432
189 0.000160994037561
190 0.000412532681021
191 5.25447245918e-06
192 0.0112753623646
193 0.000256227707349
194 0.000300075817151
195 0.136777900189
196 0.000412360935525
197 0.000864014359696
198 0.00032866350694
199 1.18497101265e-05
200 0.000264742625125
201 0.000117095668842
202 0.00115912349279
203 0.000586904423339
204 0.0365973534972
205 0.00114073358341
206 0.00448198187569
207 0.00592744698996
208 0.00186433043691
209 0.00120853211516
210 0.000401966404247
211 0.000493514430124
212 0.00038920693893
213 0.0013705046088
214 0.000290844675922
215 0.00101426705155
216 0.0156944672563
217 0.00381955828989
218 0.000401926934185
219 0.000283036469589
220 0.000209752164708
221 0.000412360935525
222 0.000226981745702
223 0.000832466974133
224 3.48293469497e-05
225 0.000485425508514
226 0.00156847367905
227 0.00317335350249
228 0.000239120768976
229 0.0056031403543
230 0.000669808634226
231 0.0619176386646
232 0.000226981745702
233 0.000123566602695
234 0.00308528467173
235 0.000324768384413
236 0.000208693501387
237 0.0154797342425
238 0.00126259372826
239 0.00176124697662
240 0.0023542686831
241 0.00764018184365
242 0.00115457918562
243 0.00896237326578
244 0.0022402672538
245 0.00077611395179
246 0.000346016940106
247 0.000115068801609
248 0.00132767433915
249 0.00397991260013
250 0.000652671959081
251 0.00408349551821
252 0.000411763815959
253 0.0224796051956
254 0.000132915879017
255 2.71896386665e-05
256 0.000180399496232
257 0.00010868158055
258 1.37174211248e-05
259 0.000227868393147
260 0.000809801836727
261 2.96242753162e-06
262 0.000563905848609
263 0.000659574522903
264 0.00115303702974
265 0.0056773132694
266 0.000893198791395
267 0.00290700597237
268 0.00306625264131
269 0.00297520661157
270 0.00127322944047
271 0.000703469550983
272 0.00125150538139
273 0.000875831262117
274 0.00675926760056
275 0.00250618428954
276 0.000214457029814
277 6.83719594843e-05
278 1.30433438367e-05
279 0.000941373966942
280 0.000678402976884
281 0.00318494968673
282 0.0015696114442
283 0.000747770669056
284 1.23307021239e-05
285 0.00135480222336
286 0.000238722393118
287 0.00171915651562
288 0.00171915651562
289 0.00118395662654
290 0.000405840978603
291 0.0162474788351
292 4.44444444444e-05
293 0.000543951866271
294 0.000401926934185
295 0.000870493679338
296 0.00501867800757
297 0.00217016371838
298 0.00274115292892
299 0.000564149422198
300 0.00136967077701
301 0.000381469726563
302 0.0258804788067
303 0.00135839932283
304 0.000156860351563
305 0.000365020509537
306 0.000396187472108
307 0.000587467112294
308 0.000592836155671
309 0.00528811829566
310 0.000733957682193
311 0.00260415838253
312 0.000288445918006
313 0.0264467625887
314 0.00646345578803
315 0.000586027727034
316 0.000360336675528
317 0.0004688382672
318 0.000247369390564
319 1.02893295151e-05
320 0.000359395917279
321 0.00560576757723
322 0.0012111190922
323 0.000563905848609
324 0.00228635269421
325 0.00229825078203
326 0.000753892919493
327 0.0041215192088
328 0.000693513907804
329 1.42518918067e-05
330 0.000575378080226
331 0.000405111966572
332 0.000705807628478
333 2.26278220526e-05
334 0.00221190242688
335 0.000705807628478
336 0.000295830133507
337 0.00032866350694
338 0.00020144507215
339 9.40946215514e-06
340 0.00121383924311
341 0.000598934949472
342 0.000828114486828
343 0.00156976124859
344 0.000564340961146
345 0.000815032315151
346 0.00112399442803
347 0.00161612080503
348 0.00335674551438
349 0.00285891756355
350 0.00724532617433
351 0.0022851309478
352 0.00750141227521
353 0.0770471254269
354 0.000570661399204
355 0.00913762758972
356 0.000175896544688
357 0.00998891083319
358 0.000323017281166
359 0.00110809383861
360 0.00114682533674
361 0.00503664959125
362 0.000365854224955
363 0.000708300559136
364 3.163305029e-06
365 0.00037639918482
366 0.00159639713779
367 0.00112682219824
368 0.000766612675657
369 0.000209796594649
370 0.00359811018522
371 0.00026015034561
372 0.00391433328806
373 0.00110672136746
374 0.00160224189177
375 0.000682042509601
376 0.00261042115969
377 0.000436582128975
378 0.00228635269421
379 0.00122318719966
380 0.000146607825777
381 0.0234035931864
382 0.00073399137324
383 0.00171923942247
384 0.000886777484262
385 0.00700455546489
386 0.000941373966942
387 0.00186433043691
388 0.0013135263121
389 0.00181363134273
390 0.000945574240367
391 0.000252913436529
392 0.00130611579579
393 0.000344639577594
394 0.00104892069562
395 0.00189035916824
396 0.0023679026448
397 0.000331167156916
398 0.00180357182958
399 8.40715593468e-05
400 0.00105147864884
401 0.00156579301892
402 0.000704592135751
403 0.00232254318479
404 0.00185213701384
405 0.00177819712585
406 0.000352266681096
407 0.000512792743121
