1 0.000741003548476
2 0.00114366110394
3 0.00218870763654
4 0.00207859033499
5 0.00062897168706
6 0.00015383690884
7 0.00923174549469
8 0.000687461909479
9 0.00126026689734
10 0.00356112248236
11 0.000334948948421
12 0.000403219302914
13 3.86854770421e-05
14 0.00031156827978
15 0.000375578390722
16 0.00116432653948
17 0.0120761826174
18 0.000497835678544
19 0.0216183381668
20 0.0193985774423
21 0.0146326973818
22 0.000335484866739
23 0.000434766862834
24 0.000865051903114
25 0.00280129447657
26 1.00781053162e-05
27 0.00114853026719
28 0.000886950774066
29 0.000763940162481
30 0.00363018854712
31 0.000558014674278
32 0.000806058374548
33 0.00791476483764
34 7.55775403833e-05
35 0.00236869117668
36 0.000195304965086
37 0.00302675924188
38 0.00577233989876
39 0.000324717265485
40 0.000471444013318
41 0.00264253802358
42 0.000596701823903
43 0.00116414910477
44 0.0004688382672
45 0.000484309908748
46 0.00545408134002
47 0.0177565983309
48 0.0040270752848
49 0.0803543670454
50 0.00024308442626
51 0.000811168082038
52 0.00038400157195
53 0.00269082875865
54 0.00956647934125
55 0.000966098071102
56 0.000295328491072
57 0.00082944
58 0.00020534581416
59 0.000755964650766
60 0.0172168883598
61 0.000105193951348
62 0.00017408
63 0.000966098071102
64 0.000425124880434
65 0.000295251846224
66 0.000394301616132
67 0.000773991959084
68 0.00309209592615
69 0.000628486743585
70 0.000599771320133
71 0.00070571796896
72 0.000715277478242
73 3.86854770421e-05
74 0.0041856533638
75 0.0405130235908
76 0.00296247916761
77 0.000303089671868
78 0.00127438615901
79 0.000184135760158
80 0.00042576396735
81 0.00100344417579
82 0.00129392888567
83 0.00077101002313
84 0.00208346385102
85 0.000413541717069
86 0.00904510805075
87 0.00258409507148
88 0.00283452067627
89 3.33299933902e-06
90 1.85968813719e-05
91 5.31069186513e-05
92 0.00129152987244
93 0.000296847213073
94 0.000751753656823
95 0.0112318558684
96 0.000549186062111
97 0.000261987122838
98 0.0031203123187
99 2.45884843931e-05
100 0.00145679156226
101 0.000444335118257
102 0.000324529628028
103 0.00279171933264
104 0.00149456656948
105 0.000347554136423
106 0.000330094843015
107 0.000301223559999
108 0.00358103394804
109 0.00646267383694
110 0.000864395344915
111 0.00187565143719
112 0.00114366110394
113 0.00038872413896
114 0.000707568844583
115 6.64257625678e-06
116 0.00127358394205
117 0.000861491210066
118 0.00956031739669
119 0.00256315540694
120 0.000267463761768
121 0.00259568810048
122 0.00027370782872
123 0.001154355531
124 0.000654476303769
125 0.000455476524572
126 0.00254820681324
127 0.000470273445939
128 0.00251452580467
129 0.00138297312329
130 0.000778297922313
131 0.0150846952745
132 0.00436595989481
133 2.56204922946e-06
134 0.000940634851612
135 0.00162631137891
136 0.000157295898452
137 0.000561742871214
138 0.000591172669381
139 0.000396746677247
140 0.00116434928345
141 0.00606528429119
142 0.00234013148385
143 0.000142358174279
144 0.000381516015703
145 0.000826404635928
146 0.00031156827978
147 0.000419686257772
148 0.00160126449573
149 0.0110053246725
150 0.0304233591763
151 0.0116124880443
152 0.00143391565877
153 0.00168981690014
154 0.204803585371
155 0.00100426502678
156 0.000689514455178
157 0.00247100534824
158 0.00125448546548
159 0.00147248600991
160 0.000349775003629
161 0.0126513076004
162 0.000411231107063
163 9.1411386088e-06
164 0.00741313932083
165 0.0477696820528
166 0.000419282525698
167 0.00078070637599
168 0.000750356050293
169 0.000639370975628
170 0.000186265317909
171 0.000226492892891
172 1.05414066453e-05
173 0.000649113554302
174 0.000205017785703
175 0.00226504852903
176 0.00120256299682
177 0.000328497728086
178 0.000381129980264
179 0.000181999664438
180 0.0004
181 0.000447930244215
182 0.17945131494
183 0.00446409923283
184 0.0077327482761
185 0.000816009712506
186 0.00129713474462
187 0.00870836269305
188 0.00999311942624
189 0.000333970281454
190 0.000363642499277
191 9.1411386088e-06
192 0.0282435743343
193 0.000263877753248
194 0.000190834186884
195 0.127622421932
196 0.000408275383481
197 0.000649113554302
198 0.00304903984211
199 1.2398333664e-05
200 0.000160354367079
201 0.000144250330358
202 0.00471738698579
203 0.00050817924661
204 0.0115310121166
205 0.000696877390412
206 0.00128557796421
207 0.00256333047391
208 0.000752185908059
209 0.000487494290058
210 0.000263877753248
211 0.000456502765742
212 0.00024432758989
213 0.000752199236463
214 0.000259650735294
215 0.000397724044448
216 0.0151599994476
217 0.00737500728396
218 0.000210771672287
219 0.000198373338623
220 0.000756095686885
221 0.000214681533363
222 0.000415136473625
223 0.000410770567183
224 9.15497309582e-06
225 0.00135912845888
226 0.00390518226283
227 0.00065082562083
228 0.000299368197197
229 0.00319969975605
230 0.000278146698649
231 0.0803606569886
232 0.00316733369389
233 0.000389416400826
234 0.000988281743408
235 0.000340871210594
236 0.000444335118257
237 0.000977468280499
238 0.000316611998328
239 0.00197574060443
240 0.00159301100359
241 0.000632074808594
242 0.00128427708595
243 0.00255876315616
244 0.00250532960383
245 0.00048009797555
246 0.000246059207997
247 0.000197722075131
248 0.00112093899833
249 0.00665222818987
250 0.00934226566124
251 0.0277138105502
252 0.000756360344047
253 0.0218427212454
254 0.000167844088577
255 2.00290743032e-05
256 0.000297779693078
257 0.000161716181493
258 1.12607540201e-05
259 0.000931468560061
260 0.00038872413896
261 2.41117240847e-06
262 0.000608501835557
263 0.000649113554302
264 0.00303561535718
265 0.0213796381946
266 0.000703124832526
267 0.00602377311061
268 0.000428033785478
269 0.00353113421599
270 0.000361433590192
271 0.00105076044023
272 0.00300724338525
273 0.000818056952025
274 0.0055770469594
275 0.00196120668306
276 0.000168499729548
277 4.85243796068e-05
278 1.437221117e-05
279 0.00123080247308
280 0.00115949951732
281 0.00385689800023
282 0.00698478890413
283 0.000951313688489
284 1.0094121373e-05
285 0.00720850360341
286 0.000191131052969
287 0.00208185747951
288 0.00208185747951
289 0.00202094630803
290 0.000182710600627
291 0.0202982101178
292 9.30924798149e-06
293 0.00115949951732
294 0.00128673988025
295 0.00268550541723
296 0.01042646466
297 0.000816326530612
298 0.0012433880503
299 0.000806058374548
300 0.000374416509312
301 0.00257999496095
302 0.000656526639734
303 0.000696215064169
304 0.000816326530612
305 0.00050817924661
306 0.000161505941968
307 0.000600338452528
308 0.00219512142837
309 0.024111874783
310 0.000408275383481
311 0.00281527549332
312 0.00128673988025
313 0.020807897851
314 0.00827926390271
315 0.00189990469981
316 0.000626351884199
317 0.00510682488824
318 0.000358255846211
319 2.00290743032e-05
320 0.000484654968426
321 0.00796935391025
322 0.000373260011132
323 0.000851524802963
324 0.00290901311014
325 0.00370027649504
326 0.000285690454096
327 0.00330200805591
328 0.000715452106532
329 1.87222633136e-05
330 0.00124854859641
331 0.000625868960618
332 0.00268154061587
333 3.95636035618e-06
334 0.00305334699015
335 0.000484989269032
336 0.000396746677247
337 0.000649113554302
338 0.00054759911354
339 3.36280422999e-05
340 0.000658712718125
341 0.000849710698422
342 0.00124567474048
343 0.00015288730056
344 0.000127317324506
345 0.000241056125014
346 0.00117718373233
347 0.000389116156877
348 0.000597657686306
349 0.004096
350 0.00200367666842
351 0.00197254285909
352 0.00564187654321
353 0.075824729724
354 0.00192377386107
355 0.00243489364282
356 0.000397080333803
357 0.0229390641704
358 0.00322896120973
359 0.000773991959084
360 0.000827810444306
361 0.00390475984573
362 0.00135912845888
363 0.00050817924661
364 6.29881582263e-07
365 0.00143835846217
366 0.000692520775623
367 0.00105060031215
368 0.00122292921416
369 0.00413922064551
370 0.000368121502478
371 0.000397598014796
372 0.000870644466083
373 0.000430725105354
374 0.00318485667929
375 0.00115264440727
376 0.00316833286728
377 0.000444335118257
378 0.00365098758307
379 0.00179681076852
380 0.000430725105354
381 0.0311790862117
382 0.000625868960618
383 0.00147153670318
384 0.001942559972
385 0.00762274591569
386 0.00181013746214
387 0.00179411985783
388 0.00141417556392
389 0.000733708578049
390 0.000728851247258
391 0.000163693297951
392 0.00143589016072
393 0.000811291716862
394 0.00186433043691
395 0.000778799351001
396 0.00147003072989
397 0.000415136473625
398 0.000851395036916
399 6.7186240258e-05
400 0.00133119027039
401 0.00124065232385
402 0.000430373335748
403 0.000468443588173
404 0.000851395036916
405 0.00143835846217
406 0.00143680125359
407 0.00015990670659
