1 0.000460828018344
2 0.000724645604562
3 0.00857526740477
4 0.00277019514578
5 0.00101635265278
6 0.000806933163436
7 0.0147844331287
8 0.000573702893614
9 0.00173888888889
10 0.00361195870573
11 0.00197615536068
12 0.000501824231446
13 0.000144072027009
14 0.000979008491528
15 0.000182923910084
16 0.00170488523519
17 0.0131393183337
18 0.000733702294026
19 0.0172516608572
20 0.0206841634836
21 0.00992263402827
22 0.000703641296479
23 0.00241994421603
24 0.000465073758812
25 0.00473237345041
26 1.02564036818e-05
27 0.00114088933859
28 0.000466517253138
29 0.00111863382795
30 0.00128351458568
31 0.000123325234451
32 0.000496525664545
33 0.0108736512392
34 0.000183027038432
35 0.00997672261064
36 0.000686707874721
37 0.000681780315169
38 0.00297170353289
39 0.000644543955312
40 0.00032747570611
41 0.00501669221324
42 0.00103892706593
43 0.00170471476372
44 0.000323474455012
45 0.000265184285407
46 0.00513030743266
47 0.0117356053839
48 0.00212753381456
49 0.0952668240549
50 0.000674102752943
51 0.000493142003226
52 0.00025869876273
53 0.00203007200803
54 0.0413332652021
55 0.000882266444466
56 0.000420775805391
57 0.000152086114538
58 0.000200390051003
59 0.000603530252015
60 0.0621452127984
61 1.83673469388e-05
62 0.000323017281166
63 0.000882266444466
64 0.000561424151387
65 0.000260316169067
66 0.000734867179562
67 0.000843476542649
68 0.00288435264792
69 0.000316400841552
70 0.00131863113823
71 0.00116288674074
72 0.00113811387418
73 9.25269990892e-06
74 0.00382454662868
75 0.0885807256236
76 0.000464442473664
77 0.000159516415539
78 0.000725549547098
79 0.000313024811001
80 0.000350160457528
81 0.00439105820874
82 0.000870162981526
83 0.000496525664545
84 0.00189264771542
85 0.00106285543794
86 0.000443482963764
87 0.00373149607911
88 0.000573702893614
89 4.86234104703e-06
90 1.0094121373e-05
91 1.15082826247e-05
92 0.00116260290214
93 0.000159261596984
94 0.000882208859771
95 0.0110804588747
96 0.000595532555982
97 0.000783153498086
98 0.00884756944444
99 3.9555397334e-05
100 0.00103892706593
101 0.000817623831211
102 0.000495173655194
103 0.0033705760588
104 0.00114187272592
105 0.000333970281454
106 0.00375632597206
107 0.000452096498699
108 0.000833002650752
109 0.0109733612651
110 0.0005125
111 0.0008447443947
112 0.00161706085908
113 0.000551855775053
114 0.000407617299475
115 2.7708463325e-06
116 0.000944768553039
117 0.000650534873083
118 0.0186019302728
119 0.00321155714523
120 0.000422429558953
121 0.0075200158383
122 0.000350160457528
123 0.0032535139531
124 0.000884617635214
125 0.000453465053444
126 0.0126134988214
127 0.000416493127863
128 0.0129287906347
129 0.00047668246418
130 0.000846508992271
131 0.000941909066529
132 0.001637890625
133 1.15082826247e-05
134 0.000776924501553
135 0.00122979921186
136 0.00045423855446
137 0.00276819278807
138 0.000667940562908
139 0.00025801759725
140 0.00145426103497
141 0.00268719778282
142 0.000354391965452
143 0.000202920430841
144 0.000551738069186
145 0.000418388429752
146 0.000697610951631
147 0.000289070788512
148 0.000765685474604
149 0.0133468211351
150 0.0337430965839
151 0.00927723571199
152 0.00138331790253
153 0.00175939420916
154 0.17843793642
155 0.00128827892852
156 0.000837305703745
157 0.00293821530573
158 0.00218232191379
159 0.00113096306669
160 0.000526594811002
161 0.00369240847346
162 0.00107978226613
163 1.16087053682e-05
164 0.0110429984333
165 0.0476685691868
166 0.00173466525557
167 0.000315179253602
168 0.00161706085908
169 0.00129255089973
170 0.00024694030237
171 0.00120426694701
172 3.7433434342e-05
173 0.00114686916254
174 0.000953537573523
175 0.0032637673767
176 0.00220623155165
177 0.00123507794524
178 0.00122636224621
179 0.000367854824504
180 0.000126879500502
181 0.000359441884783
182 0.0014915620175
183 0.00520600541402
184 0.000690500293036
185 0.0003395268938
186 0.00172486325532
187 0.00355577174648
188 0.0112447513675
189 0.000438074634938
190 0.000224986083648
191 1.18497101265e-05
192 0.017006129679
193 0.000235059938816
194 0.000917522794799
195 0.143032116578
196 0.000868620488983
197 0.000783104767415
198 0.00145644410736
199 1.18497101265e-05
200 0.000168669596701
201 0.000162537102586
202 0.00972988060289
203 0.000351117308989
204 0.00622357889793
205 0.000849710698422
206 0.00267551546605
207 0.00273491036484
208 0.000726412763482
209 0.000334321944388
210 0.00111385968424
211 0.000511741516066
212 0.000419282525698
213 0.00120426694701
214 0.000841025101907
215 0.000582889463924
216 0.013846260519
217 0.00452260264135
218 0.000417109525517
219 0.000448012539126
220 0.00122636224621
221 0.000514481574992
222 0.000648597052589
223 0.00141540908256
224 5.1427755115e-05
225 0.000592363245469
226 0.039090870437
227 0.00237562248475
228 0.00151474908853
229 0.00137107163594
230 0.00029059746802
231 0.0758111113564
232 0.00330106447549
233 0.00036227124572
234 0.00299184027778
235 0.000632886357343
236 0.000220931033378
237 0.00369156639316
238 0.00139773597999
239 0.00196774352213
240 0.000955056179775
241 0.000511055421805
242 0.000528635199416
243 0.012309652905
244 0.00494364412432
245 0.00122867305744
246 0.00106627612698
247 0.000189595362023
248 0.000436887300929
249 0.00178333333333
250 0.00537661775588
251 0.00235827745706
252 0.000407617299475
253 0.0282168324515
254 0.000183027038432
255 1.04507282996e-05
256 0.000320707547557
257 0.000213290324173
258 3.7433434342e-05
259 0.000131720060721
260 0.00122636224621
261 1.30093887132e-05
262 0.000393021944464
263 0.000495068339176
264 0.00073369409937
265 0.00671651283816
266 0.000979008491528
267 0.00279262688326
268 0.000210527804997
269 0.00343875046292
270 0.00119034299373
271 0.000668666462606
272 0.0008749431866
273 0.000775138381698
274 0.00264191463075
275 0.0149147342816
276 0.00040100187813
277 5.1427755115e-05
278 2.72754362195e-06
279 0.000493142003226
280 0.000548601848399
281 0.00160177926036
282 0.00278220030829
283 0.000810085246106
284 0.000145597164495
285 0.00277019514578
286 0.000410431247849
287 0.00158348889792
288 0.00220623155165
289 0.000858027556191
290 0.000134581532184
291 0.0133120017884
292 1.0094121373e-05
293 0.000506812969097
294 0.00382454662868
295 0.00563681805673
296 0.00169030442347
297 0.00040064076882
298 0.00303950244034
299 0.00253826841846
300 0.000288838227947
301 0.000341520592466
302 0.000868208194127
303 0.00140043904959
304 0.000318523193967
305 0.00105376048577
306 0.000186056111907
307 0.0011532980281
308 0.000505344557149
309 0.0478295541025
310 0.00181318445389
311 0.00260173544974
312 0.0002055472052
313 0.0459727353189
314 0.00228333127484
315 0.000642327471292
316 0.000691033086472
317 0.00120205458332
318 0.00134686491507
319 4.60678528286e-05
320 0.000216472369726
321 0.00662515243329
322 0.000849710698422
323 0.000464918500704
324 0.0072819498512
325 0.00197752774406
326 0.000350701247854
327 0.00161384555499
328 0.000710518888683
329 2.46156015506e-05
330 0.00258409507148
331 0.000548601848399
332 0.00193182710225
333 2.43197598048e-05
334 0.00384063586654
335 0.000404395737505
336 0.000200722321577
337 0.000765685474604
338 0.000240525370115
339 5.1427755115e-05
340 0.00113096306669
341 0.000473009405618
342 0.000374038719258
343 0.000271337796932
344 0.000183027038432
345 0.00031351314924
346 0.00124090318733
347 0.000145725976194
348 0.00308774275107
349 0.00639192036795
350 0.00757396449704
351 0.00214335268183
352 0.00114669438821
353 0.07747701126
354 0.000847257662491
355 0.00210999909689
356 0.000244548121996
357 0.00441442358811
358 0.00482142324035
359 0.000849710698422
360 0.000349289737586
361 0.00497920348506
362 0.00134517641364
363 0.000333757859345
364 8.52469497576e-06
365 0.00040100187813
366 0.000287152488546
367 0.00158960197717
368 0.000332995897491
369 0.000690500293036
370 0.00339090621077
371 0.000508529223565
372 0.00101846460582
373 0.000710518888683
374 0.00330467194981
375 0.0119708330421
376 0.00250919344519
377 0.00047638652586
378 0.012743961923
379 0.000770935578131
380 0.000145158949049
381 0.00832368262364
382 0.000413786437206
383 0.00391059389736
384 0.000969079902257
385 0.00805092942393
386 0.00120395996881
387 0.000771123794825
388 0.00339090621077
389 0.00192874111646
390 0.000320952866045
391 0.000333970281454
392 0.000882266444466
393 0.000791844471488
394 0.000279024579979
395 0.000446591577354
396 0.00391059389736
397 0.000292744101448
398 0.000414448495506
399 3.25290231173e-05
400 0.00123293742927
401 0.00266856583195
402 0.00447684335945
403 0.0020544262453
404 0.000979008491528
405 0.00072609272473
406 0.00040064076882
407 0.0702926532233
