1 0.000766874582312
2 0.00148161495413
3 0.016826275334
4 0.00208644443846
5 0.000834308084297
6 0.000419210277482
7 0.00857556157957
8 0.000190663992919
9 0.000696183090988
10 0.00361208517044
11 0.000563952347679
12 0.000733884408452
13 9.40946215514e-06
14 0.000656935699692
15 0.000355461827381
16 0.000735674097605
17 0.008724073632
18 0.000784087798991
19 0.00754497769646
20 0.00589021860965
21 0.0168088151328
22 0.000409472486245
23 0.000322553342582
24 0.000463677025582
25 0.0016376774309
26 7.08275177301e-06
27 0.000478281999975
28 0.000212940893123
29 0.00460285795252
30 0.00109304456476
31 0.000367854824504
32 0.000500158213312
33 0.0131843646421
34 0.000117667336972
35 0.00188267739155
36 0.00122255367011
37 0.000466272197961
38 0.00275006555207
39 0.000355461827381
40 0.000355390655277
41 0.000935130688148
42 0.00190676727216
43 0.000882658273053
44 0.000413786437206
45 0.000332025771575
46 0.00407014135693
47 0.00740830738033
48 0.0022884229584
49 0.0912171707456
50 0.000233879461124
51 0.000838670645899
52 0.000210424716308
53 0.00355559866569
54 0.00372080940581
55 0.000500611398454
56 0.000170874449998
57 0.000688488639937
58 0.000183199415632
59 0.000668846611177
60 0.0589720032255
61 3.58564308509e-05
62 0.000135997756037
63 0.000572585202831
64 0.000723769945215
65 0.00017923523809
66 0.000136705385443
67 0.00048648689727
68 0.00110928437716
69 0.000346519749685
70 0.00119704037378
71 0.00147928994083
72 0.000475115879991
73 1.09101744878e-05
74 0.00344344712553
75 0.0186360543982
76 0.00106209104896
77 0.000143856107928
78 0.000498336974175
79 0.000858027556191
80 0.000426178690929
81 0.000795799730204
82 0.00065536
83 0.000691509427418
84 0.00247185690517
85 0.0024844479382
86 0.00591715976331
87 0.00142071005917
88 0.00199307987484
89 4.10606373227e-06
90 5.56247775009e-06
91 2.79290216671e-05
92 0.00230169772685
93 0.000184689023444
94 0.00104976
95 0.0134396581203
96 0.000846268387436
97 0.000317968420903
98 0.00400451660156
99 3.25702905069e-05
100 0.000533441619204
101 0.000432162009384
102 0.000292153373088
103 0.00290579093785
104 0.00163258433101
105 0.000491909693059
106 0.0025812481372
107 0.000275018458493
108 0.000721764312765
109 0.00663708718631
110 0.000737085645257
111 0.00344804899237
112 0.00117766265994
113 0.000961480680248
114 0.00038416
115 3.10778517668e-06
116 0.000882658273053
117 0.00148161495413
118 0.00834974433893
119 0.00166597251145
120 0.000655271011
121 0.00188596828467
122 0.000288811223259
123 0.00462705020362
124 0.00298473360789
125 0.000618113000214
126 0.0156076533458
127 0.00081052671572
128 0.0187770719958
129 0.00214181069496
130 0.00111094513071
131 0.006103515625
132 0.00106329810992
133 3.4357147704e-06
134 0.000922410008085
135 0.00834540565382
136 0.000281141352924
137 0.00295516688207
138 0.000356573609596
139 0.000182204446042
140 0.00147442221221
141 0.00282157795717
142 0.00133827132992
143 0.000346491082667
144 0.000385244030923
145 0.000167018134007
146 0.000810357340497
147 0.00049866349418
148 0.000495986275299
149 0.00972015950867
150 0.0246086308986
151 0.0212979165984
152 0.00235091881984
153 0.00222439236111
154 0.184721660266
155 0.000616166188823
156 0.00101615675298
157 0.0005741455656
158 0.000916697932335
159 0.00049866349418
160 0.00115303702974
161 0.000922637020946
162 0.000361826559546
163 4.35841893995e-06
164 0.00205265690817
165 0.0463854377063
166 0.00105482550496
167 0.00250694825365
168 0.00244200129166
169 0.00169342970914
170 0.000446864346673
171 0.000854470328026
172 5.20897306704e-05
173 0.000743590390619
174 0.000276965365022
175 0.00370789039177
176 0.000619671308977
177 0.000829928964801
178 0.000898540152812
179 0.000351211200996
180 0.000209796594649
181 0.000668846611177
182 0.00739938347453
183 0.00486375603153
184 0.000563597184013
185 0.000883724133511
186 0.000332591162314
187 0.00332201081315
188 0.0189820442524
189 0.000229161260868
190 0.000563162644935
191 3.12152730088e-06
192 0.0226003863474
193 0.00108003262139
194 0.00040064
195 0.184770613645
196 0.000399555925652
197 0.00115561476298
198 0.00136069562906
199 7.22259226862e-05
200 0.000172279084041
201 0.00110359092215
202 0.00254673423172
203 0.000691509427418
204 0.0109361316694
205 0.000401444643153
206 0.00284771531734
207 0.00109587671803
208 0.0011795469202
209 0.000317968420903
210 0.00104976
211 0.000682024204335
212 0.000268565228577
213 0.000799738850709
214 0.000181693138742
215 0.000566471863594
216 0.0134956477285
217 0.00500309893636
218 0.000322553342582
219 0.0018569588696
220 0.00145747599451
221 0.000545796313576
222 0.000854470328026
223 0.000446864346673
224 1.94445998145e-05
225 0.00045744088897
226 0.00263819353106
227 0.000325402894007
228 0.00111863382795
229 0.00270474889972
230 0.000330501849597
231 0.125191664622
232 0.00104332832599
233 0.000144964821423
234 0.00285500876012
235 0.000127274237902
236 0.000233879461124
237 0.00354398581552
238 0.00163473266237
239 0.00762013566355
240 0.00148289741515
241 0.000762754525951
242 0.00127551020408
243 0.00745491740417
244 0.0192811266816
245 0.00087225230409
246 0.000546003339694
247 0.000312152730088
248 0.00068149647657
249 0.00813424657456
250 0.00531318043257
251 0.00742625545123
252 0.00020736
253 0.0267466448037
254 0.00151474908853
255 3.4935217688e-05
256 0.0383698553184
257 7.42650640147e-05
258 1.18701318549e-05
259 0.000195304965086
260 0.000168389036558
261 9.70487475859e-06
262 0.000256227707349
263 0.000500611398454
264 0.000181180062186
265 0.00276396149268
266 0.000607254343127
267 0.00124352050401
268 0.000439386145405
269 0.00178440205913
270 0.000509016559904
271 0.000634381658316
272 0.000852469497576
273 0.000303641779085
274 0.00235102040816
275 0.0168626106309
276 0.000882930305708
277 1.35164359862e-05
278 3.63850622037e-06
279 0.00049866349418
280 0.000515571947732
281 0.000617410834844
282 0.00138442574463
283 0.000440740686038
284 1.69661044463e-05
285 0.00291541172652
286 0.000554357631678
287 0.00371963527492
288 0.000988731385749
289 0.00198431555399
290 0.000850140877227
291 0.00991319647014
292 1.69661044463e-05
293 0.000394301616132
294 0.000440405011487
295 0.00141200741466
296 0.00573370171775
297 0.000737654384181
298 0.0426883409603
299 0.000469469798252
300 0.00041717395019
301 0.000235276647032
302 0.000762166434567
303 0.000540832882639
304 0.000248469823439
305 0.00111575524863
306 0.00018077819363
307 0.000921552876744
308 0.000915189605254
309 0.034212186415
310 0.000528547416687
311 0.00441126476959
312 0.000237977543959
313 0.0404520917701
314 0.00202247659557
315 0.000925551506062
316 0.000324883081077
317 0.00137174211248
318 0.00221858001235
319 0.000133464420307
320 0.000924659445691
321 0.00404282422918
322 0.000195304965086
323 0.000379105896883
324 0.00141229350281
325 0.00186226504905
326 0.000452693526483
327 0.00110359092215
328 0.00081052671572
329 1.82628387757e-05
330 0.00263819353106
331 0.000426860576835
332 0.000828765730329
333 6.51677407464e-05
334 0.00312503013966
335 0.000324883081077
336 0.000617260136569
337 0.000384408026353
338 0.000833435690726
339 1.13558211714e-05
340 0.00154437002182
341 0.000420603232521
342 0.000762754525951
343 0.000115676492732
344 0.00110359092215
345 0.000346519749685
346 0.00116112287412
347 0.000867885814085
348 0.00168374275921
349 0.00993399463515
350 0.00742641860241
351 0.00125638785114
352 0.0018154062271
353 0.0797332570855
354 0.00136694635392
355 0.00211388558594
356 0.000151479289941
357 0.0122305152489
358 0.000975589672715
359 0.000242536431736
360 0.000524524653254
361 0.00550325487237
362 0.000865051903114
363 0.000374033119864
364 9.40946215514e-06
365 0.00122201623521
366 0.000617969804354
367 0.000312152730088
368 0.00155291410841
369 0.000409472486245
370 0.00037696657759
371 0.000282725014763
372 0.00373110771922
373 0.000529829962566
374 0.0031678291261
375 0.0738306263858
376 0.00147928994083
377 0.000728271546386
378 0.0346796085158
379 0.000700615100397
380 0.000238738786917
381 0.00385549884796
382 0.000420603232521
383 0.00218728616709
384 0.000914494993477
385 0.0123712679999
386 0.000798762496415
387 0.000432056526833
388 0.00127551020408
389 0.000449225512898
390 0.00052112464811
391 0.000867885814085
392 0.00173850492139
393 0.000508524759568
394 0.000799110989025
395 0.00208383784323
396 0.00154437002182
397 0.000595690893421
398 0.0046021565112
399 0.000333604386898
400 0.00111602764981
401 0.00184649156752
402 0.00107193926311
403 0.00148161495413
404 0.000925551506062
405 0.00163720805907
406 0.000251313969961
407 3.09405467844e-05
