1 0.000773618257542
2 0.000560204474633
3 0.00923106497501
4 0.00214339247392
5 0.000892546615933
6 0.000318245797731
7 0.00316864919444
8 0.000576768768683
9 0.000556569197129
10 0.00467365614441
11 0.000344027157214
12 0.000346067343177
13 3.22016891177e-05
14 0.000593096755134
15 0.000162278388576
16 0.00144134670211
17 0.0063208926522
18 0.000512975415228
19 0.0400012151237
20 0.00454134825926
21 0.0135206992629
22 0.00123918686224
23 0.000466933472068
24 0.00161578937805
25 0.00161314162859
26 5.49022143249e-05
27 0.00104406505025
28 0.000819189994759
29 0.00144365285684
30 0.000821182502804
31 0.000179496811562
32 0.000858726133451
33 0.0111100426282
34 0.000102147174986
35 0.00231556334445
36 0.00124508874744
37 0.000353326926338
38 0.0105010991754
39 0.00104406505025
40 0.000180168337764
41 0.00348487176215
42 0.000780386539018
43 0.00211027570656
44 0.000247070435852
45 0.00161314162859
46 0.0030442110343
47 0.0113859002983
48 0.00184851937313
49 0.112495151298
50 0.000407036308677
51 0.000565630152175
52 0.000220748709446
53 0.0025818375893
54 0.0313338595796
55 0.000867570247934
56 0.000676512180099
57 0.000197329727955
58 0.000327712238243
59 0.000867570247934
60 0.0241492430305
61 4.69935508694e-05
62 0.000182746573502
63 0.00377666115702
64 0.000372204588455
65 0.000414247635236
66 0.000249412483953
67 0.000697674933558
68 0.00128862590401
69 0.000430433360307
70 0.000278150187134
71 0.00685670755596
72 0.001591077492
73 2.26039215292e-05
74 0.0110331664157
75 0.0571750293474
76 0.000711111111111
77 0.000709153320604
78 0.0005337444881
79 0.000515571947732
80 0.00104476405493
81 0.00188428572906
82 0.00254219334793
83 0.00050712124011
84 0.00194875422954
85 0.000680068436802
86 0.00379189490392
87 0.00120426694701
88 0.00105210741309
89 6.72965172033e-07
90 2.73657521716e-06
91 2.57381772795e-05
92 0.00219922812132
93 0.000331562010589
94 0.00144886122732
95 0.0138677660385
96 0.000452294326281
97 0.000419914001612
98 0.00100023588329
99 1.62919351866e-05
100 0.000457448261763
101 0.000182923910084
102 0.000609663161103
103 0.00362855079563
104 0.00246779955819
105 0.000391814212466
106 0.00432177107191
107 0.000557105520101
108 0.00356285849226
109 0.0112252503128
110 0.00015455493311
111 0.00481699934608
112 0.00122340905134
113 0.000360202207742
114 0.000417180951072
115 7.60998810939e-06
116 0.00039335767777
117 0.00177052278403
118 0.00369828456663
119 0.00394408270905
120 0.000424511230563
121 0.00198419407211
122 0.000246967575554
123 0.017538953703
124 0.0248209297125
125 0.000526452405412
126 0.0145231733783
127 0.000804758473973
128 0.0156048634602
129 0.000728271546386
130 0.000498315690533
131 0.00814166417818
132 0.00424722572838
133 1.62919351866e-05
134 0.000706981040791
135 0.000821182502804
136 7.78180467147e-05
137 0.00214105268546
138 0.00119628221554
139 0.000782434348868
140 0.000847736363359
141 0.00335303385213
142 0.00493844475535
143 0.00101131485577
144 0.000317487603306
145 0.000125833104472
146 0.00276526975309
147 0.000223693219938
148 0.000335976599713
149 0.0136531666119
150 0.0158610843625
151 0.00249961447248
152 0.000452563812459
153 0.00122786421356
154 0.151236469667
155 0.00128110658583
156 0.000637891370339
157 0.000443548844222
158 0.00258289350862
159 0.000939792741868
160 0.000597310445014
161 0.00130657646677
162 0.00112216687499
163 0.000187241849662
164 0.00217380145203
165 0.0448898042633
166 0.00454427642489
167 0.000278292896402
168 0.000802678678586
169 0.00264233261557
170 0.000414610675457
171 0.000247109702419
172 1.0094121373e-05
173 0.00276526975309
174 0.000774632502107
175 0.00271943734519
176 0.00194875422954
177 0.000663295669389
178 0.000325352056954
179 0.00070933666112
180 0.000168585767275
181 0.000466933472068
182 0.00130724520158
183 0.00348922930283
184 0.000674650025299
185 0.00177052278403
186 0.00290953755779
187 0.00230169772685
188 0.00638770334743
189 0.000953191394666
190 0.000155158663317
191 7.12060208251e-06
192 0.0108916389762
193 0.000370267384397
194 0.00352131385098
195 0.0674873374574
196 0.000153720578225
197 0.000560204474633
198 0.0036874366415
199 4.78553421627e-05
200 0.000130492418501
201 0.000135811018775
202 0.00939236453449
203 0.000260670962986
204 0.00661163401448
205 0.0005759087616
206 0.00178315748929
207 0.00202624297433
208 0.00122536650583
209 0.000674866415331
210 0.00113244692594
211 0.00121659104134
212 0.000348373497901
213 0.000270160336918
214 0.000310820857709
215 0.000431122053684
216 0.0113332390292
217 0.00190524057377
218 0.00054109862915
219 0.000682979037957
220 0.00241994421603
221 0.000458224798843
222 0.000664631906891
223 0.000954919225442
224 5.13458963852e-05
225 0.000879542981221
226 0.127357852457
227 0.000747194130375
228 0.000446591577354
229 0.00164530411869
230 0.000298553401046
231 0.11705719128
232 0.000322174758197
233 0.000159009682304
234 0.00584902204367
235 0.000147593902296
236 0.00131742112483
237 0.00478634386539
238 0.000369561294422
239 0.00298372334694
240 0.000944414968322
241 0.000845486872464
242 0.0011315065507
243 0.00990608363077
244 0.00484090368609
245 0.000787934749154
246 0.000616409036861
247 0.00114547576738
248 0.000993955130026
249 0.0247275190557
250 0.00585804346595
251 0.00652291654521
252 0.000414419306382
253 0.0376005526657
254 0.000267657089878
255 2.75935144204e-06
256 0.000675170588591
257 0.000283799885209
258 0.000420603232521
259 0.000680023842811
260 0.000224366125018
261 1.9921419959e-06
262 0.000254414513877
263 0.000741117102474
264 0.00144643103645
265 0.00370679150672
266 0.00131742112483
267 0.00395148120886
268 0.000722075014343
269 0.00321834355539
270 0.000432358698377
271 0.000637891370339
272 0.00153230985965
273 0.000733224037537
274 0.00482924035143
275 0.0141162631115
276 0.000609663161103
277 5.06980051274e-05
278 2.30615472338e-06
279 0.000461550197922
280 0.00177095504057
281 0.00268414205005
282 0.00213222724045
283 0.000536242008855
284 9.22461889352e-06
285 0.001288169784
286 0.000147840297772
287 0.00194875422954
288 0.00268414205005
289 0.00231830426509
290 0.000904737760755
291 0.0154948353325
292 1.14327443803e-05
293 0.000939792741868
294 0.000423409845746
295 0.000954521673725
296 0.00481268231034
297 0.000325352056954
298 0.00230551813514
299 0.00287433434582
300 0.00262628036777
301 0.000616409036861
302 0.00118401477194
303 0.00199494956304
304 0.000294011941119
305 0.000817623831211
306 0.000353326926338
307 0.000532495197749
308 0.000636403718227
309 0.024214610469
310 0.000462065250846
311 0.00314314758772
312 0.000461550197922
313 0.0230420351562
314 0.00188797577855
315 0.00048176203114
316 0.000289226550678
317 0.000501881424839
318 0.00132442975207
319 8.9910067455e-06
320 0.000304669232667
321 0.00822770789867
322 0.000333482555661
323 0.000477646968298
324 0.00200272533182
325 0.00131698250867
326 0.000674866415331
327 0.00350527237453
328 0.000651705340722
329 0.00011392963332
330 0.00124489402852
331 0.000197329727955
332 0.001273299122
333 9.65968331936e-06
334 0.00377679338843
335 0.000141638630378
336 0.000399514063161
337 0.000386534761031
338 0.000194356654465
339 0.000160230732254
340 0.00061659801794
341 0.000414419306382
342 0.000811793983336
343 0.00017199677506
344 0.000144722709028
345 0.000125568549277
346 0.00393626059099
347 0.000454177011416
348 0.000786529959125
349 0.00205489191679
350 0.002871948985
351 0.00145172673221
352 0.000804075500648
353 0.0821745635062
354 0.000865051903114
355 0.013841190738
356 0.000899999855885
357 0.00471924446928
358 0.00888765530818
359 0.000691509427418
360 0.000643961023351
361 0.00658512814039
362 0.000515227025884
363 0.000318245797731
364 4.21656265812e-05
365 0.000225540396231
366 0.000950397422047
367 0.000373920210006
368 0.00108061734736
369 0.000443785122977
370 0.000663117758662
371 0.000264889196676
372 0.00141735791134
373 0.000651705340722
374 0.00236961531311
375 0.00150341491748
376 0.00685670755596
377 0.00047248046384
378 0.00224801097394
379 0.000313480567214
380 0.000117154914594
381 0.00498654363706
382 0.000356379056656
383 0.00268414205005
384 0.00257983111345
385 0.00700785548234
386 0.00164979405463
387 0.000865051903114
388 0.000335439895879
389 0.000918378650734
390 0.00140885778804
391 0.000192724098448
392 0.000709153320604
393 0.000741229785628
394 0.00181268605382
395 0.0018599109277
396 0.00194875422954
397 0.000305173116583
398 0.000560204474633
399 9.20127207586e-05
400 0.0015013757094
401 0.00231633732735
402 0.00468307724377
403 0.00122340905134
404 0.000903973106438
405 0.000567120579258
406 0.000719308289661
407 0.00444707936032
