1 0.000422454225035
2 0.000791565227641
3 0.0169449474837
4 0.00365284885013
5 0.00068864814662
6 0.000177777777778
7 0.00581578502396
8 0.0004680106623
9 0.000777593312698
10 0.00348941721406
11 0.000922410008085
12 0.000271097995433
13 8.5436968376e-05
14 0.00115440323634
15 0.000204812452597
16 0.000624024580718
17 0.0121806474427
18 0.000803267990494
19 0.0206051417644
20 0.00803852167973
21 0.0068673935578
22 0.000720688257286
23 0.000151014273208
24 0.000777593312698
25 0.00143273560065
26 1.024e-05
27 0.00113450408669
28 0.000399151923854
29 0.000494290921757
30 0.00162853612191
31 0.000133587855603
32 0.000757729217251
33 0.0191211458491
34 0.000108229131098
35 0.00186242008213
36 0.000481089438153
37 0.000319790585774
38 0.00924968743362
39 0.000302983788864
40 0.000162393296264
41 0.00221227081453
42 0.000838658407311
43 0.00300345527823
44 0.000579903874953
45 0.00243865264441
46 0.00647317488258
47 0.0137040099782
48 0.00108630321789
49 0.0918542615022
50 0.00300345527823
51 0.000592522177629
52 0.000367557115435
53 0.0025059276802
54 0.0155849026678
55 0.0012530346934
56 0.000762166434567
57 0.000185705121781
58 0.000263877753248
59 0.000720688257286
60 0.0589904670576
61 1.31063804449e-05
62 0.000115069730836
63 0.00127824783922
64 0.00135321706963
65 0.000244753740373
66 0.00181936614182
67 0.000810028400996
68 0.000409112807784
69 0.000720688257286
70 0.00126634069639
71 0.000547046325778
72 0.0011343311967
73 2.67538644471e-05
74 0.00339681783555
75 0.0243171354067
76 0.000257258498718
77 0.000319828713955
78 0.000366432228213
79 0.000158576554298
80 0.000187101771715
81 0.00186242008213
82 0.000339846034601
83 0.000757729217251
84 0.00181759459221
85 0.00140827233947
86 0.000802176801448
87 0.00026189417003
88 0.00166937102786
89 4.89466677109e-06
90 1.57887811938e-05
91 1.98706640555e-05
92 0.000873306935504
93 0.000154238384431
94 0.00141543537943
95 0.0107041617549
96 0.000569574674546
97 0.000205916065073
98 0.00185238305509
99 9.07243431558e-06
100 0.000838658407311
101 0.00335703365323
102 0.00052184024212
103 0.00251177361547
104 0.00105855941273
105 0.000503942684935
106 0.00315178976633
107 0.000437724639783
108 0.000777593312698
109 0.00856193983146
110 0.000390570076083
111 0.00217364608973
112 0.00181936614182
113 0.000393051849513
114 0.000582027028022
115 4.34093837154e-05
116 0.00143627761625
117 0.000444351948202
118 0.00960405089379
119 0.00337693250239
120 0.000284120190059
121 0.00182191999556
122 0.000190449012449
123 0.0043170960921
124 0.000937110178229
125 0.000759833868422
126 0.0190377094114
127 0.000415108855857
128 0.0149123310475
129 0.000385676529084
130 0.000596556432556
131 0.00106719016077
132 0.00642584798281
133 1.65096382657e-05
134 0.000928667152444
135 0.00104245007943
136 0.000388660812699
137 0.00365093147837
138 0.00277464478653
139 0.000144667461202
140 0.00110843392534
141 0.00297444473941
142 0.00419904
143 0.000155520145023
144 0.00085324783079
145 0.00083968
146 0.000228030268907
147 0.000271097995433
148 0.000386293611531
149 0.012297594978
150 0.032249922287
151 0.0102739335004
152 0.0020860686622
153 0.00701066465899
154 0.192015338716
155 0.00466324071607
156 0.00140405530662
157 0.000898646638905
158 0.00493779672367
159 0.000887883725589
160 0.000252620499101
161 0.00404664322851
162 0.000887883725589
163 2.54789972851e-05
164 0.0077302521808
165 0.0486754903388
166 0.00113582132554
167 0.000782948375617
168 0.00250173701575
169 0.000583956573499
170 0.000259680096563
171 0.000381138805106
172 1.2869754067e-05
173 0.00890743237917
174 0.000781168948066
175 0.00344938483247
176 0.00253588470865
177 0.000471626958319
178 0.000331542297636
179 0.000246488630617
180 0.000283108165862
181 0.000219089073204
182 0.0012022715508
183 0.0044542555771
184 0.00217279560179
185 0.000249721891975
186 0.00115643362195
187 0.0044542555771
188 0.012421524504
189 0.000208920086732
190 0.000415108855857
191 1.13877778776e-05
192 0.00597446848234
193 0.000834857757237
194 0.00252756970101
195 0.131084650302
196 0.00034328861487
197 0.000501849213673
198 0.000834857757237
199 4.34093837154e-05
200 0.000720688257286
201 0.000118319657065
202 0.00342120553391
203 0.00115440323634
204 0.0204261717915
205 0.00147465630251
206 0.00338206686311
207 0.00256724264454
208 0.00120840074989
209 0.000183440425174
210 0.00141543537943
211 0.000793737960918
212 0.000254189218768
213 0.000419442058798
214 0.000112694202427
215 0.000505696742948
216 0.0151174042153
217 0.00365080365359
218 0.00142578710291
219 0.000331542297636
220 0.00023237656157
221 0.000362507274677
222 0.000838658407311
223 0.003316795044
224 8.81829841012e-06
225 0.00118014192244
226 0.00149904351801
227 0.00245757886482
228 0.00109392339443
229 0.00624912121733
230 0.000250463056098
231 0.0859801190202
232 0.00108522643142
233 0.000635984540357
234 0.00077026062537
235 0.000383865134973
236 0.000226129232857
237 0.00857596965268
238 0.000199387280709
239 0.00108585096842
240 0.000620862866874
241 0.000592930802743
242 0.000783804036744
243 0.0148862571162
244 0.0100742413997
245 0.00084833631822
246 0.000224801631088
247 0.000159977503164
248 0.000491124314063
249 0.0334587157057
250 0.00206883166844
251 0.0029494193322
252 0.000344464781645
253 0.0217014264342
254 0.000166403007283
255 1.73129860861e-05
256 0.000688016576054
257 0.000319828713955
258 5.30210198888e-05
259 0.000206720424702
260 0.000383865134973
261 2.04519654275e-06
262 0.000459642894594
263 0.000464287778934
264 0.00365977421389
265 0.00508688999821
266 0.00158609134198
267 0.00207233893902
268 0.000777593312698
269 0.00234131113424
270 0.000380313382923
271 0.000689681996993
272 0.0009
273 0.000500407986443
274 0.00124545429067
275 0.0189334570635
276 0.000319790585774
277 1.73129860861e-05
278 2.26469660709e-06
279 0.000462481211701
280 0.000663117758662
281 0.00184111569338
282 0.00182042015632
283 0.000455014036273
284 1.57887811938e-05
285 0.00365284885013
286 0.000384479319189
287 0.00491051689914
288 0.00253588470865
289 0.000978073668331
290 0.000241408709229
291 0.0141235442664
292 1.57887811938e-05
293 0.000771604938272
294 0.00156459851394
295 0.00595746816101
296 0.00241770903264
297 0.000213269670886
298 0.00759476344866
299 0.0019166458086
300 0.000762166434567
301 0.00153728
302 0.00094751194222
303 0.000423706288185
304 0.000777593312698
305 0.000502724768244
306 0.000375578390722
307 0.000733986492075
308 0.000778799351001
309 0.0488353649876
310 0.000647507416993
311 0.00284943267968
312 0.000462481211701
313 0.0402049937982
314 0.00455417968309
315 0.000877394937221
316 0.000475088593469
317 0.0095318955226
318 0.00260029759574
319 1.51141256432e-05
320 0.000922813801309
321 0.00507220123182
322 0.000383865134973
323 0.000592522177629
324 0.122162993685
325 0.00122850751431
326 0.00034328861487
327 0.00186242008213
328 0.0011343311967
329 2.62386505689e-05
330 0.000704562618578
331 0.000372108862978
332 0.000714282171219
333 4.77681007982e-05
334 0.0012530346934
335 0.00511664937239
336 0.000416666594389
337 0.000417917655404
338 0.000423198833471
339 8.81829841012e-06
340 0.000887883725589
341 0.000579762331415
342 0.00323449504721
343 0.000116014407885
344 0.000173312580192
345 0.000721244343904
346 0.00378881087724
347 0.000434027777778
348 0.0194150568885
349 0.0204140704098
350 0.00817399587696
351 0.00105133025115
352 0.00042526941354
353 0.0765737948972
354 0.00121392068447
355 0.000380295354625
356 0.000271337796932
357 0.00901594070518
358 0.00016330381768
359 0.00242566676341
360 0.000639616999116
361 0.00801042773532
362 0.00141200741466
363 0.000515247865925
364 8.48748281948e-06
365 0.00146472047022
366 0.000388499005533
367 0.000404278924507
368 0.000641305744986
369 0.000772275170543
370 0.000434215651408
371 0.000497319444188
372 0.00329546140079
373 0.0011343311967
374 0.00203470369162
375 0.0179482930428
376 0.00204581925932
377 0.000444251874359
378 0.00568801165096
379 0.000122467367044
380 0.000359380966286
381 0.00100481777742
382 0.000459368692217
383 0.00253588470865
384 0.000842728098263
385 0.0099390983619
386 0.00165312192884
387 0.000372108862978
388 0.00162644583312
389 0.000887036367064
390 0.0018966808842
391 0.000579903874953
392 0.00123461118884
393 0.000464287778934
394 0.000575856026995
395 0.000815032315151
396 0.00341089412022
397 0.000226129232857
398 0.000787320734177
399 4.13228409905e-05
400 0.00132414115855
401 0.00150489915675
402 0.00212565463004
403 0.00120840074989
404 0.000877394937221
405 0.000367557115435
406 0.000412696844914
407 5.06178818604e-05
