1 0.000464699343827
2 0.00115850101091
3 0.0181351989221
4 0.00378979369582
5 0.000821534342164
6 0.000409584402821
7 0.0114183585565
8 0.000764653577853
9 0.00100715791028
10 0.00298438683709
11 0.00196591016968
12 0.000304724473107
13 4.39223409632e-05
14 0.000755128689894
15 0.000305272931556
16 0.0010914285106
17 0.0135563018242
18 0.000769592221546
19 0.0186748933935
20 0.0162579264615
21 0.0160433789694
22 0.00110672136746
23 0.000336919232104
24 0.000833002650752
25 0.00173427605933
26 6.61697046143e-06
27 0.00177868416795
28 0.000550200501534
29 0.00109126218501
30 0.00161028936256
31 0.000321423469469
32 0.000767601806563
33 0.0107325319227
34 0.000197704477042
35 0.000404943310466
36 0.000751880905548
37 0.000698635719692
38 0.00515841615932
39 0.000329140695272
40 0.000207906985409
41 0.00272351877897
42 0.00107978226613
43 0.00109126218501
44 0.000390696127422
45 0.000329618923607
46 0.00869330427785
47 0.0122080531051
48 0.00189634184337
49 0.0923752594036
50 0.000241515060893
51 0.000468619658378
52 0.000617260136569
53 0.0014727288657
54 0.0610882076067
55 0.000802117462957
56 0.000432353023973
57 0.000159525589202
58 0.000174220245628
59 0.00156976124859
60 0.0717343994922
61 0.000119933230922
62 0.00253553054553
63 0.000802117462957
64 0.00039681909811
65 0.000304851388755
66 0.000185425970942
67 0.000562281997326
68 0.00254184027778
69 0.000169872430432
70 0.00138387812867
71 0.00341985568209
72 0.000727385218843
73 7.4958269326e-06
74 0.00167818076221
75 0.0359351044029
76 0.0010604739462
77 0.00011552090873
78 0.000997229916897
79 0.00126626405693
80 0.000336919232104
81 0.000683497799991
82 0.00296914404236
83 0.000449954086318
84 0.0028576719576
85 0.00133516397048
86 0.0020457241319
87 0.00064727990111
88 0.000872598736183
89 3.59721854069e-06
90 3.79476238463e-05
91 1.19454649706e-05
92 0.00181581664292
93 0.000151255560171
94 0.000969815974426
95 0.00747226450156
96 0.00054692832725
97 0.000339449202999
98 0.00393014930377
99 1.01585689116e-05
100 0.00107978226613
101 0.000228797401313
102 0.000322392617813
103 0.00253705642554
104 0.00200524328204
105 0.000404517914966
106 0.00329109673529
107 0.000446742458241
108 0.0020457241319
109 0.00961785614012
110 0.000369822485207
111 0.0027289253503
112 0.00169616133007
113 0.00145860886015
114 0.0002298469293
115 5.07264020778e-06
116 0.000558129535071
117 0.000242874009108
118 0.00923738582171
119 0.0045991474484
120 0.00044868506549
121 0.00147830552108
122 0.000336919232104
123 0.00486811507703
124 0.000894547783471
125 0.000846965269849
126 0.0156843955064
127 0.000727385218843
128 0.00715612236507
129 0.000413832199546
130 0.000578890836113
131 0.00261075221028
132 0.00124477575999
133 2.77777777778e-06
134 0.00141970516699
135 0.00101212528831
136 4.73173642158e-05
137 0.00274994443351
138 0.00123177708742
139 0.000268130474858
140 0.00170455458027
141 0.0232607176556
142 0.00282088807011
143 0.000449175955748
144 0.000502714069148
145 0.000429625323804
146 0.000241877158482
147 0.000519846498061
148 0.000340718729825
149 0.0137150262773
150 0.0324186968015
151 0.00984217094483
152 0.0006798535695
153 0.00114894024001
154 0.189865284859
155 0.00150669259095
156 0.00108077298949
157 0.000564149422198
158 0.00415753545412
159 0.00055375810117
160 0.000448405580864
161 0.00448588426176
162 0.000423875432526
163 4.6800033111e-06
164 0.00126409780692
165 0.0501181067547
166 0.00195084685138
167 0.00045423855446
168 0.00169616133007
169 0.00173628472222
170 0.000446742458241
171 0.000838808348473
172 1.00781053162e-05
173 0.00726781687136
174 0.00079704074324
175 0.00329569585614
176 0.00101543532718
177 0.00117086311289
178 0.002089501093
179 0.000119933230922
180 0.000345489973881
181 0.000685141810943
182 0.00319608037091
183 0.00358564308509
184 0.000524228800299
185 0.000430908203125
186 0.001718586405
187 0.00524974004088
188 0.013750875269
189 0.00019183193235
190 0.000426379860948
191 1.08762190932e-05
192 0.0152400925966
193 0.000617260136569
194 0.000764653577853
195 0.147488696634
196 0.000339449202999
197 0.00133516397048
198 0.00146867940765
199 1.04563613562e-05
200 0.000468619658378
201 0.000226871960427
202 0.00244262928706
203 0.000442642574325
204 0.00442978841338
205 0.000766863905325
206 0.00206922381141
207 0.00235778568466
208 0.000761946114874
209 0.00039514665767
210 0.000969815974426
211 0.000993374436551
212 0.000681269609787
213 0.000420159174207
214 0.000224770843384
215 0.000562281997326
216 0.0153509595585
217 0.00470045134932
218 0.000339335180055
219 0.000198071845897
220 0.000347582969844
221 0.000529309600812
222 0.00039514665767
223 0.000250844048215
224 2.82465927547e-06
225 0.000322392617813
226 0.0008829799636
227 0.000413113887236
228 0.000690984066214
229 0.00134659878688
230 0.000402008946986
231 0.0485139677926
232 0.000174019505492
233 0.000176305504382
234 0.00423864207804
235 0.000281939184674
236 0.00114355060795
237 0.00262793660028
238 0.000397705767607
239 0.000682506145715
240 0.000477462259557
241 0.000500721038295
242 0.00207542251819
243 0.0101311580421
244 0.00251555144278
245 0.000797191985117
246 0.000199415584662
247 0.000339449202999
248 0.000321423469469
249 0.00708743710417
250 0.0060655767914
251 0.00262154356613
252 0.000354904458862
253 0.0205439843488
254 0.000180105952268
255 1.14477924134e-05
256 0.000870665874564
257 0.000167955304283
258 4.4775500615e-05
259 0.00021226385646
260 0.0010324106423
261 8.89738589242e-06
262 0.000397779871549
263 0.000399347737573
264 0.00484140680879
265 0.0091114129332
266 0.00283190716413
267 0.00464751024377
268 0.0020457241319
269 0.00186020266652
270 0.000347554136423
271 0.000409640211007
272 0.000768211752419
273 0.000345542402269
274 0.00227244034844
275 0.0154813226019
276 0.000412014031411
277 1.51533746004e-05
278 1.34723726545e-05
279 0.000304724473107
280 0.000345544364446
281 0.00226045136463
282 0.00305820581261
283 0.00122964747731
284 1.73933060251e-05
285 0.00224826158793
286 0.000164482681027
287 0.00164575867418
288 0.00154391869724
289 0.000680770901453
290 0.000151114582258
291 0.0123421026526
292 8.42600179895e-06
293 0.000200091863162
294 0.00189090699998
295 0.0254935215223
296 0.00417875949422
297 0.000151255560171
298 0.00188324878278
299 0.00255952685512
300 0.00038872413896
301 0.000162278388576
302 0.000713888888889
303 0.000540032433422
304 0.000556033648257
305 0.000551594295786
306 0.000408451615475
307 0.000325317506363
308 0.00891631281913
309 0.0447650478174
310 0.00114139613436
311 0.00288300760815
312 0.0010324106423
313 0.0416840661626
314 0.00674778368693
315 0.000624880632082
316 0.000385664005804
317 0.000725162779822
318 0.00053205535723
319 0.000155007460199
320 0.000352363153927
321 0.00484620690155
322 0.00149332265223
323 0.000544343635401
324 0.00116136510302
325 0.00182512818459
326 0.000577289843024
327 0.00149807289009
328 0.000727385218843
329 2.46156015506e-05
330 0.00406142966534
331 0.00032866350694
332 0.00188324878278
333 1.04563613562e-05
334 0.00517343657941
335 0.00146545410156
336 0.00063238909839
337 0.000423459809962
338 0.000251541836969
339 0.000119933230922
340 0.000551603400387
341 0.00117086311289
342 0.00769356934268
343 0.000422061894384
344 0.000396187472108
345 0.00022127681105
346 0.00666548476119
347 0.000411337496162
348 0.00130956081305
349 0.0139560019257
350 0.00486512290597
351 0.00351341761788
352 0.00188025301597
353 0.075731577091
354 0.000767789209348
355 0.00228795627859
356 0.00172744285109
357 0.00454670529412
358 0.00233167066522
359 0.000806058374548
360 0.000402008946986
361 0.00624868806059
362 0.00129430892205
363 0.00030343782092
364 1.10190940239e-05
365 0.000241515060893
366 0.000312152730088
367 0.000409640211007
368 0.000635771399714
369 0.000856632956573
370 0.000352461061934
371 0.000482946181855
372 0.00509455900961
373 0.000727385218843
374 0.000750955183527
375 0.00790832055195
376 0.00241284112502
377 0.000716474595151
378 0.0270551261091
379 0.000757077827453
380 0.00018281262934
381 0.0021955431244
382 0.000440764187785
383 0.00197168588503
384 0.000603439938657
385 0.00949625712293
386 0.0008326935727
387 0.000757262660907
388 0.000812162127865
389 0.00112402553616
390 0.000411337496162
391 0.000399360767182
392 0.00122255367011
393 0.000521877148444
394 0.000285419915349
395 0.00242366863905
396 0.00069882811507
397 0.000461880776566
398 0.00256864356966
399 0.000133587855603
400 0.00261827709971
401 0.000345544364446
402 0.00342532745118
403 0.00115850101091
404 0.000659966811546
405 0.000698635719692
406 0.00119808084764
407 0.354838224207
