1 0.000638102356808
2 0.0012736528906
3 0.00918354975107
4 0.00218665862241
5 0.00067765095303
6 0.00025852158765
7 0.00392269122385
8 0.000953252385338
9 0.000199115038008
10 0.00244388555192
11 0.00104058272633
12 0.00020561250124
13 7.74830033768e-06
14 0.00124150252086
15 0.000194588926562
16 0.001591077492
17 0.00301947820074
18 0.000334475895274
19 0.02011547316
20 0.000782211067326
21 0.00533518211197
22 0.000478943157366
23 0.000309581599973
24 0.000445315415369
25 0.00187149022523
26 9.196665519e-06
27 0.000627612327352
28 0.000946897013006
29 0.000651705340722
30 0.0077551440132
31 0.000372383439917
32 0.0022832216524
33 0.0100928730867
34 0.000115705742184
35 0.000476726225663
36 0.000329111449802
37 0.000504986744098
38 0.0202375650364
39 0.000194548326884
40 0.000481460049078
41 0.0034821398391
42 0.000986541515743
43 0.00443970844023
44 0.000266797540193
45 0.000302387350016
46 0.00426336518064
47 0.00404153485551
48 0.00166458564574
49 0.0905482165653
50 0.00181559961773
51 0.00127459961321
52 0.000561449603661
53 0.00182551011044
54 0.0101494861414
55 0.000306031367132
56 0.000138424612643
57 0.000312328507174
58 0.000167724890898
59 0.000803184016876
60 0.0159077963667
61 1.61431760204e-05
62 0.000150782567415
63 0.00706350297841
64 0.000704382263942
65 0.000368121502478
66 0.00182774812596
67 0.000504401354263
68 0.0012788912767
69 0.00044146893615
70 0.00183404124346
71 0.000789792060491
72 0.00428411315663
73 3.92257704595e-05
74 0.00116111273384
75 0.0233132809995
76 0.00191330922464
77 0.000137195089273
78 0.000286194810334
79 0.000953987919586
80 0.000302667981941
81 0.00981299092722
82 0.00209578032709
83 0.000470916909153
84 0.00258442597722
85 0.000143658734451
86 0.00109395047644
87 0.000447425709543
88 0.00224900525582
89 3.61777403338e-06
90 2.67538644471e-05
91 2.44267184875e-05
92 0.00122850751431
93 0.000306031367132
94 0.000649113554302
95 0.013540294199
96 0.000465220987519
97 0.00072609272473
98 0.00251237527559
99 9.29506246282e-06
100 0.000368121502478
101 0.000177481851441
102 0.000374515235457
103 0.00259967113923
104 0.00182774812596
105 0.00038078407039
106 0.00292567930073
107 0.000565209999801
108 0.00289050757313
109 0.0111223282062
110 0.000324415118471
111 0.00124026465028
112 0.00125837432383
113 0.000624132847832
114 0.000324415118471
115 1.35164359862e-05
116 0.000728498737343
117 0.0012736528906
118 0.00621374294249
119 0.00454592304094
120 0.000731077523668
121 0.0014392292128
122 0.000143483165979
123 0.00150182844561
124 0.00149588086985
125 0.000459708904966
126 0.0128379058284
127 0.000517569359391
128 0.00397647865339
129 0.00026980544653
130 0.00230552406148
131 0.00133317489966
132 0.00120100806505
133 4.56923452292e-05
134 0.000757262660907
135 0.00104339162282
136 0.000127362902279
137 0.00309372585474
138 0.000228468515744
139 0.00033009819497
140 0.00128673988025
141 0.00828790111697
142 0.000600566924055
143 0.000207957876903
144 0.000561449603661
145 0.000229779411765
146 0.000626739734719
147 0.000329111449802
148 0.000349310523719
149 0.0153092891234
150 0.00409518569037
151 0.0115715932743
152 0.00137072657144
153 0.0113238132719
154 0.198734763067
155 0.000765798829862
156 0.000665804863035
157 0.0026172507238
158 0.00724578563996
159 0.00124373914829
160 0.000447239437391
161 0.00533853560647
162 0.000628096596123
163 1.71382289143e-05
164 0.000992096272163
165 0.0497448346073
166 0.000984141536383
167 0.000745224410956
168 0.000825619393864
169 0.00189338374291
170 0.000513756756475
171 0.000362546882097
172 7.40766247449e-05
173 0.00122636224621
174 0.0010451930175
175 0.00218053184566
176 0.00176150365268
177 0.000578021304375
178 0.00135820395649
179 0.000470916909153
180 0.0012681052258
181 0.000797614796236
182 0.00389123750063
183 0.00347335617085
184 0.00121687398594
185 0.00107598372436
186 0.000527985780709
187 0.000751880905548
188 0.0202510121935
189 0.000299368197197
190 0.00072189898913
191 1.2204191377e-05
192 0.027104589169
193 0.000368710496882
194 0.00235434637286
195 0.173505525761
196 0.000445315415369
197 0.00157626732509
198 0.00026980544653
199 1.35164359862e-05
200 0.000327116035703
201 0.000258780985278
202 0.00138007461944
203 0.000324883081077
204 0.00834105271757
205 0.000707147873555
206 0.00471240450881
207 0.00270614659954
208 0.00126038772275
209 0.000640922929018
210 0.00328613736866
211 0.00104901144641
212 0.00020874936695
213 0.000278878305542
214 0.000317052719786
215 0.000504278239458
216 0.0123960328395
217 0.000450199156812
218 0.000390696127422
219 0.000744929907039
220 0.000883782495986
221 0.00046805658284
222 0.00107952950793
223 0.000182889553337
224 1.8314981044e-05
225 0.00161027316687
226 0.00483584357247
227 0.000368710496882
228 0.000908081649829
229 0.00138007461944
230 0.000372878921038
231 0.0649474378741
232 0.00271547813262
233 0.000879871642255
234 0.00481829427379
235 0.000193348541628
236 0.000159556786704
237 0.0139206851229
238 0.00111737612483
239 0.000609771290777
240 0.00358451844144
241 0.00214269145764
242 0.000514250538627
243 0.00550940667581
244 0.0127943924457
245 0.000833352152932
246 0.000269616392677
247 0.000372545398584
248 0.000742061993938
249 0.0172963266896
250 0.00123234358928
251 0.00573346532978
252 0.000300989992203
253 0.0229006768471
254 0.000327116035703
255 1.31805024245e-05
256 0.000433346545118
257 0.000256250959874
258 4.7056253718e-05
259 0.000527573135942
260 0.000761163385864
261 1.46174663203e-05
262 0.000150782567415
263 0.000360032598069
264 0.000798405528023
265 0.0156266326029
266 0.000751880905548
267 0.00156258654874
268 0.000739174593183
269 0.00264300975795
270 0.000350160457528
271 0.000673677556921
272 0.000700234297265
273 0.000751880905548
274 0.00205862299531
275 0.00370107996357
276 0.000363088377454
277 7.44767138081e-05
278 1.35164359862e-05
279 0.000836264806227
280 0.0019802733567
281 0.00124373914829
282 0.00286137562399
283 0.00136433348894
284 9.42391046343e-06
285 0.00443175405874
286 0.00046805658284
287 0.00223493648926
288 0.00176150365268
289 0.00367640467568
290 0.00107858534166
291 0.0122784250272
292 1.1092615715e-05
293 0.00181559961773
294 0.000828753464055
295 0.00121269229148
296 0.00235434637286
297 0.000777280601684
298 0.256378623444
299 0.00110834775087
300 0.00115015980363
301 0.000141185459559
302 0.000684693050728
303 0.000742324705077
304 0.000341457773783
305 0.00011500118595
306 0.000256250959874
307 0.00654035749076
308 0.000151030226035
309 0.00258040114742
310 0.000833555608047
311 0.0024712904608
312 0.00138927128496
313 0.0150844017993
314 0.0113238132719
315 0.000818056952025
316 0.000240370170062
317 0.0004791426339
318 0.000561449603661
319 1.76871342475e-05
320 0.000483799443494
321 0.0089059290707
322 0.000752900059488
323 0.000437439768316
324 0.00240646258503
325 0.0021374788891
326 0.00110550460891
327 0.00514144899887
328 0.000614394716205
329 1.8314981044e-05
330 0.00217162400405
331 0.000360146902737
332 0.00326904110198
333 2.35648977283e-05
334 0.00176150365268
335 0.00103316326531
336 0.000746768802858
337 0.00023118353008
338 0.000177186663381
339 5.95782740836e-05
340 0.00124373914829
341 0.000280764614135
342 0.000772049337224
343 0.00129051607743
344 9.24556213018e-05
345 0.00033009819497
346 0.00771045918367
347 0.000451117922608
348 0.00533853560647
349 0.00904335999682
350 0.00258884302668
351 0.0036376257243
352 0.00413654487893
353 0.0741202769747
354 0.000474055047657
355 0.00419232958957
356 0.000225721731694
357 0.00469733973676
358 0.00473018541957
359 0.000500030401848
360 0.0018476557727
361 0.00510615275578
362 0.000940239755264
363 0.000355920495912
364 8.88413094321e-06
365 0.00182774812596
366 0.000500030401848
367 0.000751880905548
368 0.00143246154396
369 0.00202831017517
370 0.000324934182661
371 0.000309912019421
372 0.00072888121709
373 0.000532400258438
374 0.00125963460645
375 0.000545757514378
376 0.0014796510956
377 0.000715878094217
378 0.00752134074712
379 0.000333200087952
380 0.000409584402821
381 0.00361127046829
382 0.000344542889864
383 0.00326340298618
384 0.000312589446388
385 0.00589696044137
386 0.0018661412937
387 0.0012681052258
388 0.0026172507238
389 0.00103568279164
390 0.000451117922608
391 0.000409584402821
392 0.000807879347492
393 0.000532400258438
394 0.000225578183955
395 0.000443785122977
396 0.00176150365268
397 0.000132849802564
398 0.00051070892783
399 8.34010967244e-05
400 0.00118531610767
401 0.000759688438714
402 0.00286651264782
403 0.00051543012304
404 0.000372383439917
405 0.00317728740722
406 0.00107858534166
407 2.26757369615e-05
