1 0.000366291980495
2 0.000929366318354
3 0.0216138945524
4 0.000978846322563
5 0.00173022100132
6 0.00109750122816
7 0.00215996506979
8 0.00388882073674
9 0.000766355795572
10 0.00240370092122
11 0.000629362988503
12 0.000148043198543
13 2.47518625777e-05
14 0.000426379860948
15 0.000516520601195
16 0.000678601115099
17 0.00614228653255
18 0.000450295154402
19 0.032510930677
20 0.0012516497422
21 0.00200542009392
22 0.000886261141846
23 0.000768045058643
24 0.000444932101064
25 0.00479331865904
26 8.54963920523e-06
27 0.000378707090448
28 0.000451737935212
29 0.000363464399768
30 0.00177584281944
31 0.000159977503164
32 0.000700563255594
33 0.00752493148012
34 0.000216873439811
35 0.00122070529475
36 0.000390570076083
37 0.00104332832599
38 0.0238217403732
39 0.000227967711293
40 0.000390570076083
41 0.000764306303157
42 0.000233975529584
43 0.00269806857774
44 0.0002301492294
45 0.000800996796013
46 0.00219202991936
47 0.00148262028122
48 0.00215530433328
49 0.0768392028388
50 0.000858027556191
51 0.000678601115099
52 0.000227135743025
53 0.00162569380128
54 0.0034367770116
55 0.00038628317709
56 0.000624512004703
57 0.000328187355598
58 0.000173415299158
59 0.000972721036169
60 0.0306026947663
61 0.000118630503517
62 0.000108771179321
63 0.00187222633136
64 0.000354391965452
65 0.000303512243684
66 0.000506883406256
67 0.00151103751035
68 0.00271314072956
69 0.00011701414571
70 0.00166855242939
71 0.00579106888364
72 0.00114001231234
73 5.37079282301e-06
74 0.00276786389414
75 0.0246416982153
76 0.00128916260784
77 0.000156494427026
78 0.000261437908497
79 0.0010027869763
80 0.000394301616132
81 0.00196559004101
82 0.00179885790583
83 0.000672464925438
84 0.00242594712405
85 0.00150041400428
86 0.00435788206098
87 0.000437634925784
88 0.00190130481254
89 2.5847540865e-06
90 5.15942460807e-06
91 1.6674846262e-05
92 0.00201146278426
93 0.000244446087122
94 0.00108505806739
95 0.00254010669202
96 0.000367157064041
97 0.000190154472545
98 0.00183538261602
99 3.84724810143e-05
100 0.000312643536191
101 0.000792253036817
102 0.000339221409192
103 0.00301284099353
104 0.000741947129963
105 0.000428633208252
106 0.000783485785953
107 0.000344757227589
108 0.00121908789249
109 0.0124487371729
110 0.000297330532283
111 0.00199654836718
112 0.000583070545505
113 0.000472836077232
114 0.000216873439811
115 9.48203776103e-06
116 0.000274792362704
117 0.00022166259259
118 0.00570047336883
119 0.000452693526483
120 0.00079304730849
121 0.00100049994504
122 0.000246059207997
123 0.00312881415494
124 0.000455855060494
125 0.00037126710429
126 0.0130971939794
127 0.000344634697844
128 0.0045143773915
129 0.000297330532283
130 0.00093393020313
131 0.00114087530119
132 0.00168971823581
133 3.0590575923e-06
134 0.00371239984706
135 0.000503369493754
136 0.000229012892143
137 0.000942087534449
138 0.000207021912399
139 0.000432584627396
140 0.000612072897915
141 0.00960907078488
142 0.00130895260754
143 0.000212992980774
144 0.000184861853145
145 0.000805954598003
146 0.000216783151119
147 0.00188543742808
148 0.000883028185346
149 0.0154082575299
150 0.00967323731159
151 0.00184041368083
152 0.000414460630882
153 0.00262025985062
154 0.194855844281
155 0.00111262437088
156 0.000442420458661
157 0.00130102289359
158 0.0026332617823
159 0.000903342615508
160 0.00105991072259
161 0.000565396676375
162 0.000331315724981
163 2.47518625777e-05
164 0.00538701173468
165 0.0481392263343
166 0.00114001231234
167 0.00057202268431
168 0.00058019881725
169 0.00569310776687
170 0.000142827137156
171 0.0001788359765
172 5.48696844993e-05
173 0.000465278672147
174 0.00088982392404
175 0.00370257624485
176 0.000327173217982
177 0.000452054119849
178 0.000574547543809
179 0.000387874660105
180 0.000244446087122
181 0.000392936390533
182 0.000474693460915
183 0.00285796351523
184 0.000678601115099
185 0.000396187472108
186 0.00196559004101
187 0.00370080807159
188 0.0172620105857
189 0.000672084352246
190 0.000370814103711
191 3.02457466919e-06
192 0.0152868139597
193 0.000244446087122
194 0.0031861501293
195 0.0753436187471
196 0.000366291980495
197 0.000413786437206
198 0.000335439895879
199 5.11014894507e-05
200 0.00018116756134
201 0.000565347990524
202 0.00111081815864
203 0.000426379860948
204 0.0083725270111
205 0.000924937773468
206 0.00546698751164
207 0.0109326339687
208 0.000931632719984
209 0.000713222798475
210 0.000235879276404
211 0.00107715878315
212 0.000424774478734
213 0.000905357131029
214 0.000761482863599
215 0.000637132901941
216 0.0133704383764
217 0.000579210748762
218 0.000417913393254
219 0.000247783664977
220 0.000758381448094
221 0.000576387248333
222 0.000150773310277
223 0.00137551322304
224 2.33377675092e-05
225 0.00124026465028
226 0.000247330911955
227 0.000607981330525
228 0.000517488570421
229 0.00636903926452
230 0.000340101894584
231 0.0652407401222
232 0.00282632700999
233 0.000335439895879
234 0.00236521153627
235 0.000396187472108
236 0.000792253036817
237 0.0046726777496
238 0.000344027157214
239 0.00345518736268
240 0.00179194709678
241 0.00198042665472
242 0.000492245292264
243 0.00303344680763
244 0.00217308515211
245 0.00115634259465
246 0.000417913393254
247 0.000328187355598
248 0.000507100129358
249 0.0237380651882
250 0.00218604484887
251 0.00429181658889
252 0.000556614096956
253 0.0264913953929
254 0.00031427952107
255 1.35718198085e-05
256 0.000636439396581
257 9.6853034919e-05
258 9.99859394773e-06
259 0.000333482555661
260 0.000463912895413
261 2.10227085195e-07
262 0.000506883406256
263 0.000580785645387
264 0.000935132980676
265 0.00589630798318
266 0.000792253036817
267 0.00478549068579
268 0.00125440480394
269 0.00110825816688
270 0.000691777528265
271 0.00033401612775
272 0.00093393020313
273 0.00134047116069
274 0.00231235075159
275 0.00710330913117
276 0.000595690893421
277 5.71993503284e-05
278 4.19950193251e-05
279 0.000263954752373
280 0.000806058374548
281 0.000861090140959
282 0.00384102704969
283 0.00042078166382
284 1.08384561974e-05
285 0.00162580483835
286 0.000406329871394
287 0.000592384112657
288 0.00137929990597
289 0.00426660388547
290 0.000626951504722
291 0.00616654632252
292 4.59291987226e-05
293 0.0016638495776
294 0.00106993818971
295 0.0084232384866
296 0.0318220275427
297 0.000864453774322
298 0.00750369996192
299 0.00116797182235
300 0.000730290836077
301 0.00022166259259
302 0.00223302410222
303 0.00130993538371
304 0.000278539548922
305 0.000906030133891
306 0.00045039072296
307 0.000477419620777
308 0.0012924104127
309 0.00523392785935
310 0.00146638221294
311 0.00581395186593
312 0.000339406630322
313 0.0241901054461
314 0.00248506723101
315 0.000915189605254
316 0.000366291980495
317 0.000474881133148
318 0.000224570203759
319 0.000146710308876
320 0.000275594017811
321 0.00643299946531
322 0.00114040033229
323 0.00110359092215
324 0.00342275026042
325 0.00220269640654
326 0.000601142115847
327 0.0011788728133
328 0.000332781451255
329 8.58726133451e-06
330 0.00534405885572
331 0.000102202978901
332 0.00396690328069
333 6.00925425155e-05
334 0.00393238354542
335 0.000432584627396
336 0.000244352690679
337 0.000397077338791
338 0.00030692486332
339 3.75354327534e-05
340 0.000332781451255
341 0.00073046018992
342 0.000456899810964
343 0.0004332767628
344 0.00039184737392
345 0.000240141781782
346 0.00478549068579
347 0.000437634925784
348 0.00312336473051
349 0.0186583568214
350 0.00444444444444
351 0.00105028095124
352 0.00549943174734
353 0.0726271615478
354 0.000410828354477
355 0.00169215397382
356 0.000207028621707
357 0.00305285145816
358 0.00109453063728
359 0.00435435743601
360 0.00061603466513
361 0.0093204070038
362 0.00258409507148
363 0.00021893288906
364 9.45290709388e-06
365 0.000506883406256
366 0.000434027777778
367 0.000296802098956
368 0.000686167713273
369 0.00781202895589
370 0.000517469351325
371 0.000327173217982
372 0.0016153728854
373 0.00244313752189
374 0.00477702145844
375 0.000246249068497
376 0.00289778511313
377 0.000902886926775
378 0.00393156522964
379 0.00109483131488
380 0.000498122623492
381 0.00237794387659
382 0.000535154084856
383 0.00137683678633
384 0.000714493983278
385 0.00782870799766
386 0.000721285768562
387 0.00109483131488
388 0.000517469351325
389 0.00091298326896
390 0.000517554787946
391 0.00013470652083
392 0.000902886926775
393 0.000452054119849
394 0.000479371262961
395 0.00132133328637
396 0.0019818548136
397 0.000433566302237
398 0.000610500322915
399 0.000131031209328
400 0.00296845628678
401 0.00796996197587
402 0.00264833614809
403 0.000821534342164
404 0.00194547262018
405 0.00258409507148
406 0.00073399967792
407 0.333531711927
