1 0.000208105180687
2 0.000227884370822
3 0.00417354256597
4 0.00229822232715
5 0.0010539716708
6 0.000682506145715
7 0.000683032770827
8 0.000652501288093
9 0.000641417468315
10 0.00231118106846
11 0.000565230737077
12 0.000418540612502
13 4.26566341072e-05
14 0.00110581291573
15 0.00159478827708
16 0.000431865749868
17 0.0016889411966
18 0.000236164529636
19 0.0293539256255
20 0.00513442146282
21 0.00480620936697
22 0.00068449161709
23 0.000250077929901
24 0.000578739837838
25 0.000470345487472
26 1.17282792269e-05
27 0.000521913559769
28 0.000733093953089
29 0.000878609016449
30 0.00636358471116
31 0.000320901341426
32 0.00109304456476
33 0.00531869355704
34 0.00027446410143
35 0.00137543105885
36 0.000508478632356
37 0.00156653429911
38 0.0137853927182
39 0.000398086063402
40 0.000127317324506
41 0.00200018849113
42 0.000341416435733
43 0.00226984482679
44 0.000257141581639
45 0.000349114422392
46 0.00448326807497
47 0.00358784504479
48 0.000799456862127
49 0.0967013645063
50 0.00133979579368
51 0.000801102291913
52 0.000339907414659
53 0.00110594401778
54 0.0105111608129
55 0.00134921294975
56 0.00176541204717
57 0.000418540612502
58 0.000186046358613
59 0.000807460725015
60 0.00676781783447
61 5.39775093711e-05
62 0.000142997267412
63 0.00179119319207
64 0.00122675187679
65 0.000382627957658
66 0.000339907414659
67 0.00073989757281
68 0.000431455766979
69 0.000460496646681
70 0.000652905765316
71 0.0029004643424
72 0.000665654718507
73 4.13856318283e-05
74 0.00115558519
75 0.0900742893143
76 0.00103419651284
77 0.00104812331425
78 0.00148289741515
79 0.00115828684415
80 0.000182148874561
81 0.000587259238388
82 0.000379673240282
83 0.00256008014978
84 0.00158529226451
85 0.000236164529636
86 0.00180118061761
87 0.000416493127863
88 0.0029670983389
89 8.9775421173e-06
90 5.20662321523e-06
91 2.20544229068e-05
92 0.00289217893604
93 0.000587436200974
94 0.000218398893446
95 0.00489221419126
96 0.00015587026322
97 0.00233320150773
98 0.00163370863064
99 5.20662321523e-06
100 0.000207328750727
101 0.00045652077206
102 0.000575564916193
103 0.00264304699773
104 0.0019872917297
105 0.000236164529636
106 0.00193522213938
107 0.000294438118468
108 0.000509415919958
109 0.0144489005994
110 0.00135734072022
111 0.00929572546468
112 0.000704832015036
113 0.00131158537951
114 0.000158553813054
115 3.17458742764e-06
116 0.000694401954156
117 0.000418540612502
118 0.00286131393152
119 0.00636623510046
120 0.000690248354594
121 0.000725937433797
122 0.000465951211939
123 0.00456014109347
124 0.00103792884884
125 0.00029569796771
126 0.0166235136714
127 0.000249370416664
128 0.00454692402863
129 0.00112499971903
130 0.00180293696254
131 0.00242939712313
132 0.0011702990025
133 2.69628263513e-06
134 0.00357880013859
135 0.00462094432521
136 0.000378707090448
137 0.000707961121135
138 0.000781130925164
139 0.000418540612502
140 0.000247864754046
141 0.00328473001122
142 0.000644543955312
143 0.000206692403616
144 0.000145097512417
145 0.00071081210798
146 0.000310833311782
147 0.00179119319207
148 0.000505617780268
149 0.0153484181756
150 0.00838010131059
151 0.011254322682
152 0.000588125552204
153 0.00409124381773
154 0.188770762781
155 0.000639171033763
156 0.000284182751789
157 0.000263915859714
158 0.00456819464476
159 0.00224524420441
160 0.00360475912343
161 0.00246726712881
162 0.000657989325344
163 4.71280679063e-05
164 0.0020800995252
165 0.0311470690475
166 0.00130578832415
167 0.000545482964846
168 0.000158763045075
169 0.00104949089516
170 0.000208458387436
171 0.00177136119897
172 1.06274937248e-05
173 0.000411337496162
174 0.000369318278891
175 0.000810856386562
176 0.000792253036817
177 0.0010686454032
178 0.000863640149938
179 0.000682548937943
180 0.000134816028783
181 0.000189873084768
182 0.00695276703975
183 0.00136916560478
184 0.00387628271518
185 0.000470470637234
186 0.00102046804736
187 0.00480205456764
188 0.0136318954224
189 0.000163933586406
190 0.000211058281399
191 6.97815724786e-06
192 0.0157980647178
193 0.000704832015036
194 0.00139696902522
195 0.277578235408
196 0.000321684970064
197 0.000441147036758
198 0.0048749887207
199 1.10557631966e-05
200 0.00022166259259
201 0.000710865821734
202 0.00162518922252
203 0.00112147106544
204 0.0144153722967
205 0.00113602078703
206 0.00564731066558
207 0.0119837580349
208 0.00162853612191
209 0.00084003468095
210 0.000227457448696
211 0.0015784599566
212 0.000349012974611
213 0.000667048395534
214 0.000757492318309
215 0.00350801953759
216 0.0138137803778
217 0.000212744520042
218 0.00256008014978
219 6.54000659823e-05
220 0.00048783555105
221 0.000444594705004
222 0.000171434234881
223 0.00161858025667
224 6.69664980004e-07
225 0.00199654836718
226 0.00196089862416
227 0.000208105180687
228 0.000417159516868
229 0.00119530148105
230 0.000135342653896
231 0.0189835144204
232 0.000526147311692
233 0.000719053369837
234 0.00737521962064
235 0.000751874420951
236 0.000704832015036
237 0.00488921000226
238 0.00134977488767
239 0.00154193714433
240 0.0041456804812
241 0.000708504902227
242 0.000349012974611
243 0.0027297540333
244 0.00193103202891
245 0.00108696083161
246 0.000369254183354
247 0.000413066083402
248 0.000310833311782
249 0.00208770041939
250 0.00135903262349
251 0.0122045062755
252 0.000435068344611
253 0.0216581582299
254 0.000185950413223
255 1.84023824042e-05
256 0.000292205420411
257 0.000321684970064
258 6.26148958881e-05
259 0.000923795007902
260 0.00038206647223
261 1.73244151575e-06
262 0.00042342460787
263 0.000236164529636
264 0.00476438565588
265 0.0071801056526
266 0.00216019057775
267 0.0014187654205
268 0.000363642499277
269 0.000878609016449
270 0.00110024285848
271 0.000443505028033
272 0.00138947451349
273 0.000349467948425
274 0.0045691884793
275 0.00330954183746
276 0.000344496097337
277 6.37447659571e-05
278 6.34708243408e-05
279 0.000173130193906
280 0.000945129266117
281 0.00224524420441
282 0.000949990617377
283 0.000353326926338
284 8.93732921322e-06
285 0.00402380944
286 0.000173130193906
287 0.00224524420441
288 0.00108277594735
289 0.00548690069301
290 0.000541572083199
291 0.00509878048049
292 1.07146396801e-05
293 0.000710409299053
294 0.000241717407985
295 0.00159478827708
296 0.0105572008942
297 0.000458868924751
298 0.00479074418591
299 0.000442921513064
300 0.000725609870064
301 0.000192233178846
302 0.000407307195569
303 0.000415956497038
304 0.000263877753248
305 0.000727180911501
306 0.00020359226544
307 0.000327508518543
308 0.00252360333096
309 0.00573663191652
310 0.0020773611893
311 0.00271648811499
312 0.00133588112582
313 0.00497333298852
314 0.007992849266
315 0.000391174376482
316 0.000372704237159
317 0.000945129266117
318 0.000293740513227
319 2.556495392e-05
320 0.000429255252182
321 0.0120439818785
322 0.000369844990048
323 0.000320146714149
324 0.00470020928212
325 0.00270538056126
326 0.000173637534861
327 0.00303207744375
328 0.000303650126543
329 5.39775093711e-05
330 0.0047181876808
331 0.000175267603707
332 0.00573716010065
333 2.01692423536e-05
334 0.00309251638321
335 0.00234722278732
336 0.000802678678586
337 0.000328560062011
338 0.000435068344611
339 8.56215239668e-06
340 0.000443505028033
341 0.00165905546469
342 0.000820980688586
343 0.00068449161709
344 0.00056990480479
345 0.000382627957658
346 0.00187618971756
347 0.000349114422392
348 0.00387044759154
349 0.00296806647528
350 0.00132073622289
351 0.00143391565877
352 0.00420366275743
353 0.0417493888184
354 0.000369254183354
355 0.00144347111505
356 0.00044685363673
357 0.0061844145672
358 0.00182583661296
359 0.00808988448428
360 0.00069228897525
361 0.00294088584187
362 0.00153457881621
363 0.000836367445459
364 1.17282792269e-05
365 0.000267898947374
366 0.000732860995484
367 0.00112216687499
368 0.000180667393322
369 0.000657989325344
370 0.000144722709028
371 0.00079799724427
372 0.00137356394395
373 0.000713467819618
374 0.00244589437063
375 0.00219191101355
376 0.000486671774909
377 0.000876471606648
378 0.00190543109783
379 0.000667048395534
380 0.00050161196505
381 0.00776460865692
382 0.000724569677253
383 0.00195586355631
384 0.00107603615242
385 0.0021093412026
386 0.00133588112582
387 0.000751874420951
388 0.000452994669682
389 0.00946216205775
390 0.00103654032377
391 0.000410657318526
392 0.000589160999359
393 0.000588125552204
394 0.000508690410212
395 0.000330146313885
396 0.000443505028033
397 0.000431455766979
398 0.000303176569003
399 0.00096428178781
400 0.000918273645546
401 0.0215640561657
402 0.00219032352911
403 0.00146774655972
404 0.000452994669682
405 0.0015244202473
406 0.000263915859714
407 0.244836929136
