1 0.000209069187182
2 0.000227112862715
3 0.00422265375542
4 0.0022927687661
5 0.00105312731139
6 0.000663117758662
7 0.000663629423599
8 0.000644296673082
9 0.000636930476362
10 0.00234647285483
11 0.000560941828255
12 0.000197329727955
13 4.14448599164e-05
14 0.00111771067237
15 0.00160261544705
16 0.000425475715888
17 0.00171441568301
18 0.000235364988848
19 0.0292184261053
20 0.00534375474121
21 0.00473177804545
22 0.000676601289719
23 0.000220748709446
24 0.000587527775696
25 0.000774630605826
26 1.19317147962e-05
27 0.000524505994964
28 0.000731867017818
29 0.000881829131092
30 0.00647377460695
31 0.000333984671325
32 0.00111754034157
33 0.005402268431
34 0.000288087002275
35 0.00139846795048
36 0.00053371673801
37 0.00159401683291
38 0.0136807906706
39 0.000397451157501
40 0.000126246686024
41 0.00199662943758
42 0.000337910899654
43 0.00228035943844
44 0.000256684034431
45 0.000354926291747
46 0.00447262951497
47 0.00363002599438
48 0.00080316018948
49 0.0967013645063
50 0.00134570013818
51 0.000571989069646
52 0.000343444145816
53 0.00112834609624
54 0.0107339498556
55 0.00132921006944
56 0.00176987109498
57 0.000414460630882
58 0.000186023864117
59 0.000808798133854
60 0.00578685628612
61 5.25099768956e-05
62 0.0001453778091
63 0.00177501435433
64 0.0011725001111
65 0.000382017705829
66 0.000341921676412
67 0.000750600057755
68 0.00043036047036
69 0.000457297374409
70 0.000651705340722
71 0.0030363082336
72 0.000664593068407
73 3.9555397334e-05
74 0.0011632348849
75 0.0906705593577
76 0.00102476107751
77 0.00104645166649
78 0.00147030386354
79 0.00116121242542
80 0.00018037326656
81 0.000751870516686
82 0.000385458634685
83 0.00261863155152
84 0.00158424948061
85 0.000235364988848
86 0.00176355908267
87 0.000405169574812
88 0.00300986271724
89 9.2386433976e-06
90 5.05554623439e-06
91 2.18870763654e-05
92 0.00283176955243
93 0.000602738187616
94 0.000220748709446
95 0.00490120998622
96 0.000154696987276
97 0.002372043393
98 0.00164025
99 5.05554623439e-06
100 0.000208088613571
101 0.000435447665938
102 0.000575133700687
103 0.00264304699773
104 0.00198375562412
105 0.000433595410096
106 0.00272354675957
107 0.000292483116209
108 0.000506611800953
109 0.0144754692127
110 0.00138007461944
111 0.0091638209021
112 0.000709008788208
113 0.00129811851211
114 0.000157121685896
115 3.16893869668e-06
116 0.000698998727403
117 0.00022091904024
118 0.00287024390455
119 0.00647647088958
120 0.000697674933558
121 0.000967214630669
122 0.000478088664838
123 0.00470842872008
124 0.00104476405493
125 0.000293027094762
126 0.0162951560566
127 0.000134828242182
128 0.00455306229864
129 0.00245413920777
130 0.00172436081586
131 0.00254543496172
132 0.00115160328218
133 2.72529270921e-06
134 0.00359657665975
135 0.00463656000879
136 0.000396795673751
137 0.000700692041522
138 0.00079704074324
139 0.000414460630882
140 0.000126867043518
141 0.00326175190748
142 0.000636439396581
143 0.000206362750712
144 0.0001453778091
145 0.000744332662808
146 0.000308219448302
147 0.00177501435433
148 0.000517181726725
149 0.0151454538831
150 0.00805852998981
151 0.0114240728727
152 0.000596602124515
153 0.00414994564947
154 0.188770762781
155 0.000613052698192
156 0.000284566393665
157 0.000258984059092
158 0.00453353168496
159 0.00224376731302
160 0.00375172719969
161 0.00249381315972
162 0.000657462195924
163 1.53119092628e-05
164 0.00204084235372
165 0.0338457328365
166 0.0013135263121
167 0.000541861081804
168 0.000158225548905
169 0.00102876072139
170 0.000207963726616
171 0.00179698361924
172 1.06796531249e-05
173 0.000410317862191
174 0.000368138663103
175 0.000810856386562
176 0.000393051849513
177 0.00103660894599
178 0.00084015963033
179 0.000697845264353
180 0.000130986223933
181 0.000188158068296
182 0.00714128032293
183 0.00137550799631
184 0.00406142966534
185 0.000457679551707
186 0.00100994104568
187 0.00482590720576
188 0.0138375068051
189 0.000164747872969
190 0.00020473105669
191 6.92520775623e-06
192 0.0154472617589
193 0.000709008788208
194 0.0015391015775
195 0.28517148592
196 0.000323102603176
197 0.000428554280731
198 0.00489757115126
199 1.08921783267e-05
200 0.000222029735538
201 0.00069629032554
202 0.00161393949162
203 0.00115343538626
204 0.0143693290822
205 0.00113790239463
206 0.00560445949181
207 0.0116634939148
208 0.0015797149436
209 0.000844207278943
210 0.00022707676684
211 0.00160256307528
212 0.000350102221204
213 0.000647051240898
214 0.000756924802076
215 0.00346758160981
216 0.013812110181
217 0.000206671624581
218 0.00261823249154
219 6.71036568307e-05
220 0.000480617368668
221 0.000435478795598
222 0.00048176203114
223 0.00160280215175
224 1.23331079972e-05
225 0.00195095456305
226 0.00194732507744
227 0.000209069187182
228 0.000405817846132
229 0.00118693983143
230 0.00013149788887
231 0.018852108535
232 0.000522104704217
233 0.000717849933445
234 0.00740475
235 0.000749328931721
236 0.000709008788208
237 0.00483276937837
238 0.000841427494253
239 0.0015031071276
240 0.00416824196597
241 0.00038376027151
242 0.000350102221204
243 0.00271715332134
244 0.00190018347255
245 0.00104254453886
246 0.000386891257558
247 0.000412407285926
248 0.000308219448302
249 0.00208318647385
250 0.00138165706851
251 0.0119334998586
252 0.000433595410096
253 0.0216555395849
254 0.000180980916568
255 1.82801947631e-05
256 0.000289723856949
257 0.000323102603176
258 6.51677407464e-05
259 0.000937109537693
260 0.000393051849513
261 1.73130193906e-06
262 0.000422749289624
263 0.000235364988848
264 0.00655198791977
265 0.00703827989828
266 0.00225079555402
267 0.00137814279086
268 0.00040064076882
269 0.000881829131092
270 0.00111929432891
271 0.000443213296399
272 0.00145844044902
273 0.000354504781672
274 0.00478318743582
275 0.00328442939708
276 0.000335289491265
277 6.4e-05
278 6.64434944856e-05
279 0.000173764718549
280 0.000901501877086
281 0.00224376731302
282 0.000859425564197
283 0.000359244746836
284 9.08611306873e-06
285 0.00408180404941
286 0.000173764718549
287 0.00224376731302
288 0.00108206371191
289 0.00539931605542
290 0.000536972765734
291 0.00507524419722
292 1.06101921506e-05
293 0.000709942001385
294 0.000237855932374
295 0.00160261544705
296 0.0106813179486
297 0.000466828341402
298 0.00465173447892
299 0.000436367894215
300 0.000740307873746
301 0.000183855214019
302 0.000411689529885
303 0.000429292400477
304 0.00026115562828
305 0.000748330115206
306 0.000203109151672
307 0.000313024811001
308 0.00259232466841
309 0.00571015127192
310 0.00205989221689
311 0.0027161596698
312 0.0013407771493
313 0.00493151117283
314 0.00808690325692
315 0.000379447529452
316 0.000380295354625
317 0.000901501877086
318 0.000291087320862
319 2.56513462682e-05
320 0.000425070823033
321 0.0120661283315
322 0.00038751028357
323 0.000317930624888
324 0.00549753205816
325 0.0026850164593
326 0.000174402737908
327 0.00317408546377
328 0.00030090742623
329 5.25099768956e-05
330 0.00470526114528
331 0.000112311476202
332 0.00564558069794
333 2.025e-05
334 0.00309048216759
335 0.00232955463192
336 0.00079542853485
337 0.000329104260778
338 0.000433595410096
339 8.67601796803e-06
340 0.000443213296399
341 0.00163450751016
342 0.000802232516326
343 0.000676601289719
344 0.000558001116002
345 0.000382017705829
346 0.0019056710775
347 0.000354926291747
348 0.00371229016002
349 0.00294944544543
350 0.00133627767858
351 0.00142289829151
352 0.00417728985428
353 0.0392546182953
354 0.000386891257558
355 0.00143238032928
356 0.000338057655122
357 0.00619578645796
358 0.00179666857078
359 0.00827490762759
360 0.000724712483053
361 0.0030795724568
362 0.00151280343695
363 0.000849366790422
364 1.19317147962e-05
365 0.000272062800057
366 0.000745061271636
367 0.00112402553616
368 0.000181554103123
369 0.000657462195924
370 0.000147146648304
371 0.000481274595133
372 0.00136282402691
373 0.000701387619285
374 0.00372703473542
375 0.00222106059982
376 0.000492398571596
377 0.000879683887653
378 0.00189219323189
379 0.000647051240898
380 0.000493598630863
381 0.00785597687967
382 0.000709713199068
383 0.00196303182428
384 0.00109246724842
385 0.00211321985554
386 0.0013407771493
387 0.000737668318706
388 0.000410897172502
389 0.00931112232129
390 0.0010317555901
391 0.000411337496162
392 0.000588221348791
393 0.000596602124515
394 0.000533939027364
395 0.000265110858683
396 0.000443213296399
397 0.00043036047036
398 0.000305173116583
399 0.000558719148569
400 0.0009343834023
401 0.022191221441
402 0.00224971068782
403 0.00150994798509
404 0.000462170561022
405 0.00150278901618
406 0.000258984059092
407 0.24189161346
