1 0.000606331674654
2 0.0011245654117
3 0.0156402699722
4 0.00121161300046
5 0.00117775247387
6 0.000569103532756
7 0.00262472495633
8 0.000755200745877
9 0.00105497508111
10 0.00350029606594
11 0.00058055157531
12 0.000360884507719
13 3.90625e-05
14 0.00211523609579
15 0.000363115578064
16 0.000542892215884
17 0.0131335247155
18 0.000540832882639
19 0.0383525350258
20 0.00151220891725
21 0.00563968577336
22 0.000292472933405
23 0.000137529572872
24 0.00025162351616
25 0.000821449334838
26 7.27507844581e-06
27 0.000215548437822
28 0.00100862756376
29 0.000711515195141
30 0.00298416807219
31 0.00023573101069
32 0.000429996298199
33 0.008899664309
34 0.000344328966649
35 0.000338451557093
36 0.000454665615312
37 0.000364197890566
38 0.0115850208139
39 0.00126076454526
40 0.000390570076083
41 0.000922929017786
42 0.000429470018079
43 0.00417977017941
44 0.000192455477965
45 0.000737939823155
46 0.00188842425259
47 0.00325112461551
48 0.00108065889062
49 0.0839931695635
50 0.000669273920932
51 0.00117667945284
52 0.000380280421825
53 0.000669273920932
54 0.00277008310249
55 0.000507976289927
56 0.000426739447574
57 0.000387416033703
58 0.000217719976685
59 0.000549003010829
60 0.0686230002472
61 3.44218572844e-05
62 0.000116087927536
63 0.00106711810544
64 0.00033199667928
65 0.000300049982816
66 0.00058769513315
67 0.000215382247816
68 0.000674102752943
69 8.65269574418e-05
70 0.00024844701678
71 0.000857363274327
72 0.00185740684057
73 5.78542788121e-06
74 0.00405567867036
75 0.0269046678836
76 0.000763791267712
77 0.00046413612304
78 0.00071884682498
79 0.000995001392578
80 0.00121284126631
81 0.00204353916001
82 0.00266715785206
83 0.00168794717941
84 0.000461063645602
85 0.000809886109766
86 0.00349409778844
87 0.000219413139747
88 0.00166461336608
89 4.97135875935e-06
90 5.78542788121e-06
91 2.43731511385e-05
92 0.00199872606665
93 0.000298797029888
94 0.000106831186694
95 0.00255100971776
96 0.000340293493579
97 0.000203184353611
98 0.000756826792032
99 0.000108790067467
100 0.000786554224234
101 0.000307187912724
102 0.000629827073593
103 0.00151707269236
104 0.000877914951989
105 0.000669273920932
106 0.00109683430471
107 0.000346266935848
108 0.00329523533951
109 0.00801046456873
110 0.000328187355598
111 0.0060958612095
112 0.00281150888599
113 0.000629362988503
114 0.000507976289927
115 3.26410972631e-06
116 0.00055935568075
117 0.000469730972466
118 0.00123761445226
119 0.00133728069952
120 0.000448972050524
121 0.0049858616179
122 0.000315712532878
123 0.00395762614965
124 0.000552272336754
125 0.00150041400428
126 0.020667991095
127 0.000335439895879
128 0.00281646839828
129 0.000518297302287
130 0.000676735966821
131 0.00299534331629
132 0.00187779333485
133 1.23307021239e-05
134 0.00189714121818
135 0.00297304400462
136 0.00018037326656
137 0.00182161154953
138 0.00039384962481
139 0.000345674001675
140 0.000335386367165
141 0.00257328315718
142 0.000606331674654
143 0.000949906733921
144 0.000245417175112
145 0.00113462603878
146 0.000245417175112
147 0.000479962891585
148 0.000343974726095
149 0.0132892484483
150 0.005944913977
151 0.00979435207067
152 0.000790978040465
153 0.000768495425109
154 0.151303640866
155 0.00305602468672
156 0.00042163036107
157 0.0013991026164
158 0.00760166907251
159 0.000681825634746
160 0.000497908387026
161 0.000216088113919
162 0.000517469351325
163 7.4855762303e-06
164 0.00408141532924
165 0.00725659972144
166 0.000681825634746
167 0.000691425772039
168 0.000460621992631
169 0.00128292126983
170 0.000939949261937
171 0.000270961404935
172 1.45401539984e-05
173 0.000517469351325
174 0.000576820869794
175 0.00155164899137
176 0.000478095331696
177 0.00133848899465
178 0.000710658648924
179 0.000341921676412
180 0.000737939823155
181 0.000852469497576
182 0.00597214403369
183 0.00174744045869
184 0.00282488064976
185 0.000574817780073
186 0.00123274953878
187 0.00467209158795
188 0.0064388212567
189 0.000293099636092
190 0.000479962891585
191 9.32346599848e-06
192 0.0196595213319
193 0.00185740684057
194 0.000717736031574
195 0.0171200039839
196 0.000576341485097
197 0.000387416033703
198 0.000782337770755
199 0.000155277996137
200 0.000280250705908
201 0.00271620919055
202 0.00278794035296
203 0.000518297302287
204 0.0192733894533
205 0.00151957312716
206 0.00579808412672
207 0.00341541575308
208 0.000786094855446
209 0.00068449161709
210 0.000372742509288
211 0.00110746214441
212 0.00046242129729
213 0.000878435429198
214 0.000364135773193
215 0.000355555555556
216 0.0191038814858
217 0.000819884703714
218 0.000218757954451
219 0.000564890018669
220 0.000972762645914
221 0.000361212648486
222 0.000551632490027
223 0.00121775882429
224 8.75319491614e-06
225 0.00166425579087
226 0.000338847899918
227 0.00037970322493
228 0.000755200745877
229 0.0013991026164
230 0.000380280421825
231 0.114035173911
232 0.000752333713657
233 0.000751753656823
234 0.00620001698852
235 0.000414460630882
236 0.000283417791835
237 0.00166425579087
238 0.00123731354916
239 0.00136801438516
240 0.00203380737658
241 0.00247848145246
242 0.00298686440643
243 0.0111807907048
244 0.00255408507676
245 0.000748330115206
246 0.000142809354767
247 0.000786554224234
248 0.000285976080247
249 0.01816729934
250 0.019921315166
251 0.00430915112549
252 0.000336588951901
253 0.0169671997254
254 0.000786554224234
255 3.02984166805e-06
256 0.000306827128344
257 0.000315712532878
258 2.97881620373e-05
259 0.000343974726095
260 0.0036874426079
261 3.61777403338e-06
262 0.000476810092474
263 0.00023826761277
264 0.00149264039335
265 0.00981533125217
266 0.0012681052258
267 0.00151957312716
268 0.000197291233982
269 0.000646270246992
270 0.000412593616919
271 0.00101973097781
272 0.000582514919561
273 0.00150041400428
274 0.00185156482596
275 0.00960313683723
276 0.000586904423339
277 0.000129315853467
278 1.40157419276e-05
279 0.000361461922931
280 0.000700692041522
281 0.00038060446761
282 0.00162638330806
283 0.000414460630882
284 1.33414677855e-05
285 0.0010200791357
286 0.000405683621204
287 0.000840646891233
288 0.000293039696704
289 0.00378842120823
290 0.00151300120529
291 0.0126134192151
292 2.51675037192e-05
293 0.00100195968458
294 0.00165630070308
295 0.00273796646836
296 0.0079708884447
297 0.000415123767891
298 0.0027876615868
299 0.00146460725312
300 0.000315712532878
301 0.00239447461062
302 0.000240403661308
303 0.000787307964791
304 0.00116597263534
305 0.000488601513023
306 0.000567974765563
307 0.000505619148892
308 0.000314637570422
309 0.0379369887908
310 0.000364197890566
311 0.00447882389695
312 0.000751753656823
313 0.011246450785
314 0.0089840638709
315 0.00108877778911
316 0.000292640613587
317 0.000341921676412
318 0.000118353190158
319 4.05695971439e-05
320 0.000542046221426
321 0.00615806032251
322 0.00219191101355
323 0.000558001116002
324 0.00115788966049
325 0.000763791267712
326 0.00240231662108
327 0.00293274087977
328 0.000199139247642
329 1.33740145539e-05
330 0.00186242008213
331 0.000108947837104
332 0.000635868429277
333 8.65051903114e-06
334 0.00166461336608
335 0.000687987100242
336 0.000926150152546
337 0.000449359781112
338 0.000235525453518
339 6.79937921668e-06
340 0.000215382247816
341 0.000998786872034
342 0.000935915387399
343 0.000693534344131
344 0.000859425564197
345 0.000246607622916
346 0.00266711715508
347 0.000200131179734
348 0.00800984132941
349 0.00111579548508
350 0.00756291361529
351 0.000659964745219
352 0.00298686440643
353 0.00194766068053
354 0.0010200791357
355 0.00739575551019
356 0.00203856780126
357 0.00297165650151
358 0.000408812675403
359 0.000820227727115
360 0.000730032382188
361 0.0133257578943
362 0.00331422388514
363 0.000454131326813
364 6.88890266669e-06
365 0.00108877778911
366 0.00186242008213
367 0.000974305857195
368 0.000939949261937
369 0.000709008788208
370 0.00035122194601
371 0.00013509903563
372 0.000500821324362
373 0.000399022204481
374 0.00277127991675
375 0.002784538828
376 0.00300903100475
377 0.00240097158605
378 0.00202672409795
379 0.000939949261937
380 0.000218757954451
381 0.00241151147959
382 0.000360884507719
383 0.000610630343665
384 0.00390210980358
385 0.00560307300227
386 0.000360884507719
387 0.000379096670257
388 0.00112330428306
389 0.00770668882742
390 0.0010203318437
391 0.00048702552952
392 0.000840646891233
393 0.000570938932307
394 0.000668698175284
395 0.000820227727115
396 0.00060825435011
397 0.000859425564197
398 0.000432643189258
399 0.000340130341306
400 0.0337313837195
401 0.0183054554054
402 0.00213780467463
403 0.0011245654117
404 0.00186997808619
405 0.00121284126631
406 0.000695577852437
407 0.0285825320872
