1 0.00102115611879
2 0.000810028400996
3 0.00797171885104
4 0.000563173304766
5 0.000759688438714
6 0.000240370170062
7 0.0105478089692
8 0.000749468692622
9 0.000988730471892
10 0.00392073635879
11 0.00529025780774
12 0.000393548492845
13 9.16826305466e-05
14 0.00104936540152
15 0.000777588206539
16 0.00164172499139
17 0.014104722931
18 0.00110359092215
19 0.019156399899
20 0.00205882885761
21 0.00413636260331
22 0.000349702889147
23 0.000117987085023
24 0.00162632034302
25 0.00600829707412
26 1.09282152858e-05
27 0.00070955586289
28 0.000311826235698
29 0.00164172499139
30 0.00249793516424
31 0.000153853177502
32 0.000764950334255
33 0.0125039557904
34 0.000240904137086
35 0.00275217119923
36 0.000984141536383
37 0.000496852071006
38 0.0102062676522
39 0.000357742251464
40 0.000424855349211
41 0.000735975158567
42 0.00111737612483
43 0.00188313702959
44 0.000655593079041
45 0.000552910223336
46 0.00165355279696
47 0.00425060657704
48 0.00159566657819
49 0.0820226798548
50 0.000633381212295
51 0.00212329804074
52 0.00139059745302
53 0.0020370771921
54 0.00246839163548
55 0.000590375609185
56 0.00139059745302
57 0.000306553958188
58 0.00017158312825
59 0.000768831903153
60 0.0408270179175
61 1.46423365264e-05
62 0.00046208363492
63 0.000590375609185
64 0.000708938054839
65 0.000226129232857
66 0.000332072765312
67 0.000587250162404
68 0.000865612961059
69 0.000205878380841
70 0.000977364344997
71 0.000720033847101
72 0.00129369906836
73 2.90089573214e-05
74 0.00381320642475
75 0.00915164109862
76 0.00210999909689
77 0.000120262265694
78 0.000210880593132
79 0.000835853224824
80 0.000240802178509
81 0.00101386949985
82 0.0021438984295
83 0.000242035066698
84 0.00211071701438
85 0.000221113583284
86 0.00909239442689
87 0.00340558014766
88 0.000717761983124
89 9.4674556213e-06
90 5.73016440916e-06
91 2.07029600632e-05
92 0.000601734854177
93 0.000266642661717
94 0.00126878148076
95 0.00452432221381
96 0.000456435756513
97 0.000154898017811
98 0.00255743476817
99 0.000112980991716
100 0.00199063378321
101 0.000150320752778
102 0.00033567997205
103 0.00302107200018
104 0.00119411594184
105 0.000328036192874
106 0.00274317952835
107 0.000499910091108
108 0.00117239994804
109 0.0116486916619
110 0.00104113533249
111 0.00139059745302
112 0.00123461118884
113 0.000295697972391
114 0.000445315415369
115 1.10190940239e-05
116 0.000424757076997
117 0.000242221822151
118 0.0110958290489
119 0.00170612332781
120 0.0010961468225
121 0.0196209975259
122 0.000212084079555
123 0.00316785946994
124 0.00367876555068
125 0.000830768698225
126 0.0404708691587
127 0.000298528985461
128 0.0132318071367
129 0.00035122194601
130 0.00061367663101
131 0.00075060987052
132 0.00155301903629
133 1.41330770535e-05
134 0.000892949772502
135 0.00358482348013
136 0.000238325401547
137 0.00122107734718
138 0.00137233130454
139 0.000282608112278
140 0.00177809485208
141 0.00255946321912
142 0.00400176693495
143 0.000266642661717
144 0.000187086801934
145 0.000644581062579
146 0.000342230986903
147 0.000346067343177
148 0.0020773611893
149 0.014153692353
150 0.0332545684224
151 0.00863737074238
152 0.000316161785803
153 0.00138285322359
154 0.200250324786
155 0.00191485969388
156 0.00192419625111
157 0.000749468692622
158 0.00143835846217
159 0.000857469307958
160 0.000491171597633
161 0.0461068748505
162 0.000562585612951
163 3.81562701822e-05
164 0.00322727982614
165 0.0482177674083
166 0.0004985445281
167 0.000798284661496
168 0.000810028400996
169 0.00267157833695
170 0.000273056635942
171 0.000240519306196
172 4.85243796068e-05
173 0.00023237656157
174 0.00154110856733
175 0.00227326187443
176 0.00125542081378
177 0.00154077596523
178 0.00127956865485
179 0.00044839984193
180 0.000165041949703
181 0.000552910223336
182 0.00149422801324
183 0.00248463905325
184 0.000766863905325
185 0.000368121502478
186 0.00117818155702
187 0.00316737788595
188 0.014307199166
189 0.000256614385707
190 0.000316161785803
191 2.34888206263e-05
192 0.0126475992389
193 0.000332072765312
194 0.00235254042813
195 0.14095068453
196 0.000324415118471
197 0.00298323685518
198 0.000624132847832
199 5.57841634958e-05
200 0.000425452908891
201 0.000288054406795
202 0.000824116933709
203 0.000898646638905
204 0.00815981361519
205 0.000763336747538
206 0.00284668988734
207 0.00358422388706
208 0.00050767212085
209 0.000598527995212
210 0.00137174211248
211 0.00137275878253
212 0.000671376354308
213 0.0004985445281
214 0.000268460127522
215 0.000587393534026
216 0.01516859985
217 0.00688312514684
218 0.000217028282084
219 0.000270091336985
220 0.00121456711634
221 0.00039101152287
222 0.000759876659045
223 0.000406750935668
224 1.34175958352e-05
225 0.000833735848454
226 0.00401794878204
227 0.00339090621077
228 0.000749468692622
229 0.00152885187388
230 0.000644543955312
231 0.0614025795672
232 0.00079284478087
233 0.000425124880434
234 0.00602554145385
235 0.000150782567415
236 0.000393548492845
237 0.00991801886861
238 0.00117149815964
239 0.112256179069
240 0.000953319126853
241 0.00227553410075
242 0.000923978966683
243 0.0197961870641
244 0.00178245286504
245 0.000892546615933
246 0.000833735848454
247 0.000223566882626
248 0.000329620160701
249 0.0241478051687
250 0.00426628258747
251 0.00347245251334
252 0.000329355281207
253 0.0251890518428
254 0.000197422723054
255 1.98313551353e-05
256 0.000148268616399
257 0.000361983926755
258 9.4674556213e-06
259 0.000524124837312
260 0.000161477438823
261 2.39997936018e-06
262 0.000328622488492
263 0.000671540264551
264 0.000953319126853
265 0.0148891176944
266 0.00104936540152
267 0.00561353795509
268 0.000776390073709
269 0.00192466602558
270 0.000474055047657
271 0.000667048395534
272 0.00237229786238
273 0.000559079715631
274 0.00163645123113
275 0.00255459729803
276 0.000688488639937
277 7.61431369145e-05
278 1.32767296628e-05
279 0.00193402688338
280 0.00050767212085
281 0.00244901809046
282 0.00156392046849
283 0.000361433590192
284 8.26924239785e-06
285 0.000772568626219
286 0.000556904308177
287 0.00177804835698
288 0.00244901809046
289 0.000785823881191
290 0.000487804878049
291 0.0114347095467
292 1.14327443803e-05
293 0.00110359092215
294 0.000369822485207
295 0.00143020171031
296 0.00185164058391
297 0.00143835846217
298 0.000527526627219
299 0.00260066048295
300 0.00139059745302
301 0.000157973106313
302 0.00119720138438
303 0.000364580286883
304 0.000351196574966
305 0.000562511655541
306 0.000937109537693
307 0.00187728268809
308 0.000504673147373
309 0.0157462645821
310 0.00303125413358
311 0.00227547471835
312 0.0017061676115
313 0.033204892085
314 0.0165038626562
315 0.00153637588437
316 0.000205017785703
317 0.00231977886489
318 0.000357742251464
319 6.26768754892e-05
320 0.00108693090772
321 0.0120569011918
322 0.00132227950702
323 0.00104936540152
324 0.000327617536473
325 0.0024145270915
326 0.000682765932791
327 0.0020298536928
328 0.00080764995946
329 9.08611306873e-06
330 0.0019445565841
331 0.00040064076882
332 0.00339334527288
333 3.91730471808e-06
334 0.00144149083678
335 0.00157987291509
336 0.00108766386239
337 0.00042172403998
338 0.000335312137903
339 1.45432347027e-05
340 0.000857469307958
341 0.000655593079041
342 0.00151234567901
343 0.000698635719692
344 0.000690500293036
345 0.000644543955312
346 0.000816326530612
347 0.00207199787944
348 0.000799320194074
349 0.00607131844273
350 0.0117832353423
351 0.00193749060814
352 0.00231301862042
353 0.0792601820751
354 0.000448586597383
355 0.00070955586289
356 0.000316161785803
357 0.00337538279653
358 0.000463312450831
359 0.000763336747538
360 0.000552272336754
361 0.00520814556955
362 0.000833735848454
363 0.000189248821987
364 9.26678852494e-06
365 0.00104936540152
366 0.000431090203964
367 0.000299156890906
368 0.000388679193871
369 0.000426883409603
370 0.00095817662537
371 0.000338935559695
372 0.000814792899408
373 0.000594123212192
374 0.00124737828643
375 0.000928286634284
376 0.00135066254722
377 0.000346067343177
378 0.00197882133726
379 0.00136549130215
380 0.000157535404924
381 0.0128600915866
382 0.000466436107143
383 0.00177813410391
384 0.00149019815045
385 0.00732559245285
386 0.000593978197984
387 0.000855799456551
388 0.00177514049191
389 0.00118552315109
390 0.00113102721861
391 0.00190295631389
392 0.000945667571256
393 0.000359925265478
394 0.00429075776696
395 0.0011341387088
396 0.00244901809046
397 0.00107265021571
398 0.000270076044941
399 6.93721629563e-05
400 0.00103645097449
401 0.000953319126853
402 0.00257687954762
403 0.000505696742948
404 0.000799738850709
405 0.000451923966866
406 0.00111396400196
407 8.62513234187e-06
