1 0.000935933294326
2 0.000991473592559
3 0.00973022861405
4 0.000441883324766
5 0.00127551020408
6 0.00044608353151
7 0.00417422291178
8 0.000711111111111
9 0.00121280005449
10 0.00346020761246
11 0.000604057092834
12 0.000205056931779
13 8.49985975231e-06
14 0.00041253722378
15 0.000389337994592
16 0.000534724701408
17 0.0105996990747
18 0.000368301744535
19 0.0101784722222
20 0.00673414082383
21 0.000829883297661
22 0.000761184601665
23 0.00252483555915
24 0.000467494521549
25 0.00161018946178
26 4.7958502467e-07
27 0.000592473122704
28 0.000343484224966
29 0.000712471680251
30 0.00361504700555
31 0.000197619867548
32 0.000929737625022
33 0.0146461550664
34 0.000352266681096
35 0.000332025771575
36 0.000530426607382
37 0.00145412450544
38 0.0308828971708
39 0.000291208983215
40 0.000331059878933
41 0.00452930839483
42 0.00075681639064
43 0.00105064026831
44 0.000501849213673
45 0.000350160457528
46 0.00120749541599
47 0.00951721665226
48 0.00272016200951
49 0.141944115668
50 0.00220479510639
51 0.00320292072477
52 0.000222582162616
53 0.00208846969538
54 0.00922202156142
55 0.000460874480185
56 0.000657462195924
57 0.000468159704215
58 7.06434753816e-05
59 0.00349109218196
60 0.0188594306404
61 8.75319491614e-06
62 0.000174562791805
63 0.000809747431724
64 0.000799447537302
65 0.000350160457528
66 0.000688488639937
67 0.00778978538987
68 0.00455625
69 0.000332025771575
70 0.000285926019731
71 0.00467725044416
72 0.00111754034157
73 6.93432887182e-06
74 0.00381926348395
75 0.0593203384452
76 0.00240037677687
77 0.000303796395964
78 0.000756611951883
79 0.00105569552309
80 0.00073046018992
81 0.00293799252356
82 0.000990268472786
83 0.000702757455411
84 0.000969942260636
85 0.000729391125265
86 0.00211843934441
87 0.00207199787944
88 0.00153377659205
89 4.93278920558e-06
90 2.76623977248e-06
91 8.09374171656e-06
92 0.00114628644449
93 0.000291208983215
94 0.000856371847695
95 0.00170545308391
96 0.000264686738216
97 0.00216538646422
98 0.000590588362355
99 0.00015301971555
100 0.00144750047489
101 0.000445138888889
102 0.000555892330817
103 0.00286836628462
104 0.00117499957553
105 0.000711111111111
106 0.000756427277255
107 0.000703881912169
108 0.000990409813513
109 0.00792385015992
110 0.00109024563902
111 0.00166234996228
112 0.00220974923891
113 0.000326765093541
114 0.000418525013555
115 9.85782551156e-06
116 0.000429269339245
117 0.000242293112246
118 0.00315902956129
119 0.00255246446799
120 0.00147928994083
121 0.00256026496274
122 0.000194493685627
123 0.00598853357862
124 0.00115244281428
125 0.000339535011833
126 0.0298371026663
127 0.0018599109277
128 0.00315579660479
129 0.000347582969844
130 0.000641591631819
131 0.00939047077343
132 0.00160229563445
133 1.79448724546e-06
134 0.00103810071713
135 0.00270708139675
136 0.00010485647154
137 0.00129255089973
138 0.00054161103088
139 0.000339535011833
140 0.000409960003593
141 0.00277729685752
142 0.00054759911354
143 0.000316674603894
144 0.00045908119427
145 0.000594150156961
146 0.00149568084002
147 0.000674102752943
148 0.000288631075812
149 0.0114669613988
150 0.0245532400437
151 0.0164058999698
152 0.00127790359968
153 0.00198308473619
154 0.488449784227
155 0.00592275738966
156 0.000465951211939
157 0.00158609134198
158 0.00303734030293
159 0.000354087177708
160 0.000607785831468
161 0.00137174211248
162 0.000415108855857
163 8.38943329902e-06
164 0.00216490510907
165 0.0193501356246
166 0.00111754034157
167 0.000540580241782
168 0.000330823976292
169 0.00221091118508
170 0.000701314249552
171 0.000578097760751
172 4.39223409632e-05
173 0.000270961404935
174 0.000799769635424
175 0.00228381283069
176 0.000735359305568
177 0.00112988220689
178 0.00140740175732
179 0.000607785831468
180 0.000577736331775
181 0.000338984722566
182 0.00233474006179
183 0.00145357743076
184 0.00242458957327
185 0.00023686901892
186 0.00102046804736
187 0.00239627014402
188 0.0279886814815
189 0.000279327441593
190 0.000501849213673
191 9.99859394773e-06
192 0.0177226225815
193 0.000688488639937
194 0.00524339581189
195 0.211713159865
196 0.000534724701408
197 0.000687015460761
198 0.000283799885209
199 8.75319491614e-06
200 0.00045908119427
201 0.000697610951631
202 0.00140145685852
203 0.000439241277923
204 0.00833383397092
205 0.000143985980136
206 0.00449009295736
207 0.00490797103478
208 0.000723720815508
209 0.000649113554302
210 0.000123128229284
211 0.00109483131488
212 0.000715080192626
213 0.00111019718056
214 0.00076550502604
215 0.00127232932671
216 0.00192198250189
217 0.000533243201921
218 0.00038568742314
219 0.00042259273527
220 0.00387229331538
221 0.000465951211939
222 0.000530507452773
223 0.000418525013555
224 1.11111111111e-05
225 0.00133486901254
226 0.000636930476362
227 0.00156088968601
228 0.000240784780024
229 0.00277683837298
230 0.000564371098247
231 0.0542905457015
232 0.00146141753046
233 0.000139415936311
234 0.00148385212761
235 0.00149568084002
236 0.000225375469271
237 0.0160104824989
238 0.00355436351367
239 0.000784733890147
240 0.00727460362231
241 0.000307893585838
242 0.000439241277923
243 0.0114073993908
244 0.00893418017565
245 0.00127179963091
246 0.000257811800685
247 0.000697674933558
248 0.000425970568421
249 0.00351046281459
250 0.00311782873671
251 0.00165119677501
252 0.000341921676412
253 0.0198650523328
254 0.00052971325106
255 9.545617978e-06
256 0.000451923966866
257 0.00011043103264
258 1.05757155133e-05
259 0.000316161785803
260 0.000420796025623
261 0
262 0.00068949336602
263 0.000288631075812
264 0.000978969877339
265 0.0102101476448
266 0.00500859223999
267 0.00117847135531
268 0.000425475715888
269 0.000468159704215
270 0.000204326437971
271 0.00109024563902
272 0.000806933163436
273 0.000331059878933
274 0.00133018400825
275 0.00609542123995
276 0.00127179963091
277 9.37323919659e-05
278 1.40859668295e-05
279 0.000737152591483
280 0.00358990406498
281 0.00216153926017
282 0.00405926116446
283 0.00235648977283
284 1.39113851635e-05
285 0.00222202902856
286 0.000191127439529
287 0.00305818650735
288 0.000354087177708
289 0.00367174521511
290 0.000387960480358
291 0.00887216309472
292 5.625e-05
293 0.000331059878933
294 0.00410004843069
295 0.00423303895369
296 0.0162188356741
297 0.000937109537693
298 0.00132985933556
299 0.000439424218897
300 0.000662416338086
301 0.000208025147929
302 0.000443403782395
303 0.000279651356607
304 0.000530502024381
305 0.000417439165328
306 0.000332025771575
307 0.00204606041274
308 0.000491751014071
309 0.017276516258
310 0.000469056259582
311 0.000760343201398
312 0.000243677402934
313 0.025102343411
314 0.00116136510302
315 0.000603850947594
316 0.0009
317 0.000220748709446
318 0.000242530498941
319 6.14545376854e-05
320 0.00100092054246
321 0.0060262737677
322 0.000702757455411
323 0.000331059878933
324 0.00484533987364
325 0.00343737784628
326 0.00168295849503
327 0.0023043946413
328 0.000828114486828
329 1.50360838167e-05
330 0.0141968385362
331 0.000143425723403
332 0.00233474006179
333 6.14545376854e-05
334 0.00202176388386
335 0.000434027777778
336 0.000350466436754
337 0.000387960480358
338 0.000206464895814
339 3.77406842246e-05
340 0.000191863535284
341 0.00566942464304
342 0.00133486901254
343 0.00072609272473
344 0.000332025771575
345 0.000967582662618
346 0.00772322987415
347 0.000520436221587
348 0.0104978500403
349 0.00678770967982
350 0.005166132679
351 0.00089319204368
352 0.00346870412887
353 0.036632959204
354 0.000438673387391
355 0.00542251123002
356 0.000740226680162
357 0.00387690321632
358 0.000876471606648
359 0.00109024563902
360 0.000341921676412
361 0.00437408245562
362 0.00158701830921
363 0.000423357427285
364 2.97265160523e-06
365 0.000688488639937
366 0.000425475715888
367 0.000485425508514
368 0.000688488639937
369 0.00505858857285
370 0.00164811823356
371 0.00024671048457
372 0.00240056787834
373 0.000408984390401
374 0.00491079781312
375 0.000335676158473
376 0.000497883218702
377 0.00167641001839
378 0.00345439312602
379 0.00171194625574
380 0.000332025771575
381 0.00535188038245
382 0.000452213365344
383 0.000485425508514
384 0.00149601971505
385 0.00924966340703
386 0.00045908119427
387 0.000703881912169
388 0.00163720805907
389 0.0179448724546
390 0.000446358576447
391 0.000216794008054
392 0.000530426607382
393 0.000735471385938
394 0.00147361673439
395 0.000680442855528
396 0.000269104967637
397 0.000552416553611
398 0.00162377185769
399 0.000237904851276
400 0.00346870412887
401 0.000745159469368
402 0.000614297604035
403 0.00040913456797
404 0.00208846969538
405 0.000183950831025
406 0.000213740980131
407 0.00149971827145
