1 0.000397886418341
2 0.00123461118884
3 0.0106463200485
4 0.00472822953074
5 0.00043329057574
6 0.000484309908748
7 0.00789656391739
8 0.00124987246199
9 0.000472418749622
10 0.00299787477049
11 0.000342519920659
12 0.000201676370557
13 6.27665641738e-05
14 0.000386121896684
15 0.000539854318418
16 0.00102547079871
17 0.00513081948201
18 0.000537302789382
19 0.0370656748967
20 0.00228955381058
21 0.107747522064
22 0.000234059923672
23 0.000148268616399
24 0.000770415566675
25 0.000570135818372
26 9.01802703605e-06
27 0.000342519920659
28 0.000168694761524
29 0.00154638896716
30 0.00523086559279
31 0.000151255560171
32 0.000824403469821
33 0.00816755687274
34 0.000326935801766
35 0.00116316897507
36 0.000994901301424
37 0.00213717920827
38 0.0282931785802
39 0.000200906809005
40 0.00029658678174
41 0.0016232114641
42 0.00135164359862
43 0.000581995125791
44 0.000237701122019
45 0.000505820204066
46 0.00807275804326
47 0.00417035844481
48 0.00156170214204
49 0.0549824242425
50 0.00116316897507
51 0.00123114804555
52 0.000363642499277
53 0.00477231958487
54 0.00687266772262
55 0.000957261854669
56 0.000636439396581
57 0.00135295874227
58 0.000361983926755
59 0.000830844121929
60 0.0146344127799
61 0.000110657674002
62 0.00033009819497
63 0.000957261854669
64 0.000155970677513
65 0.000390773477653
66 0.000423377195211
67 0.000359739382147
68 0.00241994421603
69 0.000221012966585
70 0.00099474978194
71 0.00098616132089
72 0.000818717353471
73 9.22461889352e-06
74 0.0043295721364
75 0.0143390392849
76 0.00113461106978
77 0.000128547261686
78 0.00116316897507
79 0.000566188969196
80 0.000161980987975
81 0.00365659249336
82 0.00201433159577
83 0.00075060987052
84 0.001908756716
85 0.000333681069612
86 0.00284986736208
87 0.00139696902522
88 0.0019976351525
89 9.48203776103e-06
90 4.92731593087e-06
91 1.84023824042e-05
92 0.00227433752146
93 0.000501849213673
94 0.00132907080087
95 0.0075622227443
96 0.000456435756513
97 0.000360742848878
98 0.00148483476686
99 6.31760422628e-05
100 0.000886813365052
101 0.00069966274744
102 0.000410060960998
103 0.00226088822633
104 0.000935933294326
105 0.000328036192874
106 0.0017819976422
107 0.000802941672106
108 0.000972366856428
109 0.00951279385269
110 0.000390624761954
111 0.000900281315932
112 0.00123461118884
113 0.000152180852676
114 0.00043329057574
115 9.90441619347e-06
116 0.000191998392013
117 0.000260846410373
118 0.00688608532469
119 0.00523086559279
120 0.000329500926769
121 0.00139536490651
122 0.00017581880895
123 0.00310869656712
124 0.00166543278464
125 0.00075060987052
126 0.0186751169458
127 0.000298405524342
128 0.00561010966449
129 0.00162644583312
130 0.00312730700349
131 0.00350588642659
132 0.00243548809928
133 1.3095842652e-05
134 0.000911356354575
135 0.000900367459423
136 0.000484309908748
137 0.00351381566475
138 0.000161595758111
139 0.000720688257286
140 0.00117686597207
141 0.00137174211248
142 0.00141852687077
143 0.000289723856949
144 0.000189234663238
145 0.000795779089604
146 0.000386121896684
147 0.000350310274815
148 0.000729364636733
149 0.0116745040002
150 0.0184356063865
151 0.00207573884536
152 0.000330333321593
153 0.00204834300974
154 0.216948013132
155 0.00183545540804
156 0.00055608339963
157 0.000999375650364
158 0.00170064067198
159 0.00134770963922
160 0.00106590011536
161 0.00202540506076
162 0.000377038363653
163 7.65214862768e-06
164 0.00461494213235
165 0.0466300564124
166 0.000361985881203
167 0.000498792535345
168 0.000810028400996
169 0.000728997229917
170 0.000497117970393
171 0.000553768382353
172 4.32825484765e-05
173 0.000486299755088
174 0.00633558409313
175 0.00182411863537
176 0.000920503817513
177 0.000839273622653
178 0.000397928940863
179 0.00039006648026
180 0.000501849213673
181 0.000674650025299
182 0.000630142666137
183 0.00365659249336
184 0.00218870763654
185 0.000215746891206
186 0.000775138381698
187 0.00549032901849
188 0.0055582043562
189 0.000178443281177
190 0.000253067219613
191 4.78553421627e-05
192 0.0886628550624
193 0.000431865749868
194 0.000729364636733
195 0.0368749381032
196 0.000363642499277
197 0.0007196146064
198 0.000983379669536
199 9.90441619347e-06
200 0.000196493784087
201 0.000272374986072
202 0.0032722278081
203 0.000687343068356
204 0.0029101286829
205 0.000789781109972
206 0.00268967295118
207 0.00282566958511
208 0.000812003778898
209 0.000555674260384
210 0.000569857567607
211 0.0009485463141
212 0.00063238909839
213 0.00050404061367
214 0.000771604938272
215 0.000381408912769
216 0.0163896462841
217 0.00684269571799
218 0.00075060987052
219 0.000334504633904
220 0.00072616066482
221 0.000265660040344
222 0.000886813365052
223 0.00119747278879
224 6.90985199788e-07
225 0.000966673323198
226 0.00370753636519
227 0.00283027537833
228 0.000151246513502
229 0.00182337922801
230 0.000765685474604
231 0.0290647602018
232 0.000920887946418
233 0.00596326779454
234 0.00229297654377
235 0.000159444875933
236 0.000370694879208
237 0.0149071675762
238 0.000744332662808
239 0.0630077929804
240 0.00326814025553
241 0.000934204894398
242 0.000985014952698
243 0.0144505864644
244 0.00459459653251
245 0.000842447334187
246 0.000251632997501
247 0.000287701645755
248 0.000286884643914
249 0.0154212838994
250 0.00458960850533
251 0.00589465394625
252 0.000393051849513
253 0.00609488211676
254 0.00033009819497
255 1.34916238097e-05
256 0.000288358846565
257 0.000177989411529
258 3.50127796646e-05
259 0.000518397608028
260 0.000216709207443
261 2.42621868965e-06
262 0.000501849213673
263 0.000634859368306
264 0.000982309790194
265 0.0109422922551
266 0.000215865980955
267 0.00889078816615
268 0.000914908274769
269 0.00255487842413
270 0.000474996661365
271 0.000625488567501
272 0.00202096666429
273 0.000361983926755
274 0.00120336193022
275 0.00176639330863
276 0.000158780323231
277 5.57841634958e-05
278 1.25057414477e-05
279 0.00144207659029
280 0.00150994798509
281 0.0026290509532
282 0.00150994798509
283 0.00335180055402
284 1.10557631966e-05
285 0.00189808830971
286 0.000381483776884
287 0.0026290509532
288 0.001908756716
289 0.00075060987052
290 0.000331808570915
291 0.0134675545325
292 3.55998576006e-06
293 0.000920503817513
294 0.000194247835958
295 0.00700219425362
296 0.00682302630895
297 0.000161941777168
298 0.0157171964648
299 0.000443305256111
300 0.000709272721084
301 0.000521786183617
302 0.00038751028357
303 0.000303253167253
304 0.000369254183354
305 0.000187084693977
306 0.000474237880756
307 0.00130102289359
308 0.000233879461124
309 0.0126650131986
310 0.00059488399762
311 0.00257402265189
312 0.000173415299158
313 0.0290033816385
314 0.00273407515868
315 0.00138017839096
316 0.000407036308677
317 0.0012613928783
318 0.000959596283822
319 0.000373003739247
320 0.000535419830292
321 0.0206613511326
322 0.000361983926755
323 0.000386121896684
324 0.000750607974361
325 0.00134406135637
326 0.000325726049605
327 0.00316495788936
328 0.000818517520092
329 2.20185042422e-05
330 0.00847288427972
331 0.000209775086505
332 0.00150815345461
333 9.75038407372e-06
334 0.00302542018266
335 0.00221127979438
336 0.000211872116104
337 0.00106335008793
338 0.000225116954252
339 1.10190940239e-05
340 0.000603942554671
341 0.000216709207443
342 0.000552242791029
343 0.000508044882977
344 0.000198373338623
345 0.00059488399762
346 0.00285557211849
347 0.000189657316805
348 0.00566468926646
349 0.00481303302137
350 0.0127609020045
351 0.00412252855495
352 0.00349438229513
353 0.0802762400535
354 0.00048647050453
355 0.000294971920337
356 0.000527016555066
357 0.00301894448484
358 0.000609640214694
359 0.00237229786238
360 0.00077611395179
361 0.00631232083664
362 0.00043165624242
363 0.000191569092391
364 1.08384561974e-05
365 0.000386121896684
366 0.00165905546469
367 0.000528091951948
368 0.000379626200008
369 0.00167011122789
370 0.00068449161709
371 0.000574547543809
372 0.000963367792823
373 0.000305570944906
374 0.00053227267299
375 0.000931878625427
376 0.0012963589401
377 0.000335477941176
378 0.00226133516919
379 0.000799817385445
380 0.00026923169004
381 0.00227916913925
382 0.000584835320152
383 0.00134770963922
384 0.00061773965501
385 0.00670275992821
386 0.00123114804555
387 0.000602228244505
388 0.0012681052258
389 0.00106076325481
390 0.00167236574835
391 0.000197908492061
392 0.00149766603725
393 0.00080972606956
394 0.000791565227641
395 0.00273090530697
396 0.00134770963922
397 0.000478849780068
398 0.00022633756688
399 2.43731511385e-05
400 0.00349438229513
401 0.00116012927964
402 0.00778585183341
403 0.000818717353471
404 0.00138017839096
405 0.00030692486332
406 0.00139892144397
407 0.000369254183354
