1 0.000446033988168
2 0.00121067192776
3 0.00846145747544
4 0.00473154816867
5 0.000722505499491
6 0.000423377195211
7 0.00562736593333
8 0.000698635719692
9 0.000324421549207
10 0.00216916429468
11 0.000438287527917
12 0.000206368243749
13 5.48696844993e-05
14 0.000365854224955
15 0.000573382327976
16 0.00104728699007
17 0.00586413513475
18 0.000571558217097
19 0.0309760712052
20 0.0022656421853
21 0.0686172499103
22 0.000423695851996
23 0.000352796206284
24 0.000773991959084
25 0.000434128658343
26 8.93732921322e-06
27 0.000714587219673
28 0.000160230732254
29 0.00159489531589
30 0.00530893713464
31 0.000207956784482
32 0.000794192313591
33 0.0081839867891
34 0.000253559982149
35 0.00123811047848
36 0.000942087534449
37 0.000348629984406
38 0.0277316854893
39 0.000355579037971
40 0.000305889966236
41 0.00129430892205
42 0.00131274942239
43 0.000952705367708
44 0.000247350855164
45 0.000904794582236
46 0.0080784241305
47 0.00109603328459
48 0.00176392944212
49 0.0519619483506
50 0.00077294627646
51 0.00128020583651
52 0.000177777777778
53 0.00452181888144
54 0.00526233689308
55 0.000586805696829
56 0.000344537703141
57 0.0008102292523
58 0.000352796206284
59 0.000800396941041
60 0.0198003318601
61 3.98332707148e-05
62 0.000412442975634
63 0.000709808917725
64 0.000349150910721
65 0.00038858295997
66 0.000194381774101
67 0.000465540953353
68 0.00243114332587
69 0.000138137314246
70 0.00101348876953
71 0.000894879100007
72 0.000658517088969
73 2.46427635916e-05
74 0.00481268231034
75 0.0157124789535
76 0.00112994669211
77 0.000129603086917
78 0.00077294627646
79 0.000905171422962
80 0.000160484563078
81 0.00393465162034
82 0.00179621581335
83 0.00073155821335
84 0.00156054661873
85 0.000742300452173
86 0.00391833429286
87 0.00898689021787
88 0.00283746097815
89 4.96582118388e-06
90 5.32134965391e-06
91 1.80224279103e-05
92 0.00147184054374
93 0.000904794582236
94 0.00138902499189
95 0.00580571820635
96 0.000447585411694
97 0.000394932498718
98 0.00147890647254
99 5.46670265579e-05
100 0.00086129489603
101 0.000198821133828
102 0.000313275975919
103 0.00222724737546
104 0.000915780080046
105 0.000391808015326
106 0.00154659410431
107 0.000827623795875
108 0.000844233125597
109 0.00943707042161
110 0.000407134030477
111 0.00143937607292
112 0.000794321851805
113 0.00015288730056
114 0.000722505499491
115 1.06274937248e-05
116 0.000183584925956
117 0.000251287411722
118 0.00646557669682
119 0.00530893713464
120 0.000325877350017
121 0.00201271817193
122 0.000143555850487
123 0.00409312922748
124 0.00122989693876
125 0.00073155821335
126 0.0147344319688
127 0.000503369493754
128 0.00566581405896
129 0.00159478827708
130 0.00213614857708
131 0.0013077163982
132 0.00245575226524
133 1.30224326676e-05
134 0.0014611948213
135 0.00161431760204
136 0.000183208756265
137 0.0035162819329
138 0.000436350671621
139 0.000799738850709
140 0.00120132446289
141 0.00133915548984
142 0.00114909508762
143 0.000307847252685
144 0.000187961199766
145 0.000862978681803
146 0.000365854224955
147 0.000343974726095
148 0.000394301616132
149 0.0115917617702
150 0.0247557736473
151 0.00282799726792
152 0.000336919232104
153 0.00145981666073
154 0.235661652887
155 0.00102582287458
156 0.000605451338401
157 0.000572940244455
158 0.00201526311707
159 0.000699320153371
160 0.00100347967782
161 0.00251254703174
162 0.000436582128975
163 1.0094121373e-05
164 0.0031204690281
165 0.0472765967843
166 0.000434027777778
167 0.000486906842278
168 0.00121067192776
169 0.000775965597852
170 0.000501201057727
171 0.000861426170972
172 4.51776737514e-05
173 0.000507077543793
174 0.00492555604295
175 0.00180962595762
176 0.00106587433832
177 0.000872629055847
178 0.00031468695874
179 0.000367223701636
180 0.000488385580416
181 0.000698635719692
182 0.000904646079222
183 0.00393465162034
184 0.00223090644191
185 0.000394284217466
186 0.000633771822583
187 0.00743518950124
188 0.00373334742537
189 0.000196021715913
190 0.000398723065459
191 3.96107389114e-05
192 0.0753295752369
193 0.000434027777778
194 0.000161505941968
195 0.0520942661503
196 0.000355998576006
197 0.000642729617139
198 0.000860912904729
199 5.38016869818e-05
200 0.000165898086604
201 0.000273375903873
202 0.00361069041728
203 0.00037990167699
204 0.00212477097506
205 0.000693534344131
206 0.00344607617551
207 0.00286784317519
208 0.000796258926889
209 0.000568584380365
210 0.00058019881725
211 0.000606850416706
212 0.00065222556049
213 0.000505892851389
214 0.00068449161709
215 0.000368804931641
216 0.0162577438608
217 0.00664579395085
218 0.00073155821335
219 0.000417556661657
220 0.00045308691645
221 0.000266636282206
222 0.00086129489603
223 0.00132133328637
224 3.41668915987e-06
225 0.00120233187512
226 0.00228907344474
227 0.000911111111111
228 0.000151946457867
229 0.00492982541934
230 0.000633771822583
231 0.0300228090806
232 0.00140625
233 0.00347368932531
234 0.00230941430313
235 0.000159556786704
236 0.000434027777778
237 0.0148516646734
238 0.00021318657051
239 0.0552951283634
240 0.00319844813978
241 0.000914916340335
242 0.00100357055664
243 0.0146392070623
244 0.00644425087324
245 0.000849366790422
246 0.000234660346982
247 0.00023681640625
248 0.000415136473625
249 0.0151541091587
250 0.00455394140814
251 0.00549743488082
252 0.000354391965452
253 0.00553367217371
254 0.000188104462875
255 1.99298469388e-05
256 0.000534724701408
257 0.000182124684336
258 3.98332707148e-05
259 0.000266745608592
260 0.000200665346334
261 3.93675988914e-06
262 0.000488385580416
263 0.000384870405201
264 0.00199606385092
265 0.0144393570325
266 0.000226981745702
267 0.00909735008584
268 0.000956548898177
269 0.00187621007357
270 0.000399361022364
271 0.000354904458862
272 0.0013993894381
273 0.000559376688304
274 0.00125221370427
275 0.00173133829932
276 0.000157034189484
277 2.51394697434e-05
278 1.28980152343e-05
279 0.000898595396234
280 0.0013371574961
281 0.00304424369767
282 0.00212477097506
283 0.003316795044
284 9.49665361668e-06
285 0.00180449369037
286 0.00033499421252
287 0.00304424369767
288 0.00221019702794
289 0.000947924138056
290 0.000327896344878
291 0.011373623926
292 9.87331914455e-06
293 0.000699320153371
294 0.000398723065459
295 0.0101835214251
296 0.00714568134831
297 0.00013824390168
298 0.0044542555771
299 0.000465814398841
300 0.000417365324131
301 0.000486591695502
302 0.000415136473625
303 0.000299286929324
304 0.000281897108908
305 0.00010302703314
306 0.000398723065459
307 0.000715782404228
308 0.000398723065459
309 0.0187126641635
310 0.000707260852034
311 0.00219028783152
312 0.000455014036273
313 0.029515008055
314 0.00793275823589
315 0.00130773235048
316 0.000402135991456
317 0.0013622655114
318 0.00094224147169
319 0.00031887755102
320 0.000581224992305
321 0.012544
322 0.000352796206284
323 0.000586027727034
324 0.000726153368494
325 0.00147256295683
326 0.000333293724916
327 0.00414022840728
328 0.000503369493754
329 1.54055394136e-05
330 0.00656665035869
331 0.000211262881864
332 0.0014590182208
333 8.56215239668e-06
334 0.0029707038402
335 0.00365393183337
336 0.000229678173798
337 0.00105738937845
338 0.000229088069828
339 5.27645703498e-05
340 0.00025591642863
341 0.000206527478505
342 0.000930256175669
343 0.000488762421141
344 0.000173415299158
345 0.000999791883455
346 0.00278692748018
347 0.000561680638617
348 0.00279840906239
349 0.0065326389627
350 0.00950450387027
351 0.000874885967999
352 0.00352615580827
353 0.0792467377322
354 0.000536938885884
355 0.000999375650364
356 0.000324883081077
357 0.00309441687788
358 0.000352759115604
359 0.00370351345508
360 0.000933899130158
361 0.00735234600319
362 0.00150516967168
363 0.000188104462875
364 1.16483593286e-05
365 0.000365854224955
366 0.00037385722715
367 0.000534985029954
368 0.000685019774202
369 0.00059175841102
370 0.00158510084396
371 0.000321830385433
372 0.00101099522448
373 0.000317715317091
374 0.00109648675305
375 0.000638894542823
376 0.000927914247675
377 0.000423377195211
378 0.0052558204995
379 0.00132073622289
380 0.000238907748065
381 0.00224323602706
382 0.000573495292181
383 0.00106598092575
384 0.0014590182208
385 0.00664940483744
386 0.00128007782873
387 0.000824604740199
388 0.00270298628512
389 0.00235384489736
390 0.000580635796197
391 0.000191568587541
392 0.00100112915039
393 0.000526368003175
394 0.000775856197106
395 0.00181077410593
396 0.000699320153371
397 0.000470189525633
398 0.000738198647205
399 6.33017656989e-05
400 0.00248970134977
401 0.00113224111871
402 0.020014458384
403 0.000858935783386
404 0.00130773235048
405 0.00150516967168
406 0.000894879100007
407 0.000370963031902
