1 0.000806058374548
2 0.00282883709697
3 0.00776701031261
4 0.00539685179899
5 0.00154404251036
6 0.000440370674358
7 0.00559006746501
8 0.000679571450753
9 0.000923586805849
10 0.00326530612245
11 0.000548567504901
12 0.000286884643914
13 9.09982278095e-06
14 0.000876875384345
15 0.000168110438669
16 0.00129859589319
17 0.00788725593039
18 0.000535044426391
19 0.0363843279842
20 0.0169731108651
21 0.00188856327668
22 0.00075143634021
23 0.000191112026076
24 0.000657989325344
25 0.00261497322741
26 2.16740816861e-06
27 0.00030209143055
28 0.000311270089747
29 0.0014073613732
30 0.00632234652272
31 0.000180572759932
32 0.000751896813911
33 0.0453414668014
34 0.000284357888677
35 0.000833435690726
36 0.00090066703722
37 0.0018499248468
38 0.0255838626243
39 0.000258808173866
40 0.000299867165801
41 0.00537062713623
42 0.000513367950731
43 0.00114799983471
44 0.00020736
45 0.000503694167032
46 0.00920679090739
47 0.00572421926661
48 0.00268532571565
49 0.0741642693027
50 0.00152685250897
51 0.00129859589319
52 0.000238108842565
53 0.00250444378523
54 0.00885822904249
55 0.00027924879878
56 0.000359168157428
57 0.000364031426912
58 9.5687181717e-05
59 0.000492457874713
60 0.010347904714
61 1.5325232655e-05
62 0.00084833631822
63 0.00258961771926
64 0.000776717299263
65 0.000286884643914
66 0.000776390073709
67 0.000381483776884
68 0.000761655268801
69 0.000119605544651
70 0.000235564492962
71 0.00164953307932
72 0.000552836528012
73 2.09777984966e-05
74 0.00201218982344
75 0.05291749194
76 0.00397073357446
77 0.000319320159592
78 0.00113927629791
79 0.00124477958941
80 0.00040064076882
81 0.0040235768426
82 0.00473955108249
83 0.00230917854792
84 0.000758542622384
85 0.00240445215719
86 0.00169185846823
87 0.000810511021888
88 0.00169270271823
89 2.62256388402e-06
90 3.09141408043e-06
91 2.19497859354e-05
92 0.000494963877675
93 0.000149733737368
94 0.00203047290598
95 0.00439302935989
96 0.000318666165718
97 0.000285904100405
98 0.0020831426636
99 2.32627867785e-05
100 0.00159684418223
101 0.000342975924295
102 0.000360855717805
103 0.00217358672819
104 0.000752587398137
105 0.000239616181812
106 0.000446468335056
107 0.000555954751236
108 0.00279207351592
109 0.0109074302284
110 0.000227008332428
111 0.00189785038802
112 0.00122942193564
113 0.000199151730415
114 0.000440370674358
115 3.48397989831e-06
116 0.000264996635785
117 0.000440748107959
118 0.00369383498226
119 0.00341264518677
120 0.000378008159569
121 0.0016121167491
122 0.000189942194447
123 0.00257427598169
124 0.000258808173866
125 0.000361662744468
126 0.0188115751445
127 0.000909067952829
128 0.00181680293364
129 0.00185399106131
130 0.000732093912777
131 0.00173837388195
132 0.00301831403142
133 7.14918928194e-06
134 0.00224983062115
135 0.00303378263565
136 0.000145597164495
137 0.000921718675894
138 0.00057253002657
139 0.000354391965452
140 0.000546179258834
141 0.00474968901411
142 0.000806058374548
143 0.000351194197242
144 0.000217697984802
145 0.000710058782567
146 0.000210537779781
147 0.000473232552669
148 0.000390624761954
149 0.0153820610179
150 0.0295964544374
151 0.00323059983784
152 0.000480743863187
153 0.00249513051254
154 0.216316385663
155 0.00053981546664
156 0.00047638652586
157 0.000604683810743
158 0.0064219508228
159 0.00115613873249
160 0.00107541510269
161 0.00202722933904
162 0.000385701262244
163 2.59718939218e-05
164 0.00608970935371
165 0.0117364534285
166 0.00119254524562
167 0.000574017530867
168 0.000806623731974
169 0.00141307834847
170 0.000663457606808
171 0.000298407388714
172 3.84724810143e-05
173 0.00055940976452
174 0.00522283630598
175 0.00247055340683
176 0.000361433590192
177 0.000767385404011
178 0.00128461259769
179 0.000393548492845
180 0.000439136089328
181 0.000380178113401
182 0.00231358040122
183 0.00211997308628
184 0.00621375293107
185 0.000238088419835
186 0.00079598274388
187 0.000731023816609
188 0.0052386826472
189 0.000296221942656
190 0.00037039210004
191 9.01802703605e-06
192 0.0339537861033
193 0.000776390073709
194 0.000286884643914
195 0.0703995597528
196 0.000258808173866
197 0.000458025784287
198 0.00142289829151
199 5.19230436391e-05
200 0.000415956497038
201 0.00063254349026
202 0.000766339822713
203 0.00065536
204 0.00842389720879
205 0.000362011883936
206 0.00384909411843
207 0.002704813565
208 0.000808590807071
209 0.000383865134973
210 0.000282202371763
211 0.00157470395566
212 0.000463905325444
213 0.00101296505726
214 0.000555405324199
215 0.00110209604806
216 0.00281247475823
217 0.0015970875665
218 0.000269451254975
219 0.000375416695151
220 0.000809886109766
221 0.00047638652586
222 0.000372833866517
223 0.00108584399548
224 2.06820427015e-05
225 0.00189695152302
226 0.00271686468598
227 0.00245757886482
228 0.000164102458909
229 0.00940182752341
230 0.00038628317709
231 0.0452874442426
232 0.000324523909196
233 0.000164629272242
234 0.00239980986412
235 0.000749468692622
236 0.000353808212766
237 0.0043116512016
238 0.00100086296997
239 0.00464669387398
240 0.00125720336707
241 0.00292019730233
242 0.00117800201092
243 0.00743991526217
244 0.00229380022273
245 0.000282420120507
246 0.000229134239547
247 0.000433962941683
248 0.000470393813216
249 0.00135209042295
250 0.00139784315224
251 0.00262910410556
252 0.000164102458909
253 0.00322467326701
254 0.000158221589336
255 9.01802703605e-06
256 0.000245844917384
257 0.000157231159285
258 1.00144207659e-05
259 0.000101210887053
260 0.000496471477912
261 1.40484480398e-07
262 0.000592153923999
263 0.000800996796013
264 0.00595527341529
265 0.0113268541469
266 0.000359168157428
267 0.0046625446383
268 0.00039745223578
269 0.00239758836255
270 0.000485627684902
271 0.000438400826017
272 0.000833435690726
273 0.00150085888995
274 0.00104199975848
275 0.00226308122831
276 0.000238108842565
277 0.000158221589336
278 1.56502837822e-05
279 0.00178787729798
280 0.000830768698225
281 0.000466996739524
282 0.00173837388195
283 0.00259399542891
284 1.48818026603e-05
285 0.00124762501669
286 0.000120758362517
287 0.00132758596146
288 0.000400568670031
289 0.00163558817465
290 0.000605021828311
291 0.00972981593556
292 4.59291987226e-05
293 0.000159977503164
294 0.000978073668331
295 0.00984895513966
296 0.0220861601641
297 0.000163451715642
298 0.00820257349605
299 0.00234512
300 0.000576720940284
301 0.000164629272242
302 0.000761655268801
303 0.000647052863385
304 0.000221799307958
305 0.000183407302721
306 0.000401926934185
307 0.000353042693424
308 0.000470823368015
309 0.0266976873545
310 0.000999375650364
311 0.000839127199153
312 0.000632064247472
313 0.0157975248235
314 0.0133015889447
315 0.000359168157428
316 0.000212015656031
317 0.00211605795693
318 0.000238271988393
319 5.78293744307e-05
320 0.000586803674624
321 0.017310127819
322 0.000800996796013
323 0.000300057768742
324 0.00118846562832
325 0.000357763704163
326 0.00133493020835
327 0.00547224287001
328 0.000482919148559
329 1.53653073365e-05
330 0.00288916415891
331 0.000911295212573
332 0.00213165094788
333 1.82975755035e-05
334 0.00444142255472
335 0.000618700369725
336 0.00126767298635
337 0.000479561113288
338 5.73532132929e-05
339 9.82694745531e-06
340 0.000473670038699
341 0.00041088385683
342 0.000780026466268
343 0.000141723356009
344 0.000164629272242
345 0.000205367464553
346 0.00338512396694
347 0.000390570076083
348 0.00146534103294
349 0.00764720303175
350 0.0131080045283
351 0.00289521177177
352 0.00110658980914
353 0.0246646309948
354 0.000440931676517
355 0.00369795471147
356 0.000329862147469
357 0.00397073357446
358 0.000449623887163
359 0.00148394545311
360 0.000727014847992
361 0.00808916842026
362 0.000558734122315
363 0.000241178438387
364 2.93458175332e-06
365 0.000776390073709
366 0.000454459368362
367 0.000216064387187
368 0.00106247140792
369 0.00132921006944
370 0.00157164776238
371 0.000242086451727
372 0.00153099490747
373 0.000388811743702
374 0.0025611478065
375 0.000342428039432
376 0.00192430023603
377 0.00132749529175
378 0.00466738254938
379 0.00237108769316
380 0.000374416509312
381 0.00578082947311
382 0.000582377170913
383 0.00169270271823
384 0.00120542601549
385 0.00673928905844
386 0.00115535291179
387 0.00106506240663
388 0.00429470261099
389 0.00413559396639
390 0.000496471477912
391 0.000257141581639
392 0.000910592594831
393 0.000758142580716
394 0.00101936355731
395 0.00079598274388
396 0.00047638652586
397 0.000275817271873
398 0.00100073819886
399 6.43427035374e-05
400 0.00431413604973
401 0.00863100936524
402 0.00249796770679
403 0.00138848328008
404 0.00181828879698
405 0.000830768698225
406 0.0037069727385
407 0.0902476103472
