1 0.000564340961146
2 0.00130328819612
3 0.00755117951813
4 0.00328875528321
5 0.000762312576445
6 0.00162980493908
7 0.0123206118478
8 0.00211388558594
9 0.00100674731255
10 0.00238049557752
11 0.000267335644857
12 0.000418540612502
13 5.24255217796e-05
14 0.00063082747431
15 0.000346004287132
16 0.000611202130985
17 0.00326501455332
18 0.000348368934823
19 0.0437714017594
20 0.00147089682335
21 0.00140863404652
22 0.00122126345865
23 0.000217797657961
24 0.000611202130985
25 0.00357646959653
26 4.77085467211e-05
27 0.000677580097967
28 0.00016300154321
29 0.00149097003715
30 0.00701180295926
31 0.000184099453701
32 0.00072616066482
33 0.0445412987059
34 0.000243295116977
35 0.000866467120715
36 0.000500757983275
37 0.000187974203478
38 0.0213514633651
39 0.000417856443246
40 0.000136495235666
41 0.00215930545609
42 0.000636358740431
43 0.000998087380243
44 0.000563905848609
45 0.000313180153527
46 0.00609282518131
47 0.00296946676406
48 0.00272485801556
49 0.0772400193945
50 0.00154156907462
51 0.00128743722617
52 0.000175140813899
53 0.00274608497086
54 0.00842483564646
55 0.00158960197717
56 0.00100899653979
57 0.000648894017175
58 0.000102362074453
59 0.000737552531675
60 0.0193287748567
61 9.93566038919e-06
62 0.00026923169004
63 0.00336661033448
64 0.000509822033982
65 0.000115155498158
66 0.000246604432587
67 0.00129849269845
68 0.00375482118606
69 0.000113575775549
70 0.000564340961146
71 0.000781068248126
72 0.00120646005019
73 1.03556586231e-05
74 0.00360369350474
75 0.125633437775
76 0.00100699214409
77 0.000168323516846
78 0.000791706946747
79 0.00154033064206
80 0.000791015625
81 0.00765196381436
82 0.000781687456769
83 0.00142735873121
84 0.00307629869168
85 0.000673677556921
86 0.00284922025877
87 0.000297721533517
88 0.0016433855045
89 3.60063227103e-06
90 7.71604938272e-06
91 1.59150067904e-05
92 0.00147448382978
93 0.000866467120715
94 0.00116138941252
95 0.00338823529412
96 0.000481825646105
97 0.00097486928402
98 0.000368121502478
99 2.69082875865e-05
100 0.000572443008423
101 0.000884106878698
102 0.000316697861802
103 0.00536766542909
104 0.00070521970603
105 0.000258611153627
106 0.00078862637497
107 0.00025495391944
108 0.00214148771703
109 0.0124654960559
110 0.00164331341791
111 0.00210341039399
112 0.00156807899475
113 0.000404517914966
114 0.000241200463641
115 1.07146396801e-05
116 0.000298464051569
117 0.000441452454331
118 0.00129559944168
119 0.00701180295926
120 0.00153216324999
121 0.00241288632101
122 0.000741693073789
123 0.00342390377748
124 0.000385844222453
125 0.00046429970546
126 0.0132050381818
127 0.000536042435064
128 0.00356025408803
129 0.000462470838056
130 0.00092062131576
131 0.000866467120715
132 0.000216719002913
133 2.49964848693e-06
134 0.00164428784462
135 0.4607623543
136 0.000290547520661
137 0.00104561734189
138 0.00159613224104
139 0.000246604432587
140 0.000642409661141
141 0.0036482469869
142 0.00288759595652
143 0.000383264172036
144 0.000651185743102
145 0.000132467251698
146 0.000225143443143
147 0.000527334287839
148 0.00024138657511
149 0.0133389523537
150 0.0156436926841
151 0.00198594821338
152 0.00160268639556
153 0.00257898409017
154 0.106682696794
155 0.00147670931015
156 0.000639910012654
157 0.00105166700315
158 0.00634404124137
159 0.0015769787173
160 0.00102826095542
161 0.00153185687861
162 0.00104808239739
163 6.76405782593e-06
164 0.00221188933054
165 0.0451175385148
166 0.00115794474396
167 0.000900249804542
168 0.00053382684513
169 0.00183923384362
170 0.000732658714455
171 0.00120664393375
172 1.20354232595e-05
173 0.000232384074771
174 0.00128776173478
175 0.00103314175023
176 0.000661224489796
177 0.00121478043968
178 0.000217885509788
179 0.000376449141125
180 0.000238088493379
181 0.00087936186555
182 0.00149471247151
183 0.0015743820418
184 0.00170269300686
185 0.000632716049383
186 0.000699024988012
187 0.00155004113428
188 0.00630013470862
189 0.000170073164115
190 0.000615275114782
191 7.79161709656e-06
192 0.0656213290571
193 0.000427589877682
194 0.0036376257243
195 0.0475492218955
196 0.000159100929557
197 0.00138114295427
198 0.00085385393827
199 5.36267222619e-05
200 0.000309113678003
201 0.000731256009391
202 0.000880040385508
203 0.000702304866496
204 0.0499594258574
205 0.000682404036932
206 0.00589170227499
207 0.00389290959934
208 0.000857172646587
209 0.000753187069896
210 0.000331315724981
211 0.00106675988554
212 0.000459942697718
213 0.00117122331795
214 0.00048744046423
215 0.000590171928058
216 0.00949280141954
217 0.000673677556921
218 0.00142735873121
219 0.0002036159588
220 0.00178265606616
221 0.000279865614529
222 0.000576379533785
223 0.000551063927196
224 1.17082223187e-05
225 0.00125112030663
226 0.00081004045481
227 0.000569625702925
228 0.000424753493699
229 0.00146188411064
230 0.000312919495888
231 0.0184038076794
232 0.00372703473542
233 0.000187974203478
234 0.00156723206131
235 0.000206039239028
236 0.000544343635401
237 0.0152545312353
238 0.00799195820501
239 0.00133176425126
240 0.00108207752259
241 0.00133006297303
242 0.0011438234666
243 0.0105219694143
244 0.00275573965422
245 0.0003615458018
246 0.000815098992204
247 0.000228729825968
248 0.00102657866768
249 0.00762631356727
250 0.00112160148043
251 0.00200293256988
252 0.000202627755472
253 0.0640411115597
254 0.000572443008423
255 3.39782114719e-06
256 0.000539158405737
257 0.000156467240155
258 2.38211753191e-05
259 0.000384256821552
260 0.000763925741942
261 6.69664980004e-07
262 0.000353326926338
263 0.000377603149557
264 0.00136069562906
265 0.00556450513984
266 0.00420018237192
267 0.00176762103634
268 0.000683964923591
269 0.00128949712573
270 0.000211598713566
271 0.000639910012654
272 0.0005098855359
273 0.00124807084426
274 0.000776625273923
275 0.0065542433761
276 0.000453289365549
277 9.765625e-06
278 1.25451450985e-05
279 0.0012632269644
280 0.000791015625
281 0.00307629869168
282 0.00147234764329
283 0.00110359092215
284 1.20354232595e-05
285 0.00454319701676
286 0.000544343635401
287 0.00413777845802
288 0.0015769787173
289 0.00324074997903
290 0.00037170319108
291 0.00558242448538
292 6.64579395085e-05
293 0.000706683789648
294 0.000834078773821
295 0.00197530864198
296 0.011323009496
297 0.000346004287132
298 0.00948799508342
299 0.00171735486885
300 0.000632365843399
301 0.000171153999154
302 0.000380206877271
303 0.00058889578447
304 0.000855344808
305 0.00115848738511
306 0.0002055472052
307 0.00115788966049
308 0.000784119295971
309 0.0405613966453
310 0.00142735873121
311 0.00282184086801
312 0.00146188411064
313 0.038303403158
314 0.00801978805141
315 0.00031887755102
316 0.000754049086501
317 0.000832100591716
318 0.000581413867528
319 0.000287273771905
320 0.000563905848609
321 0.00873504703594
322 0.000676601289719
323 0.000217797657961
324 0.00381917585464
325 0.00483024691358
326 0.00129157390435
327 0.00198601199648
328 0.000241255233326
329 2.92887286486e-05
330 0.00208979591837
331 0.000441504432329
332 0.00373557473034
333 2.36669101534e-05
334 0.00107709768274
335 0.000703058450121
336 0.000469060656641
337 0.000415097876861
338 0.000424074973741
339 5.62198674687e-06
340 0.000362372095653
341 0.000633882636382
342 0.00211388558594
343 0.000281141352924
344 0.000144722709028
345 0.000228904162726
346 0.00344819509726
347 0.00104557542763
348 0.00864511808274
349 0.00659230984131
350 0.0086265344918
351 0.00272780066187
352 0.00171620394427
353 0.0666703930092
354 0.000836691482822
355 0.00143293435126
356 0.000797614796236
357 0.0137141817726
358 0.000864395344915
359 0.000457352434322
360 0.00030907635565
361 0.00386094585662
362 0.000416413558689
363 0.000838808348473
364 1.05414066453e-05
365 0.000516625309811
366 0.000678601115099
367 0.000200722321577
368 0.0015003843877
369 0.00044685363673
370 0.000441452454331
371 0.000377759377588
372 0.00186272152183
373 0.000685736939524
374 0.00294559125922
375 0.000690500293036
376 0.000625
377 0.00128316088394
378 0.00289040320113
379 0.000758381448094
380 0.000214996431059
381 0.00424734199738
382 0.000427739185966
383 0.00157708642707
384 0.00069882811507
385 0.00377353020809
386 0.00128743722617
387 0.000353326926338
388 0.000430433360307
389 0.00854948658345
390 0.000376292417919
391 0.000241200463641
392 0.000714083359121
393 0.000846747463652
394 0.00153185687861
395 0.00183755493935
396 0.00102501210767
397 0.00031887755102
398 0.000512792743121
399 0.000558180494323
400 0.00355836466236
401 0.000825930289557
402 0.0123239518606
403 0.001225
404 0.00199372633856
405 0.00146545410156
406 0.000706915774476
407 9.25668460993e-05
