1 0.000792253036817
2 0.00275568061509
3 0.00775305969071
4 0.00544572869792
5 0.00153173452827
6 0.000442262705152
7 0.0056641890974
8 0.000684486960602
9 0.000918846129795
10 0.00326789917863
11 0.000539172205612
12 0.000287663692147
13 9.08611306873e-06
14 0.000879477773134
15 0.00017051484827
16 0.00125999405071
17 0.00805809406316
18 0.000535044426391
19 0.0364025840441
20 0.0171999399523
21 0.00189658690345
22 0.000754664849233
23 0.000192400056305
24 0.000653267870449
25 0.00264991979643
26 2.15628308547e-06
27 0.000298927438326
28 0.0003125
29 0.00147771871666
30 0.00625618436592
31 0.000185515498484
32 0.000760343201398
33 0.0459426730579
34 0.000281467690963
35 0.000826792148537
36 0.00087264004137
37 0.00186036500752
38 0.025166446513
39 0.000263193245745
40 0.000298815462391
41 0.005612577811
42 0.000511567450756
43 0.00114958382878
44 0.000208191934972
45 0.000503694167032
46 0.00929017273915
47 0.00575422822839
48 0.0026968630846
49 0.0741642693027
50 0.0015341843232
51 0.00125999405071
52 0.000238722393118
53 0.00251187646785
54 0.00897934988507
55 0.000283666767951
56 0.000360234095876
57 0.000382230224051
58 9.55737746968e-05
59 0.000497764971104
60 0.010268403034
61 1.52986032375e-05
62 0.000832100591716
63 0.00260056911863
64 0.000778058779668
65 0.000287663692147
66 0.000780008197308
67 0.0003808888705
68 0.000762970735341
69 0.000121927928211
70 0.000234371259796
71 0.00164106619573
72 0.000547046325778
73 2.12581463316e-05
74 0.00194970741753
75 0.0525173611111
76 0.0039831034535
77 0.000318063613207
78 0.00114237005426
79 0.00123293742927
80 0.00039745223578
81 0.00407692755536
82 0.0047031376941
83 0.00229537183119
84 0.000765293267939
85 0.00251277448289
86 0.00169161789968
87 0.000860826991709
88 0.001707766916
89 2.62468870782e-06
90 3.01146710207e-06
91 2.22499110004e-05
92 0.000494963877675
93 0.000152102660846
94 0.0020195466142
95 0.00441332046158
96 0.000318666165718
97 0.000285105300049
98 0.00208080007997
99 2.26757369615e-05
100 0.00159056049257
101 0.00035072071426
102 0.000358905526413
103 0.00217358672819
104 0.000768888457336
105 0.000239427989255
106 0.000447239437391
107 0.000557387316031
108 0.0027828764642
109 0.0109007406056
110 0.000225198787372
111 0.0018823419718
112 0.00122942193564
113 0.00019899568597
114 0.000442262705152
115 3.55662965771e-06
116 0.000267434737844
117 0.000445699225233
118 0.00365629104961
119 0.00337693250239
120 0.000377412871222
121 0.00158450607363
122 0.000188806518699
123 0.00258184243308
124 0.000263193245745
125 0.000360519147573
126 0.0190086943766
127 0.000912121075627
128 0.00180702643336
129 0.00185399106131
130 0.000729682405507
131 0.00167023058642
132 0.00301306935121
133 7.16834316292e-06
134 0.00224806777646
135 0.00302378939742
136 0.0001453778091
137 0.000930066274133
138 0.000574792243767
139 0.000372108862978
140 0.000543412631325
141 0.00475624256837
142 0.000792253036817
143 0.000359124565241
144 0.000218618621681
145 0.000713222798475
146 0.00021116261333
147 0.000480719520698
148 0.000390015600624
149 0.0153726270647
150 0.0296113046401
151 0.00330057469968
152 0.000502401725321
153 0.00250711191434
154 0.216316385663
155 0.000545471984473
156 0.00048152042531
157 0.000601413045621
158 0.00640079700519
159 0.00116642778226
160 0.00107628641325
161 0.0020163205014
162 0.000382933632067
163 2.62984878369e-05
164 0.00619666159037
165 0.0116634095977
166 0.00118650450271
167 0.000568556638368
168 0.000806623731974
169 0.00143181509441
170 0.000666673067075
171 0.000295509822797
172 3.85255648038e-05
173 0.000541840489096
174 0.00519033108849
175 0.00246903819472
176 0.000358700642792
177 0.000779526136835
178 0.00129390452111
179 0.000393867349217
180 0.000442095717613
181 0.000381785872848
182 0.00236182438207
183 0.00213530738052
184 0.00597017724996
185 0.000240762971732
186 0.000789781109972
187 0.000726652981462
188 0.00427161932835
189 0.000293946105881
190 0.000372108862978
191 8.96410771272e-06
192 0.0340569629071
193 0.000780008197308
194 0.000287663692147
195 0.070434883164
196 0.000263193245745
197 0.000478660180374
198 0.00139484031083
199 5.15098097571e-05
200 0.000403591844369
201 0.000632046695863
202 0.000770019720532
203 0.000657989325344
204 0.00837056466027
205 0.00035927456382
206 0.00385078139255
207 0.00271178323417
208 0.000808590807071
209 0.00038087437788
210 0.000281788957323
211 0.001575954465
212 0.00046227830232
213 0.00101216948293
214 0.000552403718213
215 0.00110508883975
216 0.00286718423194
217 0.00159080291911
218 0.000270515927978
219 0.00037021791152
220 0.000860826991709
221 0.00048152042531
222 0.00037441056741
223 0.00107697094588
224 2.07448900982e-05
225 0.00187890495165
226 0.00276289741654
227 0.00247672627095
228 0.000162796435776
229 0.00945257953662
230 0.000391808015326
231 0.0455052592915
232 0.000325405168557
233 0.000163316967612
234 0.0024017542107
235 0.000743801652893
236 0.000352759115604
237 0.00432912049861
238 0.00101782091995
239 0.00464146846661
240 0.00127979163392
241 0.00287975830712
242 0.00117203493561
243 0.00743408574994
244 0.00228046032532
245 0.000281631054199
246 0.000221937864334
247 0.000431764736986
248 0.000468844342471
249 0.00135571290069
250 0.00138971381122
251 0.00261245898053
252 0.000162796435776
253 0.00322467326701
254 0.000161111455902
255 8.96410771272e-06
256 0.000248000496001
257 0.00015600614518
258 9.5407045214e-06
259 0.000101701407596
260 0.000489466677109
261 5.80941403926e-07
262 0.000589823758334
263 0.000391808015326
264 0.00580498866213
265 0.0115630475959
266 0.000360234095876
267 0.00465501833664
268 0.000399360767182
269 0.00243552038416
270 0.000484755430593
271 0.00043987320391
272 0.000826792148537
273 0.00156847367905
274 0.00103834522466
275 0.00222615769648
276 0.000238722393118
277 0.000160484563078
278 1.55953946222e-05
279 0.00178939020445
280 0.000824156956114
281 0.000454919749107
282 0.00167023058642
283 0.00262866165009
284 1.49201495699e-05
285 0.00125856424552
286 0.000117635433675
287 0.00133320027432
288 0.00042576396735
289 0.00164810698222
290 0.000607816382691
291 0.0097340810603
292 4.8225308642e-05
293 0.000170039899597
294 0.000971881384631
295 0.00986254458977
296 0.0219727941763
297 0.000163959723776
298 0.00799585677893
299 0.00235452869667
300 0.00057843253139
301 0.000163316967612
302 0.000762970735341
303 0.000655189487098
304 0.00022101855418
305 0.000186628445161
306 0.000398723065459
307 0.00035163914584
308 0.000466344208999
309 0.0311571464977
310 0.00101239669421
311 0.000855450263851
312 0.000633780646539
313 0.0157347205842
314 0.0132776974561
315 0.000360234095876
316 0.000215607906915
317 0.00211302526946
318 0.000240948602396
319 5.73921028466e-05
320 0.000592118095877
321 0.0171686769077
322 0.000812453100581
323 0.000299219423814
324 0.00119756215564
325 0.000372108862978
326 0.00134057557976
327 0.00545048755996
328 0.000487216884649
329 1.55000310001e-05
330 0.00296824797575
331 0.000917437033191
332 0.00214796662467
333 1.81592200413e-05
334 0.00448094896832
335 0.000601429808723
336 0.00123488972854
337 0.000484729224479
338 5.84698652811e-05
339 9.75038407372e-06
340 0.000477885462391
341 0.000398669992608
342 0.000772605716117
343 0.00014130249995
344 0.000163316967612
345 0.000205047203448
346 0.00337965968379
347 0.000415136473625
348 0.00148069577581
349 0.0074319226083
350 0.0133911575721
351 0.00282214943591
352 0.00110106260334
353 0.0245111264337
354 0.000445884855898
355 0.00367584441895
356 0.000329389396334
357 0.00398370906448
358 0.00045113395793
359 0.00150516967168
360 0.000724205345626
361 0.00826437998189
362 0.000560941828255
363 0.000241594981381
364 2.9471900385e-06
365 0.000780008197308
366 0.000453669691068
367 0.000213015897878
368 0.00106762069638
369 0.00132526289992
370 0.00154156907462
371 0.000241896319041
372 0.00152918039515
373 0.000390696127422
374 0.00252832101092
375 0.000350160457528
376 0.00189765245851
377 0.00133310922117
378 0.00471629024887
379 0.00238241649379
380 0.000376161360585
381 0.00577044630597
382 0.000582377170913
383 0.001707766916
384 0.00120853211516
385 0.00673515579325
386 0.00117363164233
387 0.00107022425242
388 0.00421250924556
389 0.00416724784226
390 0.000489466677109
391 0.000259912732696
392 0.000916729680043
393 0.000770137083697
394 0.00101775826062
395 0.000789781109972
396 0.00048152042531
397 0.000276983693109
398 0.00100073819886
399 6.34348813533e-05
400 0.00419268654306
401 0.00874346432788
402 0.00246595070447
403 0.00137798438935
404 0.00182368511037
405 0.000824156956114
406 0.00368480852666
407 0.0902347778691
