1 0.000522448979592
2 0.00196133656457
3 0.00332248181854
4 0.000407115814958
5 0.000653731921488
6 0.000749326228394
7 0.0160011198035
8 0.00261075221028
9 0.000887043683238
10 0.00156073769242
11 0.000303984410485
12 0.000219478737997
13 3.73318511206e-05
14 0.00128673988025
15 0.000180172064321
16 0.000901971984697
17 0.0127113818302
18 0.000512988580966
19 0.0314048210807
20 0.00557841634958
21 0.0172643635559
22 0.000749326228394
23 0.000162537102586
24 0.00039681909811
25 0.00113084979031
26 6.34910556975e-07
27 0.000416493127863
28 0.000297675605984
29 0.00107195320892
30 0.000806474179021
31 0.000167154282414
32 0.000401309328094
33 0.010083681757
34 0.000409354879434
35 0.000395557352968
36 0.000407815265271
37 0.000386992743886
38 0.00829604082452
39 0.00033956493243
40 0.000493193007482
41 0.00338199103711
42 0.00111106964045
43 0.000596499432037
44 0.00054122614413
45 0.00580056833969
46 0.00111202617067
47 0.00336197606649
48 0.00379346403124
49 0.0883243993537
50 0.000217686171868
51 0.00182879636202
52 0.000288054406795
53 0.00305021572899
54 0.00723716973024
55 0.000820631348367
56 0.000877642590163
57 0.000313237686241
58 0.000192995377668
59 0.000637857848255
60 0.0636741757153
61 5.39775093711e-05
62 0.000398749868843
63 0.00114361287101
64 0.000793394846069
65 0.000216450073613
66 0.000640922929018
67 0.00087936186555
68 0.000874474486724
69 0.000315264236829
70 0.00043404630053
71 0.00138287376641
72 0.000678386206323
73 7.37419281394e-06
74 0.000675803459332
75 0.0145607803313
76 0.000222766763199
77 0.000315264236829
78 0.000418570974103
79 0.00140553279996
80 0.000284836526578
81 0.000630568198136
82 0.00299239228506
83 0.000259680096563
84 0.00248217582008
85 0.00036253552123
86 0.00196392845412
87 0.000685794882088
88 0.000513557953336
89 2.46445637789e-06
90 1.32552549722e-05
91 3.23980054472e-05
92 0.000385719846358
93 0.000279265206326
94 0.000907294117647
95 0.00365652274461
96 0.000635431754783
97 0.000694550139446
98 0.00356585625385
99 2.33377675092e-05
100 0.000152729887648
101 0.000335791233793
102 0.000244990548204
103 0.00285315088447
104 0.00140629894609
105 0.0014076860479
106 0.00357031306431
107 0.000812969392454
108 0.000605451338401
109 0.0102068913764
110 0.000178841887005
111 0.00115308015516
112 0.00172539991131
113 0.000297675605984
114 0.000439241277923
115 1.01585689116e-05
116 0.000774401612497
117 0.000259680096563
118 0.00639320310975
119 0.000427840253749
120 0.000759688438714
121 0.00113713218447
122 0.000529302091207
123 0.000732152575416
124 0.00232859132351
125 0.000197260446913
126 0.00740574022776
127 0.000484705268439
128 0.00655198791977
129 0.000415800127771
130 0.000714083359121
131 0.00154473738512
132 0.00192512521149
133 1.35718198085e-05
134 0.00204761326696
135 0.00126211911357
136 0.000486378370503
137 0.00231471971519
138 0.00906454647857
139 0.000366432228213
140 0.000737184372301
141 0.00271644795104
142 0.00115117110346
143 0.00056990480479
144 0.000317256829115
145 0.000924391083327
146 0.000180875861448
147 0.000394670534723
148 0.000285389573283
149 0.0143860100254
150 0.0315029685259
151 0.00700254564702
152 0.00279007406724
153 0.00237521419665
154 0.186425891913
155 0.000641596166072
156 0.001527071698
157 0.000324883081077
158 0.00391838689318
159 0.00138442574463
160 0.0027340361099
161 0.00632492733564
162 0.00128673988025
163 9.2809093435e-06
164 0.0124744233028
165 0.0465028649767
166 0.00248764925726
167 0.000459942305223
168 0.00117847135531
169 0.000843394361818
170 0.000755247808413
171 0.000864306538942
172 4.34093837154e-05
173 0.0598083758808
174 0.00169052069727
175 0.00286996637015
176 0.000299579727449
177 0.00132571203838
178 0.00113261023852
179 0.000199620966609
180 0.000154615441817
181 0.00033223057957
182 0.00563113550597
183 0.00590214159738
184 0.00460261907436
185 0.000221846050139
186 0.00108484362354
187 0.00264489795918
188 0.00858217903064
189 0.000275223512922
190 0.000809806087425
191 8.31700687557e-06
192 0.0237289630135
193 0.000365871720106
194 0.00118738885229
195 0.107083884146
196 0.00135123803456
197 0.000474237880756
198 0.000967901234568
199 5.39775093711e-05
200 0.000184784308512
201 0.000279265206326
202 0.00138292366133
203 0.0676288419954
204 0.00944600974696
205 0.00051192222465
206 0.00809745038582
207 0.00185470810233
208 0.000484587421303
209 0.0034209670171
210 0.000226253674568
211 0.00147815268164
212 0.000409039262719
213 0.000691509427418
214 0.000330196722303
215 0.000594430839002
216 0.0154727137142
217 0.00108258032244
218 0.000407953409376
219 0.000122263594422
220 0.000874474486724
221 0.000430062924909
222 0.000366432228213
223 0.000159471305718
224 2.23200446401e-05
225 0.00121582653689
226 0.000820489417497
227 0.000474070502978
228 0.000372383439917
229 0.0263238465741
230 0.000393935062486
231 0.107215245161
232 0.00144478471475
233 0.000759833868422
234 0.00176677188306
235 0.00040694632461
236 0.000219478737997
237 0.00480703748778
238 0.00224114532398
239 0.00357788564179
240 0.000823478992397
241 0.00143073509604
242 0.000799738850709
243 0.00912775954383
244 0.00136669090927
245 0.00126741955152
246 0.00109214103481
247 0.00041067196604
248 0.00143889550133
249 0.00718336771449
250 0.00120328140951
251 0.00253103276296
252 0.000274838351075
253 0.0237820907374
254 0.000118147448015
255 4.4630209945e-05
256 0.000405822810618
257 0.000297675605984
258 1.01585689116e-05
259 0.000136594454799
260 0.000324883081077
261 2.71184556175e-06
262 0.000197576063628
263 0.000634260844051
264 0.00054539385376
265 0.00285280198716
266 0.00356888472085
267 0.00865961830608
268 0.00128115279929
269 0.000820631348367
270 0.000394186593256
271 0.00036664991469
272 0.00135517952495
273 0.000586233521119
274 0.00200266775027
275 0.00422411691833
276 0.000807323485198
277 1.98706640555e-05
278 1.32017956398e-05
279 0.00359101684692
280 0.000773312903354
281 0.00206611570248
282 0.00301977837469
283 0.00271199919079
284 4.34093837154e-05
285 0.00651131068411
286 0.000401309328094
287 0.00222972129459
288 0.000265354526752
289 0.00259232466841
290 0.000405683621204
291 0.00943010349527
292 4.03408754169e-05
293 0.000244990548204
294 0.00293769875368
295 0.00110190940239
296 0.0179239312791
297 0.000287663692147
298 0.00118475185182
299 0.00530019934403
300 0.000256418471528
301 0.000288123954055
302 0.00185470810233
303 0.000402295547656
304 0.000439241277923
305 0.00122308817821
306 0.000653731921488
307 0.000492118415994
308 0.000274838351075
309 0.00631472855556
310 0.000363088377454
311 0.0027401035759
312 0.000297675605984
313 0.042566440792
314 0.00317186100963
315 0.00106796531249
316 0.00071432648034
317 0.00911847687664
318 0.000678386206323
319 6.42567700531e-05
320 0.00196758408817
321 0.00639309962644
322 0.00087936186555
323 0.000407979574403
324 0.000609585514685
325 0.000366432228213
326 0.00114868449799
327 0.00245686755094
328 0.000405822810618
329 5.05554623439e-06
330 0.00115356040512
331 0.00040947338621
332 0.00128673988025
333 1.55136007355e-05
334 0.00619696233863
335 0.00107715878315
336 0.00240564999953
337 0.00036664991469
338 0.000721729523127
339 1.01585689116e-05
340 0.000945581411534
341 0.000471768967566
342 0.000509415919958
343 0.000194247835958
344 0.000579084331837
345 0.000157973106313
346 0.000710041788765
347 0.00148161495413
348 0.00086561216405
349 0.00359101684692
350 0.00632891764749
351 0.00422298343681
352 0.000759688438714
353 0.0780988915028
354 0.000672908746243
355 0.000559356200695
356 0.00146935639016
357 0.00435926883861
358 0.000375812893255
359 0.000424074973741
360 0.000823478992397
361 0.0077497488559
362 0.000643377143153
363 0.0018123476658
364 8.71447828869e-06
365 0.000282727771997
366 0.000138311988624
367 0.00035173834719
368 0.000407953409376
369 0.000213491209798
370 0.000180875861448
371 0.000370185944728
372 0.00398891966759
373 0.00248764925726
374 0.00198942560991
375 0.00148658199207
376 0.000475367370684
377 0.00299740956899
378 0.00680844105879
379 0.00197726334969
380 0.000106834009464
381 0.0201211401539
382 0.000682260319146
383 0.00363254555055
384 0.00216416334119
385 0.00739576133159
386 0.000244990548204
387 0.000477856765944
388 0.00252756970101
389 0.00110199825778
390 0.000310974930451
391 0.0014076860479
392 0.0015244202473
393 0.000528719417788
394 0.00126554708778
395 0.00114355060795
396 0.00138452030277
397 0.000289706937986
398 0.00260059364137
399 0.0002036159588
400 0.000672464925438
401 0.0159693980839
402 0.000797168359495
403 0.00117858920244
404 0.00305021572899
405 0.000863640149938
406 0.000691777528265
407 4.34480243504e-06
