1 0.000523113039238
2 0.000222737982887
3 0.0160910432095
4 0.00305100501747
5 0.000797294627316
6 0.000317063173189
7 0.0218290590569
8 0.00445664398483
9 0.00142465793878
10 0.00394701565761
11 0.000291095890411
12 0.000862231849887
13 0.000119442204903
14 0.000582887831184
15 0.000325687291499
16 0.000193050164294
17 0.00768532915063
18 0.000298499051251
19 0.0126890624692
20 0.00212116700611
21 0.0159912549342
22 0.00127233641645
23 0.00290050998755
24 0.000461550197922
25 0.000922691187786
26 8.36518639465e-06
27 0.00041787509563
28 0.000888359055416
29 0.000910670163469
30 0.00039802289282
31 0.000399555925652
32 0.000995518301822
33 0.00313249993689
34 0.000662586739844
35 0.00118300945272
36 0.000662485766552
37 0.00158960197717
38 0.0180449021912
39 0.00103558207922
40 0.000380295354625
41 0.00145860886015
42 0.000549314318936
43 0.000889440771061
44 0.000106144392031
45 0.00119073596509
46 0.00745109688898
47 0.0306211375741
48 0.00283900484756
49 0.0225402460055
50 0.00196388495799
51 0.00143060759268
52 0.000875530934211
53 0.00253739663869
54 0.00518193020792
55 0.000586061324587
56 0.000610133852583
57 0.00091280757327
58 8.13876048261e-05
59 0.00137072657144
60 0.0105197954345
61 7.46513780644e-06
62 0.0004
63 0.00137072657144
64 0.00331851653252
65 0.00035545088597
66 0.000875530934211
67 0.00117900095258
68 0.000889440771061
69 0.000899470776178
70 0.000774711574343
71 0.000626917666989
72 0.000969815974426
73 6.05172103382e-06
74 0.00358310319323
75 0.00935374418707
76 0.000404341952956
77 0.000350160457528
78 0.000892794356565
79 0.00119073596509
80 0.000199851316841
81 0.000740226680162
82 0.000415108855857
83 0.000331808570915
84 0.00185767563529
85 0.00608472567401
86 0.0111041738929
87 0.000778799351001
88 0.0017971633176
89 3.27297356399e-06
90 7.64157571202e-06
91 2.63284832583e-05
92 0.00211529740279
93 0.000310454274945
94 0.00213740568965
95 0.00461205184171
96 0.000154315034142
97 0.000376745688824
98 0.000401926934185
99 1.27323555415e-05
100 0.000897973390004
101 0.000361983926755
102 0.000299492881994
103 0.00098307788848
104 0.001704944297
105 0.000413586602621
106 0.0017285483292
107 0.0012372196348
108 0.00145124716553
109 0.0106583653841
110 0.00122614670335
111 0.00207096653314
112 0.00239248582231
113 0.000626444009952
114 0.000588207021407
115 7.07333635129e-06
116 0.000355603848433
117 0.000298499051251
118 0.0074107537164
119 0.000894478874782
120 0.000969931822155
121 0.00218343310819
122 0.000177481851441
123 0.00325921585624
124 0.0100121960369
125 0.000535207999081
126 0.00784908218086
127 0.00069809343417
128 0.00357355510828
129 0.000875695111048
130 0.000434344464293
131 0.00048009797555
132 0.00100120476762
133 1.44451355917e-05
134 0.00203935612667
135 0.00155362565933
136 0.000172385921772
137 0.000971309147375
138 0.000640922929018
139 0.000662485766552
140 0.00134517641364
141 0.00172927826912
142 0.00259645421721
143 0.000170317402447
144 0.000561449603661
145 0.000598453293599
146 0.000224065421571
147 0.000459451536187
148 0.000885868451609
149 0.0151213617858
150 0.00542775771837
151 0.00681413444764
152 0.00041787509563
153 0.00209450759038
154 0.216757839672
155 0.00134232828293
156 0.00128002128882
157 0.00237130359432
158 0.00535794598733
159 0.000769492400075
160 0.0010185819386
161 0.00141706671294
162 0.00103132079886
163 1.02893295151e-05
164 0.00121720041536
165 0.04026779384
166 0.00239248582231
167 0.000981789011147
168 0.000227907885832
169 0.00180597815553
170 0.000300572675106
171 0.000506611800953
172 0.000129869075738
173 0.000497357638339
174 0.00132227950702
175 0.00227775569803
176 0.000938527788776
177 0.000995518301822
178 0.000460634076835
179 0.000434578007928
180 0.000309958341599
181 0.000407787069279
182 0.00432637109123
183 0.00403636604351
184 0.00151734668816
185 0.000453465053444
186 0.00190108683085
187 0.00277222051229
188 0.0108117002718
189 0.000253860401852
190 0.000950114551601
191 1.19730367213e-05
192 0.0413392450433
193 0.00149361712059
194 0.00154404251036
195 0.0187734298053
196 0.000496977565013
197 0.000862231849887
198 0.00165329553142
199 1.06448376529e-05
200 0.000243337703026
201 0.000662485766552
202 0.0014076860479
203 0.00130643054144
204 0.0207308169718
205 0.000940305134821
206 0.00807754678834
207 0.00291552446088
208 0.000269104967637
209 0.00094486872029
210 0.00026801218711
211 0.000566050773207
212 0.00032288246811
213 0.000357819571591
214 0.000460959693894
215 0.000759688438714
216 0.0161622772912
217 0.003209208293
218 0.00109725130149
219 0.000478088664838
220 0.000537355984657
221 0.000479371262961
222 0.000375812893255
223 0.000568786592549
224 3.85787585356e-05
225 0.00567861915707
226 0.000883917215863
227 0.00108293593358
228 0.000465540953353
229 0.000832310641405
230 0.00054946634348
231 0.0322009732503
232 0.0020698774053
233 0.000429958660917
234 0.000741062248324
235 0.00018573928589
236 0.00047258979206
237 0.00136476937289
238 0.00163932832653
239 0.00324467232815
240 0.00240107419162
241 0.000715460458155
242 0.00138437318869
243 0.00453139442786
244 0.00738697562358
245 0.000605503069798
246 0.00145124716553
247 0.00105948484185
248 0.00017616643722
249 0.0060519757921
250 0.00366864639055
251 0.00296485393003
252 0.00100781053162
253 0.0705935800652
254 0.00019396969327
255 1.0200067396e-05
256 0.000414448495506
257 0.000302350145899
258 2.81268653581e-05
259 0.000708157381754
260 0.00041647227068
261 2.9497214449e-06
262 0.000432555250331
263 0.000268256111727
264 0.000565103678263
265 0.019830283359
266 0.000781219860345
267 0.00174203134931
268 0.000618967632673
269 0.000662485766552
270 0.000399555925652
271 0.000299492881994
272 0.000759833868422
273 0.000379687854059
274 0.00073854697734
275 0.00389542186938
276 0.000292005724247
277 1.22350414911e-05
278 5.4365138355e-05
279 0.000154315034142
280 0.000361983926755
281 0.00334971382999
282 0.00243049600122
283 0.00139286295918
284 9.61480680248e-06
285 0.00178051950364
286 0.000186464829976
287 0.00334971382999
288 0.00171713736161
289 0.000618967632673
290 0.000513191106084
291 0.00274213536785
292 2.68154737864e-05
293 0.000480390317133
294 0.000756418749269
295 0.000479884087828
296 0.00622280859772
297 0.000317063173189
298 0.00112395284557
299 0.00118488791396
300 0.00100781053162
301 0.00089573835253
302 0.00117093058449
303 0.000427459986825
304 0.000362563101038
305 0.000209280956414
306 0.000427566423059
307 0.000361983926755
308 0.00148051772593
309 0.00397106967053
310 0.00118212936648
311 0.000626917666989
312 0.00041647927317
313 0.0147156311028
314 0.00130446524568
315 0.000875530934211
316 0.000326362898503
317 0.00217238443193
318 0.000331304612317
319 0.000833735848454
320 0.000365190704734
321 0.00994769317284
322 0.000177481851441
323 0.000503143249412
324 0.000732076412256
325 0.00075060987052
326 0.000302350145899
327 0.00612117428016
328 0.000250615709889
329 3.77922601451e-05
330 0.00739323020623
331 8.32110088165e-05
332 0.00122213159047
333 2.81268653581e-05
334 0.000769492400075
335 0.00237229786238
336 0.00017910200246
337 0.000513191106084
338 0.000140051118658
339 4.66996331484e-05
340 0.000329111449802
341 0.000259141582107
342 0.000969963789694
343 0.00017171515943
344 0.000143425723403
345 0.000329111449802
346 0.0063750421225
347 0.000537355984657
348 0.0029949753719
349 0.00623101366376
350 0.00771157373227
351 0.000887173418608
352 0.00117505900715
353 0.0808955983459
354 0.000169623983484
355 0.001610500382
356 0.00331088337454
357 0.00545200432249
358 0.00100738504396
359 0.000657462195924
360 0.00115879159898
361 0.00940292452287
362 0.00112070381319
363 0.000432922678856
364 7.6204955132e-06
365 0.0004860197394
366 0.00218155750553
367 0.000177481851441
368 0.00069809343417
369 0.00394267171444
370 0.000126602060053
371 0.000229762505217
372 0.00213260714393
373 0.000695377117305
374 0.000910469553012
375 0.000747194130375
376 0.00211777856041
377 0.00100973291656
378 0.00157659497635
379 0.00019077561735
380 0.00047258979206
381 0.00462581879834
382 0.000630355282362
383 0.00117470444736
384 0.000762970735341
385 0.00356036852869
386 0.000506611800953
387 0.000309958341599
388 0.000401926934185
389 0.00122231786262
390 0.00218504799754
391 0.000220021666022
392 0.000971309147375
393 0.000561449603661
394 0.000821534342164
395 0.000940305134821
396 0.000769492400075
397 0.00107294219713
398 0.000233482550782
399 1.0142399286e-05
400 0.00559641046559
401 0.0117210792701
402 0.00481161157621
403 0.000695377117305
404 0.00130072561139
405 0.00186787106246
406 0.00118788339159
407 0.00212745429435
