1 0.000359819538431
2 0.000551127462707
3 0.00364599722639
4 0.00247742675211
5 0.000424780107949
6 0.00078311874363
7 0.00951375718135
8 0.00112160148043
9 0.000754965378279
10 0.00310315800501
11 0.000311767776712
12 0.000450346428631
13 8.09374171656e-06
14 0.000544343635401
15 0.00118049940547
16 0.00123608249333
17 0.00628348972505
18 0.000557217878847
19 0.0183844510435
20 0.000660223188985
21 0.0135706308363
22 0.000366681756451
23 0.000242874009108
24 0.00103100806398
25 0.00773182201596
26 8.17493962041e-06
27 0.000302079555565
28 0.000215469355679
29 0.000877164245662
30 0.00603500510327
31 7.03944757935e-05
32 0.00138007461944
33 0.00122266085806
34 0.000588487441969
35 0.000354881718416
36 0.000501810179763
37 0.000501849213673
38 0.0142248013665
39 0.000610831027057
40 0.00210833887392
41 0.00187509149363
42 0.000601325636404
43 0.00220533338644
44 0.000238378010937
45 0.000526496010957
46 0.00650060129335
47 0.0107144724406
48 0.00133394195441
49 0.100106566916
50 0.000383093121293
51 0.000723720815508
52 0.000247783664977
53 0.000283729646888
54 0.00162428524113
55 0.00075014936259
56 0.00166190006031
57 0.000876188867973
58 0.000185814827365
59 0.000468132156444
60 0.0137354777981
61 5.01411069795e-05
62 0.000177116342236
63 0.00366383662851
64 0.000147146648304
65 0.00282933454052
66 0.000359311456887
67 0.000740432227313
68 0.000713222798475
69 0.000233159290912
70 0.000743324540701
71 0.000679084612791
72 0.00303236585517
73 0.000115620302925
74 0.00254065905955
75 0.0241915738158
76 0.000397787002862
77 0.000171690460993
78 0.000717471763508
79 0.00166206625032
80 0.000105326378178
81 0.00233659787698
82 0.00382099429065
83 0.000981858587521
84 0.00142177641743
85 0.00198080706282
86 0.000948926650182
87 0.000948531593292
88 0.00219154373272
89 2.92455328819e-06
90 6.06663592904e-06
91 2.79392744236e-05
92 0.000763791267712
93 0.000503627731274
94 0.00125880429133
95 0.00397570446104
96 0.0002001953125
97 0.000478001192446
98 0.00104302833938
99 4.65581191899e-05
100 0.00122500373323
101 0.00158609134198
102 0.000527463031562
103 0.00252848645487
104 0.00115440323634
105 0.000387351550974
106 0.00174761604652
107 0.000437439768316
108 0.00254543496172
109 0.0139050049763
110 0.000744929907039
111 0.00150041400428
112 0.000839987071214
113 0.000181938658681
114 0.000738032677338
115 2.68524813623e-06
116 0.0011263116127
117 0.000243061411893
118 0.00511933585754
119 0.00747539252329
120 0.00123186925741
121 0.00233194527067
122 0.00125440480394
123 0.00187393064524
124 0.00031666764466
125 0.00017114280402
126 0.00710866225956
127 0.000526496010957
128 0.00197970863684
129 0.000932346599848
130 0.000677160348807
131 0.0157124789535
132 0.00148628145503
133 1.27855256485e-05
134 0.00255386791398
135 0.00352156970464
136 0.000236262828461
137 0.00066618649777
138 0.000723679395072
139 0.000279105268254
140 0.000549901082882
141 0.00143073509604
142 0.000349636853179
143 0.0010188991362
144 0.000216695697547
145 0.000198150008116
146 0.000771936358803
147 0.000762686241156
148 0.00133013850611
149 0.0167202839941
150 0.0043938832769
151 0.00628347597496
152 0.000211801692372
153 0.00133894372584
154 0.175293104857
155 0.0314102700032
156 0.000387251818519
157 0.00289731849495
158 0.00337912427618
159 0.00142177641743
160 0.00139210949103
161 0.00115440323634
162 0.000660634505895
163 8.63323715368e-05
164 0.00161287721166
165 0.00616736438988
166 0.00146236779281
167 0.00194762916238
168 0.000336425034544
169 0.000904516931426
170 0.000209752164708
171 0.00023445815401
172 3.85255648038e-05
173 0.000723679395072
174 0.000321880438286
175 0.00146728022402
176 0.00043547816199
177 0.00104892069562
178 0.00070415542943
179 0.000734175962764
180 0.000195346164895
181 0.00034725837614
182 0.00369973231929
183 0.0157916217286
184 0.00156910772601
185 0.00050639139514
186 0.00209223455549
187 0.00252466972899
188 0.0206667463805
189 0.000734175962764
190 0.00438715836893
191 8.84016104809e-06
192 0.0482087214563
193 0.000679323223178
194 0.00710995641564
195 0.130141351031
196 0.000418525013555
197 0.000932346599848
198 0.00353165544263
199 1.151045185e-05
200 0.000115873305104
201 0.000627593994141
202 0.00208517216541
203 0.00104432246357
204 0.01108033241
205 0.000576328646661
206 0.00604893085991
207 0.0050337297433
208 0.00128212595326
209 0.00123629981621
210 0.000375400201475
211 0.00149650752556
212 0.000666928772419
213 0.00062744140625
214 0.000694186152351
215 0.00282961747397
216 0.0107057005212
217 0.000736224188801
218 0.000267282406136
219 0.000119476570473
220 0.000441187957943
221 0.000408451615475
222 0.000588487441969
223 0.0002070917231
224 0.000112026361506
225 0.000464722060014
226 0.000363311507197
227 0.00299859439463
228 0.000942257971847
229 0.00358532289476
230 0.000316047387559
231 0.0544989810483
232 0.000366681756451
233 0.000436206081899
234 0.00134128519101
235 0.00020628591873
236 0.000383093121293
237 0.00614990702896
238 0.000522109854643
239 0.00488338238691
240 0.00195591280744
241 0.00176544486673
242 0.000402955048443
243 0.00162582407011
244 0.000955912389466
245 0.000866467120715
246 0.000262511398245
247 0.00016156329029
248 0.000761530111192
249 0.00195576694411
250 0.00124831252129
251 0.00422290573757
252 0.0029416834243
253 0.00530226237733
254 0.000794304997077
255 3.2582204903e-06
256 0.000119285713331
257 0.000382933632067
258 7.73752758912e-06
259 0.000688042799807
260 0.000442095717613
261 3.5399201217e-06
262 0.000458247996334
263 0.000368140449109
264 0.000374609781478
265 0.0281993555078
266 0.00104058272633
267 0.00233508176056
268 0.000954852503535
269 0.000476141265627
270 0.00094674556213
271 0.000427058889424
272 0.000436206081899
273 0.00153705888078
274 0.00190108683085
275 0.00311708444067
276 0.00072189898913
277 4.0858245093e-05
278 3.42486095867e-05
279 0.000226303715289
280 0.00390365889123
281 0.000762686241156
282 0.0055577968405
283 0.000835418121295
284 3.69296253558e-05
285 0.00245229389097
286 0.000280965195073
287 0.00133627767858
288 0.00063713373914
289 0.00110879990818
290 0.000680714264703
291 0.00559363713274
292 1.06971249471e-05
293 0.000948531593292
294 0.000506539099572
295 0.00176244870393
296 0.00581109614108
297 0.0074805806864
298 0.00164601172187
299 0.00168096533328
300 0.000293301534184
301 0.000662170109253
302 0.000748685641778
303 0.000360771688442
304 0.000623726439455
305 7.42860446294e-05
306 0.000286733529858
307 0.000179367940877
308 0.000916729680043
309 0.0286993523635
310 0.000695568168096
311 0.00194134800784
312 0.00046113747724
313 0.0086537987433
314 0.00248754671924
315 0.000366681756451
316 0.000349636853179
317 0.000746131492196
318 0.000452952530875
319 0.000677160348807
320 0.000419983143142
321 0.00918120069149
322 0.000844950631125
323 0.00125711808428
324 0.00251559163284
325 0.00242754009271
326 0.000588487441969
327 0.00106430954704
328 0.000335439895879
329 4.88594281806e-05
330 0.000632886357343
331 9.13979870507e-05
332 0.00107603615242
333 3.25290231173e-05
334 0.0049161553946
335 0.00254061164422
336 0.0008447443947
337 0.000622904656796
338 0.000332349269236
339 4.51186868206e-05
340 0.00221267132107
341 0.000437057630905
342 0.000795892174417
343 0.000366681756451
344 0.000588487441969
345 0.000626739734719
346 0.00172569082463
347 0.000400568670031
348 0.00247070309446
349 0.00362085944463
350 0.00580571156934
351 0.00134316493517
352 0.00246937776336
353 0.0110166325744
354 0.000395852259388
355 0.000414999531545
356 0.00117600793254
357 0.00539506484573
358 0.000479581944909
359 0.000508044882977
360 0.000374609781478
361 0.0111558349672
362 0.00379314561479
363 0.000783309934729
364 1.42878284811e-05
365 0.00125746386154
366 0.00084507985747
367 0.000514282142132
368 0.000547970179863
369 0.00186745364762
370 0.000547977753388
371 0.00123556788779
372 0.00273765864927
373 0.00135311718106
374 0.00123556788779
375 0.00122266085806
376 0.000694010868308
377 0.00109024563902
378 0.00289252667112
379 0.00028495081293
380 0.000486591695502
381 0.0016501249727
382 0.00060637286747
383 0.0037305486546
384 0.000651280075125
385 0.00450001450448
386 0.0007571064607
387 0.000327615391405
388 0.00624912121733
389 0.0103447530176
390 0.000459049829945
391 0.000316796034943
392 0.00122954967111
393 0.000166851864512
394 0.00257607343138
395 0.00398581121677
396 0.000971092423624
397 0.0011940730177
398 0.00230004450533
399 0.000354881718416
400 0.00389272187163
401 0.00206611570248
402 0.00267380538167
403 0.000524319878649
404 0.00138007461944
405 0.000448865268601
406 0.000402572340639
407 7.25853189388e-05
