1 0.00120300618863
2 0.000713222798475
3 0.00793948363349
4 0.000466362013076
5 0.00132767296628
6 0.000419984253652
7 0.00133146660174
8 0.0106191833048
9 0.000997977394408
10 0.00172333547178
11 0.000346283673709
12 0.000396187472108
13 5.42724456419e-06
14 0.000566893424036
15 0.00038872413896
16 0.000771604938272
17 0.00392603408142
18 0.000533670277095
19 0.0264066512271
20 0.00496626797902
21 0.00190516834752
22 0.00131632395967
23 0.000872162862955
24 0.000539296062532
25 0.00151474908853
26 1.0094121373e-05
27 0.00055394087089
28 0.00056242090956
29 0.00103872038625
30 0.0036
31 0.000405683621204
32 0.000359244746836
33 0.0169990260531
34 0.000140883515748
35 0.000219298208506
36 0.00055200846988
37 0.00283603515283
38 0.0134066055238
39 0.000281893708467
40 0.000358351232246
41 0.00326057048882
42 0.000320535093354
43 0.00157655110276
44 0.000133978026561
45 0.00084023051286
46 0.00194236573543
47 0.00305265643447
48 0.00214148771703
49 0.0955940426536
50 0.00117551020408
51 0.00208086186326
52 0.00020719421148
53 0.0014745989974
54 0.00315193003457
55 0.000441353011793
56 0.000855087385474
57 0.00141970516699
58 0.000145078784965
59 0.000531251131621
60 0.0249881355177
61 2.556495392e-05
62 0.000557726610476
63 0.00295540024612
64 0.000225180108058
65 0.000416493127863
66 0.000343142738861
67 0.00199370923599
68 0.00174920555457
69 0.000326765093541
70 0.000269598245751
71 0.000617074851458
72 0.00199357307226
73 6.93432887182e-06
74 0.00237033588946
75 0.0392118419763
76 0.000735430714213
77 0.00018077819363
78 0.000464329330348
79 0.00130537345723
80 0.000205252830437
81 0.0026065966165
82 0.000978826991993
83 0.0011305673463
84 0.00264668747061
85 0.000319078112059
86 0.00878612062413
87 0.000422100039995
88 0.00170582194441
89 2.72079923478e-06
90 1.22350414911e-05
91 2.6332236294e-05
92 0.0065822554417
93 0.000200855096385
94 0.000830986887116
95 0.00563347476275
96 0.000209294226983
97 0.00192435775261
98 0.000213117374394
99 3.72306808388e-05
100 0.00144359137366
101 0.00115788966049
102 0.000642571853708
103 0.00289208879602
104 0.00105228396623
105 0.000245375922044
106 0.0018709740664
107 0.000695763278055
108 0.00258409507148
109 0.0142612029385
110 0.000779906610863
111 0.00329584723902
112 0.00319972180112
113 0.00276868336059
114 0.00142197669526
115 1.07674427525e-05
116 0.000592343887854
117 0.000474271604938
118 0.00309135802469
119 0.00495850694444
120 0.00208846969538
121 0.00190814424794
122 0.000716474595151
123 0.00579518707897
124 0.00089369774846
125 0.000485401257549
126 0.00527323603846
127 0.000838314511386
128 0.0470383939698
129 0.000956530980976
130 0.000799456862127
131 0.000683965645323
132 0.000979129773179
133 2.72079923478e-06
134 0.00197559424315
135 0.000394932498718
136 0.000291098582691
137 0.00118788339159
138 0.000659662239461
139 0.00087488926103
140 0.000441353011793
141 0.0109503589606
142 0.00389301061561
143 0.0010523455765
144 0.000183548698956
145 0.000571326591315
146 0.000414421597246
147 0.00197530864198
148 0.000822168242119
149 0.0150222222222
150 0.0058380203622
151 0.00613901421394
152 0.000219298208506
153 0.00201271817193
154 0.176655229757
155 0.023015321444
156 0.000377486996273
157 0.00468597072017
158 0.00226621808605
159 0.00264668747061
160 0.000696694654055
161 0.00104476405493
162 0.000643976150243
163 1.28237084722e-05
164 0.00284725585465
165 0.0391379381792
166 0.00194547262018
167 0.000806058374548
168 0.000615559696229
169 0.00152484320991
170 0.000695798019581
171 0.000211326098501
172 9.81510414171e-05
173 0.000387810186
174 0.000278907136542
175 0.00150488980716
176 0.000581511236399
177 0.000933740088328
178 0.00201123834884
179 0.000408289935168
180 0.000416493127863
181 0.000715343905999
182 0.00147574035617
183 0.00113251754476
184 0.00255012406639
185 0.00105862517173
186 0.000799456862127
187 0.00378979369582
188 0.0165163481087
189 0.000174126014718
190 0.000606331674654
191 8.33168413989e-06
192 0.0529953976442
193 0.00194547262018
194 0.0200268477368
195 0.104829487327
196 0.00014693877551
197 0.000485401257549
198 0.000362670983336
199 1.26870447036e-05
200 0.00018077819363
201 0.000886501883513
202 0.000428508718907
203 0.00199357307226
204 0.0249794170137
205 0.000393444846735
206 0.00586428074955
207 0.00809608183916
208 0.00127937805059
209 0.00136163723261
210 0.000327896344878
211 0.0018356418873
212 0.000306687969197
213 0.00134781169611
214 0.00133231144897
215 0.00321882343262
216 0.0106562782537
217 0.000299281138442
218 0.000107697697216
219 0.000430036738941
220 0.000326929099549
221 0.000336649696719
222 0.000161505941968
223 0.000834104445516
224 1.0126268236e-05
225 0.000312195121951
226 0.000827178711515
227 0.00112982158392
228 0.00045151642572
229 0.000848044177492
230 0.000306687969197
231 0.0751214042092
232 0.000771604938272
233 0.000348824150401
234 0.000696524604102
235 0.00018665677693
236 0.000615559696229
237 0.000753541940327
238 0.000271663186253
239 0.00735091688212
240 0.0373974079648
241 0.00149676103945
242 0.000422100039995
243 0.00255270118347
244 0.00208588848587
245 0.00189293021068
246 0.000114727617956
247 0.000281676365592
248 0.000430036738941
249 0.0161651975933
250 0.00109037053065
251 0.00089926575569
252 0.000539296062532
253 0.0266144008544
254 0.000890236414712
255 1.36052136522e-05
256 0.000242453993606
257 0.000133456711283
258 4.54488069688e-05
259 0.000212547076168
260 0.000664027811616
261 3.24064809721e-06
262 0.000416493127863
263 0.000715895868889
264 0.000793753745864
265 0.00597500483154
266 0.000615559696229
267 0.00245918435904
268 0.000829605912887
269 0.000874801780851
270 0.000412885321824
271 0.000739682042447
272 0.000797701000788
273 0.000733787535467
274 0.0015899038643
275 0.00520730258743
276 0.00104892069562
277 2.23905104041e-05
278 3.81923045192e-05
279 0.000449363034446
280 0.000713222798475
281 0.00192156126853
282 0.00476904423316
283 0.00339202785262
284 3.23773319014e-06
285 0.0014745989974
286 0.000956530980976
287 0.00264668747061
288 0.000607993995121
289 0.00378868472937
290 0.000804362807531
291 0.00615168237945
292 1.42399430402e-05
293 0.000607993995121
294 0.000757795732862
295 0.00383440845786
296 0.0019653904537
297 0.00135123803456
298 0.00152781865664
299 0.00115624821451
300 0.00100878243002
301 0.00135123803456
302 0.000956530980976
303 0.00082888254157
304 0.000144072027009
305 0.000146054301863
306 0.000210039907582
307 0.000511809376859
308 0.000606331674654
309 0.01679616
310 0.000715343905999
311 0.00237035139831
312 0.000120237068199
313 0.0188596797598
314 0.00594889561289
315 0.00114040033229
316 0.000578474063022
317 0.00066232564078
318 0.000259160493827
319 0.000350466436754
320 0.000287896492743
321 0.0146489419051
322 0.000821534342164
323 0.000288838227947
324 0.00596503474706
325 0.00206730630985
326 0.0018210748672
327 0.000539296062532
328 0.000715343905999
329 3.3541539333e-05
330 0.00119797152798
331 0.000143640673877
332 0.00476443860087
333 4.92185176059e-06
334 0.00355992947974
335 0.00214148771703
336 0.000425940673722
337 0.000979588575672
338 8.49455286797e-05
339 1.01910243827e-05
340 0.00202540506076
341 0.00138937460843
342 0.000773275944423
343 0.000200855096385
344 0.000425612269193
345 0.000120097579283
346 0.00479726552002
347 0.000606331674654
348 0.00466007537198
349 0.0038792638977
350 0.00113387790842
351 0.00260953918099
352 0.0011249565989
353 0.0860925524806
354 0.000357075726906
355 0.00226083999921
356 0.00111094513071
357 0.00440964020716
358 0.00107710547649
359 0.00152199379285
360 0.000814765090199
361 0.00966375232391
362 0.00177743888865
363 0.000420159174207
364 9.95133795739e-06
365 0.000730643160143
366 0.000253175632595
367 0.000232199546485
368 0.000442287771367
369 0.00328613736866
370 0.0016955017301
371 0.000254838384488
372 0.0031087496253
373 0.000884345600428
374 0.00170092046422
375 0.00637048266164
376 0.000960151638692
377 0.00128079728734
378 0.00287322985379
379 0.00111019718056
380 0.000498122623492
381 0.0104409252261
382 0.000605073265342
383 0.00264668747061
384 0.000654836026405
385 0.0046152892562
386 0.000930876575004
387 0.000290415498616
388 0.000893370188314
389 0.0062686026182
390 0.000419984253652
391 0.000588586593216
392 0.000573957448417
393 0.000256872112147
394 0.00332573697969
395 0.000915849855202
396 0.000942945611495
397 0.00129496907619
398 0.0004
399 0.000271945335942
400 0.0025103626832
401 0.00117509049144
402 0.00783968577722
403 0.000523196135706
404 0.00137174211248
405 0.00102765062099
406 0.000715343905999
407 0.0176796936737
