1 0.00134573158513
2 0.000709008788208
3 0.00626596462427
4 0.000465131236362
5 0.00130876553748
6 0.000441883324766
7 0.00166345688703
8 0.0109505665271
9 0.00108729016389
10 0.00250638106955
11 0.00035185043933
12 0.000395557352968
13 6.08911186878e-06
14 0.000540832882639
15 0.000413786437206
16 0.000745183541406
17 0.00395330996351
18 0.000538664105283
19 0.0269375599927
20 0.00380569491799
21 0.00152201867999
22 0.00203629704922
23 0.000424774478734
24 0.000817055881955
25 0.00138814545988
26 1.05414066453e-05
27 0.000746636394408
28 0.000563162644935
29 0.000786701410118
30 0.00355247576861
31 0.00039307573484
32 0.000359790089827
33 0.0179731708944
34 0.000140051118658
35 0.000631876477983
36 0.000549584725409
37 0.00210480338125
38 0.013458351782
39 0.000281631054199
40 0.000348855313058
41 0.00196523737408
42 0.000327790803855
43 0.00151588378568
44 0.00013520822066
45 0.000847964054679
46 0.00193723963499
47 0.00418930373371
48 0.00216963402257
49 0.0956563937366
50 0.00102465567471
51 0.00142412226522
52 0.000208025147929
53 0.00150019837334
54 0.00312187781348
55 0.000438400826017
56 0.000542408505643
57 0.00142184730952
58 0.000141709339384
59 0.000642259695413
60 0.0247519122241
61 4.7272190354e-05
62 0.000559790351953
63 0.00295985954424
64 0.000235814885692
65 0.000402231515895
66 0.000446522932045
67 0.00417572192182
68 0.00381646584993
69 0.000331059878933
70 0.000136769118231
71 0.00108914012882
72 0.00200094983959
73 7.02653967953e-06
74 0.00248228181275
75 0.0358730754705
76 0.00182697217915
77 0.000179568978337
78 0.000446389710807
79 0.00132635829896
80 0.000177121166048
81 0.00260245093665
82 0.00142643139438
83 0.000701143072044
84 0.00261791934213
85 0.000322063890617
86 0.00915813869376
87 0.000415108855857
88 0.00171735486885
89 2.65470941302e-06
90 7.20688257286e-06
91 2.6433872364e-05
92 0.00590971008567
93 0.000193977389995
94 0.000805161372613
95 0.00535764677328
96 0.000257886191952
97 0.00104808239739
98 0.000713905954631
99 9.70487475859e-06
100 0.0014422463084
101 0.0009765625
102 0.000765790827713
103 0.0028992243698
104 0.000982618687038
105 0.000247672031175
106 0.00179868795237
107 0.000698553583169
108 0.00256369171607
109 0.0141239117719
110 0.00054279651723
111 0.00309065788476
112 0.00319674046254
113 0.00417801055776
114 0.00142426444995
115 1.21616680944e-05
116 0.000547585336799
117 0.000499701968672
118 0.00400652843004
119 0.00489304882461
120 0.00212472600707
121 0.00193881907498
122 0.00120749541599
123 0.00444856253034
124 0.000902560812413
125 0.00054931640625
126 0.00525548750669
127 0.000528349809347
128 0.0330617443961
129 0.000985095115646
130 0.00131366480738
131 0.000727272343158
132 0.00166301974844
133 2.65470941302e-06
134 0.00201947874484
135 0.000653609087681
136 0.000136220065368
137 0.00114719155377
138 0.000985164719301
139 0.000905151753429
140 0.000438400826017
141 0.0105289778217
142 0.00405311785767
143 0.00111439625278
144 0.000179568978337
145 0.000381552524267
146 0.000235906594009
147 0.0009765625
148 0.000830353995351
149 0.0148776047995
150 0.00689881389078
151 0.00531902034557
152 0.000222213649165
153 0.00207014132431
154 0.177091086508
155 0.00472082147343
156 0.000341921676412
157 0.00474880690996
158 0.00227496514033
159 0.00261791934213
160 0.00103327062618
161 0.000674194833057
162 0.000629417814645
163 1.29392888567e-05
164 0.00285101088998
165 0.0386058775333
166 0.001948156956
167 0.000569149714042
168 0.000616409036861
169 0.00159241124136
170 0.000702476327645
171 0.000220077180086
172 6.50364203954e-05
173 0.000540832882639
174 0.000211475707842
175 0.00189930642962
176 0.000582388657981
177 0.000935148975474
178 0.00135174735094
179 0.000398372331291
180 0.000402231515895
181 0.000676601289719
182 0.00154543643487
183 0.00123379709922
184 0.00331758861699
185 0.000613022180429
186 0.000769858238349
187 0.00387397758551
188 0.0148436308181
189 0.000177858368345
190 0.000610500322915
191 8.36384242769e-06
192 0.0346469292175
193 0.001948156956
194 0.0202896836128
195 0.0992001560253
196 0.000122265211392
197 0.000549740261502
198 0.000369712744315
199 1.23547925785e-05
200 0.000179568978337
201 0.000882609454038
202 0.000446652447322
203 0.00200094983959
204 0.0216527328989
205 0.000401009465903
206 0.00590502248204
207 0.00812855055268
208 0.00129134985125
209 0.00137758897799
210 0.000333293724916
211 0.00181828879698
212 0.000309557806794
213 0.00134189375948
214 0.00138139649377
215 0.00310860406111
216 0.0114784564901
217 0.000299002283448
218 0.000110781184054
219 0.000184004882459
220 0.000629417814645
221 0.000335171543963
222 0.000168662506325
223 0.000505218415958
224 9.81156280412e-06
225 0.000245417175112
226 0.000862202750071
227 0.00112955116229
228 0.000454665615312
229 0.000688488639937
230 0.000309557806794
231 0.0838926900678
232 0.000817055881955
233 0.000530208626522
234 0.00101601546231
235 0.000184828543003
236 0.000616409036861
237 0.00103848794533
238 0.000382797731569
239 0.00740189985795
240 0.0397522820614
241 0.00185664615422
242 0.000415108855857
243 0.00301392400357
244 0.00198375854804
245 0.00208383784323
246 0.000113643049811
247 0.000281413913833
248 0.000369000716126
249 0.0192673979617
250 0.00113490336118
251 0.00173611111111
252 0.00100073819886
253 0.0259962830821
254 0.000889406937548
255 1.36052136522e-05
256 0.000379096670257
257 0.000158460685017
258 4.30305399961e-05
259 0.000210537779781
260 0.000675555486334
261 3.36055099594e-06
262 0.000402231515895
263 0.000326815129139
264 0.0012145557656
265 0.00524308515599
266 0.000616409036861
267 0.00245918435904
268 0.000860301054961
269 0.000905061247305
270 0.000306140626963
271 0.000933016204509
272 0.00077902579553
273 0.000794450016025
274 0.00154777313541
275 0.0052274015173
276 0.00105312731139
277 2.30892307552e-05
278 3.71802498513e-05
279 0.000432001645995
280 0.000709008788208
281 0.00190067488808
282 0.00590971008567
283 0.00380569491799
284 1.30015717456e-05
285 0.00150019837334
286 0.000475065159937
287 0.00261791934213
288 0.000916606331055
289 0.00368704966966
290 0.000802941672106
291 0.00619442081721
292 1.40040888482e-05
293 0.000601385413805
294 0.000469033535117
295 0.00539738679625
296 0.00233457966654
297 0.00135734072022
298 0.00135434810967
299 0.00113709743647
300 0.000673916037255
301 0.00135734072022
302 0.000985095115646
303 0.000461925856925
304 0.000144722709028
305 0.000147996492
306 0.000217305205478
307 0.000514158021011
308 0.000610500322915
309 0.0162329443598
310 0.00125348742023
311 0.00231530013738
312 0.000128129697402
313 0.0186749561888
314 0.00423654633941
315 0.00114197384067
316 0.000620590355496
317 0.000669873450413
318 0.000273056635942
319 0.000350466436754
320 0.000247659276577
321 0.0195694108513
322 0.000395557352968
323 0.000317968420903
324 0.00636145555973
325 0.00136289454175
326 0.00133243116828
327 0.000478943157366
328 0.000677123358615
329 2.67231393684e-05
330 0.00121162351498
331 0.000160456329878
332 0.00463662801851
333 5.13025065122e-06
334 0.00261791934213
335 0.00216963402257
336 0.000219117901662
337 0.000998422764449
338 0.000184299290271
339 1.21616680944e-05
340 0.00137803594277
341 0.00155881263841
342 0.000778669308689
343 0.000193977389995
344 0.000382797731569
345 0.000118792180505
346 0.00479726552002
347 0.000610500322915
348 0.0047473155675
349 0.00513671898886
350 0.00143020171031
351 0.00429821803997
352 0.00112402553616
353 0.0855893239153
354 0.000753833443666
355 0.00213839419961
356 0.00176812684762
357 0.00803093943634
358 0.0010785259913
359 0.00151957312716
360 0.000913747349809
361 0.00985804317789
362 0.00170166873375
363 0.000241462274924
364 3.19162453889e-06
365 0.000482609085097
366 0.000505440970964
367 0.000196836355111
368 0.000449225512898
369 0.00342034954189
370 0.00168416061323
371 0.000254165840111
372 0.0032122716943
373 0.000880596814663
374 0.00185216882122
375 0.00455921300689
376 0.000864008424186
377 0.00132510017218
378 0.00412825665393
379 0.0011249565989
380 0.000473733384606
381 0.0110786507415
382 0.000610735248139
383 0.00261791934213
384 0.000424862574417
385 0.00457085833063
386 0.000963075673257
387 0.000402231515895
388 0.000896675903116
389 0.00786723264094
390 0.000238517613035
391 0.000599903130876
392 0.000559790351953
393 0.000254165840111
394 0.00310556029484
395 0.000892731820397
396 0.000961075279495
397 0.00133976216439
398 0.00044045891948
399 0.00028495081293
400 0.00355247576861
401 0.000694757718799
402 0.0106560895548
403 0.00101767645942
404 0.00145633776846
405 0.00100073819886
406 0.000676601289719
407 0.0129969627202
