1 0.00121447242587
2 0.000697610951631
3 0.00789639289277
4 0.000467185246831
5 0.00131935088178
6 0.000451908282005
7 0.0014667270258
8 0.0107203981416
9 0.00104119885334
10 0.00170911659299
11 0.000343796904922
12 0.000401283078567
13 5.9415919233e-06
14 0.000536830432874
15 0.000374996775028
16 0.000741873457585
17 0.00394817412779
18 0.000539438604256
19 0.0263735788385
20 0.00543692795931
21 0.00184178458112
22 0.00202725187639
23 0.000909067952829
24 0.00084015963033
25 0.00151234567901
26 1.0339016346e-05
27 0.000561686776183
28 0.00056242090956
29 0.00103501067355
30 0.00361203006681
31 0.000398047394342
32 0.000361433590192
33 0.0169990260531
34 0.000137799694149
35 0.000228221689901
36 0.00055608382312
37 0.00186745364762
38 0.0133466112
39 0.000273919023032
40 0.000368528749462
41 0.00207290194899
42 0.000325017222417
43 0.00153446061955
44 0.000133399496715
45 0.000849312383628
46 0.00194579444744
47 0.00324067924591
48 0.00221453287197
49 0.0956114836393
50 0.00111317158561
51 0.00141344272085
52 0.000211570247934
53 0.00148494867946
54 0.00307141572297
55 0.000448865268601
56 0.000848946741887
57 0.00141118482513
58 0.00014458254712
59 0.000563658400905
60 0.0257019378661
61 2.57381772795e-05
62 0.000562698888505
63 0.00293766345048
64 0.000231528730493
65 0.000400444815089
66 0.000341083372235
67 0.00272537228266
68 0.00275568061509
69 0.000337910899654
70 0.000139456790123
71 0.000611227813075
72 0.00201134629556
73 6.50770512287e-06
74 0.00243716402866
75 0.0408121620243
76 0.00120291856216
77 0.000183855214019
78 0.000454837328767
79 0.00129599917189
80 0.000200627563017
81 0.00264012163051
82 0.00100662661333
83 0.00112123927273
84 0.00265314477219
85 0.000322526958696
86 0.00874726552248
87 0.000417187861901
88 0.00176378738121
89 2.70293601356e-06
90 1.16307103018e-05
91 2.62144e-05
92 0.00623675951546
93 0.000193115748018
94 0.000815345130688
95 0.005612577811
96 0.000210839398756
97 0.00191748505184
98 0.00020576362863
99 3.43322753906e-05
100 0.00140275262219
101 0.00108731290157
102 0.000780839506173
103 0.00289261645316
104 0.00103645097449
105 0.000248028137572
106 0.00183272688356
107 0.000710458116519
108 0.00257999496095
109 0.014243932334
110 0.00054708230018
111 0.00326962292641
112 0.00310920266544
113 0.00279507256836
114 0.00141358383934
115 1.1223061146e-05
116 0.000616518722579
117 0.000479799942808
118 0.00325192165648
119 0.00497507671383
120 0.00210312791594
121 0.00189444128151
122 0.00123488972854
123 0.00420745069394
124 0.000931514075122
125 0.000532544378698
126 0.0052118528
127 0.000529109478277
128 0.0434947940244
129 0.000951619405106
130 0.000811587344511
131 0.000681012216695
132 0.00167359536407
133 2.70293601356e-06
134 0.00200321951276
135 0.000663230963803
136 0.000281413913833
137 0.00118288704217
138 0.000649736756302
139 0.000884279776183
140 0.000448865268601
141 0.0106580082089
142 0.00403769211388
143 0.00110049745999
144 0.000183855214019
145 0.000596070206693
146 0.000225516970152
147 0.00108731290157
148 0.000842373438527
149 0.0150040300081
150 0.00583070867106
151 0.00613132555014
152 0.000228221689901
153 0.00203219718463
154 0.176687460231
155 0.0088911754642
156 0.000360426032277
157 0.00485043601139
158 0.0022560768
159 0.00265314477219
160 0.000692120552973
161 0.00110196178376
162 0.000614870898878
163 1.277790955e-05
164 0.00284725585465
165 0.0388881530054
166 0.00194012056599
167 0.000480740340124
168 0.000613866272832
169 0.00156183765677
170 0.000721469339138
171 0.000213210125723
172 9.5530622229e-05
173 0.000392243220495
174 0.000303617500683
175 0.00150306735525
176 0.000578021304375
177 0.000928136259491
178 0.00212822142892
179 0.000421100478081
180 0.000400444815089
181 0.000649113554302
182 0.00151734668816
183 0.0011430328714
184 0.00328484560926
185 0.00110209604806
186 0.00123488972854
187 0.00384278740794
188 0.0164956625974
189 0.000176426394626
190 0.000627612327352
191 8.2944e-06
192 0.0542625846573
193 0.00194012056599
194 0.0199403699059
195 0.105954138515
196 0.000139146448201
197 0.000532544378698
198 0.000361941805227
199 1.27551020408e-05
200 0.000183855214019
201 0.000893046725703
202 0.000426613713074
203 0.00201134629556
204 0.0207348520338
205 0.000397654390988
206 0.00589735113178
207 0.00826707478829
208 0.00129320657258
209 0.00137377658326
210 0.000331069713685
211 0.00188807819208
212 0.000310002893446
213 0.00135776228394
214 0.00134803893943
215 0.00309479573143
216 0.0106198287579
217 0.000290814568015
218 0.000110060614342
219 0.000386992743886
220 0.000360426032277
221 0.000339135105018
222 0.000165424261536
223 0.000852469497576
224 9.93566038919e-06
225 0.000325715997993
226 0.000823520656464
227 0.00114617945213
228 0.00044550088618
229 0.000843441503886
230 0.000310002893446
231 0.0755160869147
232 0.000741873457585
233 0.000545201244486
234 0.000691951619473
235 0.000185248051572
236 0.000613866272832
237 0.000454919749107
238 0.000386992743886
239 0.00736081109765
240 0.0412240239708
241 0.00161611300314
242 0.000417187861901
243 0.00256709660679
244 0.00207815103911
245 0.0020030319331
246 0.000118004887005
247 0.00027370782872
248 0.000386992743886
249 0.0162664785119
250 0.00108575521083
251 0.00168310322156
252 0.00103316326531
253 0.0265233670555
254 0.000865051903114
255 1.35274855962e-05
256 0.000237497654344
257 0.000139720224223
258 4.4775500615e-05
259 0.000218618621681
260 0.000668688384924
261 3.27890286271e-06
262 0.000400444815089
263 0.000649614413526
264 0.0007758669117
265 0.00437253451677
266 0.000613866272832
267 0.002445134773
268 0.000839399132853
269 0.000884191357047
270 0.000334956219807
271 0.000926019482253
272 0.000791402004589
273 0.000786338262991
274 0.00163505865238
275 0.005184
276 0.00107107438017
277 2.26039215292e-05
278 3.92770024405e-05
279 0.000440176979734
280 0.000700692041522
281 0.00192624943091
282 0.0045187219281
283 0.00371349495206
284 1.32231404959e-05
285 0.00148494867946
286 0.000951619405106
287 0.00265314477219
288 0.000609477358998
289 0.00379400965454
290 0.000793795423167
291 0.00618637350294
292 1.40742260783e-05
293 0.000609477358998
294 0.000762930415408
295 0.00373203809731
296 0.00208501643978
297 0.00138426937271
298 0.00152996597704
299 0.00114279240638
300 0.00101586271248
301 0.00138426937271
302 0.000951619405106
303 0.000746215175132
304 0.000147593902296
305 0.00013706853915
306 0.000212294344827
307 0.000546221092442
308 0.000627612327352
309 0.0166891783613
310 0.00120256299682
311 0.00236224367896
312 0.000124457074174
313 0.0187173430627
314 0.00639289481043
315 0.00113726305638
316 0.000602228244505
317 0.000663262120891
318 0.000262181393154
319 0.000355625705043
320 0.000287108275474
321 0.0147121860492
322 0.000832100591716
323 0.000305638417527
324 0.00597341849128
325 0.00137959652492
326 0.00130170651584
327 0.000492486150494
328 0.000649614413526
329 3.15616715061e-05
330 0.00119916592791
331 0.000141512693302
332 0.00477113492977
333 4.90008572087e-06
334 0.00265314477219
335 0.00221453287197
336 0.000217326998654
337 0.000990069387641
338 8.86356441912e-05
339 5.40832882639e-06
340 0.00134455510514
341 0.00152104753236
342 0.000762655971678
343 0.000193115748018
344 0.000416021314672
345 0.000120390589432
346 0.0047698582236
347 0.000627612327352
348 0.00477658399695
349 0.00523392785935
350 0.00142465793878
351 0.00422278209237
352 0.00112775673869
353 0.0856705631213
354 0.000451908282005
355 0.0020515193815
356 0.00174289279514
357 0.00604557664209
358 0.00107710547649
359 0.00154156907462
360 0.000891981487485
361 0.00965164918486
362 0.00187474838843
363 0.000452096498699
364 3.21743851676e-06
365 0.000498246173469
366 0.000256164286149
367 0.000219885745305
368 0.000445553885357
369 0.0032722278081
370 0.00172436081586
371 0.000255288231504
372 0.00317719710693
373 0.000890874523269
374 0.00174887541865
375 0.00473662247556
376 0.000909754250945
377 0.00129454456585
378 0.00291552709574
379 0.00115537230512
380 0.000496274875012
381 0.0103873349218
382 0.000611613372035
383 0.00265314477219
384 0.000424160322348
385 0.0046097000478
386 0.000940868023034
387 0.000287663692147
388 0.000901334816279
389 0.00625582250075
390 0.000451908282005
391 0.00059488399762
392 0.000562698888505
393 0.000259160493827
394 0.00327569690704
395 0.00070680318694
396 0.00095288913779
397 0.00130886846584
398 0.000420775805391
399 0.000296038904722
400 0.00251661125
401 0.00109466704295
402 0.00801229753849
403 0.000986604207758
404 0.00143835846217
405 0.00103316326531
406 0.000649113554302
407 0.0189987560564
