1 0.000717761983124
2 0.000405817846132
3 0.021042643892
4 0.00108637017382
5 0.00169835490878
6 0.0012274077729
7 0.00732241627944
8 0.00108722984003
9 0.00190248902165
10 0.00332573697969
11 0.00104892069562
12 0.000931485205401
13 9.65897771795e-05
14 0.000986401858539
15 0.00029774078478
16 0.000550032361086
17 0.00700018394965
18 0.000181082405934
19 0.0542956117062
20 0.00221807612457
21 0.00405607945785
22 0.00141409517307
23 0.00295130946646
24 0.000482169144334
25 0.00364993099813
26 2.6268543646e-05
27 0.000336686131012
28 0.000485427420063
29 0.00047638652586
30 0.0024017542107
31 0.000217797657961
32 0.000616409036861
33 0.00618898570442
34 0.000563905848609
35 0.00117104483222
36 0.000495623710754
37 0.00409992922546
38 0.006144203654
39 0.000585908576431
40 0.0020313429875
41 0.00119123189843
42 0.000492457874713
43 0.00095990817059
44 0.0002301492294
45 0.000265254803764
46 0.00180015219063
47 0.0124218798617
48 0.0014143107035
49 0.0209149236112
50 0.000647178259387
51 0.00194802027472
52 0.00026801218711
53 0.00378936137976
54 0.00351910370583
55 0.000544520643074
56 0.000382627957658
57 0.000341921676412
58 0.000123334391008
59 0.000297265160523
60 0.0178418447959
61 1.02893295151e-05
62 0.000172247682066
63 0.00050712124011
64 0.00149904351801
65 0.00026870754571
66 0.00111646854073
67 0.000822926044544
68 0.00191497005278
69 0.000299246102867
70 0.000297265160523
71 0.000480822877405
72 0.00158806716407
73 6.03686107372e-06
74 0.0054322594658
75 0.0119382588571
76 0.000678102922116
77 0.000979371977719
78 0.000856774115207
79 0.000627931882218
80 6.71635841837e-05
81 0.000310395364233
82 0.000426379860948
83 0.000619410628763
84 0.000898003328402
85 0.0020313429875
86 0.00563086395582
87 0.00203420705904
88 0.00136869886969
89 5.5233284682e-06
90 1.5486479061e-05
91 7.0247052848e-05
92 0.00147089273356
93 0.000108648367622
94 0.00128588983792
95 0.00383972205749
96 0.000346519749685
97 0.000150551394482
98 0.00195060755834
99 2.18586608197e-05
100 0.00147670931015
101 0.000336545961932
102 0.000453104786253
103 0.00644141518268
104 0.00195576694411
105 0.000859481555569
106 0.000676911707973
107 0.000548092303218
108 0.00141770104063
109 0.0109639789996
110 0.000557577644744
111 0.0021625001994
112 0.00254377652917
113 0.00102758904483
114 0.000775639467021
115 1.1588954278e-05
116 0.00027304398406
117 0.000407617299475
118 0.00672274209131
119 0.00227509092519
120 0.000690416872258
121 0.00346661786261
122 0.000927120901796
123 0.00145454513213
124 0.00128198826849
125 0.00070955586289
126 0.00637140708295
127 0.000346004287132
128 0.00291802593724
129 0.0013490551486
130 0.000442095717613
131 0.00181810112614
132 0.000833435690726
133 3.78116283755e-05
134 0.0040035092731
135 0.00821105769734
136 0.000429694498194
137 0.0032097181829
138 0.000814153127483
139 0.000563905848609
140 0.000420296698336
141 0.00305838002003
142 0.00173906745134
143 0.000401926934185
144 0.000367557115435
145 0.000263614354939
146 0.000236835086235
147 0.0002301492294
148 0.00085868961449
149 0.0153529980963
150 0.0152585939671
151 0.00153395213818
152 0.000730226567354
153 0.00085868961449
154 0.172475271542
155 0.00161470405337
156 0.000762166434567
157 0.00127106324604
158 0.00114884074359
159 0.00136869886969
160 0.00368201527005
161 0.00084015963033
162 0.000482609085097
163 2.79618503703e-05
164 0.00227095183154
165 0.0262779639829
166 0.00158806716407
167 0.000482609085097
168 0.000833435690726
169 0.00118083682307
170 0.000149861056556
171 0.000456252579604
172 1.0126268236e-05
173 0.00030692486332
174 0.000452693526483
175 0.0029448424601
176 0.000872003890458
177 0.000882769370588
178 0.00034791408768
179 0.000349738573115
180 0.000299246102867
181 0.000454854980416
182 0.00557836261284
183 0.00253745266206
184 0.00276289741654
185 0.000725252553171
186 0.00160803010031
187 0.00253745266206
188 0.00207699300051
189 0.000651991915409
190 0.00133119813547
191 4.09272516503e-05
192 0.0383753133271
193 0.00254377652917
194 0.00141409517307
195 0.0138341319234
196 0.000184573398449
197 0.000436917278318
198 0.00158411920497
199 6.20338735967e-06
200 0.000482384138904
201 0.000859481555569
202 0.00139069925138
203 0.000848593760391
204 0.0349940529844
205 0.00123821277401
206 0.00299494391324
207 0.00591715976331
208 0.00200929769812
209 0.000576375258419
210 0.0002301492294
211 0.000656935699692
212 0.000812694381476
213 0.000822926044544
214 0.000495322504925
215 0.000530509607529
216 0.00273021485254
217 0.00148008490291
218 0.00108722984003
219 0.00049576802405
220 0.00114244946492
221 0.000462111311512
222 0.00025396422279
223 0.000691509427418
224 8.85770975057e-06
225 0.00159888063967
226 0.00195061417143
227 0.00120036095256
228 0.000517488570421
229 0.000786338262991
230 0.000268500369499
231 0.0591560205762
232 0.00153787004998
233 0.000439990692241
234 0.000932169899719
235 0.000904516931426
236 0.00130869287193
237 0.00161470405337
238 0.000247888607839
239 0.00233044141531
240 0.00270902621827
241 0.00080764995946
242 0.00124676100574
243 0.00297186484168
244 0.00142735873121
245 0.00061433993508
246 0.000451625223548
247 0.00029187625347
248 0.000377235466964
249 0.00459559861592
250 0.0129456073626
251 0.00439585685168
252 0.000904737760755
253 0.0734720225802
254 0.00029187625347
255 5.72532230358e-05
256 0.000492486150494
257 9.65897771795e-05
258 3.02264859396e-05
259 0.000426379860948
260 0.000648855142547
261 2.06423869535e-07
262 0.0004071548358
263 0.000208345556273
264 0.000254165840111
265 0.019937027695
266 0.00093089581566
267 0.00048170440051
268 0.000904516931426
269 0.000563905848609
270 0.000431510036578
271 0.00104291051701
272 0.00112560965372
273 0.0020313429875
274 0.00164043044239
275 0.0056741074831
276 0.00113726305638
277 1.17372099551e-05
278 1.60713488524e-05
279 0.000129249704432
280 0.00101638620875
281 0.000859481555569
282 0.00276289741654
283 0.0014564982699
284 4.02272392046e-05
285 0.00272956619268
286 0.000460356219477
287 0.000560619057024
288 0.00015943877551
289 0.000476695511832
290 0.000369093229407
291 0.00145719102722
292 1.05585401762e-05
293 0.000154761120639
294 0.000692042999508
295 0.000734728766632
296 0.00382121983578
297 0.000172146560012
298 0.0012225156947
299 0.000616884661118
300 0.00175696511169
301 0.000269930992837
302 0.000766612675657
303 0.00084015963033
304 0.00071640800984
305 0.000256514505605
306 0.000442095717613
307 0.00152868768914
308 0.00106140332917
309 0.00302225187386
310 0.00150815345461
311 0.0012118535636
312 0.000930767020971
313 0.0137974172942
314 0.00124434798882
315 0.00093089581566
316 0.000215607906915
317 0.000784164673284
318 0.000509102182454
319 0.000233229058176
320 0.00012175980975
321 0.00912678339124
322 0.00036814520682
323 0.00194012056599
324 0.00246996341144
325 0.00132723428366
326 0.000352129593317
327 0.0117798501668
328 0.000330814516803
329 1.54055394136e-05
330 0.00158806716407
331 0.000121383031826
332 0.000492486150494
333 9.5530622229e-05
334 0.00525799357779
335 0.00132723428366
336 0.00147928994083
337 0.000260755748556
338 0.000213198297437
339 6.95168389607e-05
340 0.00033095138669
341 0.000240667651865
342 0.000105019953791
343 0.000192566772152
344 0.000338949829469
345 0.000245417175112
346 0.00961634294626
347 0.000616409036861
348 0.00133353396879
349 0.0110439736735
350 0.00617219744463
351 0.00134309327037
352 0.00349707857776
353 0.0757620735215
354 0.000474536309006
355 0.0045035552758
356 0.00117908255493
357 0.00531505033132
358 0.000804920065795
359 0.00187892388986
360 0.00183486254293
361 0.0126518692373
362 0.00142770720746
363 0.000731256009391
364 4.48421556122e-05
365 0.00093089581566
366 0.00149772328255
367 0.0002716252529
368 0.000916729680043
369 0.000643635827273
370 0.000126528859093
371 0.000257141581639
372 0.00274402550188
373 0.000775639467021
374 0.000797474404457
375 0.000758671598813
376 0.0014529550173
377 0.00112381155523
378 0.000520030804291
379 0.000643635827273
380 0.000242319818737
381 0.014989526046
382 0.000546514250505
383 0.00136869886969
384 0.000669926859769
385 0.00449490126187
386 0.00036038061625
387 0.000299246102867
388 0.0015844409352
389 0.0013490551486
390 0.00395156012818
391 0.001242424449
392 0.000395557352968
393 0.00050712124011
394 0.000492486150494
395 0.000562672591884
396 0.000454665615312
397 0.00128045562149
398 0.000470133721075
399 4.74169749258e-05
400 0.00246726712881
401 0.0105162038128
402 0.00583050538638
403 0.00147951540797
404 0.000986401858539
405 0.000458084198217
406 0.000652263465561
407 0.0104175341437
