1 0.000216836734694
2 0.000578890836113
3 0.022022608351
4 0.00174920555457
5 0.00119822485207
6 0.000670772734331
7 0.0013660555996
8 0.000550749716551
9 0.000883008864659
10 0.00255459729803
11 0.000218804525807
12 0.000317968420903
13 1.27551020408e-05
14 0.000565630152175
15 0.000181732019406
16 0.000429008085258
17 0.00381697284886
18 0.000353044264797
19 0.029827906528
20 0.00127582160794
21 0.00893746196181
22 0.000750967930455
23 0.000700202610671
24 0.000215557962472
25 0.00374381113392
26 1.06448376529e-05
27 0.000331207601945
28 0.000426456420184
29 0.00141043143818
30 0.00174336757598
31 0.000289126610259
32 0.00077902579553
33 0.00483283684915
34 0.000199464370446
35 0.000415813970817
36 0.000331562010589
37 0.00174064107947
38 0.0116070591309
39 0.000315768659607
40 0.00119153525604
41 0.00179732863458
42 0.000344615963092
43 0.000376389072386
44 0.000403219302914
45 0.000927619881986
46 0.0049959059844
47 0.00771038822035
48 0.00119822485207
49 0.076759358038
50 0.000927619881986
51 0.000927271185482
52 0.00033593192353
53 0.00202182398877
54 0.00762488797794
55 0.000638227146814
56 0.00149073508147
57 0.000841062299757
58 0.000192592682558
59 0.000969079902257
60 0.0141728158205
61 1.32955628552e-05
62 0.000195153419047
63 0.00840113685062
64 0.00046805658284
65 0.000520464369877
66 0.000667479309159
67 0.000987964183927
68 0.00162329124247
69 0.000307787011388
70 0.000293856188304
71 0.0008447443947
72 0.00150581341857
73 6.40922929018e-06
74 0.0116223886004
75 0.0122045215472
76 0.000499953091273
77 0.000307787011388
78 0.00026801218711
79 0.00149088415498
80 9.05930239132e-05
81 0.000417544004347
82 0.000399680388749
83 0.00114477924134
84 0.00243198227843
85 0.00130194494633
86 0.00572185818489
87 0.000491203913284
88 0.000864749327875
89 4.48865268601e-06
90 1.03224141546e-05
91 2.27977039506e-05
92 0.0031817141394
93 0.000277400234121
94 0.00211388558594
95 0.00333340670301
96 0.000176663463169
97 0.000306977268663
98 0.000784597405783
99 2.75074575774e-05
100 0.00225789956882
101 0.000194685654244
102 0.000551269962655
103 0.00641566875174
104 0.000772176054171
105 0.000219345355871
106 0.001296
107 0.000361299811737
108 0.002089501093
109 0.0135336367484
110 0.000427589877682
111 0.00353249189976
112 0.00225789956882
113 0.00103396045918
114 0.00188723047966
115 2.78938812156e-06
116 0.000780428250658
117 0.000251934800832
118 0.00420121830252
119 0.00177584281944
120 0.00122107734718
121 0.00061060508937
122 0.000389752227318
123 0.00440325153707
124 0.000371983610029
125 0.00222160285094
126 0.010642746188
127 0.000929673808582
128 0.0031817141394
129 0.00188700895327
130 0.000459136822773
131 0.00145740667342
132 0.00296350098117
133 3.25528184739e-06
134 0.00285925097166
135 0.00184090868285
136 0.000250360519148
137 0.000529231513463
138 0.0012081887229
139 0.000758027045425
140 0.000638227146814
141 0.0036663345237
142 0.000704832015036
143 0.000224166553301
144 0.000346330262327
145 0.00213260714393
146 0.000256275492618
147 0.000754480649855
148 0.000520464369877
149 0.0161960504892
150 0.0139649655506
151 0.00356961628538
152 0.000186940449802
153 0.00189674522437
154 0.167328484881
155 0.00560595778891
156 0.000350310274815
157 0.00124320687335
158 0.00196202739625
159 0.00243189713095
160 0.000467208600479
161 0.000704832015036
162 0.000410997196284
163 1.27551020408e-05
164 0.00112309562883
165 0.0485998399603
166 0.00150581341857
167 0.000534564812271
168 0.000339335180055
169 0.00140212307633
170 0.000590824137647
171 0.000848044177492
172 6.49200241406e-05
173 0.000294464262122
174 0.000102547668643
175 0.00164900658503
176 0.000638227146814
177 0.000346474506501
178 0.000163173913353
179 0.000246678822461
180 0.000377777149641
181 0.000473922774303
182 0.00114019887558
183 0.00251964628989
184 0.00273434812944
185 0.000615500093826
186 0.00106520371331
187 0.00137888260593
188 0.00627215588417
189 0.000142891408771
190 0.000307915202563
191 7.21333601563e-06
192 0.0140890251255
193 0.000310225796832
194 0.00113622017422
195 0.0528201412489
196 0.000224812617122
197 0.000382664619258
198 0.000157477893118
199 1.32955628552e-05
200 0.000133948907356
201 0.000849793863292
202 0.000305376871435
203 0.000714083359121
204 0.0083067617369
205 0.000373946369992
206 0.00753041072906
207 0.00736952629693
208 0.00141344903612
209 0.000564928203651
210 0.000305376871435
211 0.0017448243276
212 0.000369532371482
213 0.00129206912466
214 0.000810649516549
215 0.000520464369877
216 0.0131681354341
217 0.000711433473379
218 0.000357925493061
219 0.000154956009711
220 0.000262385646318
221 0.000189088761416
222 0.000118869902882
223 0.000519357924031
224 1.07321974644e-05
225 0.00189668435054
226 0.000218578313355
227 0.000659539784018
228 0.000495173655194
229 0.00425003697162
230 0.000578890836113
231 0.0761367115783
232 0.000670772734331
233 0.000156739428048
234 0.00184471989385
235 0.000215557962472
236 0.00033593192353
237 0.00412048209725
238 0.00116111150342
239 0.00131448995397
240 0.00338887077132
241 0.00119451903114
242 0.000369532371482
243 0.00531710921674
244 0.00369527402376
245 0.00257436533439
246 0.000224206893065
247 0.000987964183927
248 0.000373744978154
249 0.00130578832415
250 0.00168912961946
251 0.00779631795198
252 0.00107694059127
253 0.0317138379677
254 0.000537765783627
255 1.16043118758e-05
256 0.000350102221204
257 0.000156739428048
258 1.42998375821e-05
259 0.000183233556936
260 0.000908239626673
261 1.3623596546e-06
262 0.000308414612268
263 0.000193757619723
264 0.000786554224234
265 0.00483081684369
266 0.000297439800357
267 0.00054794568587
268 0.00133507246766
269 0.00329980345136
270 0.0002301492294
271 0.000843113358559
272 0.000847855759605
273 0.000338906951876
274 0.00054284638434
275 0.00743783996742
276 0.000596246586976
277 4.69131169075e-05
278 4.59248758728e-05
279 0.000809086419753
280 0.000696588436632
281 0.00176561811237
282 0.000841057843256
283 0.0019140625
284 1.07321974644e-05
285 0.00166591709268
286 0.000146479569533
287 0.00327102553071
288 0.000851474784128
289 0.00634566381433
290 0.0006129902655
291 0.00705629825013
292 1.41212773654e-05
293 0.000558652605866
294 0.0012426893018
295 0.000955071742468
296 0.00620054062158
297 0.00168486205455
298 0.00190550457312
299 0.00114661285472
300 0.000565630152175
301 0.000331562010589
302 0.000461063645602
303 0.00037946870082
304 0.000366771109651
305 0.000531709342561
306 0.000438400826017
307 0.000497310119268
308 0.00211997308628
309 0.00707915047247
310 0.0013934939916
311 0.0025087678647
312 0.000250995548745
313 0.0109164473387
314 0.00442083521956
315 0.000333771503371
316 0.000638227146814
317 0.000415136473625
318 0.000249721891975
319 0.000423875432526
320 0.000240865604864
321 0.008533891446
322 0.00129621161775
323 0.00027924879878
324 0.00589610008245
325 0.00141923929478
326 0.000475081117328
327 0.00157889188733
328 0.000886650370361
329 2.42665437162e-05
330 0.000504095706089
331 0.000367581215778
332 0.00462381080828
333 9.88194250686e-06
334 0.00327102553071
335 0.000741552820762
336 0.000224438552932
337 0.000280277400216
338 0.00021224890106
339 8.13999157511e-06
340 0.000558652605866
341 0.00164807746033
342 0.000495379891619
343 0.000224438552932
344 0.000350102221204
345 0.000228735888368
346 0.0242634434665
347 0.000480074599752
348 0.16556377275
349 0.00385920741825
350 0.00474429169066
351 0.00250783084877
352 0.00272485801556
353 0.139333492579
354 0.00123656563217
355 0.000793493354493
356 0.000332759556341
357 0.00367356365495
358 0.0106813969606
359 0.00354204265891
360 0.000480074599752
361 0.00745617676449
362 0.000789626701672
363 0.000927619881986
364 2.92205420411e-06
365 0.000964224500057
366 0.000243097238896
367 0.000232990577911
368 0.0014424417423
369 0.000927619881986
370 0.0004309044994
371 0.00033593192353
372 0.00120086266052
373 0.000590824137647
374 0.00568207415217
375 0.00268566649843
376 0.00324251903114
377 0.000529231513463
378 0.0122929171669
379 0.0021118789549
380 0.000250995548745
381 0.00181060659558
382 0.000463847588897
383 0.00327102553071
384 0.00075934754737
385 0.00514378465538
386 0.00240509815647
387 0.00144258598648
388 0.000616781176248
389 0.00342457564053
390 0.000664900092917
391 0.000836115546523
392 0.000520464369877
393 0.000403219302914
394 0.00131580820927
395 0.000632716049383
396 0.0021362944789
397 0.000759991145375
398 0.000243057160688
399 0.000625
400 0.00199039971018
401 0.0133988553199
402 0.00191880051777
403 0.00222761723271
404 0.000193199266558
405 0.00107694059127
406 0.00124447927535
407 0.00376875141093
