1 0.00034621691814
2 0.00119070242394
3 0.0075514008618
4 0.000505376394363
5 0.00074485931597
6 0.00043662285587
7 0.0051175062047
8 0.000343444145816
9 0.000618670926847
10 0.00252935132382
11 0.000729843637772
12 0.00071640800984
13 7.4855762303e-06
14 0.000622691599386
15 0.000452651648895
16 0.000367511100335
17 0.00853074661466
18 0.000518193694897
19 0.0357805216644
20 0.00172173344123
21 0.00246268778933
22 0.000745041166389
23 0.000326108412478
24 0.00051590259016
25 0.000907654990422
26 3.63850622037e-06
27 0.000418222817766
28 0.00030393569985
29 0.00129774986918
30 0.00506344598338
31 0.00031461619498
32 0.000753833443666
33 0.00148069577581
34 0.000209667661475
35 0.000741693073789
36 0.000409640211007
37 0.00131937503057
38 0.0218631717883
39 0.000324883081077
40 0.000503158321949
41 0.00394942387777
42 0.000544343635401
43 0.00164076269829
44 0.000324883081077
45 0.000781338930587
46 0.00148069577581
47 0.00127196081173
48 0.00266247198367
49 0.0948776683645
50 0.000818924226761
51 0.00165434644446
52 0.000373920210006
53 0.0027106683082
54 0.00845531681973
55 0.000320707547557
56 0.000626957712192
57 0.000394928735899
58 0.000278188917372
59 0.000471047091413
60 0.0120961265615
61 1.06448376529e-05
62 0.000148720999405
63 0.00335468258359
64 0.000446591577354
65 0.000719308289661
66 0.000415813970817
67 0.000318477170376
68 0.00164076269829
69 0.000113173381621
70 0.000295412355531
71 0.00161208566226
72 0.00113527509614
73 6.23440424812e-06
74 0.00298605512258
75 0.0262719917561
76 0.00149630378081
77 0.000318063613207
78 0.0007418741512
79 0.0012274077729
80 0.000287792775866
81 0.0027257437415
82 0.00577025396184
83 0.000707568844583
84 0.000518526988611
85 0.00071640800984
86 0.00568738923809
87 0.000345489973881
88 0.0014668518616
89 3.08869814462e-06
90 2.89231338794e-06
91 2.38826555573e-05
92 0.00237175957992
93 0.000719308289661
94 0.000790706725022
95 0.00292503671485
96 0.000228733935638
97 0.000209754986615
98 0.00169470998995
99 2.02905608311e-05
100 0.00159056049257
101 0.00317728740722
102 0.00042949566868
103 0.0027804926233
104 0.00106996244213
105 0.000825472974996
106 0.000741693073789
107 0.000973703766135
108 0.0023057152135
109 0.0108740435623
110 0.000335439895879
111 0.00238011693189
112 0.00159443931712
113 0.00258820496359
114 0.000235678142944
115 2.74565174565e-06
116 0.000362784377797
117 0.000729364636733
118 0.00572898859748
119 0.00448189290294
120 0.00112512806005
121 0.0117296678121
122 0.000344464781645
123 0.00404724632138
124 0.000630727364328
125 0.00140124109926
126 0.00743701058638
127 0.00213747076702
128 0.00511725942329
129 0.00292678256135
130 0.000519357924031
131 0.000762195121951
132 0.00171624267475
133 2.93206980672e-06
134 0.00102339345477
135 0.00610513479609
136 0.000604473912583
137 0.00125330853587
138 0.000594938307704
139 0.000659339317584
140 0.00065261030176
141 0.00152996063232
142 0.00321795384821
143 0.000316109866179
144 0.000209667661475
145 0.00130152560663
146 0.00022495702755
147 0.000462792175694
148 0.000388264699459
149 0.015334977908
150 0.0231071964195
151 0.00152263932395
152 0.000192307235738
153 0.00211140770056
154 0.17389724392
155 0.00394613812603
156 0.000425662049861
157 0.000398723828972
158 0.0028884952397
159 0.000962401506398
160 0.00510057557448
161 0.0014468344059
162 0.000979962192817
163 8.9775421173e-06
164 0.00538695653589
165 0.0138225222509
166 0.000962401506398
167 0.000611785751255
168 0.000487711712844
169 0.000915189605254
170 0.000973703766135
171 0.00134719241398
172 1.32955628552e-05
173 0.000992060491493
174 0.000821887129563
175 0.00246299126432
176 0.000487830783087
177 0.0011341387088
178 0.000845597542547
179 0.000608723410706
180 0.000499261526357
181 0.000580013580806
182 0.0111354252877
183 0.00509665826976
184 0.0026281845858
185 0.000856037018381
186 0.00071640800984
187 0.000906533867587
188 0.00334697557049
189 0.000381552524267
190 0.00128916260784
191 7.55662148491e-06
192 0.0441420300191
193 0.0010084637875
194 0.000674650025299
195 0.0484749471315
196 0.000468619658378
197 0.000329140695272
198 0.000807331265585
199 4.7056253718e-05
200 0.000407792024762
201 0.000572940244455
202 0.000659081458051
203 0.00171624267475
204 0.0410378609184
205 0.000159024930748
206 0.0039059501385
207 0.00788658615365
208 0.000783124984223
209 0.000314427215191
210 0.00017923523809
211 0.000887354829859
212 0.000285887651987
213 0.00134775351036
214 0.000768978012249
215 0.00125137472966
216 0.0267860963609
217 0.000996857909687
218 0.000356272895838
219 0.000357763704163
220 0.000350685238957
221 0.000425662049861
222 0.000574337446697
223 0.00255688504226
224 4.46426357012e-05
225 0.0013264792842
226 0.000519357924031
227 0.00722071865926
228 0.000140674722126
229 0.00550389850319
230 0.000343444145816
231 0.110136920122
232 0.000918378650734
233 0.000289450080581
234 0.00217585924222
235 0.000192307235738
236 0.000595343013051
237 0.0156849615695
238 0.000856037018381
239 0.00572858223861
240 0.00203776793369
241 0.000799817385445
242 0.000668126453371
243 0.00945636765671
244 0.00105452377534
245 0.000918378650734
246 0.000529146975064
247 0.000314184788656
248 0.000337786627392
249 0.0113786309812
250 0.00130152560663
251 0.00626494384736
252 0.000344464781645
253 0.00830357445611
254 0.000314184788656
255 1.78201197512e-05
256 0.000170317402447
257 0.000325352056954
258 4.46426357012e-05
259 0.000192307235738
260 0.000624305035934
261 1.70612332781e-07
262 0.000719308289661
263 0.000738369138421
264 0.000234277384423
265 0.0115126893727
266 0.00301160023795
267 0.0047504251282
268 0.000847457356921
269 0.00234469317139
270 0.000321220679633
271 0.000587392178245
272 0.000893506352038
273 0.000367511100335
274 0.00119094612947
275 0.00611395982266
276 0.000638047105537
277 5.28498464092e-05
278 1.64205576462e-05
279 0.00118300945272
280 0.000752900059488
281 0.00117191933731
282 0.00586484537734
283 0.000587730359162
284 1.26145510248e-05
285 0.000949080322186
286 0.000141512693302
287 0.0011690683856
288 0.000427820940989
289 0.00433937379734
290 0.000466586463472
291 0.00796446194977
292 1.38998619624e-05
293 0.000355461827381
294 0.000714282171219
295 0.00116272931942
296 0.0150490891341
297 0.00117743175702
298 0.00399239206757
299 0.00175270108043
300 0.000624210127902
301 0.000250360519148
302 0.000862231849887
303 0.000370036066966
304 0.000251080824487
305 0.000107446625012
306 0.000129945400632
307 0.000466863411905
308 0.000411106046285
309 0.017910200246
310 0.000230927088514
311 0.00350072224935
312 0.000345489973881
313 0.00452638667324
314 0.00430214273343
315 0.000262511398245
316 0.00049025440279
317 0.00128862590401
318 0.000241462274924
319 0.000285121916019
320 0.000237169697811
321 0.00702529128792
322 0.00208383784323
323 0.00131742112483
324 0.0043727317373
325 0.00233573508299
326 0.00127992457902
327 0.0035793231772
328 0.000603169485491
329 1.48436033965e-05
330 0.0142958415169
331 0.0001108033241
332 0.00626462112484
333 1.78201197512e-05
334 0.00418947560193
335 0.000363088377454
336 0.0011690683856
337 0.000463497765327
338 0.000150570680387
339 9.00450168806e-06
340 0.000192597649429
341 0.000441353011793
342 0.000828316663216
343 0.000388264699459
344 0.000159472842585
345 0.000230927088514
346 0.00638956380116
347 0.000695568168096
348 0.00389548685696
349 0.00658685150179
350 0.00711150003862
351 0.00124987246199
352 0.00251053414434
353 0.0323736955959
354 0.000441883324766
355 0.00125820147465
356 0.00293092169176
357 0.00663684617853
358 0.000778305833361
359 0.000659339317584
360 0.00141057881587
361 0.00865794865335
362 0.000752900059488
363 0.000434766862834
364 2.90960670301e-06
365 0.000262511398245
366 0.000587730359162
367 0.000350685238957
368 0.000973555380923
369 0.0011840558326
370 0.000262728922339
371 0.000296094018878
372 0.000774949926529
373 0.0005578627742
374 0.00977601327273
375 0.000508029070827
376 0.000969920850575
377 0.00127861470192
378 0.00198073904118
379 0.00217265628524
380 0.00020368113131
381 0.00988875782072
382 0.000564035738219
383 0.000962401506398
384 0.000428756316468
385 0.00671866069877
386 0.00165423345809
387 0.000975929544327
388 0.000274110784615
389 0.00474819388376
390 0.00089161013799
391 0.000425662049861
392 0.00127852737678
393 0.000741416566627
394 0.00211831025367
395 0.00152992753545
396 0.00116316897507
397 0.000233420099593
398 0.000926052294802
399 0.000154238384431
400 0.00489710187793
401 0.0012320301147
402 0.000765517349123
403 0.00229825078203
404 0.00171562620356
405 0.000752900059488
406 0.00208479235964
407 0.235818539413
