1 0.000226303715289
2 0.000593526073777
3 0.0125439263224
4 0.00243517293869
5 0.0011602360013
6 0.000350685238957
7 0.00411758422111
8 0.00280276816609
9 0.00116785899264
10 0.00330981168583
11 0.000724584938338
12 0.000144323102711
13 8.85770975057e-06
14 0.000251313969961
15 0.000937109537693
16 0.000598121455577
17 0.00898280941596
18 0.000361969758861
19 0.0186416561507
20 0.000528719417788
21 0.0116415787533
22 0.000724329623738
23 0.000189089480846
24 0.000496048126505
25 0.00118073682699
26 8.01481779514e-07
27 0.000381105061824
28 0.000360685809687
29 0.000222235734155
30 0.001363210679
31 0.000146439669246
32 0.000459655669441
33 0.00508156079614
34 0.000165424261536
35 0.00126741955152
36 0.000366363525391
37 0.00151779011781
38 0.0222495198255
39 0.000269235147818
40 0.000295291933341
41 0.00309490475184
42 0.000650307137982
43 0.00137275878253
44 0.000158565211013
45 0.000350377452733
46 0.00638956380117
47 0.00344346688246
48 0.00131796982167
49 0.0781454995632
50 0.000672433582486
51 0.00034791408768
52 0.00019606534967
53 0.000293535136192
54 0.0276057574766
55 0.000910592594831
56 0.00213345849623
57 0.00151779011781
58 0.000248991369397
59 0.000663724683458
60 0.0114527565795
61 1.28237084722e-05
62 0.000101744416755
63 0.00819808185127
64 0.00151399768243
65 0.000222235734155
66 0.00373799376326
67 0.00241083091586
68 0.00398911203447
69 0.000209870895392
70 0.00147943786982
71 0.00178030660208
72 0.00232393136617
73 6.95262524611e-06
74 0.00224655151367
75 0.0156009902521
76 0.0010961468225
77 0.000563162644935
78 0.000882250208348
79 0.00139976211938
80 0.000339056472113
81 0.00103835761723
82 0.00309836178006
83 0.00104724510372
84 0.0022902379601
85 0.00472467093346
86 0.00566237531249
87 0.00138426937271
88 0.00311415492539
89 5.47817443945e-06
90 1.51993585871e-05
91 2.45343843339e-05
92 0.00302280727371
93 0.00140043278527
94 0.000170595585173
95 0.00343839382903
96 0.000214158239143
97 0.000344794581196
98 0.000939990062255
99 1.151045185e-05
100 0.000845317568057
101 0.000182478026252
102 0.000527463031562
103 0.00289735511235
104 0.00111547805411
105 0.000438478979309
106 0.00107213402289
107 0.000369976513731
108 0.00451987514404
109 0.0131278441473
110 0.00328663822788
111 0.00229825078203
112 0.00145679968453
113 0.000554060404118
114 0.00110392738726
115 1.47424547752e-05
116 0.000242221822151
117 0.000630087948175
118 0.00252518875786
119 0.00133885329079
120 0.00114301964277
121 0.00418141031383
122 0.000249307479224
123 0.00149083308785
124 0.00085756380416
125 0.000158967063157
126 0.011551503444
127 0.000595989438829
128 0.00417037596932
129 0.00168698520076
130 0.000651185743102
131 0.00168768781851
132 0.000593724944807
133 1.33848899465e-05
134 0.00403282070056
135 0.000707976791033
136 0.000131271523279
137 0.000399347737573
138 0.000396190244733
139 0.000333542219763
140 0.00104332832599
141 0.00306955410294
142 0.000992580832706
143 0.000717474489796
144 0.000563162644935
145 0.00099322151167
146 0.000451923966866
147 0.000625
148 0.000302367618645
149 0.0160437809792
150 0.00443268491003
151 0.0050677237221
152 0.000369822485207
153 0.000967790736638
154 0.201822767569
155 0.00183673469388
156 0.000369526627219
157 0.00135673105248
158 0.00387624910672
159 0.00161706085908
160 0.00217985800597
161 0.000528719417788
162 0.00044962702539
163 1.9636549291e-05
164 0.00131146556577
165 0.0183335093738
166 0.00145644410736
167 0.000472968448151
168 0.000383431952663
169 0.00133330873628
170 0.00063090083274
171 0.000349242256306
172 4.05695971439e-05
173 0.000943857051698
174 0.000501225217198
175 0.00197950835053
176 0.000563162644935
177 0.00063090083274
178 0.000351714677641
179 0.000629750493484
180 0.000211269779191
181 0.000598682639094
182 0.00206318400267
183 0.00577439588975
184 0.00232185241427
185 0.00182246864465
186 0.00115308015516
187 0.00541126196368
188 0.0208104516494
189 0.000340315886923
190 0.00229605310656
191 3.07787011388e-06
192 0.0579337511141
193 0.00355577174648
194 0.00967481859715
195 0.144275529901
196 0.000350685238957
197 0.000333028921628
198 0.000376161360585
199 1.0110175639e-05
200 0.000151065835913
201 0.00104332832599
202 0.000712208504801
203 0.00172800658398
204 0.0292489758762
205 0.000614096466288
206 0.00728138713431
207 0.0158812933233
208 0.00145135672728
209 0.000599530428844
210 0.000270713782005
211 0.00159616690096
212 0.000118147448015
213 0.000595791870816
214 0.000694186152351
215 0.000605505671078
216 0.0129244707172
217 0.000469469798252
218 0.000251313969961
219 0.000285336011687
220 0.000789318911819
221 0.000966125392079
222 0.000300156225312
223 0.000315223784298
224 2.12363821699e-05
225 0.0018247239512
226 0.000563878369347
227 0.001024
228 0.000394928735899
229 0.00278917579243
230 0.000711111111111
231 0.0521049055892
232 0.000808162100764
233 0.000272304458169
234 0.00314908657595
235 0.000369822485207
236 0.0011034514244
237 0.00263819353106
238 0.00439913298261
239 0.000756095686885
240 0.00140440910128
241 0.00129490440003
242 0.00074549499703
243 0.00140790140737
244 0.00100483491706
245 0.00037177010722
246 0.00052112464811
247 0.000205179335556
248 0.000249547209666
249 0.0104440187725
250 0.00275930226315
251 0.00630272096078
252 0.00151779011781
253 0.0147463461795
254 0.000215739719822
255 1.3946040874e-05
256 0.000830353137269
257 0.00020874936695
258 8.89738589242e-06
259 0.000711345279583
260 0.000510660668003
261 1.76838287045e-07
262 0.000436995480437
263 0.000436044164276
264 0.0022014013799
265 0.00507290225006
266 0.0010961468225
267 0.00454427642489
268 0.001517650269
269 0.00138918042384
270 0.00204865362022
271 0.000337556230668
272 0.000664593068407
273 0.00158911564744
274 0.0014882201345
275 0.00364823445338
276 0.000342935528121
277 0.000142358174279
278 3.82513800007e-05
279 0.000911580194121
280 0.00196710383821
281 0.000913663964757
282 0.00518125913692
283 0.00116757394041
284 2.91208983215e-06
285 0.00227595794986
286 0.00024308442626
287 0.00110447432489
288 0.000452392683476
289 0.0012530346934
290 0.000904098274153
291 0.00373372978036
292 2.04540289387e-05
293 0.000452392683476
294 0.000837460324025
295 0.00178725922733
296 0.006500117472
297 0.00046429970546
298 0.00209395144078
299 0.00119705092663
300 0.000324832510147
301 0.000850036503441
302 0.000687852593457
303 0.00100073673424
304 0.00080498497309
305 9.88271183066e-05
306 0.000399514063161
307 0.000119769219685
308 0.000453078957083
309 0.0160205078125
310 0.00082086061888
311 0.00255898514821
312 0.000439136089328
313 0.00260475257085
314 0.00408760694065
315 0.00233294184286
316 0.000720688257286
317 0.00252518875786
318 0.000453344952369
319 7.29733712757e-05
320 0.000402008946986
321 0.00866805671546
322 0.00123274953878
323 0.00131742112483
324 0.00144830804281
325 0.00973920252414
326 0.000223149763774
327 0.0018786214828
328 0.000383644704052
329 4.06991089439e-05
330 0.00114099673091
331 0.00020571102046
332 0.000739400599107
333 1.06622240733e-05
334 0.00424294856651
335 0.00112330428306
336 0.000451125078891
337 0.000425424887131
338 0.000581687206447
339 6.39303414999e-06
340 0.000452503130909
341 0.000951619405106
342 0.000553633217993
343 0.000180243228147
344 0.000355177514793
345 0.000197580257452
346 0.00250355418769
347 0.000727180911501
348 0.000428885892624
349 0.00244913662957
350 0.0101360306126
351 0.00285694884575
352 0.000503158321949
353 0.0231577423359
354 0.000791012619267
355 0.000820227727115
356 0.00970480543421
357 0.00815049845658
358 0.000385791091416
359 0.000366432228213
360 0.00489902547194
361 0.0116553420444
362 0.000965849849352
363 0.000462684254706
364 3.24356694246e-06
365 0.00135236359728
366 0.00050161196505
367 0.00122450975598
368 0.000360937641211
369 0.00378267028502
370 0.000414206842361
371 0.000145257865098
372 0.00198728513104
373 0.000747406930411
374 0.00056811008711
375 0.000273826306122
376 0.00135311718106
377 0.000582483351714
378 0.00648856439191
379 0.00063090083274
380 0.000222235734155
381 0.00968771073345
382 0.000450216189264
383 0.0022902379601
384 0.000424101545584
385 0.00508904771599
386 0.00203626066526
387 0.000339946258124
388 0.00155149864042
389 0.0108295326856
390 0.00262203775409
391 0.000297890751758
392 0.000768266828673
393 0.000210283644037
394 0.000623170410327
395 0.00226757369615
396 0.000924659445691
397 0.000622403948807
398 0.00136300293583
399 0.000218829872904
400 0.00846851593963
401 0.0127324654337
402 0.00307800510618
403 0.000863640149938
404 0.000802117462957
405 0.000339056472113
406 0.00151957312716
407 0.146408120374
