1 0.000817279348192
2 0.000821534342164
3 0.00444591147637
4 0.000493827160494
5 0.00130876553748
6 0.000535974607376
7 0.00344768058282
8 0.00344517958412
9 0.00222433529248
10 0.00259126827016
11 0.000130025212494
12 0.00235434637286
13 9.84236831988e-06
14 0.000400250117236
15 0.000681994563796
16 0.000981564092333
17 0.00382990592863
18 0.000545060050517
19 0.0223763417655
20 0.0131822678051
21 0.00188862330124
22 0.000535974607376
23 0.000137398094309
24 0.00134215711977
25 0.000966524364848
26 1.00144207659e-05
27 0.000709342560554
28 0.000434397084528
29 0.000774589175101
30 0.00249587288556
31 0.00012175980975
32 0.000942257971847
33 0.00343011348577
34 0.000228206218188
35 0.000771604938272
36 0.000415454276151
37 0.00349109218196
38 0.0159052491139
39 0.000191274319401
40 0.000646365986785
41 0.00137070337945
42 0.000259215760318
43 0.000954521673725
44 0.000392434908151
45 0.000514883282271
46 0.00134943773428
47 0.00327221827472
48 0.0019947653368
49 0.078208347886
50 0.0006411232957
51 0.000821534342164
52 0.000228030268907
53 0.00202626621851
54 0.0068764620397
55 0.000812453100581
56 0.000968326241966
57 0.00127737158319
58 0.000169790125102
59 0.000704832015036
60 0.0156990915348
61 5.15920609372e-05
62 0.00026241595489
63 0.00789575045592
64 0.00048244420529
65 0.000812453100581
66 0.000330578512397
67 0.0015465219038
68 0.00162837183489
69 0.000339907414659
70 0.000149103184472
71 0.00258723270286
72 0.000819249810388
73 1.01910243827e-05
74 0.00545653330335
75 0.0279581943247
76 0.000300853629885
77 0.000704832015036
78 0.00049492510835
79 0.00147824350549
80 0.000259215760318
81 0.000893787451314
82 0.00285500876012
83 0.00116121242542
84 0.00281372640582
85 0.00204283571132
86 0.00349619052693
87 0.00114197384067
88 0.000624024108698
89 3.00624792264e-06
90 1.01910243827e-05
91 2.54433099202e-05
92 0.0020313429875
93 0.000544387735912
94 0.000769599468195
95 0.00353849632468
96 0.000240537642325
97 0.000269097760418
98 0.00973188993868
99 3.22016891177e-05
100 0.00216600886678
101 0.000703793588636
102 0.000544706085509
103 0.00631609587352
104 0.00108662946998
105 0.000359819538431
106 0.00186290779398
107 0.000995676599506
108 0.00080707420223
109 0.0135100371209
110 0.00129017569157
111 0.00422384211558
112 0.000919117647059
113 0.00215921024995
114 0.00121455475382
115 2.70515927978e-06
116 0.000258888969303
117 0.00025852158765
118 0.00520636373727
119 0.00316960875527
120 0.00254395980262
121 0.000968326241966
122 0.00012982099352
123 0.00614487734166
124 0.000452381190459
125 0.000471703800154
126 0.00705835258813
127 0.000515008497077
128 0.00495933346558
129 0.000765951089776
130 0.000511396287479
131 0.00260833681854
132 0.000952971345825
133 2.89477440752e-06
134 0.00266283224963
135 0.000754017485034
136 0.000525754641849
137 0.000724939200503
138 0.000629067507218
139 0.000773991959084
140 0.00131448995397
141 0.00112660630435
142 0.0089514971828
143 0.000477662275861
144 0.000704832015036
145 0.00236101549936
146 0.000239261843331
147 0.000708746653525
148 0.000391808015326
149 0.0162453489098
150 0.0118042848842
151 0.00527729712592
152 0.000196676859162
153 0.00264969444507
154 0.168955790586
155 0.00367309458219
156 0.000371535284855
157 0.00606155850332
158 0.00307724906933
159 0.00204283571132
160 0.00119515837898
161 0.00100347967782
162 0.000261713212189
163 4.85698457148e-06
164 0.000814425887414
165 0.00792696522174
166 0.00081805384354
167 0.000732222897602
168 0.000512879845375
169 0.00150278901618
170 0.000995676599506
171 0.00082245000496
172 4.21048473076e-05
173 0.00113835091951
174 0.00048176203114
175 0.00228333019551
176 0.0009765625
177 0.000621595999326
178 0.0021313197752
179 0.000746131492196
180 0.000525025681557
181 0.000568784147681
182 0.00408461412322
183 0.00132046491857
184 0.00154482839151
185 0.000988939959782
186 0.000893787451314
187 0.00365546222787
188 0.0116157035731
189 0.000178438047508
190 0.000324173833451
191 8.05042227943e-06
192 0.0570302501166
193 0.000343142738861
194 0.00171853035235
195 0.0399771482184
196 0.000499137091796
197 0.000744929907039
198 0.000709342560554
199 1.277790955e-05
200 0.000340451266522
201 0.000927439329717
202 0.000345775561779
203 0.00219323552385
204 0.00725197198913
205 0.000206993013347
206 0.0078053527797
207 0.00502546338003
208 0.00082353777906
209 0.000851666288035
210 0.000164834829396
211 0.0021944073936
212 0.000300640749205
213 0.000925183129432
214 0.000814096640301
215 0.000447347551112
216 0.00846888059693
217 0.000882158642409
218 0.000196676859162
219 0.000504356888538
220 0.00103501067355
221 0.000343083455861
222 0.000259415772479
223 0.000441883324766
224 1.23331079972e-05
225 0.0014739703529
226 0.000439606809699
227 0.00312818073722
228 0.000371805975806
229 0.00132897718234
230 0.000300640749205
231 0.140170342479
232 0.00235443900388
233 0.000147373144328
234 0.00182161008837
235 0.000196676859162
236 0.000391808015326
237 0.00295576297905
238 0.00039341575029
239 0.00321296193367
240 0.00642003798822
241 0.000852469497576
242 0.0007053758669
243 0.00389721815192
244 0.0038521464407
245 0.00124499759242
246 0.00025972015862
247 0.000477861218916
248 0.000346561418685
249 0.00125638785114
250 0.000704107892076
251 0.00324067924591
252 0.000243506081733
253 0.0186012774147
254 0.000273919023032
255 1.45063307597e-05
256 0.000930767020971
257 0.000237371501416
258 6.24363592357e-05
259 0.000196676859162
260 0.000650601875137
261 1.57626212293e-06
262 0.000290814568015
263 0.000339907414659
264 0.00105371207097
265 0.0107319166295
266 0.000291025762327
267 0.00179090503207
268 0.000409302014768
269 0.00379596145639
270 0.000403133158399
271 0.000528790641082
272 0.000724939200503
273 0.00119747278879
274 0.00187038119657
275 0.00651348733957
276 0.000671738917474
277 6.45799114599e-05
278 4.49298664091e-05
279 0.000872003890458
280 0.000770415566675
281 0.00144237835887
282 0.0017504887815
283 0.00170814244065
284 7.60998810939e-06
285 0.000977173137784
286 0.000234660346982
287 0.00281372640582
288 0.000985163826833
289 0.00579063515587
290 0.000606882717111
291 0.00589914024955
292 1.36948688539e-05
293 0.000646365986785
294 0.000852469497576
295 0.00175949281564
296 0.00440845093926
297 0.000324883081077
298 0.0010115394286
299 0.00169342970914
300 0.000978736614804
301 0.000248469823439
302 0.000419967955941
303 0.00100347967782
304 0.00033908726395
305 9.22631575912e-05
306 0.000402572340639
307 0.00076893502499
308 0.00169394443813
309 0.0144521332997
310 0.00206905365547
311 0.000972226681677
312 0.000744929907039
313 0.0181216504143
314 0.00443955102952
315 0.000669808634226
316 0.000415454276151
317 0.00199197079738
318 0.000482134781905
319 0.000578074484693
320 0.000179304579382
321 0.00892041120212
322 0.000954521673725
323 0.000671738917474
324 0.00377193358523
325 0.0039667087903
326 0.000338571055291
327 0.00162411122056
328 0.000170009107818
329 4.25330812854e-05
330 0.00636950299645
331 0.000125007600462
332 0.00494787874762
333 3.04119809689e-05
334 0.00281372640582
335 0.0012792370398
336 0.000116119203329
337 0.000524865000236
338 0.000398086889948
339 8.26924239785e-06
340 0.000403523103471
341 0.00106622240733
342 0.000811446365019
343 0.000447347551112
344 0.000326935801766
345 0.000454745715986
346 0.00687994077119
347 0.00025847540865
348 0.0666674173836
349 0.00386253934766
350 0.00241212989
351 0.00520563291126
352 0.00602336430898
353 0.0314988426426
354 0.000776047859691
355 0.000654661508176
356 0.00152929059642
357 0.0036891847443
358 0.00150058150982
359 0.000405802866026
360 0.000168389036558
361 0.00960814888333
362 0.000792764710458
363 0.000244140625
364 3.19162453889e-06
365 0.000330578512397
366 0.000371655368486
367 0.0002044465528
368 0.000995676599506
369 0.00312057074911
370 0.000162692628072
371 0.000283215326947
372 0.0017547576156
373 0.000927439329717
374 0.00894179566137
375 0.00124090318733
376 0.000814425887414
377 0.000577587273
378 0.00933494627188
379 0.00222187183255
380 0.000511350723467
381 0.00431583495391
382 0.000593142536021
383 0.00281372640582
384 0.000770247900535
385 0.00523720595561
386 0.00379808797098
387 0.000998104708878
388 0.00269422458493
389 0.00495624708959
390 0.00125720336707
391 0.000340871210594
392 0.000817055881955
393 0.000319110096173
394 0.0015294614812
395 0.0028323096555
396 0.00207859033499
397 0.000872136797621
398 0.000517663695361
399 0.000635984540357
400 0.00496264161756
401 0.00129811851211
402 0.0052593501757
403 0.00308641975309
404 0.00162837183489
405 0.000332510303829
406 0.00039341575029
407 0.00546984773112
