1 0.00017906862021
2 0.000322605747433
3 0.0137955436793
4 0.000522448979592
5 0.000533161373792
6 0.000240577341067
7 0.0237576443447
8 0.0014256851242
9 0.00232740875496
10 0.0029416834243
11 0.000407146398909
12 0.00029292029579
13 2.95012217512e-05
14 0.000654971811055
15 0.000440612175983
16 0.0022964023135
17 0.00966632829798
18 0.000642446818939
19 0.0416202729565
20 0.00191288152671
21 0.0300460459986
22 0.00029309998701
23 0.000287579347796
24 0.000316674603894
25 0.00208116545265
26 1.12796717052e-05
27 0.000640022440293
28 0.000215340425349
29 0.00102923242819
30 0.000967481275928
31 0.000144879528615
32 0.000783804036744
33 0.0046859336118
34 0.000117987085023
35 0.000512716917053
36 0.00106247140792
37 0.00542436956068
38 0.0128737149066
39 0.0007843554044
40 0.00147928994083
41 0.00638894971543
42 0.00172907736092
43 0.00121802988612
44 0.000436582128975
45 0.0045714755533
46 0.00490969337053
47 0.00166533228079
48 0.00317051738641
49 0.115706031787
50 0.000642446818939
51 0.00121999290208
52 0.00014687748382
53 0.00285118882725
54 0.049580458597
55 0.00133101187116
56 0.000264550010771
57 0.000372296798248
58 0.000157725208185
59 0.000722623867007
60 0.00595684335937
61 4.72000466173e-05
62 0.0002835346772
63 0.00194873448057
64 0.000243733062362
65 0.000332510303829
66 0.00231556334445
67 0.000371535284855
68 0.00384923745708
69 0.000216262975779
70 0.00224697664593
71 0.00256810507066
72 0.00453655483521
73 4.66485359357e-06
74 0.00458090758169
75 0.0248582473464
76 0.00227577854671
77 0.000719179784227
78 0.00156847367905
79 0.00103070773851
80 0.000234078295939
81 0.00460540739816
82 0.00153907693245
83 0.000783804036744
84 0.00278393782601
85 0.00316894453671
86 0.00140124109926
87 0.0100139033699
88 0.00131258102024
89 5.03288835261e-06
90 4.43213296399e-06
91 7.54739765729e-06
92 0.00231807245785
93 0.000499709092692
94 0.00121669557174
95 0.0143600135659
96 0.000189898366874
97 0.000373521356564
98 0.00235091881984
99 4.00014025183e-05
100 0.000234078295939
101 0.000434027777778
102 0.00100455375388
103 0.00172301768238
104 0.00108137937185
105 0.000454046095204
106 0.00158289063835
107 0.000377187818954
108 0.00282654488959
109 0.00973078181008
110 0.000775189625379
111 0.00629032258065
112 0.00149998710011
113 0.00250452213877
114 0.000439617260168
115 7.48314795081e-07
116 0.000434027777778
117 0.000391188311168
118 0.00339727237049
119 0.00551611564142
120 0.000769228942951
121 0.00196686494921
122 0.000445699225233
123 0.00611060501589
124 0.00110359092215
125 0.000167583033697
126 0.00819502679806
127 0.000628944591077
128 0.00152111914684
129 0.000963139120095
130 0.000581073268998
131 0.00128588384697
132 0.0138325286084
133 2.56410092045e-06
134 0.000420335778435
135 0.00523076487575
136 0.000288054406795
137 0.000765937299516
138 0.00400604149357
139 0.000341426971572
140 0.00143613448344
141 0.00382904741868
142 0.00166736111111
143 0.000764524211876
144 0.00017263223969
145 0.00114815903614
146 0.000425475715888
147 0.000542233096636
148 0.000385071309045
149 0.0136278425677
150 0.00586277702376
151 0.0059651470241
152 0.00038568742314
153 0.00155476754152
154 0.17382832862
155 0.003633403483
156 0.00100426502678
157 0.000982294805017
158 0.00168070369407
159 0.000974734017018
160 0.00107922183605
161 0.00528357035495
162 0.00102907558083
163 1.11482409469e-05
164 0.00509546832774
165 0.0440784583851
166 0.00077479009459
167 0.000309146641685
168 0.000369960153899
169 0.00129345230662
170 0.00061133921024
171 0.00100820563523
172 4.68417932889e-05
173 0.000201294637508
174 0.00091756294178
175 0.0020593794606
176 0.000639620461967
177 0.000599903130876
178 0.000463301307786
179 0.000248000496001
180 0.000108299068628
181 0.000261911974147
182 0.00256547686734
183 0.00263101597032
184 0.00121802988612
185 0.000248000496001
186 0.0023781036137
187 0.0016366167424
188 0.0127895620139
189 0.000188388789087
190 0.000196010042632
191 0
192 0.00266771508968
193 0.000329140695272
194 0.00532016486127
195 0.174396966576
196 0.000364197890566
197 0.000794736587134
198 0.000959354687133
199 5.71033380073e-05
200 0.000471224092285
201 0.000288054406795
202 0.00125894855081
203 0.00100662661333
204 0.0065235257066
205 0.00110008424744
206 0.00151951816718
207 0.00439457492541
208 0.00150238707947
209 0.00118090244565
210 0.00175066963113
211 0.000641864797796
212 0.000379100088227
213 0.000418550329516
214 0.000168054751582
215 0.00127737158319
216 0.0151318584458
217 0.00118090244565
218 0.000764509758118
219 0.000368375323671
220 0.00045039072296
221 0.000391188311168
222 0.000739803009387
223 0.000806889308969
224 4.4181698339e-06
225 0.000643465766946
226 0.000868366547033
227 0.000903975708475
228 0.000665972944849
229 0.0036730515121
230 0.000383407831688
231 0.0482282666193
232 0.0024434768819
233 0.000630559819226
234 0.00482966423946
235 0.000377187818954
236 0.000203274188805
237 0.111889729231
238 0.000300422190537
239 0.00260464145222
240 0.00283444728278
241 0.00429224841278
242 0.00143613448344
243 0.0136462927956
244 0.00144515606702
245 0.000590588362355
246 0.000970865501944
247 0.00309424882473
248 0.000472177882286
249 0.00231807245785
250 0.00514655605137
251 0.00343994289695
252 0.000309833745649
253 0.0183548132827
254 0.00225401468959
255 1.42160905435e-05
256 6.49766991646e-05
257 0.000183638456608
258 0.000103199798438
259 0.000178472222222
260 0.000537702163411
261 2.59099870855e-06
262 0.00031259440351
263 0.000629406765755
264 0.00791606648199
265 0.00256530165379
266 0.00193580880429
267 0.00409466285808
268 0.00149583624958
269 0.00348442172763
270 0.00093393020313
271 0.00100441809263
272 0.00158783300179
273 0.000798483866436
274 0.00162427894981
275 0.00615640631
276 0.0009
277 1.29911600769e-05
278 1.08921783267e-05
279 0.00121999290208
280 0.00140918434857
281 0.00278393782601
282 0.00207790521181
283 0.00832705521787
284 9.43839207553e-06
285 0.00105144163369
286 0.000310833311782
287 0.00278393782601
288 0.00202120845769
289 0.000446591577354
290 0.00119420251995
291 0.0166681258857
292 6.01961950059e-05
293 0.000974734017018
294 0.00238680729561
295 0.00536776550826
296 0.0120436119706
297 0.00138848328008
298 0.00268400100781
299 0.00543511234347
300 0.000690932147514
301 0.000914358387599
302 0.000922929017786
303 0.00119327829531
304 0.000221799307958
305 0.000215755018289
306 0.000191568587541
307 0.000971226545446
308 0.000186091364829
309 0.0170021335255
310 0.0017137243548
311 0.00250583233245
312 0.000234078295939
313 0.0048844215956
314 0.00388380957673
315 0.00146158242427
316 0.000900694444444
317 0.000382677033861
318 0.00133314149016
319 0.000109692056663
320 0.00083217967034
321 0.00873916756222
322 0.00141634871083
323 0.000408895677196
324 0.000653513378633
325 0.00584541059983
326 0.000436688716409
327 0.00194638740757
328 0.000283652767445
329 1.91992445453e-05
330 0.00147234764329
331 0.000742692864893
332 0.00153789531182
333 2.47518625777e-05
334 0.00380150300523
335 0.00155858187129
336 0.000501281272428
337 0.000369960153899
338 9.61491731171e-05
339 9.32346599848e-06
340 0.000399251053371
341 0.000420335778435
342 0.000554357631678
343 0.000226537838525
344 0.00110705069619
345 0.00063359573791
346 0.0049708443592
347 0.000195875850769
348 0.00673100391585
349 0.0044514656826
350 0.00425333038877
351 0.00223233370069
352 0.000713358230394
353 0.0812918429382
354 0.000459451536187
355 0.0017137243548
356 0.00317606710602
357 0.00260212457001
358 0.00324060744846
359 0.00241622837133
360 0.000377853141079
361 0.00702778861886
362 0.00163775934507
363 0.000374435729543
364 1.08921783267e-05
365 0.000408895677196
366 0.00017024515302
367 0.000537702163411
368 0.00194325709914
369 0.000657462195924
370 0.0010270159519
371 0.000330807092572
372 0.0020097901256
373 0.000413045351898
374 0.00244738644491
375 0.000308652797209
376 0.00114975134568
377 0.000265592454783
378 0.00845577572352
379 0.000749497397283
380 0.000261493584412
381 0.00503676438971
382 0.000466045992004
383 0.00142710807432
384 0.000384775394375
385 0.00583414014159
386 0.00178619160794
387 0.000413045351898
388 0.000732379370074
389 0.00213543072492
390 0.00695248897831
391 0.000320146714149
392 0.00077479009459
393 0.000800559342346
394 0.00127642177111
395 0.000362372095653
396 0.000974734017018
397 0.000811168082038
398 0.00114082160299
399 6.32388571158e-05
400 0.0044514656826
401 0.00181745152355
402 0.00120146092038
403 0.000614394716205
404 0.000998280461904
405 0.0014272899503
406 0.00169265573525
407 1.3166344585e-08
