1 0.000543926296061
2 0.000612495506472
3 0.00692106893739
4 0.00297074676231
5 0.00128862590401
6 0.000368121502478
7 0.00320447827088
8 0.00242053502273
9 0.000235276647032
10 0.00399364136606
11 0.00039307573484
12 0.000469319284292
13 2.51675037192e-05
14 0.000763336747538
15 7.06212653601e-05
16 0.00110203624508
17 0.00936907242722
18 0.000404943310466
19 0.0377791150032
20 0.00456623317253
21 0.00584001768529
22 0.000927914247675
23 0.000765685474604
24 0.000404943310466
25 0.000715343905999
26 8.37729668825e-06
27 0.00112792862663
28 0.000293597867428
29 0.00109125148809
30 0.00237920809349
31 6.3881508282e-05
32 0.00105991072259
33 0.00802845019559
34 0.000255509186884
35 0.000621542191972
36 0.00073437554741
37 0.00198073904118
38 0.0123381575988
39 0.00070680318694
40 0.000318731048901
41 0.0049149835685
42 0.000722080960341
43 0.000881491998268
44 0.00086151059513
45 0.00031340639889
46 0.00550172222287
47 0.00487308011369
48 0.00211961252267
49 0.099902774925
50 0.000564236633672
51 0.000502513487568
52 0.000269934799403
53 0.00245620522699
54 0.0117994010972
55 0.00125570025129
56 0.000436291101232
57 0.000323840236556
58 0.000164847306094
59 0.00069462744442
60 0.0116936473802
61 4.39223409632e-05
62 0.000163578170238
63 0.00125570025129
64 0.00336995036496
65 0.000659206387592
66 0.000206197063028
67 0.000766937647557
68 0.0018154062271
69 0.000114795918367
70 0.000260826206799
71 0.000323482221417
72 0.00112775673869
73 8.24551431138e-06
74 0.00196834194693
75 0.0260960637346
76 0.00103100806398
77 0.000829392441283
78 0.000545990617184
79 0.000392440312149
80 0.000175534458029
81 0.00288740200519
82 0.0014953503576
83 0.000335540221853
84 0.00129685728458
85 0.00267682850718
86 0.00126311958987
87 0.000788916860779
88 0.000964617768595
89 7.82434348868e-06
90 2.22266065652e-05
91 5.93426549208e-05
92 0.000636930476362
93 0.000502513487568
94 0.00148210361578
95 0.0137478278543
96 0.000482173723136
97 0.000263231087095
98 0.00520770023673
99 1.82109188623e-05
100 0.00153787004998
101 0.000676132173533
102 0.000543926296061
103 0.00416692334786
104 0.00132526289992
105 0.000346533833479
106 0.00194580376953
107 0.000231039241628
108 0.00231649469412
109 0.0117626483911
110 0.000155036412361
111 0.0061359647182
112 0.0014821592061
113 0.000353892249421
114 0.000140173743293
115 9.45290709388e-06
116 0.000165188109872
117 0.000438783685089
118 0.00442488829851
119 0.000504965458639
120 0.00040596225356
121 0.00252157164066
122 0.000435879035126
123 0.00675962217557
124 0.00262377700743
125 0.000899900599215
126 0.00684112367832
127 0.000794736587134
128 0.00194580376953
129 0.000973180467908
130 0.000563987028994
131 0.0014272899503
132 0.0010310909529
133 1.23018864715e-05
134 0.000667886659222
135 0.00075945033987
136 0.000621542191972
137 0.0020959282646
138 0.00124320687335
139 0.000266096447259
140 0.000605021828311
141 0.00313505677301
142 0.00124558800566
143 0.00211085166371
144 0.000164747872969
145 0.000746014523825
146 0.00148633920386
147 0.000167955304283
148 0.000105870658731
149 0.0143068254438
150 0.0110340962598
151 0.00345540263305
152 0.000346791781451
153 0.00141852687077
154 0.155035029304
155 0.000706981040791
156 0.00096535705631
157 0.00151016961115
158 0.00501712508117
159 0.00129685728458
160 0.0040219181781
161 0.000925269990892
162 0.000690815410108
163 8.07076446281e-06
164 0.00679707129891
165 0.0481823788735
166 0.00356426821118
167 0.00069694430937
168 0.000855705111576
169 0.0011910880256
170 0.000425626407785
171 0.000255509186884
172 3.97774622863e-05
173 0.00148633920386
174 0.000742248465806
175 0.0018264176688
176 0.000212673611111
177 0.00115537230512
178 0.000410245706871
179 0.000303512243684
180 0.000174851444573
181 0.000524505994964
182 0.0035818531637
183 0.00181476675091
184 0.00117908255493
185 0.00071640800984
186 0.00154686623232
187 0.00270882367813
188 0.0119825354908
189 0.000175859007689
190 0.000344976806519
191 2.90464996336e-06
192 0.0151334388165
193 0.000838338122468
194 0.00247287892976
195 0.0906181417934
196 0.000160068596437
197 0.000973180467908
198 0.000221101504854
199 1.20145736779e-05
200 0.000201124721623
201 0.000695568168096
202 0.00238443889759
203 0.0010310909529
204 0.00765964887532
205 0.000694774580078
206 0.00620228912837
207 0.00125910509886
208 0.000857791879109
209 0.000483323032508
210 0.00111846335647
211 0.00399154511311
212 0.000679605609733
213 0.000254750713535
214 0.000307414000813
215 0.000449564768502
216 0.0133394586238
217 0.00439231064975
218 0.000193797406345
219 0.000238181296995
220 0.000324974191382
221 0.000338906951876
222 0.000381046588147
223 0.00071640800984
224 9.04516931426e-06
225 0.00351455184803
226 0.000920887946418
227 0.000668698175284
228 0.000649630673226
229 0.00111536097261
230 0.000401027040704
231 0.093113136452
232 0.00256109754299
233 0.000344976806519
234 0.00124220880856
235 0.000185528517923
236 0.00045039072296
237 0.0191818779768
238 0.00158242461933
239 0.00153420880738
240 0.00114617945213
241 0.00114937562841
242 0.00161157216942
243 0.0148423413402
244 0.00301926095882
245 0.00125330853587
246 0.000219659490502
247 0.00115622579967
248 0.000901971984697
249 0.0184133528849
250 0.00105342942665
251 0.00280960314409
252 0.000237855932374
253 0.0357943904418
254 0.000332510303829
255 3.72683770367e-06
256 0.000125716424016
257 0.00025644834428
258 1.04394758339e-05
259 0.000344639577594
260 0.00050183196052
261 1.98411714228e-07
262 0.000381699346405
263 0.000843649386202
264 0.00113273372717
265 0.00667489521716
266 0.000564236633672
267 0.00407601141657
268 0.000812694381476
269 0.00350397649375
270 0.000260076255038
271 0.00096535705631
272 0.00156203248841
273 0.000846965269849
274 0.000993211707517
275 0.00346586848286
276 0.000667886659222
277 4.17429162014e-05
278 1.34394664034e-05
279 0.000804929441389
280 0.0110318938563
281 0.00179817875666
282 0.00491079781312
283 0.00144830804281
284 2.90089573214e-05
285 0.00144656795225
286 0.000387874660105
287 0.00154033064206
288 0.000247758142207
289 0.00126259372826
290 0.000545990617184
291 0.00950469342173
292 1.68579173105e-05
293 0.000529823849922
294 0.000527124114952
295 0.001225
296 0.00513806894808
297 0.000338906951876
298 0.00225185880647
299 0.00397863505401
300 0.000380280421825
301 0.000521783625454
302 0.00152201867999
303 0.00097696923157
304 0.00071640800984
305 9.66810292025e-05
306 0.000335439895879
307 0.000661474043265
308 0.00111473801623
309 0.0437228239913
310 0.000458839674312
311 0.00754555718778
312 0.000469319284292
313 0.0263634134343
314 0.00285501097364
315 0.000564236633672
316 0.000267905638496
317 0.0003785490941
318 0.000823990504897
319 5.96294032587e-05
320 0.000433186184596
321 0.00862019640533
322 0.000612495506472
323 0.000474312619199
324 0.00136110501923
325 0.00144500492275
326 0.000696240808921
327 0.000982453724432
328 0.000412702930896
329 1.35385487612e-05
330 0.00523581043015
331 0.00014130249995
332 0.0002357102198
333 5.96294032587e-05
334 0.00580498866213
335 0.00226420309283
336 0.000981248904656
337 0.000365190704734
338 0.000185779659859
339 9.45290709388e-06
340 0.00183673469388
341 0.000715343905999
342 0.00169490347609
343 0.000715343905999
344 0.00219833890164
345 0.000101586797685
346 0.00161560077709
347 0.000429564764494
348 0.00113520857063
349 0.00265793625709
350 0.00702160434619
351 0.00147508442784
352 0.00397844319236
353 0.0784479698935
354 0.000661697046143
355 0.000702660931043
356 0.000715343905999
357 0.00269431423895
358 0.00153646196919
359 0.000354334517212
360 0.000552099541822
361 0.00695382845812
362 0.000564236633672
363 0.000435879035126
364 7.67336039472e-06
365 0.000450583825566
366 0.000902192192701
367 0.000190687813592
368 0.000361426181431
369 0.000622021776997
370 0.000250378991638
371 0.000263040063084
372 0.000949482478733
373 0.00171887934567
374 0.00533143675523
375 0.00255604677081
376 0.000867688770772
377 0.000695568168096
378 0.00198909784021
379 0.000721293242155
380 0.000132498317892
381 0.0102732595492
382 0.000811482939091
383 0.00448421556122
384 0.00109801729409
385 0.00626177230663
386 0.00254397453081
387 0.000422984953041
388 0.000944312343477
389 0.00222375582365
390 0.000694232463808
391 0.00047638652586
392 0.000823864934872
393 0.000804929441389
394 0.000836264806227
395 0.00208979591837
396 0.00252985048186
397 0.000335439895879
398 0.00435926883861
399 0.000145439178615
400 0.00062208058009
401 0.00783721123591
402 0.00665819952067
403 0.00130422970824
404 0.00178326639778
405 0.00163991530633
406 0.000161692155969
407 0.0799251026291
