1 0.000391194988205
2 0.00281663588797
3 0.00310335257674
4 0.000777748240872
5 0.000781219860345
6 0.000375400201475
7 0.00857586789266
8 0.00189259696338
9 0.00080365176862
10 0.00647588727817
11 0.000699549737885
12 0.00030735548391
13 2.69082875865e-05
14 0.000384939107069
15 0.000776331360947
16 0.000598453293599
17 0.00742202029203
18 0.000591273177447
19 0.0348974267506
20 0.000873271042699
21 0.0275592335464
22 0.000301150439534
23 0.00301977837469
24 0.000422315103727
25 0.00226811744334
26 6.94346801925e-06
27 0.000241304552738
28 0.000521786183617
29 0.00230073387399
30 0.00378082403566
31 0.000618580597862
32 0.00111477814199
33 0.00552719484341
34 0.000214173544054
35 0.00833948024208
36 0.000880973746553
37 0.00636065067239
38 0.0181452484566
39 0.000640888865476
40 0.000348629984406
41 0.00569114894322
42 0.00104260588054
43 0.000374416509312
44 0.000521786183617
45 0.00150041400428
46 0.00193126746969
47 0.0152821222568
48 0.0014129984227
49 0.114324658322
50 0.000680529300567
51 0.00254608197963
52 0.000225640203103
53 0.00268414205005
54 0.0597863441024
55 0.00104195416964
56 0.000379289557958
57 0.000658182242862
58 0.000123072527099
59 0.00143835846217
60 0.0191713994918
61 1.69972063727e-05
62 0.000738198647205
63 0.00124596789215
64 0.000796696149844
65 0.000637332331436
66 0.000403867826015
67 0.000776390073709
68 0.00523392785935
69 0.000151481398975
70 0.00096922580408
71 0.000464722060014
72 0.00102274142394
73 5.31521730103e-06
74 0.00846021171531
75 0.0229979102377
76 0.00133373015785
77 0.000110896691127
78 0.000949414962907
79 0.000649578784807
80 0.000171153999154
81 0.00153948162081
82 0.00458052257257
83 0.000634240908447
84 0.00302775461181
85 0.000682506145715
86 0.0323294678897
87 0.00055169003844
88 0.00119616312078
89 3.93675988914e-06
90 6.43363763099e-06
91 6.4064048032e-05
92 0.00105542528795
93 0.000225375469271
94 0.0013704885214
95 0.00809603908594
96 0.00044696311714
97 0.000278866317333
98 0.00146516792198
99 1.2869754067e-05
100 0.0014327532895
101 0.001997440779
102 0.000344378635277
103 0.00328773546997
104 0.0016817136489
105 0.000843522372529
106 0.00100610882358
107 0.000441135905406
108 0.00233294184286
109 0.0112806064379
110 0.000784336062656
111 0.000744640620053
112 0.0012089886858
113 0.000521786183617
114 0.000299281487696
115 1.2869754067e-05
116 0.000317440634881
117 0.000407953409376
118 0.0075111733394
119 0.000654037685082
120 0.000721676381194
121 0.00128952355808
122 0.000439993725371
123 0.00288639193972
124 0.000535198230428
125 0.000398086889948
126 0.00832989976438
127 0.000495322664572
128 0.000862188618599
129 0.000288445918006
130 0.00141374154503
131 0.000336588951901
132 0.00260246115351
133 1.35829374159e-05
134 0.000640416170446
135 0.00248820700424
136 0.000150138800193
137 0.000633511998662
138 0.00121573361501
139 0.000441187957943
140 0.000441498913615
141 0.00177993917373
142 0.00250783084877
143 0.000652381670942
144 0.000204485941514
145 0.000686608138637
146 0.000237051647308
147 0.000510348448627
148 0.00169234698655
149 0.0137809714459
150 0.0252444098308
151 0.00234332646544
152 0.000220384738017
153 0.0019449977639
154 0.155572851269
155 0.000717736031574
156 0.00124627311912
157 0.00164910201242
158 0.0064881530083
159 0.00124596789215
160 0.000435345834484
161 0.0013704885214
162 0.000947105302057
163 1.05414066453e-05
164 0.00399902962232
165 0.0497444279915
166 0.0044514656826
167 0.000808473154801
168 0.000793217476754
169 0.00031390163077
170 0.000411010734403
171 0.0026638917794
172 4.79289940828e-05
173 0.000501530702619
174 0.000652381670942
175 0.00201797955356
176 0.000290399082329
177 0.000696524604102
178 0.00149854299709
179 0.000809886109766
180 0.000294146947255
181 0.000849500908871
182 0.00370845753042
183 0.00288240716149
184 0.00125167798355
185 0.00039681909811
186 0.00130676903114
187 0.000803521607043
188 0.00306245574874
189 0.000286282660786
190 0.000134425540853
191 5.07264020778e-06
192 0.0155610100245
193 0.00118073682699
194 0.00088199352932
195 0.0572008491248
196 0.000337703941521
197 0.000469748861965
198 0.000457250958729
199 6.51531299644e-05
200 0.00032701820958
201 0.000466145277417
202 0.0017119947013
203 0.00056242090956
204 0.0273542798372
205 0.00082284408184
206 0.00610649694899
207 0.00368567093892
208 0.000795151858651
209 0.00056242090956
210 0.000313145552948
211 0.00365354348436
212 0.00103240272151
213 0.000469056259582
214 0.000433842527206
215 0.000675624600868
216 0.00993185645592
217 0.00209434314212
218 0.00111245303027
219 0.000306556038787
220 0.000973115127934
221 0.000478515625
222 0.000343454537548
223 0.000739405346877
224 5.72331219523e-06
225 0.00126990480456
226 0.00378082403566
227 0.000598121455577
228 0.000223719775002
229 0.00131318338914
230 0.000645624508679
231 0.049977396532
232 0.000598702545283
233 0.000154315034142
234 0.0079582646479
235 0.000162537102586
236 0.000686016528926
237 0.00215755301182
238 0.000521526750462
239 0.00133756717027
240 0.00203674537865
241 0.00140443618903
242 0.00136857228775
243 0.0118101747683
244 0.00745965354694
245 0.000820183275028
246 0.00145644410736
247 0.00102258556576
248 0.000306066332654
249 0.00818854128566
250 0.00146607360769
251 0.00133725989548
252 0.000781219860345
253 0.013781301147
254 0.000597613863241
255 9.58506263838e-06
256 0.000118038956327
257 0.000132880432526
258 2.69082875865e-05
259 0.00018261504748
260 0.000484415212206
261 2.14838895669e-06
262 0.000345743280822
263 0.000645467537001
264 0.00619895547137
265 0.00195753310178
266 0.00216647933884
267 0.00559214084113
268 0.000370613972376
269 0.00173900825055
270 0.000452692123412
271 0.000346529209602
272 0.00145695092782
273 0.000588207021407
274 0.00143343837103
275 0.00616133833969
276 0.00126442689496
277 1.50815345461e-05
278 1.27147058602e-05
279 0.00117501279154
280 0.000632002746481
281 0.000258490114796
282 0.00107039429717
283 0.00312412342515
284 1.43964578315e-05
285 0.000791957281524
286 0.000938527788776
287 0.000301150439534
288 0.000348073067498
289 0.000445553885357
290 0.000855589236955
291 0.0109991403428
292 9.99859394773e-06
293 0.000348073067498
294 0.000651878678135
295 0.00141098532952
296 0.00471882355328
297 0.00122027485142
298 0.00620343945324
299 0.00418500140058
300 0.000618101686327
301 0.00337429873568
302 0.000809886109766
303 0.00137779175841
304 0.000350310274815
305 0.000205916065073
306 0.000781219860345
307 0.000380588180855
308 0.000467818916723
309 0.0261138020429
310 0.000666528145319
311 0.0237766129782
312 0.000588207021407
313 0.0189351689276
314 0.00133231860571
315 0.000637332331436
316 0.00117086311289
317 0.0017849052477
318 0.000220372999567
319 8.65051903114e-06
320 0.000248917042461
321 0.00723428409979
322 0.000837460324025
323 0.000836398760817
324 0.000619952094154
325 0.00219334173493
326 0.000596246586976
327 0.00549744753591
328 0.000376745688824
329 1.29911600769e-05
330 0.00303007896661
331 0.000142570728447
332 0.000791667253584
333 9.04214745867e-06
334 0.0044143636886
335 0.0032073164071
336 0.00126211911357
337 0.000501530702619
338 0.000242247148647
339 2.08714473447e-05
340 0.000754036196495
341 0.000966673323198
342 0.00127300166127
343 0.000159977503164
344 0.000154315034142
345 0.000398086889948
346 0.00420355602542
347 0.000966673323198
348 0.00102774037856
349 0.00511500386209
350 0.00372514089267
351 0.000924488677867
352 0.00418479958733
353 0.0792661926748
354 0.000407953409376
355 0.00085385393827
356 0.000569364377579
357 0.00228377691059
358 0.00626546404787
359 0.00111245303027
360 0.000999719133823
361 0.00911330655793
362 0.000484415212206
363 0.000197676681256
364 8.67601796803e-06
365 0.000236114358515
366 0.000460278923345
367 0.000225375469271
368 0.000408289935168
369 0.000701232698962
370 0.0037377002492
371 0.000518737021871
372 0.00250250187625
373 0.00102258556576
374 0.00644097934739
375 0.000965447747
376 0.00558510617506
377 0.000794892196627
378 0.00314202980152
379 0.00170049952173
380 0.000288445918006
381 0.00405265638962
382 0.000375632784678
383 0.00238276357369
384 0.001225714517
385 0.00581734778781
386 0.00136857228775
387 0.000696694654055
388 0.00373713065148
389 0.00245532555115
390 0.000464722060014
391 0.000258290816327
392 0.000817479534043
393 0.000417535880957
394 0.00147588209414
395 0.00212608692041
396 0.00114909508762
397 0.00060030733044
398 0.00141278309225
399 0.00041088385683
400 0.00119822485207
401 0.00298932124771
402 0.00718793613916
403 0.000842872008325
404 0.00194875422954
405 0.000241304552738
406 0.000278172687521
407 0.0957403651615
