1 0.000161762810224
2 0.00139329232617
3 0.00993905549996
4 0.000588730291115
5 0.00106285543794
6 0.000722842780022
7 0.00239413646744
8 0.000358157773943
9 0.00072609272473
10 0.000968454048718
11 0.000565209999801
12 0.000152415790276
13 7.40432227313e-06
14 0.000909406431074
15 0.000180710695006
16 0.00283381744301
17 0.0154262877249
18 0.000540841483747
19 0.0434847368896
20 0.00775601544686
21 0.0101699518958
22 0.00036518864787
23 0.000786094855446
24 0.000838085793229
25 0.00128831670637
26 1.02893295151e-05
27 0.000394571982451
28 0.000194410375106
29 0.000508910341702
30 0.00116316897507
31 0.000217888810574
32 0.000453480819423
33 0.00902058939507
34 0.000224251870842
35 0.00108877778911
36 0.00150114965546
37 0.000256163918677
38 0.0189933221639
39 0.000619410628763
40 0.00058569302524
41 0.0017728531856
42 0.000300588654394
43 0.000464722060014
44 0.000972057027346
45 0.000847799340371
46 0.000942801913596
47 0.00122168419593
48 0.00452249466233
49 0.0933419805738
50 0.000771604938272
51 0.00265838371405
52 0.000283871260302
53 0.000911624157472
54 0.0163123027906
55 0.000166070450057
56 0.00108877778911
57 0.000330245041075
58 0.000139609783368
59 0.00122602022336
60 0.057106737462
61 4.56152273607e-05
62 0.000414206842361
63 0.00335873887604
64 0.000949990617377
65 0.00101967429151
66 0.000281141352924
67 0.000694401954156
68 0.000837881232381
69 0.000209915715474
70 0.000710673027526
71 0.00167624996903
72 0.000799738850709
73 9.70487475859e-06
74 0.0032493475747
75 0.0434780852372
76 0.00114002758014
77 0.000224251870842
78 0.00497092649361
79 0.000739174593183
80 0.000179774446137
81 0.000732694589482
82 0.00263224445543
83 0.00133915548984
84 0.00169524245679
85 0.00135985023019
86 0.00258721769574
87 0.0560198715747
88 0.00135723164031
89 4.53807952956e-05
90 1.65694286677e-05
91 6.39303414999e-06
92 0.0006423205551
93 0.0005514684763
94 0.0005098855359
95 0.0124891845903
96 0.000669932754506
97 0.00080773565203
98 0.00942433704964
99 8.91046893083e-05
100 0.00102433530458
101 0.000771604938272
102 0.000409472486245
103 0.00236212455316
104 0.00192650848226
105 0.000567737957884
106 0.00100733567221
107 0.000646084964598
108 0.00303669767227
109 0.00924836403223
110 0.00108877778911
111 0.00106247140792
112 0.00181908113107
113 0.000359124565241
114 0.000424946049904
115 5.60256732045e-07
116 0.00021960595972
117 0.000395560621877
118 0.00619500523745
119 0.00209829334437
120 0.00174045954049
121 0.00157464146835
122 0.000359124565241
123 0.00189550650192
124 0.00106850722526
125 0.000360904653677
126 0.0245940123083
127 0.000394928735899
128 0.00108585096842
129 0.000950723634828
130 0.00113704835473
131 0.00893940276201
132 0.00115480672855
133 4.14559793368e-05
134 0.0029887765215
135 0.000398842680223
136 0.0759660976987
137 0.00298201879454
138 0.000928983318657
139 0.000609559324465
140 0.000412370008331
141 0.00560256732045
142 0.00108585096842
143 0.000193991399463
144 0.000358194371636
145 0.000843725020241
146 0.000358194371636
147 0.000134230932784
148 0.000348593161662
149 0.0133664669725
150 0.0191230798021
151 0.00153324139933
152 0.000356020886559
153 0.00174761604652
154 0.193519395029
155 0.00128916260784
156 0.00069882811507
157 0.00112366575937
158 0.00204581925932
159 0.000358106943183
160 0.00028460569413
161 0.0031092187135
162 0.000417884335673
163 7.47991234478e-05
164 0.00684150993966
165 0.0488064095181
166 0.00163264972962
167 0.000447908042061
168 0.00124245688892
169 0.00182213033871
170 0.000289728079597
171 0.00219833890164
172 4.01140824696e-05
173 0.000275223512922
174 0.000679544097221
175 0.0024599761261
176 0.000576387248333
177 0.000388811743702
178 0.000574250766618
179 0.000118044778067
180 0.00106285543794
181 0.00058769513315
182 0.00586281188018
183 0.00204644137252
184 0.000641825319514
185 0.00037530493526
186 0.00185917463616
187 0.00645006966113
188 0.00640147321943
189 0.000383637691746
190 0.000679544097221
191 1.17082223187e-05
192 0.0189426303855
193 0.000603130269659
194 0.00263406835587
195 0.0291266807984
196 0.000350846122193
197 0.0018499248468
198 0.00040312935382
199 5.41541950447e-05
200 0.000192953554849
201 0.000818924226761
202 0.00148285234758
203 0.00012878077165
204 0.00669133502454
205 0.000662170109253
206 0.00923164273097
207 0.00409984750159
208 0.00108771047969
209 0.00155382638876
210 0.000418932321056
211 0.00252756970101
212 0.000251038947038
213 0.00128862590401
214 0.000515846687501
215 0.000597613863241
216 0.0137595408795
217 0.00155367102166
218 0.000507077543793
219 0.000494724212372
220 0.00214769492455
221 0.000409640211007
222 0.000217084848614
223 0.00114815903614
224 9.58506263838e-06
225 0.00118401477194
226 0.000802261836977
227 0.00109353920935
228 0.000401926934185
229 0.00109308695988
230 0.000342975924295
231 0.108524010065
232 0.000679544097221
233 0.000303629781583
234 0.00131430413321
235 5.42769382569e-05
236 0.00040694632461
237 0.00287418088227
238 0.00107110103301
239 0.0045774725788
240 0.00245771840435
241 0.000641825319514
242 0.000668666462606
243 0.0172870728217
244 0.00583832003903
245 0.000904737760755
246 0.000253237284146
247 0.000391960004081
248 0.000187331557098
249 0.00946928726997
250 0.0150125
251 0.0155643806831
252 0.000391960004081
253 0.0223113119402
254 0.000283417791835
255 1.22827321163e-05
256 0.000795799730204
257 0.000324883081077
258 4.8225308642e-05
259 0.000135375554174
260 0.000679544097221
261 8.38943329902e-06
262 0.000391960004081
263 0.000250845393493
264 0.00776642012078
265 0.00873310657596
266 0.00072609272473
267 0.00750044002581
268 0.000277434527341
269 0.00167844791315
270 0.00134573667037
271 0.00069882811507
272 0.000945101079976
273 0.00102166343487
274 0.00084127357054
275 0.00135188902848
276 0.00138607899874
277 1.98706640555e-05
278 8.58726133451e-06
279 0.0024272472387
280 0.00175696511169
281 0.00286137562399
282 0.00151800033022
283 0.000435595315922
284 2.10849645981e-05
285 0.000945101079976
286 0.00101936355731
287 0.0020203221697
288 0.00137990722608
289 0.0025404851717
290 0.000136125209709
291 0.00552183835114
292 4.91309284654e-05
293 0.000415454276151
294 0.00245377603543
295 0.00243924801859
296 0.00530910591181
297 0.000641825319514
298 0.00548361096587
299 0.000731833795014
300 0.00153410767818
301 0.000192159421501
302 0.000417884335673
303 0.00633981008035
304 0.000776989140124
305 0.000433629221508
306 0.000380488627132
307 0.00413182154269
308 0.000436177976495
309 0.0157586187382
310 0.000289728079597
311 0.00314940148461
312 0.000216426373317
313 0.0108658823832
314 0.00252174578143
315 0.000567737957884
316 0.000194548995348
317 0.0013967675681
318 0.0002447776518
319 0.000177021679633
320 0.00108338696896
321 0.00761052771001
322 0.000723400529081
323 0.00102166343487
324 0.0014300685864
325 0.000875013213894
326 0.000595999763593
327 0.0080204304094
328 0.000342428039432
329 1.66899880059e-05
330 0.00671907397025
331 0.000209915715474
332 0.00106116065622
333 3.97739781545e-05
334 0.00102166343487
335 0.00139451208391
336 0.000369033530797
337 0.000412370008331
338 0.000159207271206
339 1.44329430321e-05
340 0.000337359433569
341 0.00165961586538
342 0.00118401477194
343 0.000134230932784
344 0.0005514684763
345 0.000348593161662
346 0.0116832001078
347 0.000835225783911
348 0.00353788820112
349 0.00705901152365
350 0.00395059749389
351 0.00662138443511
352 0.0009170788897
353 0.0754477815784
354 0.0004581359073
355 0.000247026881216
356 0.00141850185556
357 0.00555893466711
358 0.00162929489635
359 0.000662170109253
360 0.00284438145007
361 0.00862283882804
362 0.000567737957884
363 0.000404514014537
364 3.37910899654e-06
365 0.000567737957884
366 0.00171868871528
367 0.00155433183988
368 0.000286415639663
369 0.00155149864042
370 0.000366216865515
371 0.000426189607286
372 0.00176608278731
373 0.00107123762881
374 0.000517835766149
375 0.000393675988914
376 0.00157431347672
377 0.00181291639986
378 0.00551982447634
379 0.00108003262139
380 0.000225308194198
381 0.0027432121079
382 0.000493990409142
383 0.00111202617067
384 0.000385676529084
385 0.00661296652872
386 0.000263877753248
387 0.00229346412921
388 0.000837460324025
389 0.00237092575574
390 0.00108293593358
391 0.000201885381821
392 0.000573618079645
393 0.000433751657994
394 0.00131110679915
395 0.000673677556921
396 0.000565347990524
397 0.00023369625467
398 0.000458868924751
399 0.000554357631678
400 0.00535662195936
401 0.00153448221619
402 0.00265977182881
403 0.00128862590401
404 0.000446468335056
405 0.000429255252182
406 0.000188063320993
407 3.6435919339e-05
