1 0.000444696397077
2 0.000317968420903
3 0.00979727086101
4 0.000251313969961
5 0.000566245735195
6 0.000260378943782
7 0.0184583222824
8 0.000865719381434
9 0.00152474459843
10 0.00273597775118
11 0.000424946049904
12 0.000317968420903
13 7.17794898183e-06
14 0.000771604938272
15 0.00087936186555
16 0.00227652404741
17 0.00809199057679
18 0.000637891370339
19 0.0387278923263
20 0.00389819172468
21 0.0273249001117
22 0.000151280628422
23 0.000535285915372
24 0.000309292448181
25 0.0020255743209
26 8.18663899583e-06
27 0.00112176919027
28 0.000152975663028
29 0.000636885629273
30 0.00148385212761
31 0.000149157237742
32 0.00124458989426
33 0.0180054721357
34 9.72768543366e-05
35 0.000566893424036
36 0.00108682526265
37 0.00315058810873
38 0.00234612611105
39 0.00110038255213
40 0.000298695628377
41 0.00662253049015
42 0.000722565499733
43 0.00114040033229
44 0.000502161648973
45 0.00771031827115
46 0.00339142647387
47 0.00626984045974
48 0.00285734462363
49 0.108793158355
50 0.000637891370339
51 0.00127179963091
52 0.000147567009589
53 0.00320541849392
54 0.0347612682218
55 0.00126442689496
56 0.000171861513168
57 0.000374323687435
58 0.000162278388576
59 0.00082792032311
60 0.0180920069182
61 4.02272392046e-05
62 0.000449996698633
63 0.00812537195001
64 0.000249286836497
65 0.000350160457528
66 0.00249220577247
67 0.000720807700129
68 0.00474968901411
69 0.000813454671692
70 0.00214004419513
71 0.00176823670645
72 0.00422047684928
73 9.99859394773e-06
74 0.00434801869213
75 0.0127442932129
76 0.00196607658462
77 0.000430751956585
78 0.00155750771356
79 0.00152587890625
80 0.000147146648304
81 0.0040175277373
82 0.00090401337295
83 0.000991683242907
84 0.00264991317106
85 0.00083167674145
86 0.000659528069922
87 0.00161858025667
88 0.00180381225341
89 4.390440803e-06
90 4.58528398956e-06
91 6.25781983033e-06
92 0.00156579301892
93 0.000285612366231
94 0.00193182710225
95 0.0138824807883
96 0.000190932227354
97 0.000595343013051
98 0.00315909543796
99 3.78439418624e-05
100 0.000376161360585
101 0.000852469497576
102 0.000396821372064
103 0.00225242669659
104 0.00159356759023
105 0.000667479309159
106 0.00191089295746
107 0.000555265149954
108 0.00100619656912
109 0.00954406114973
110 0.000686485764955
111 0.00693544248619
112 0.000989499481572
113 0.00056657567285
114 0.000482384138904
115 3.09141408043e-06
116 0.000804788491525
117 0.000659339317584
118 0.00485645930207
119 0.00570036633341
120 0.00159361914893
121 0.00169533687117
122 0.000246059207997
123 0.00424168975069
124 0.0010775895909
125 0.000273851639477
126 0.0099790393287
127 0.00063236874352
128 0.0015696114442
129 0.00104573288553
130 0.000540440049616
131 0.000991683242907
132 0.0161404661273
133 2.60145681582e-06
134 0.000404278924507
135 0.00500502405374
136 0.000232392487535
137 0.00102218175468
138 0.00228205580966
139 0.000821534342164
140 0.00127179963091
141 0.00394879149887
142 0.00149097003715
143 0.00123264207044
144 0.000813454671692
145 0.000689710941089
146 0.000507959730212
147 0.000275689910281
148 0.0026065966165
149 0.0133663425348
150 0.00539885846949
151 0.00615680589975
152 0.000284915200089
153 0.00324364007788
154 0.171467161722
155 0.00366075842102
156 0.00062892463714
157 0.00274124464601
158 0.00319224999202
159 0.0013584040733
160 0.00118328984956
161 0.00550867750272
162 0.00102177863301
163 8.96410771272e-06
164 0.00919021327796
165 0.0490324169391
166 0.00109862475252
167 0.000555083468107
168 0.000371120812492
169 0.00101154199539
170 0.000275477350597
171 0.00122150748574
172 4.21656265812e-05
173 0.000310395364233
174 0.00120036095256
175 0.00201986272903
176 0.000608734999312
177 0.000349242256306
178 0.0003808888705
179 0.000245844917384
180 0.000147146648304
181 0.000238295973021
182 0.00258491631947
183 0.00256930988517
184 0.00138819654206
185 0.000359244746836
186 0.00160803010031
187 0.00160400751252
188 0.0132004878579
189 0.000107870013532
190 0.000423377195211
191 7.88720663535e-07
192 0.00359349521051
193 0.000199149232024
194 0.00367584441895
195 0.190777853148
196 0.000310395364233
197 0.0012792370398
198 0.00094063135866
199 5.49601165969e-05
200 0.000448798782633
201 0.000231528730493
202 0.0012840416455
203 0.00105566343886
204 0.0112580887569
205 0.00181524003174
206 0.00148694970921
207 0.00333915307828
208 0.00151056650014
209 0.00160849650017
210 0.0011047372027
211 0.000727770994255
212 0.000373920210006
213 0.000430247552381
214 0.000247982476614
215 0.00072609272473
216 0.0151439697916
217 0.00114057325896
218 0.000535285915372
219 0.000386320365294
220 0.000880040385508
221 0.000659339317584
222 0.000299667724658
223 0.000409499244986
224 3.63383667205e-05
225 0.00100112915039
226 0.00209577958293
227 0.00097478973122
228 0.000605503069798
229 0.00151049561683
230 0.000339535011833
231 0.0515844431624
232 0.00238651580387
233 0.00056657567285
234 0.00605772382241
235 0.000366363525391
236 0.000201832816396
237 0.106272462951
238 0.000287566581085
239 0.00308454406693
240 0.00199969374532
241 0.00762598233579
242 0.00216963402257
243 0.0104937590188
244 0.00217439286703
245 0.0012316815297
246 0.000575248409801
247 0.00214004419513
248 0.000766701777905
249 0.00255062782269
250 0.00462733455248
251 0.00158806716407
252 0.000306590561553
253 0.0200580740395
254 0.00214674730195
255 4.11857267775e-06
256 0.000214532020482
257 0.000182710600627
258 0.000102938202096
259 0.000181821249639
260 0.000869466230427
261 2.65038930078e-06
262 0.000274110784615
263 0.000641361867513
264 0.00818960378561
265 0.00176541204717
266 0.000760560843651
267 0.00325759128493
268 0.00130741485525
269 0.00339607609988
270 0.000274683993941
271 0.00100756920628
272 0.00129345230662
273 0.00048602511105
274 0.00117383270133
275 0.00624609781478
276 0.000852469497576
277 9.196665519e-06
278 2.48783448935e-06
279 0.00118906064209
280 0.00137397852026
281 0.00356426821118
282 0.00114040033229
283 0.00760441594486
284 3.77771544547e-06
285 0.00140802906543
286 0.000386320365294
287 0.00264991317106
288 0.0019239032077
289 0.000623689958044
290 0.00131389841555
291 0.0169145322901
292 5.48696844993e-05
293 0.000927808259887
294 0.00119241483124
295 0.00165344487116
296 0.0048179127761
297 0.00125039302528
298 0.00171215181455
299 0.00276108729986
300 0.000320302250712
301 0.000424753493699
302 0.000891067052796
303 0.00123214275294
304 0.000744929907039
305 0.000867885814085
306 0.000231528730493
307 0.000567996865963
308 0.000201912489865
309 0.0108561602253
310 0.000991683242907
311 0.0025128152
312 0.000136395119612
313 0.00804647839528
314 0.00520968665293
315 0.00164316838239
316 0.000852469497576
317 0.000721676381194
318 0.000154979170799
319 2.08502741811e-05
320 0.000840921503603
321 0.00857147465019
322 0.000296855563382
323 0.00048009797555
324 0.000981936826415
325 0.00601858176935
326 0.000541559214442
327 0.00131253481785
328 0.00026377980308
329 1.31698751301e-05
330 0.00339383992812
331 0.000297683991272
332 0.000967095154041
333 2.6479232926e-05
334 0.0013584040733
335 0.000969815974426
336 0.000510568361214
337 0.000396187472108
338 0.000134230932784
339 7.94612132436e-06
340 0.000608734999312
341 0.000689681996993
342 0.000555083468107
343 0.000201670083293
344 0.000889440771061
345 0.000125568549277
346 0.000921373301218
347 0.000399151923854
348 0.00678200692042
349 0.0056784713418
350 0.00270805459765
351 0.00439955045092
352 0.000605451338401
353 0.0752548517842
354 0.000264751752896
355 0.000991683242907
356 0.000681341532116
357 0.00276811406691
358 0.00297277055033
359 0.000327238151885
360 0.000296027404274
361 0.00725358993767
362 0.000736345041792
363 0.000418540612502
364 9.73517879873e-06
365 0.000459696584542
366 0.000138379856777
367 0.000869466230427
368 0.00199756529046
369 0.00114040033229
370 0.00281696293961
371 0.000381254852055
372 0.00200093155731
373 0.000424588727196
374 0.000977755524844
375 0.000605503069798
376 0.00115846338535
377 0.000517878397143
378 0.00570662717243
379 0.000738653524988
380 0.00169837629939
381 0.00217016371838
382 0.000468583278349
383 0.0019239032077
384 0.000574217552717
385 0.00682440231714
386 0.00174090368609
387 0.000724329623738
388 0.000747469010209
389 0.00236107215342
390 0.0070255230857
391 0.000318341485557
392 0.00160849650017
393 0.000782164090369
394 0.00198477467297
395 0.000393675988914
396 0.000927808259887
397 0.000326108412478
398 0.00111347933581
399 0.000117507950147
400 0.0056784713418
401 0.00286580249348
402 0.00126601896201
403 0.000690500293036
404 0.000736345041792
405 0.00235434637286
406 0.000535285915372
407 8.18663899583e-06
