1 0.000626957712192
2 0.00122512250919
3 0.00822922548839
4 0.000828859696677
5 0.00195895004869
6 0.000301801724088
7 0.00206967219942
8 0.000667886659222
9 0.00168029735605
10 0.000285878022438
11 0.000399555494512
12 0.000158590188759
13 1.2869754067e-05
14 0.000911081290408
15 0.000487738640762
16 0.00176321626126
17 0.00391421036664
18 0.000880373035103
19 0.0155680194519
20 0.0037083012404
21 0.012800923744
22 0.00100441809263
23 0.000124324469961
24 0.000212496493808
25 0.00729907964933
26 1.24861092035e-05
27 0.00088004019208
28 0.000151371561819
29 0.00118361972164
30 0.00471574357622
31 0.00023573101069
32 0.000703555741081
33 0.00709496598311
34 0.00024946490194
35 0.00133091069947
36 0.000218757954451
37 0.00255036762824
38 0.00205753835757
39 0.000707994269993
40 0.00024026230991
41 0.00454760516451
42 0.000298121215258
43 0.00117627412966
44 0.000232145398629
45 0.000502055204265
46 0.00122636224621
47 0.00496820725926
48 0.00317642247154
49 0.0889083016151
50 0.00222761723271
51 0.000645249541728
52 0.000396029801243
53 0.000911081290408
54 0.0156730494822
55 0.000281756526035
56 0.000634459852479
57 0.000325515050691
58 0.000268256111727
59 0.000806916857783
60 0.00611811177651
61 1.92742415229e-05
62 0.00051100127551
63 0.00215368595817
64 0.000885125722137
65 0.000466794051191
66 0.000744375573921
67 0.00115537230512
68 0.000755200745877
69 0.000153078928086
70 0.000245303097247
71 0.00325410703364
72 0.00112309562883
73 4.05251142998e-06
74 0.002515969513
75 0.0068002379536
76 0.00234814461665
77 0.000191409598472
78 0.00113639335212
79 0.00157484961235
80 0.00108285512802
81 0.00150632483586
82 0.00278227267238
83 0.000902819105557
84 0.00287475601665
85 0.000298912055769
86 0.00120530782212
87 0.00505140052605
88 0.00518782923481
89 5.67568900204e-06
90 5.43991024148e-06
91 1.71540063394e-05
92 0.000792969143179
93 0.000102885668966
94 0.000503529127873
95 0.00457066060899
96 0.00037072207128
97 0.000503830771617
98 0.00116206587199
99 6.22176681279e-05
100 0.000277777777778
101 0.00131448995397
102 0.000349121360951
103 0.00282762205268
104 0.00196660219731
105 0.000387500775002
106 0.00171347751236
107 0.00194494158338
108 0.00241622837133
109 0.0133263850414
110 0.000160946745562
111 0.00153463363443
112 0.00122512250919
113 0.00338942172662
114 0.000369960153899
115 1.04902555361e-05
116 0.000319333578922
117 0.000208191934972
118 0.00183887966926
119 0.0034237477258
120 0.00101551217284
121 0.00110250229568
122 0.00035927456382
123 0.00144122621393
124 0.00110793851468
125 0.000435473078199
126 0.00395924313312
127 0.000344976806519
128 0.00198728513104
129 0.000996250809406
130 0.00070168392898
131 0.00137024123548
132 0.00864615704069
133 1.27348799242e-05
134 0.00296272822731
135 0.00292908458961
136 0.000565793194458
137 0.00276157304275
138 0.000424701884212
139 0.000356536541288
140 0.00047070723542
141 0.00125070157536
142 0.00103316326531
143 0.000759833868422
144 0.00024946490194
145 0.000112275777378
146 0.00103867547223
147 0.000744804418742
148 0.000369960153899
149 0.0143564170488
150 0.00724875467484
151 0.00769774129662
152 0.000880328462746
153 0.0037312238356
154 0.189048146702
155 0.00631657496946
156 0.00141417556392
157 0.000715343905999
158 0.00348562214458
159 0.00208714473447
160 0.00223614310364
161 0.000649282341548
162 0.00102582287458
163 9.18273645546e-06
164 0.00102582287458
165 0.0279165065007
166 0.00171177507823
167 0.000278146698649
168 0.0017937018657
169 0.00119295888212
170 0.00149148827327
171 0.000803521607043
172 9.4674556213e-06
173 0.000213740980131
174 0.0010047385248
175 0.00209933288646
176 0.000412275503105
177 0.000746620738007
178 0.00128588384697
179 0.000228221689901
180 0.000213897309239
181 0.000409775606878
182 0.00221390680947
183 0.00127737158319
184 0.00170408291453
185 0.00036071921075
186 0.000662743749018
187 0.00082086061888
188 0.0253460738516
189 0.000291208983215
190 0.000204568410376
191 6.65114455805e-06
192 0.0257614603025
193 0.00294340770436
194 0.00840277777778
195 0.0813228429554
196 0.000348289631853
197 0.000222017227647
198 0.000869307994615
199 6.22176681279e-05
200 0.000348558373853
201 0.000425398933532
202 0.000987251069216
203 0.00102554434914
204 0.0136900951857
205 0.000807066508536
206 0.0063637424444
207 0.00242003618909
208 0.000813726370603
209 0.000281207133059
210 0.000232430326604
211 0.00106967789579
212 0.00037898823558
213 0.000419442058798
214 0.000869978756957
215 0.000799738850709
216 0.00629774591628
217 0.000877914951989
218 0.00114088933859
219 0.000403285407149
220 0.00187369676235
221 0.000312652095575
222 0.000339907414659
223 0.000121927928211
224 2.39248582231e-05
225 0.00082737028153
226 0.0013991026164
227 0.000612182507892
228 0.000372409207462
229 0.00411943691853
230 0.000344976806519
231 0.0350012131093
232 0.000645518283728
233 0.000188944391304
234 0.00789407278756
235 0.000369822485207
236 0.000634363165516
237 0.0128410571686
238 0.000859248506098
239 0.00172823961589
240 0.000916556135731
241 0.000448970952342
242 0.000938267291661
243 0.00469106549773
244 0.00201761477603
245 0.000348289631853
246 0.000850339611324
247 0.000410997196284
248 0.00149037964848
249 0.0262579914154
250 0.006614046441
251 0.00219218817869
252 0.000225187617253
253 0.00694897844755
254 0.000496977565013
255 5.64261940973e-05
256 0.000319333578922
257 0.000125306304299
258 9.38066504225e-06
259 0.000225187617253
260 0.000242074298861
261 2.70071548705e-06
262 0.00028463648834
263 0.000418932321056
264 0.00096953512365
265 0.0164632629893
266 0.00107714096909
267 0.0101513576397
268 0.000470916909153
269 0.000746620738007
270 0.000960842836522
271 0.000359311456887
272 0.00633647681988
273 0.000419226463453
274 0.00129744452302
275 0.000969131487046
276 0.000373178896551
277 0.000919821514881
278 4.46675027865e-05
279 0.000272561409754
280 0.000968503851528
281 0.00208714473447
282 0.00335223617809
283 0.0025330729257
284 9.33771661314e-06
285 0.00494613388141
286 0.000498246173469
287 0.00287475601665
288 0.00147366348656
289 0.00123779888449
290 0.000418948489929
291 0.00949012812434
292 1.40040888482e-05
293 0.000660385638641
294 0.000443213296399
295 0.00367791862389
296 0.00642071877256
297 0.000488519022587
298 0.00493801308745
299 0.000710923621527
300 0.000280388632103
301 0.000552510332255
302 0.00125770225217
303 0.000873419950207
304 0.00197943239796
305 0.000252272877719
306 0.000461290017832
307 0.000690063858275
308 0.000480074599752
309 0.011062130635
310 0.00044063272956
311 0.00113608685859
312 0.00027437772902
313 0.0101407505563
314 0.0112297325945
315 0.00183800356116
316 0.000704832015036
317 0.000260266039079
318 0.000368121502478
319 0.000106418312929
320 0.000314060119444
321 0.0104191979233
322 0.00255964005062
323 0.000980310098092
324 0.00128795230049
325 0.00325262813039
326 0.00045209022404
327 0.00827558073733
328 0.000755200745877
329 1.11193461385e-05
330 0.00180342967414
331 0.000365338162489
332 0.00112978823624
333 2.80606845213e-05
334 0.00147366348656
335 0.00284655261146
336 0.000416666594389
337 0.000651280075125
338 0.000252676514323
339 9.38066504225e-06
340 0.000412275503105
341 0.000643976150243
342 0.000286496306031
343 0.000356536541288
344 0.000217683418436
345 0.000849710698422
346 0.00252825698989
347 0.000378125582526
348 0.0144894188473
349 0.0144130062855
350 0.00321824485861
351 0.00151957312716
352 0.00044063272956
353 0.0534152336547
354 0.000405683621204
355 0.00632891764749
356 0.000460256532154
357 0.00740799250738
358 0.0016259369423
359 0.000715343905999
360 0.00163662097642
361 0.00772093599098
362 0.000646417913127
363 0.000262256388402
364 1.07321974644e-05
365 0.00107714096909
366 0.000199045600232
367 0.000359311456887
368 0.00112701201655
369 0.0013991026164
370 0.000892546615933
371 0.000249361044778
372 0.00161536511539
373 0.00112309562883
374 0.00279096969086
375 0.000601413045621
376 0.000608129996462
377 0.00103857161507
378 0.00692139363698
379 0.000654661508176
380 0.000581413867528
381 0.0107555619748
382 0.00053329582825
383 0.00147366348656
384 0.0020698774053
385 0.00427685657966
386 0.000744804418742
387 0.000159977503164
388 0.00165355279696
389 0.00603979194036
390 0.000215699316203
391 0.000367664166183
392 0.000721293242155
393 0.000348558373853
394 0.00243915035402
395 0.000368121502478
396 0.000660385638641
397 0.000383959415599
398 0.000364197890566
399 0.000146143313043
400 0.00142787247349
401 0.0130612244898
402 0.0238770364248
403 0.000803925390529
404 0.00133391411729
405 0.00200612281048
406 0.000405683621204
407 0.0419264063877
