1 0.00057753907747
2 0.00112910452075
3 0.00654138626237
4 0.000212562440217
5 0.00103686304127
6 0.000397077338791
7 0.00109416042529
8 0.00138848328008
9 0.00100725501143
10 0.000397929866097
11 0.000359589615543
12 0.000204812452597
13 1.29160481091e-05
14 0.000435444085461
15 0.000196294331081
16 0.000488495732224
17 0.00393859763911
18 0.000491386287432
19 0.0130645809418
20 0.00142089961004
21 0.00470601636782
22 0.00108522344738
23 0.000718543352947
24 0.00126995237423
25 0.000832227416985
26 8.89738589242e-06
27 0.000270872221555
28 0.000347565798107
29 0.000787244032773
30 0.00193213380027
31 0.000223637234588
32 0.000403947344513
33 0.00390417348882
34 0.000756355045664
35 0.00104058272633
36 0.000356839682803
37 0.00049054966013
38 0.0120107058072
39 0.000411289097293
40 0.00216333153056
41 0.00236475276978
42 0.000298291684293
43 0.0018261999533
44 0.000310454274945
45 0.000740918386519
46 0.000873595573782
47 0.00290049751897
48 0.00342948470409
49 0.0831333013129
50 0.00128862590401
51 0.000795799730204
52 0.000406639205201
53 0.00220443568264
54 0.0196648379648
55 0.000521427345054
56 0.000640416170446
57 0.00121456711634
58 7.57443905292e-05
59 0.000866467120715
60 0.0101207528983
61 5.13458963852e-05
62 0.000278520002638
63 0.00127568444221
64 0.00196758408817
65 0.000778799351001
66 0.000643225550486
67 0.000778799351001
68 0.00190191844612
69 0.000208827558555
70 0.000577213806313
71 0.000827558250415
72 0.00109466704295
73 7.68399936799e-06
74 0.00230073387399
75 0.0147764403067
76 0.00237670741897
77 0.000156985004866
78 0.00346037448204
79 0.00156601766679
80 0.000272904562666
81 0.00348888041479
82 0.00462513261619
83 0.000827572276228
84 0.00177501435433
85 0.000505340382267
86 0.00293092169176
87 0.00046485260771
88 0.00121563838051
89 3.19447738749e-06
90 1.54055394136e-05
91 1.10557631966e-05
92 0.00375902509447
93 0.000175237021621
94 0.00173611111111
95 0.0035700148418
96 0.00034166702798
97 0.000210566775717
98 0.00391063539623
99 4.14448599164e-05
100 0.000560339797895
101 0.00219833890164
102 0.000410149579947
103 0.0028397928132
104 0.0016456608713
105 0.000223357687764
106 0.000487501292389
107 0.000255629111149
108 0.00106427116264
109 0.0136303753372
110 0.000333970281454
111 0.00166871441478
112 0.00153492496908
113 0.00183243880136
114 0.000318343854736
115 8.87090559194e-06
116 0.000720688257286
117 0.000321988075121
118 0.00280396101199
119 0.00120401403407
120 0.00114134404675
121 0.00267407260464
122 0.000309958341599
123 0.00485120021796
124 0.000636788893919
125 0.000718543352947
126 0.00347097163763
127 0.000462707032605
128 0.00261356106898
129 0.00106996244213
130 0.000469363329366
131 0.00209680291281
132 0.00202458679794
133 2.74792793353e-06
134 0.00224103707622
135 0.0129920989069
136 0.000354881718416
137 0.000589480083172
138 0.00050135083954
139 0.000316161785803
140 0.000571328540842
141 0.00182530868929
142 0.0194432190744
143 0.000333970281454
144 0.000230405487853
145 0.000347554136423
146 0.000209172870706
147 0.000788011867744
148 0.00246139054143
149 0.014952781838
150 0.0131432687784
151 0.00799612995276
152 0.00106853535001
153 0.00264024845578
154 0.193817893041
155 0.00402744085855
156 0.00147234764329
157 0.00138848328008
158 0.00243802501826
159 0.00177501435433
160 0.000541346616054
161 0.000750661979547
162 0.00109483131488
163 7.93493354493e-06
164 0.00218973195272
165 0.047226040973
166 0.00185311162459
167 0.00161844365174
168 0.00182530868929
169 0.00267187516624
170 0.000246290956708
171 0.000399360767182
172 9.93740051098e-06
173 0.000412360935525
174 0.000419254921372
175 0.00183291640704
176 0.000287671657968
177 0.00120004969854
178 0.000692942130882
179 0.000266072711349
180 0.000464400689386
181 0.000895516818925
182 0.0055615284597
183 0.00123026692334
184 0.000952456387783
185 0.00031461619498
186 0.00236669101534
187 0.00207758500779
188 0.0131738696038
189 0.000289070788512
190 0.000527859781554
191 9.25269990892e-06
192 0.0442473379958
193 0.00109466704295
194 0.00726096012696
195 0.0333649517059
196 0.000488495732224
197 0.00050453312926
198 0.00292379157969
199 1.29160481091e-05
200 0.000287671657968
201 0.000589623999208
202 0.00136890641184
203 0.000391327300384
204 0.0060262737677
205 0.000743493501119
206 0.00796010609893
207 0.00470443213442
208 0.0007426120433
209 0.000148043198543
210 0.00017795732862
211 0.00181559961773
212 0.000494724212372
213 0.00143916035931
214 0.000631275186121
215 0.000643225550486
216 0.00527333642107
217 0.000959648999977
218 0.000115819476537
219 0.000414142056477
220 0.00107610098972
221 0.000366363525391
222 0.0015341843232
223 0.000335439895879
224 1.15692535518e-05
225 0.000946151339291
226 0.000474996295468
227 0.00274744255088
228 0.000832310641405
229 0.0037941852564
230 0.000692520775623
231 0.0198528741454
232 0.00133507246766
233 0.000136814043559
234 0.00310571006144
235 0.000289191184509
236 0.00016679656767
237 0.00817764789378
238 0.000280628755656
239 0.00173218263308
240 0.00217936915827
241 0.000842656344637
242 0.000568614967489
243 0.00590237215328
244 0.00325756767463
245 0.000576
246 0.000183347219189
247 0.000759034521431
248 0.000174045015003
249 0.0109655253204
250 0.00735827664399
251 0.00817134284529
252 0.000477560027385
253 0.0159156821483
254 0.00108065889062
255 5.12948338889e-05
256 0.000720688257286
257 0.000204812452597
258 1.07851305405e-05
259 0.000425475715888
260 0.000697709846894
261 1.65379982837e-07
262 0.000325095101403
263 0.000692520775623
264 0.00456945788209
265 0.00962527676779
266 0.00106427116264
267 0.00465415551417
268 0.00114507696271
269 0.000521427345054
270 0.000465951211939
271 0.000335145212136
272 0.00082737028153
273 0.000157959547908
274 0.00127836209856
275 0.00577816837107
276 0.00140124109926
277 5.45997233614e-05
278 1.55680582653e-05
279 0.000289588670266
280 0.000561680638617
281 0.000915853826861
282 0.00364848430251
283 0.000523363967917
284 1.07321974644e-05
285 0.00570254144635
286 0.000218040715739
287 0.00177501435433
288 0.00035719960118
289 0.000810982231383
290 0.000493137849274
291 0.00585385082068
292 1.32017956398e-05
293 0.000291087320862
294 0.000989369901951
295 0.00310719051499
296 0.0276348948683
297 0.00227773078846
298 0.00891888517837
299 0.00338226744589
300 0.00068449161709
301 0.00227828687508
302 0.00050453312926
303 0.000430439313329
304 0.000663686820758
305 0.000414142056477
306 0.00162922878228
307 0.000661304195608
308 0.000289455970592
309 0.00205323548318
310 0.000492932546256
311 0.00137425446015
312 0.000191621627919
313 0.01146874385
314 0.0101174090145
315 0.000590874005693
316 0.000840921161793
317 0.000527282449086
318 0.000406639205201
319 3.59041916592e-05
320 0.000295177742837
321 0.00865086868855
322 0.00246139054143
323 0.000591180135279
324 0.00138583797743
325 0.00625759700129
326 0.0012825668482
327 0.00758011221407
328 0.000692942130882
329 0.00013091129974
330 0.00123846528685
331 0.000180909397898
332 0.000717380936147
333 7.84882187957e-05
334 0.00251406821021
335 0.00128862590401
336 0.000492932546256
337 0.000375578390722
338 0.000419254921372
339 1.15692535518e-05
340 0.000291208556731
341 0.000703469550983
342 0.0011341387088
343 0.00013520822066
344 0.000133587855603
345 0.000428553568193
346 0.00613329401564
347 0.000576768768683
348 0.0127213801937
349 0.0128907714061
350 0.00986721805089
351 0.00502992807203
352 0.00185025282036
353 0.0777439771221
354 0.00122850751431
355 0.00133442215632
356 0.000505172607978
357 0.0107729012396
358 0.00220381967807
359 0.0014428219458
360 0.00108752762501
361 0.0110587439183
362 0.00161409241388
363 0.000230405487853
364 8.89738589242e-06
365 0.000590874005693
366 0.000419897225794
367 0.000403323775044
368 0.00227310180664
369 0.0006773964097
370 0.000249088932245
371 0.000345318618726
372 0.00201187379585
373 0.00100112915039
374 0.0022946366488
375 0.000451923966866
376 0.00172721483515
377 0.00180650089419
378 0.0118123790417
379 0.00223648071289
380 0.00028495081293
381 0.00173142691217
382 0.000493192854665
383 0.00121235868747
384 0.000728481434558
385 0.00528385542207
386 0.000287791471236
387 0.00152603149414
388 0.000993740051098
389 0.00356131460185
390 0.0010404902248
391 0.000214332457757
392 0.00110383112343
393 0.000488699187339
394 0.000457847867127
395 0.00106996244213
396 0.00137888260593
397 0.000412683002304
398 0.00122850751431
399 0.00028432119959
400 0.00350397649375
401 0.000749468692622
402 0.0013945545227
403 0.00112910452075
404 0.00335703365323
405 0.000477560027385
406 0.000692621095518
407 0.160114324272
