1 0.000878711788755
2 0.000529784844894
3 0.00507401703006
4 0.0674365145034
5 0.00095817662537
6 0.000115819476537
7 0.0189639052965
8 0.00256963864457
9 0.000802144125641
10 0.00266720149139
11 0.000509753055314
12 0.000201098797917
13 7.95733278162e-06
14 0.000336425034544
15 0.000186056111907
16 0.000444932101064
17 0.00821217204639
18 0.000354391965452
19 0.0306257791931
20 0.00565286936511
21 0.0149916834275
22 0.000338906951876
23 0.000390570076083
24 0.00041717395019
25 0.000879292403746
26 6.86186087663e-06
27 0.000196676859162
28 0.000290317898098
29 0.00109222654377
30 0.00185790725327
31 0.000353031934136
32 0.00065536
33 0.0359627959559
34 0.000329582754703
35 0.0018821669388
36 0.000324453983083
37 0.000697610951631
38 0.0270274582266
39 0.000425451331903
40 0.000366771109651
41 0.0056004203692
42 0.000466362013076
43 0.00097240200863
44 0.00044608353151
45 0.000701723608614
46 0.00318319892082
47 0.00485823066817
48 0.00153566288451
49 0.0825306142119
50 0.000402295547656
51 0.000995775863374
52 0.000357616136556
53 0.000966839939434
54 0.00355077482263
55 0.000658904752532
56 0.00106934544682
57 0.000620297052189
58 0.000252039874121
59 0.000813418869411
60 0.031625530006
61 0.000140051118658
62 0.000198640403337
63 0.00222895123318
64 0.00138688758161
65 0.000228397786884
66 0.000613022180429
67 0.00230917854792
68 0.00060374077608
69 0.000115322504458
70 0.000281728611172
71 0.000540837360338
72 0.000466362013076
73 6.28136757935e-06
74 0.00292678451992
75 0.0279616268575
76 0.00183443270921
77 0.000281728611172
78 0.00245314831871
79 0.00106950843195
80 0.000466556249649
81 0.00272401183747
82 0.00143374637665
83 0.000746131492196
84 0.00182363937802
85 0.000773947045233
86 0.00668546285617
87 0.000702265062015
88 0.000614394716205
89 5.36457482895e-06
90 2.07029600632e-05
91 6.18782564641e-05
92 0.0012179530962
93 0.000201098797917
94 0.00122742334263
95 0.00253933409475
96 0.000180579446216
97 0.000209648402979
98 0.00190493553062
99 1.27551020408e-05
100 0.0021473217315
101 0.00136143217448
102 0.000425544487573
103 0.00268462030524
104 0.00145235350982
105 0.00124421053286
106 0.000729843637772
107 0.00125002834045
108 0.000427853603315
109 0.0107224218942
110 0.00541507547048
111 0.00629413452108
112 0.00215075744627
113 0.000567996957996
114 0.000624990537328
115 9.99859394773e-06
116 0.000480162376862
117 0.000413786437206
118 0.00583666176347
119 0.0013496434099
120 0.000605951201182
121 0.00200470240174
122 0.000228735888368
123 0.00268920169811
124 0.000652501288093
125 0.000720957950897
126 0.0079379991122
127 0.000788048890901
128 0.0018985028709
129 0.00148628145503
130 0.000580833790169
131 0.00628726366399
132 0.00224081789853
133 1.20192022336e-05
134 0.00118168321944
135 0.000697005517985
136 0.000295631838556
137 0.00151638668103
138 0.00045423855446
139 0.000205047203448
140 0.000273456490034
141 0.00284991650646
142 0.00193821446936
143 0.000401925131492
144 0.000366796272063
145 0.00281379182572
146 0.000295631838556
147 0.000228221689901
148 0.000194398328174
149 0.0154035709639
150 0.0244449289182
151 0.00259836632176
152 0.00136284933582
153 0.00206103284422
154 0.202100228687
155 0.000920340944588
156 0.00130313833522
157 0.00220479510639
158 0.00188334985073
159 0.000509628634261
160 0.00115988424039
161 0.000939429606157
162 0.000243928835268
163 8.67601796803e-06
164 0.00602426426873
165 0.0481216135809
166 0.000295631838556
167 0.00051427176737
168 0.000234676324129
169 0.000546480118881
170 0.00048170440051
171 0.000858027556191
172 3.58087652784e-05
173 0.000245447252787
174 0.000385426076483
175 0.00242864867209
176 0.000196217959394
177 0.000995775863374
178 0.000826427293544
179 0.000208025147929
180 0.000121090801072
181 0.000329582754703
182 0.00471537678709
183 0.00240117786173
184 0.000759219832594
185 0.00132778706762
186 0.000694010868308
187 0.00535827542656
188 0.00431885693849
189 0.000213281816812
190 0.000212255772792
191 3.09685670979e-06
192 0.0184072398918
193 0.000613022180429
194 0.0112441192866
195 0.0623145026318
196 0.000646864725973
197 0.000245982031111
198 0.00365977421389
199 7.56817506703e-06
200 0.000196217959394
201 0.000347001463849
202 0.0013135263121
203 0.000985750933324
204 0.00910437423411
205 0.000234857401539
206 0.00312705916349
207 0.00174045954049
208 0.000437664101403
209 0.000329213721865
210 0.00032381493646
211 0.00119515837898
212 0.000393230023514
213 0.0009478253973
214 0.000585882033754
215 0.00130194494633
216 0.0131569865415
217 0.000882978695992
218 0.000251313969961
219 0.000381019528352
220 0.000941030678906
221 0.00130293974663
222 0.000251730599311
223 0.000244225872259
224 1.02728468113e-05
225 0.00193553544362
226 0.00338942172662
227 0.000676816752135
228 0.000336425034544
229 0.00354026792351
230 0.000741552820762
231 0.0441053222492
232 0.00185311162459
233 0.00043547816199
234 0.00160513231427
235 0.000774135261927
236 0.000357616136556
237 0.0057006469505
238 0.000477270709984
239 0.00118522599592
240 0.00291661688434
241 0.00142222291578
242 0.00051035580153
243 0.00134037479872
244 0.00256671248178
245 0.000941030678906
246 0.000465006790403
247 0.000275477350597
248 0.000104766741216
249 0.00311627096216
250 0.00259129112387
251 0.00164701123353
252 0.000170874449998
253 0.0196864938857
254 0.000372506627951
255 1.47550417158e-05
256 0.000331247361012
257 0.000122603896026
258 3.22423349819e-05
259 0.000101991271223
260 0.000505340382267
261 0.000490528732996
262 0.000333264332728
263 0.000510068339712
264 0.00901432899886
265 0.0117186276923
266 0.00194547262018
267 0.00324167776894
268 0.00125002834045
269 0.00033811855701
270 0.000416350231821
271 0.000551167260877
272 0.00176581027159
273 0.000431122053684
274 0.00109948495782
275 0.00854520035572
276 0.000431526902672
277 4.38577255384e-05
278 6.43363763099e-06
279 0.0011690683856
280 0.00044685363673
281 0.002580119382
282 0.00627903156842
283 0.0019704590126
284 2.07029600632e-05
285 0.010267396693
286 0.000567005428607
287 0.00355358970291
288 0.000509628634261
289 0.00184249918685
290 0.000670194860133
291 0.00888417016413
292 1.06796531249e-05
293 0.000286496306031
294 0.00118886576483
295 0.000644543955312
296 0.00523882860112
297 0.0028206536866
298 0.00207581113496
299 0.00100520448375
300 0.000452693526483
301 0.0062863222956
302 0.000640859826234
303 0.000229495768759
304 0.00072150746153
305 0.000705341470759
306 0.000452693526483
307 0.000753321837471
308 0.000808666708345
309 0.00891772731347
310 0.00048170440051
311 0.00250833123185
312 0.00015576286078
313 0.0109495851219
314 0.00268774556211
315 0.000756360344047
316 0.000287032340037
317 0.000745566608997
318 0.00038672
319 0.000101901700684
320 0.000109933713406
321 0.0104289220658
322 0.00136228570913
323 0.000832669005102
324 0.00194725914706
325 0.00396195252377
326 0.000518952783739
327 0.00338698814491
328 0.00038751028357
329 8.84454333135e-06
330 0.000969920850575
331 0.00127438615901
332 0.00149587132984
333 4.45103612977e-05
334 0.000298734948941
335 0.000627601763167
336 0.000304808925257
337 0.000449175955748
338 0.000188600259986
339 8.75319491614e-06
340 0.000466362013076
341 0.000673556146233
342 0.000792795317707
343 0.00073046018992
344 0.000296855563382
345 0.000816326530612
346 0.00653652959237
347 0.00018573928589
348 0.00327612734493
349 0.0100391772397
350 0.00786767840583
351 0.00184658287121
352 0.00318886646421
353 0.0798994562936
354 0.000386891257558
355 0.0102013372315
356 0.000744485294118
357 0.00348423110471
358 0.00020788531892
359 0.000401283078567
360 0.000452835537237
361 0.0101921656779
362 0.000725252553171
363 0.000401283078567
364 1.52455522043e-05
365 0.000966987301108
366 0.00190524057377
367 0.000368086910823
368 0.000614394716205
369 0.000380280421825
370 0.000173987626489
371 0.000249123086735
372 0.00187796277026
373 0.000360146902737
374 0.00459127520193
375 0.000318790644564
376 0.000891219236464
377 0.00225484471658
378 0.00709450158129
379 0.00219613111327
380 0.000457638785821
381 0.0062112258946
382 0.000224207440422
383 0.000882978695992
384 0.000712892227786
385 0.00782632682271
386 0.000380160333291
387 0.000984291535093
388 0.000339449202999
389 0.00972457330348
390 0.000515227025884
391 0.000368086910823
392 0.00115649854816
393 0.000240163266547
394 0.00212639077372
395 0.000620682223632
396 0.000300725685793
397 0.000707139250095
398 0.00148628145503
399 7.40766247449e-05
400 0.00224279165598
401 0.00315616715061
402 0.00503171744068
403 0.00158960197717
404 0.00149618587123
405 0.000466362013076
406 0.000196523713861
407 0.193800367116
