1 0.000314782139821
2 0.000282014230488
3 0.00383906617819
4 0.000839399132853
5 0.00134455510514
6 0.000455458060678
7 0.00190083669258
8 0.000307415943102
9 0.000952601191926
10 0.00237666070811
11 0.000193229716815
12 0.000365312497078
13 5.69602588274e-06
14 0.000544784881794
15 0.000676216858867
16 0.000389641342787
17 0.00263849190865
18 0.000273748084311
19 0.010353759939
20 0.000941809725421
21 0.00403664418943
22 0.000507755317743
23 0.000251432848032
24 0.00155433183988
25 0.000879878658594
26 7.857276501e-06
27 0.000350766439909
28 0.000315712532878
29 0.000832100591716
30 0.00116709693842
31 0.00042576396735
32 0.00089759667123
33 0.00849533689247
34 0.000169707678524
35 0.00207713589631
36 0.000246680840711
37 0.00140550384563
38 0.0225278808913
39 0.000660134626914
40 0.000186056111907
41 0.00293306767067
42 0.00087264004137
43 0.00641271312383
44 0.000597663212419
45 0.00239411198085
46 0.00204931428919
47 0.0027259856469
48 0.000865847536002
49 0.0941055034504
50 0.000741802186988
51 0.000736793327972
52 0.000192455477965
53 0.00113062366558
54 0.00549630207421
55 0.00239411198085
56 0.00085385393827
57 0.000385596371882
58 0.000244565032786
59 0.00107978559927
60 0.00929258260451
61 4.23487561229e-05
62 0.000529146975064
63 0.00060695869857
64 0.000401926934185
65 0.000529146975064
66 0.00390625
67 0.000360426032277
68 0.000832120545929
69 0.000213319458897
70 0.000214182226303
71 0.00192060443485
72 0.00194944140929
73 5.69602588274e-06
74 0.00242204762603
75 0.0430880215569
76 0.000470436372763
77 0.000211570247934
78 0.000724286890865
79 0.00190552192717
80 0.000394571982451
81 0.00631303837711
82 0.00086067110833
83 0.000664900092917
84 0.00258181602668
85 0.000170039899597
86 0.00297520661157
87 0.000234277384423
88 0.000497721312433
89 6.51601371458e-06
90 7.00795095836e-06
91 2.9465645967e-05
92 0.00657181157724
93 0.000127857758244
94 0.00122954967111
95 0.00537448695518
96 0.000152729887648
97 0.000408683165593
98 0.00443643365505
99 7.58903839295e-06
100 0.000365896997073
101 0.000345567993415
102 0.00077294627646
103 0.00246597761115
104 0.00087936186555
105 0.000186373749257
106 0.000844427179509
107 0.000302716422646
108 0.00298246210704
109 0.0151565952259
110 0.000726332199546
111 0.00444444444444
112 0.000299070317134
113 0.000471450335472
114 0.000338850845831
115 6.51601371458e-06
116 0.000694069478656
117 0.000187324598406
118 0.00131213989604
119 0.00177884002198
120 0.000623754318768
121 0.00080078125
122 0.000776991343831
123 0.0072161581199
124 0.000574651978585
125 0.000556491806806
126 0.00679421325429
127 0.0016470137041
128 0.00424110789638
129 0.00140396898877
130 0.00454910397473
131 0.00385846757499
132 0.000511997833671
133 2.98035443493e-06
134 0.00300945124717
135 0.0215130866137
136 0.000175721711722
137 0.00210562070727
138 0.000389953305431
139 0.000485862336846
140 0.00239469648084
141 0.00228299505393
142 0.000720688257286
143 0.00087225230409
144 0.000360426032277
145 0.000508153790235
146 0.00045423855446
147 0.000770935578131
148 0.00381776577357
149 0.016198733255
150 0.00724605590737
151 0.0103537229425
152 0.000345424186509
153 0.000956086724537
154 0.191963986413
155 0.00269911902101
156 0.000638899495619
157 0.00199492885932
158 0.00426747145516
159 0.00258181602668
160 0.000450219791826
161 0.000447239437391
162 0.000721293242155
163 1.10190940239e-05
164 0.00108003262139
165 0.0425852109493
166 0.000544784881794
167 0.000890277578527
168 0.000282896046724
169 0.000429008085258
170 0.000236080667453
171 0.000544784881794
172 1.08563193278e-05
173 0.000953987919586
174 0.000200065315441
175 0.00139802537491
176 0.000231427542806
177 0.00061773965501
178 0.00114671395528
179 0.000402680059507
180 0.000147265878447
181 0.00155211471786
182 0.00297265531726
183 0.183977729621
184 0.00145964281682
185 0.000421635018331
186 0.00277732672486
187 0.000596752834467
188 0.0124261175738
189 0.000429945633312
190 0.000423695851996
191 9.98280461904e-06
192 0.0145698546713
193 0.000529146975064
194 0.0025
195 0.0546654092049
196 0.000188674659742
197 0.000828859696677
198 0.00134053170934
199 4.75624256837e-05
200 0.000394350769263
201 0.000455921277593
202 0.00277921774791
203 0.00110305335186
204 0.00735281998776
205 0.00107715878315
206 0.00733600907983
207 0.0155890422147
208 0.00098490428895
209 0.00194731334335
210 0.000437368582217
211 0.00259007306626
212 0.000360519147573
213 0.000360576147242
214 0.000743036619228
215 0.00289104958181
216 0.0139057218776
217 0.00194731334335
218 0.000746313653204
219 0.000367151660131
220 0.000248364523133
221 0.000186517556163
222 0.00012647395274
223 0.000471450335472
224 6.51601371458e-06
225 0.00160601691729
226 0.000526241882318
227 0.00175053234104
228 0.000942066018509
229 0.00194279382859
230 0.00085385393827
231 0.028501335916
232 0.00149772328255
233 0.00029607485101
234 0.00426607187691
235 0.000390381113424
236 0.0009458180161
237 0.00365331487889
238 0.00453514739229
239 0.0019005470192
240 0.00237087889273
241 0.00192049042885
242 0.000394571982451
243 0.00772834586786
244 0.00445410594034
245 0.000566582714114
246 0.000298734948941
247 0.000770696867667
248 0.000160074368829
249 0.00242686302767
250 0.00355436351367
251 0.0026986001012
252 0.00323442869657
253 0.0219784099223
254 0.00146318909627
255 1.3148659064e-05
256 0.00049442356901
257 0.000192455477965
258 2.31633732735e-05
259 0.000136994438347
260 0.000466721449152
261 1.9921419959e-06
262 0.000492932546256
263 0.00119916592791
264 0.00140188031433
265 0.00455407533348
266 0.000529146975064
267 0.000589033084073
268 0.000731459017038
269 0.000639055476941
270 0.000709934318114
271 0.000455038200074
272 0.000452096498699
273 0.00138007461944
274 0.00383461372048
275 0.00527426185806
276 0.000356547532865
277 5.45157690056e-05
278 4.75624256837e-05
279 0.000437807287533
280 0.000866649933666
281 0.00124508874744
282 0.000700866284014
283 0.000387102751291
284 8.93732921322e-06
285 0.00106675988554
286 0.000240220625301
287 0.00258181602668
288 0.00050998835095
289 0.00330897402161
290 0.000535139063278
291 0.0033943884514
292 1.02728468113e-05
293 0.00105163064069
294 0.0026137094387
295 0.000934321982147
296 0.0118631574818
297 0.00213717920827
298 0.00159837044184
299 0.00118892157203
300 0.00113243266345
301 0.00496628982841
302 0.000447239437391
303 0.000188260829843
304 0.000348110223041
305 6.70487748408e-05
306 0.000614712109829
307 0.000424074973741
308 0.00114671395528
309 0.00537584521059
310 0.000954992036681
311 0.00254233247288
312 0.000401283078567
313 0.00338482049948
314 0.00887915745412
315 0.00045308691645
316 0.000367557115435
317 0.00144656504125
318 0.000448970952342
319 0.000178729732048
320 0.000442141147708
321 0.0104829958437
322 0.000860826991709
323 0.00030589588675
324 0.0101677588459
325 0.000965756467553
326 0.000660134626914
327 0.00424945811007
328 0.000843725020241
329 5.25575726121e-05
330 0.00899866661813
331 0.000227358379375
332 0.00159837044184
333 2.31633732735e-05
334 0.00258181602668
335 0.000315712532878
336 0.000749046068337
337 0.000314680509486
338 0.000129315853467
339 5.73016440916e-06
340 0.000232089667878
341 0.000150551394482
342 0.000894619617434
343 0.000347554136423
344 5.76267727783e-05
345 0.000306590561553
346 0.0008280985264
347 0.000618967632673
348 0.00171418886282
349 0.00134212372208
350 0.00424139756976
351 0.00422013769616
352 0.00135869315075
353 0.0787103806615
354 0.000223841586579
355 0.00149866854343
356 0.00352353975028
357 0.00597413071416
358 0.0021843592973
359 0.00145072898839
360 0.000844368103336
361 0.00679080428701
362 0.00122511194491
363 0.00124762501669
364 3.38221693751e-06
365 0.000458493183115
366 0.000713130602036
367 0.000389953305431
368 0.00311518576502
369 0.00129342014642
370 0.000277038515889
371 0.000265591131879
372 0.00419142669221
373 0.00311278392557
374 0.00475568802705
375 0.00049956690496
376 0.00107697094588
377 0.000407192346652
378 0.00228916262976
379 0.000614870898878
380 0.000232089667878
381 0.00306646496461
382 0.000250835709168
383 0.00124508874744
384 0.000431308483125
385 0.00237635338233
386 0.00112268605023
387 0.000614870898878
388 0.00080078125
389 0.0252620499101
390 0.000455458060678
391 0.000213100457329
392 0.000993879293757
393 0.000795679286599
394 0.000574467066548
395 0.000356547532865
396 0.000437807287533
397 0.00105599674962
398 0.00134609543957
399 0.000258808173866
400 0.000916713603859
401 0.00596907581341
402 0.0020691926378
403 0.000345280379604
404 0.000741802186988
405 9.3971968432e-05
406 0.000455921277593
407 0.000746014523825
