1 0.00060794030971
2 0.00208884091053
3 0.00193745281716
4 0.000809806087425
5 0.00128569387787
6 0.000177481851441
7 0.00798740226534
8 0.000329140695272
9 0.00145610707315
10 0.00342965008407
11 0.000384005971831
12 0.00042368960275
13 8.77914951989e-06
14 0.000415454276151
15 0.000122495274102
16 0.000455061579251
17 0.00919906550137
18 0.00039006648026
19 0.0432083082753
20 0.00139671685532
21 0.0227777003194
22 0.000193639654822
23 9.75653769981e-05
24 0.000449954086318
25 0.00303963944667
26 1.10978484116e-06
27 0.000294011941119
28 0.00038081801092
29 0.000549141283463
30 0.00119515837898
31 9.14635562388e-05
32 0.000275935144204
33 0.00524490005033
34 0.000339083878644
35 0.000301582680777
36 0.000415454276151
37 0.00269296320752
38 0.0202238397903
39 0.000263829958374
40 0.000667886659222
41 0.00171497318975
42 0.000481720975258
43 0.00123669415331
44 0.000193572778828
45 0.000910374554102
46 0.00197706564313
47 0.00511624684084
48 0.000891981487485
49 0.0943362421875
50 0.00230212702869
51 0.00162476254439
52 0.00033593192353
53 0.00155305879784
54 0.00937783163305
55 0.000531862285424
56 0.00110746214441
57 0.000746131492196
58 0.000194599040841
59 0.000333681069612
60 0.0442429675569
61 5.75858313261e-05
62 0.00042829810096
63 0.00230247384736
64 0.000369078664865
65 0.000573382327976
66 0.000214497837739
67 0.00124447927535
68 0.00304866573827
69 0.000104208332632
70 0.000325883384557
71 0.000754861776645
72 0.000325352056954
73 8.77914951989e-06
74 0.00439643199881
75 0.0381442696414
76 0.0014127364887
77 0.000232011832603
78 0.0038828090814
79 0.0024880790604
80 0.000263121531865
81 0.00967158260132
82 0.000355730049841
83 0.00108505806739
84 0.000797092900989
85 0.00136927072033
86 0.0102919554715
87 0.00162389142704
88 0.00263657038821
89 3.75214722488e-06
90 6.1956693046e-06
91 2.32877401548e-05
92 0.0017620312145
93 0.000910374554102
94 0.000489378289826
95 0.00296489552804
96 0.000133264202528
97 0.000193559038812
98 0.00122920889706
99 3.69795471147e-05
100 0.000439358769484
101 0.000202311565743
102 0.00035946110764
103 0.00289224455312
104 0.00101042475301
105 0.000363088377454
106 0.00246119834099
107 0.000608723410706
108 0.00125743026978
109 0.0116242349263
110 0.000885834679753
111 0.00168671659767
112 0.000439358769484
113 0.000193572778828
114 0.000330203174916
115 2.72529270921e-06
116 0.00138426937271
117 0.00042829810096
118 0.00589772978538
119 0.000749046068337
120 0.00187540221629
121 0.00137589890438
122 0.000509405659785
123 0.001135699271
124 0.000372323954491
125 0.00110960093648
126 0.00438302004554
127 0.0024411427169
128 0.00317469470203
129 0.000396172026423
130 0.000589124535541
131 0.0010185819386
132 0.000809703218983
133 2.42810937237e-06
134 0.000639404454695
135 0.00701343999151
136 9.8575404033e-05
137 0.00102501210767
138 0.00135379033779
139 0.000284854635119
140 0.000427418139789
141 0.00290940577698
142 0.00143613448344
143 0.000482816867421
144 0.000682979037957
145 0.000875031817804
146 0.000224251870842
147 0.000528921638337
148 0.000248663386913
149 0.016480530195
150 0.0290660663255
151 0.00616419643467
152 0.000708919687376
153 0.00233325107128
154 0.184977057207
155 0.000964301836793
156 0.00122325187322
157 0.00068793353052
158 0.00457625023992
159 0.00178067225267
160 0.000680880454709
161 0.00298416807219
162 0.000470500076326
163 7.07333635129e-06
164 0.00219153805617
165 0.0474157773115
166 0.00131935088178
167 0.000613022180429
168 6.33647681988e-05
169 0.000758924806921
170 0.000429996298199
171 0.00237953599048
172 1.08028619482e-05
173 0.00298416807219
174 0.000347476734865
175 0.00210607368689
176 0.000157571939123
177 0.0010684994755
178 0.000392601795719
179 0.000215382247816
180 0.00166733332211
181 0.000667886659222
182 0.00211708320595
183 0.000538428486478
184 0.00190326701173
185 0.000193572778828
186 0.0017620312145
187 0.000779347444349
188 0.00622549736529
189 0.000355578116192
190 0.00107302444691
191 1.13749790274e-05
192 0.0269542096123
193 0.000202471527441
194 0.00647254484495
195 0.0939009588077
196 0.000455061579251
197 0.000531862285424
198 0.00137589890438
199 1.13749790274e-05
200 0.000665436194563
201 0.000330203174916
202 0.00155112684148
203 0.000408964237176
204 0.0126502238772
205 0.00146545410156
206 0.00828484614177
207 0.00384353575965
208 0.000239338318194
209 0.000985340545758
210 0.000130650347263
211 0.00165379982837
212 0.000674650025299
213 0.000752900059488
214 0.000806916857783
215 0.00106144253622
216 0.0156822379389
217 0.000296641501312
218 0.000218757954451
219 0.000295631838556
220 0.000489378289826
221 0.000236080667453
222 0.000193639654822
223 0.000589589629902
224 5.51143650632e-07
225 0.000929737625022
226 0.000506683588799
227 0.000729987567565
228 0.00025396422279
229 0.000785358007811
230 0.00113050694565
231 0.0343144960683
232 0.00124350646458
233 0.000466082609227
234 0.00113425528654
235 0.000855589236955
236 0.000403947344513
237 0.0110658526074
238 0.00102141785566
239 0.00250157672785
240 0.00261738325513
241 0.00351122989215
242 0.00141672482415
243 0.00583795699394
244 0.00157043786489
245 0.00057753907747
246 0.000242018332211
247 0.000826881698808
248 0.000159001657757
249 0.00976711982731
250 0.00308792604269
251 0.00494286550631
252 0.000639581171549
253 0.0208495325387
254 0.000330283790926
255 1.97726101017e-05
256 0.000259912732696
257 0.000231668260473
258 5.61563670574e-05
259 0.00117519188204
260 0.000193572778828
261 3.65941713261e-06
262 0.000910374554102
263 0.000322605747433
264 0.00274860967103
265 0.00675811106471
266 0.00474968901411
267 0.00253216348246
268 0.00079456158764
269 0.000665598654571
270 0.0576040557551
271 0.000486034305938
272 0.00228983424206
273 0.000680068436802
274 0.00235339426471
275 0.00436903912035
276 0.00057753907747
277 0.000164629272242
278 4.85196852513e-05
279 0.000390228940268
280 0.000636921502298
281 0.000157450449578
282 0.00357001573774
283 0.00139671685532
284 7.3046018992e-06
285 0.00323948272554
286 0.000391235351563
287 0.000824403469821
288 0.000215125997907
289 0.00441227954299
290 0.000509158925416
291 0.00774132619862
292 1.37967943404e-05
293 0.000319790585774
294 0.000795905530161
295 0.00335703365323
296 0.0238016248499
297 0.000421986794852
298 0.00177052278403
299 0.00170603323597
300 0.000224424904693
301 0.0003738375894
302 0.00143613448344
303 0.000392349493306
304 0.000784759867667
305 0.000261832196982
306 0.000285336011687
307 0.000664067443837
308 0.000545531793492
309 0.00349248648333
310 0.000270713782005
311 0.0025541616175
312 0.000314938586976
313 0.00196273584527
314 0.00314694069017
315 0.000327712238243
316 0.000985340545758
317 0.00179050295161
318 0.000318422499275
319 0.00015256643597
320 0.00156604137927
321 0.00770624472452
322 0.00340067826971
323 0.00106996244213
324 0.00385964586239
325 0.00080078125
326 0.000331493031068
327 0.000851059095764
328 0.000322605747433
329 3.88497499578e-05
330 0.000724329623738
331 0.000821452587285
332 0.00184864190995
333 6.24912121733e-05
334 0.00615040818665
335 0.000987197874718
336 0.000508946952508
337 0.00032394816622
338 0.00889023316396
339 4.28652872617e-06
340 0.000797214390534
341 0.000514334822929
342 0.00126442689496
343 0.000132689168884
344 0.000191653168914
345 0.000322090402788
346 0.00198036152925
347 0.000211955446303
348 0.00343720136719
349 0.00752373813242
350 0.011109293256
351 0.00177052278403
352 0.00061871020589
353 0.0727423415897
354 0.000148266437729
355 0.00403598615917
356 0.00360173480642
357 0.0116081386441
358 0.000419914001612
359 0.00518317065952
360 0.00148394545311
361 0.00967272871065
362 0.00158609134198
363 0.000433463188858
364 8.81829841012e-06
365 0.000296855563382
366 0.00110163788263
367 0.00228552749541
368 0.0004327896568
369 0.00668416727538
370 0.000455061579251
371 0.000250835709168
372 0.00287502964874
373 0.00106606257537
374 0.00142619519085
375 0.00034720882682
376 0.0029941041617
377 0.000660280894497
378 0.00361538030864
379 0.000591672753835
380 0.000296412787742
381 0.0010631297119
382 0.000229182420011
383 0.0034698628784
384 0.00118842055667
385 0.00600915612743
386 0.000808739807315
387 0.000491397510253
388 0.000888118942152
389 0.00822935716686
390 0.000260846410373
391 0.000254160182839
392 0.00167165357301
393 0.000455251109272
394 0.00128029469239
395 0.00043429856866
396 0.000797092900989
397 0.00024402466076
398 0.000408964237176
399 0.000166537087726
400 0.00220295139213
401 0.00171418886282
402 0.00193288243285
403 0.00237953599048
404 0.00148394545311
405 0.000181999664438
406 0.001476970396
407 0.137200475082
