1 0.000284244633977
2 0.000216253131877
3 0.00340023139907
4 0.00255459729803
5 0.000826792148537
6 0.000875872491875
7 0.0159819539704
8 0.000684025190269
9 0.00219216363601
10 0.00229095522552
11 0.000386596539414
12 0.000311282157122
13 3.31563765238e-05
14 0.00101877718416
15 0.00230917854792
16 0.000613139339008
17 0.00633275004217
18 0.000224812617122
19 0.00693491115298
20 0.00204396371591
21 0.00799060625155
22 0.000554397820093
23 0.000357418150838
24 0.00025947563503
25 0.000913482958343
26 9.58506263838e-06
27 0.00035369113958
28 0.000636439396581
29 0.000780008197308
30 0.0033714880333
31 0.000538463837815
32 0.000703793588636
33 0.00307373706483
34 8.74836230238e-05
35 0.000822188820801
36 0.00158097142789
37 0.000201885381821
38 0.0264155110535
39 0.000769259919792
40 0.000408930375935
41 0.000859965907583
42 0.00185025367849
43 0.000636439396581
44 0.000191718645578
45 0.00164910201242
46 0.00498339276205
47 0.00322963767975
48 0.000875481370479
49 0.0943405968651
50 0.000966098071102
51 0.000548378834987
52 0.000732658714455
53 0.00149159167533
54 0.00460233384622
55 0.000733224037537
56 0.000668419710527
57 0.000922929017786
58 0.00025583623861
59 0.000321449605177
60 0.0127881472342
61 3.47381706879e-05
62 0.000286421355836
63 0.000534724701408
64 0.00144506148282
65 0.000251632997501
66 0.000703793588636
67 0.000660634505895
68 0.000822188820801
69 0.000134620572442
70 0.00161303849938
71 0.00146460725312
72 0.00262050818094
73 0.000104790523335
74 0.00260308204915
75 0.0212183862025
76 0.000594995528366
77 0.000218055025924
78 0.000241638870101
79 0.00145916412263
80 0.000163908136124
81 0.00955396008819
82 0.000830255556139
83 0.00102663460383
84 0.0022615867055
85 0.0023316156191
86 0.00561953052363
87 0.00247868523591
88 0.000966839939434
89 9.21062629956e-06
90 9.64468963389e-06
91 2.6001332167e-05
92 0.00161314162859
93 0.000522188796413
94 0.00110383112343
95 0.00489869147623
96 0.000402994463953
97 0.000308630068284
98 0.00173313202832
99 3.36280422999e-05
100 0.000103068875776
101 0.000857293938793
102 0.000775639467021
103 0.00257422229527
104 0.00127100751404
105 0.000303512243684
106 0.00131698751301
107 0.000372310744621
108 0.00432383008489
109 0.0158095422746
110 0.000780008197308
111 0.000710518888683
112 0.000548378834987
113 0.000695086057763
114 0.000457191689366
115 3.08261288357e-05
116 0.000250194595797
117 0.00014171516296
118 0.00632736748034
119 0.0033714880333
120 0.00104896064061
121 0.00145916412263
122 0.000481951991881
123 0.00528852798192
124 0.000626351884199
125 0.000618967632673
126 0.00751634425197
127 0.00278045206177
128 0.00458360375686
129 0.00133013850611
130 0.00126259372826
131 0.00322197444519
132 0.00129017569157
133 2.38517613035e-06
134 0.00392875314708
135 0.0212183862025
136 0.000187011469063
137 0.000603130269659
138 0.00104896064061
139 0.000299325918033
140 0.000980456463082
141 0.00241056079773
142 0.000836760697408
143 0.000175481040628
144 0.000190980728777
145 0.000422940888919
146 0.00045769545698
147 0.00171244252481
148 0.000734867179562
149 0.0165552460885
150 0.00191749984199
151 0.015722372329
152 0.000353815377927
153 0.00170393540696
154 0.191171921005
155 0.00289144230888
156 0.000978071286952
157 0.00219334173493
158 0.00516478252765
159 0.0022615867055
160 0.00108065889062
161 0.00330716859415
162 0.000710518888683
163 4.03978741741e-05
164 0.00274553877361
165 0.0324544631569
166 0.000715580168537
167 0.000837915523405
168 0.000109789774026
169 0.00125638785114
170 0.000603593414407
171 0.00126374815825
172 9.58506263838e-06
173 0.000423377195211
174 0.000444537706612
175 0.0013757347761
176 0.000280826070765
177 0.000353962739601
178 0.000712482398372
179 0.000226537838525
180 0.000357865387187
181 0.000912216733431
182 0.00669261449815
183 0.131222759096
184 0.000762155820597
185 0.000713222798475
186 0.000822188820801
187 0.00351616008095
188 0.0312147031548
189 0.000101340268528
190 0.000328187355598
191 9.21062629956e-06
192 0.00854774830901
193 0.000256418471528
194 0.0142444899295
195 0.198318500713
196 0.00035369113958
197 0.000743939613877
198 0.000328712455367
199 1.03224141546e-05
200 0.000175786477133
201 0.000685774195382
202 0.00114799983471
203 0.000877914951989
204 0.018933493197
205 0.000548378834987
206 0.00607187466622
207 0.0146704166303
208 0.000431821795184
209 0.00262050818094
210 0.000334289374025
211 0.000951484305134
212 0.000144722709028
213 0.000685774195382
214 0.000662439682299
215 0.00119747278879
216 0.0145216864734
217 0.00126374815825
218 0.000743939613877
219 0.000157232669385
220 0.000374416509312
221 0.000378211342426
222 0.000259912732696
223 0.000827588772069
224 3.36280422999e-05
225 0.00192535736077
226 0.00079862741903
227 0.00255156548136
228 0.000175481040628
229 0.0286943100901
230 0.000403219302914
231 0.0810407200527
232 0.000981214011026
233 0.00032379477372
234 0.00341541575308
235 0.000190980728777
236 0.00035369113958
237 0.00299915183986
238 0.0010131167236
239 0.00274115292892
240 0.00252083523853
241 0.000689988826238
242 0.000682939728735
243 0.00451107140807
244 0.00807100938028
245 0.000735319113489
246 0.00031887755102
247 0.000182572844572
248 0.000359639264275
249 0.00230863055044
250 0.00166512073527
251 0.00463687669208
252 0.00207713589631
253 0.0214160661768
254 0.00117149268004
255 1.79715291042e-05
256 0.000785975136348
257 0.000353543890979
258 2.51114825819e-05
259 0.000540977962384
260 0.000246238445411
261 2.52955428463e-06
262 0.000521786183617
263 0.00182287413312
264 0.000881365376088
265 0.0146267800337
266 0.000525781978985
267 0.000703793588636
268 0.000316049382716
269 0.00175367416693
270 0.000328187355598
271 0.000295100170045
272 0.00103727535384
273 0.000350310274815
274 0.00115074191877
275 0.00500008753348
276 0.000413113887236
277 8.80521973426e-06
278 3.74939456798e-05
279 0.000785007587449
280 0.000450397574743
281 0.00109065716893
282 0.000695086057763
283 0.00134091050296
284 9.96705266155e-06
285 0.00131981783041
286 0.000173415299158
287 0.00159683116104
288 0.000715580168537
289 0.00227295057457
290 0.000957407756491
291 0.00662760022162
292 5.11286489478e-06
293 0.000781219860345
294 0.000329189368551
295 0.000572416804961
296 0.00453977371965
297 0.00245437510184
298 0.00212247803945
299 0.000719273324038
300 0.000418921178126
301 0.00604877359124
302 0.000288358846565
303 0.00104058272633
304 0.000456479552778
305 7.45593596667e-05
306 0.000398723065459
307 0.000149688735482
308 0.000680529300567
309 0.010361212447
310 0.000618967632673
311 0.00235343770387
312 0.000785007587449
313 0.00693641386467
314 0.0109002713841
315 0.000413541717069
316 0.00228454014427
317 0.00212952222678
318 0.000490076372229
319 0.000193761439675
320 0.00042172403998
321 0.0113673613519
322 0.00314268267861
323 0.000191409598472
324 0.00566630355846
325 0.00678487357957
326 0.000125716424016
327 0.00322682270006
328 0.000348593161662
329 4.27186124995e-05
330 0.00166213639499
331 0.000303425932795
332 0.00224187278397
333 2.51114825819e-05
334 0.00311502594019
335 0.00133915548984
336 0.000767388525734
337 0.000354391965452
338 0.000324883081077
339 6.86186087663e-06
340 0.000261975851978
341 0.000856632956573
342 0.00126341950013
343 0.000620682223632
344 0.000187011469063
345 0.000288631075812
346 0.00103860969926
347 0.00062739233385
348 0.00203997719952
349 0.00513671898886
350 0.00317234844496
351 0.00260464145222
352 0.00189971072587
353 0.0677916116634
354 0.000138669206051
355 0.000746636394408
356 0.00913189625614
357 0.00544524964921
358 0.000341426971572
359 0.000734867179562
360 0.000637397076556
361 0.00576100723152
362 0.000417291134632
363 0.000822389550494
364 8.68880973625e-06
365 0.000485163666962
366 0.00150564789268
367 0.000190834186884
368 0.00213112244898
369 0.00255156548136
370 0.000163316967612
371 0.00055298685281
372 0.00211124397114
373 0.000603593414407
374 0.023910769648
375 0.000454665615312
376 0.000623159198651
377 0.000930256175669
378 0.0016749418737
379 0.00215752226082
380 0.00036532606954
381 0.0043121506663
382 0.000419914001612
383 0.00175187945366
384 0.000415754937109
385 0.00216597828883
386 0.00248101163441
387 0.00097822036046
388 0.000364613932952
389 0.0207698961938
390 0.00145981666073
391 0.000224812617122
392 0.00105820873857
393 0.000785007587449
394 0.000386690923334
395 0.000618967632673
396 0.000785246882553
397 0.000224684249038
398 0.00155881263841
399 0.000251508859089
400 0.00189365104253
401 0.000602205577929
402 0.00668747843254
403 0.00195624338228
404 0.00101877718416
405 0.000403219302914
406 0.000409775606878
407 2.27478951878e-05
