1 0.0364812022398
2 0.0173512059079
3 0.0147118335904
4 0.0286870073116
5 0.0341969982157
6 0.0184007917134
7 0.016943395868
8 0.0123584621585
9 0.0265217615552
10 0.194731274678
11 0.0156448604183
12 0.00801855534413
13 0.0126960277778
14 0.0297254650731
15 0.0284658047531
16 0.0172651386338
17 0.0115122368543
18 0.026088895813
19 0.269667850957
20 0.0202355494408
21 0.0421001937807
22 0.0181689474421
23 0.00710840288468
24 0.027786680576
25 0.229164368522
26 0.0195596644327
27 0.160755860021
28 0.0132191327127
29 0.0269730816763
30 0.0200305607292
31 0.0288953347696
32 0.0271314055218
33 0.0321013542239
34 0.0141325209323
35 0.0311547472104
36 0.0245974338869
37 0.0233326900885
38 0.0144509236472
39 0.0341179414285
40 0.0133634782363
41 0.124343855565
42 0.00600349504934
43 0.0368518666997
44 0.0236504934996
45 0.0165920098942
46 0.0290731976625
47 0.0188433438925
48 0.00963212967122
49 0.218632371965
50 0.0187869414115
51 0.0293200803862
52 0.0226094573143
53 0.00777646943664
54 0.0190207769313
55 0.544998817954
56 0.163022571939
57 0.175001277731
58 0.0270564062935
59 0.00668953469898
60 0.018525525093
61 0.0105281996054
