1 0.0458279259598
2 0.0115695939191
3 0.0208690200592
4 0.0308462534699
5 0.0323567218701
6 0.193675903609
7 0.273296202864
8 0.0110074545907
9 0.0362536972198
10 0.240221707324
11 0.0194697458946
12 0.0413753590202
13 0.0262393771526
14 0.0146958712708
15 0.0198832827476
16 0.0264331819925
17 0.0431486765964
18 0.0127527754043
19 0.0231958283237
20 0.127260860667
21 0.00921174133601
22 0.0450593907192
23 0.307033843097
24 0.0121082173424
25 0.0460806162988
26 0.00761247622791
27 0.143077015605
28 0.012181400485
29 0.0108583731544
30 0.00713926727614
31 0.0152766351251
32 0.0136519414908
33 0.0273837677483
34 0.00719241121887
35 0.00628261331063
36 0.0175508233815
37 0.113104272526
38 0.0063030978183
39 0.0224441020776
40 0.0344832097821
41 0.19267123068
42 0.0202236842754
43 0.0819689521592
44 0.00726884637946
45 0.00962263065284
46 0.0527531543187
47 0.0160790920238
48 0.0321920847715
49 0.0343889950625
50 0.113345145822
51 0.0144527945633
52 0.033349304666
53 0.0142062139273
54 0.0160265489982
55 0.0991510101572
56 0.19204200112
57 0.206509614506
58 0.188319238876
59 0.0220186439196
60 0.0118788184502
61 0.0117587596442
