1 0.0356537173167
2 0.0140208864218
3 0.00675001595487
4 0.0149888618111
5 0.0470107054538
6 0.024124650126
7 0.0452228655577
8 0.0204993440456
9 0.0336978660473
10 0.188378510153
11 0.017545019322
12 0.0154808165161
13 0.0128077793879
14 0.0176537003751
15 0.0180364237753
16 0.0212465742134
17 0.0780746117203
18 0.00928144226792
19 0.0426742890568
20 0.0352745828182
21 0.00980611229765
22 0.0346382882111
23 0.0287150277619
24 0.0155709693744
25 0.229891503399
26 0.00994289382969
27 0.140121858002
28 0.0338666291778
29 0.0140235575314
30 0.0519349931639
31 0.0258684902989
32 0.0106762257389
33 0.0332787586836
34 0.00609793072266
35 0.0551101143151
36 0.0185897340641
37 0.0513138356644
38 0.0206105229928
39 0.0173831127639
40 0.0217365997409
41 0.216784164812
42 0.0286325366032
43 0.032967377479
44 0.0267525439396
45 0.0281085754497
46 0.0332923474619
47 0.0375707543989
48 0.00781141149892
49 0.0327451498559
50 0.0385122242916
51 0.0137813543994
52 0.0314350163684
53 0.0304717755284
54 0.0550406673798
55 0.901179122984
56 0.206806720575
57 0.0573598092395
58 0.117614433414
59 0.0121186871706
60 0.0212661440224
61 0.0148095443579
