1 0.107123997049
2 0.0100674365899
3 0.023926296306
4 0.0154379236817
5 0.0187550278641
6 0.161742929642
7 0.211087167877
8 0.130144483251
9 0.0291982303012
10 0.0169106824773
11 0.0157434129722
12 0.0068391949116
13 0.00884748432419
14 0.03612779148
15 0.0264585735292
16 0.0156886379913
17 0.0171349397417
18 0.0111184126507
19 0.0330375866527
20 0.168518384698
21 0.0255134389715
22 0.0338749896199
23 0.287918341718
24 0.0211737593247
25 0.0205161242639
26 0.0112690493927
27 0.196463764295
28 0.0202702338705
29 0.0170785350009
30 0.029539757393
31 0.00756598080996
32 0.0196651882038
33 0.047469155836
34 0.00752373391622
35 0.00982905555839
36 0.0118708306764
37 0.0658510455754
38 0.0225244670297
39 0.0469978070033
40 0.0389366373452
41 0.165549338991
42 0.0436333035033
43 0.0071079528773
44 0.0193580695444
45 0.0246986281436
46 0.0165007787974
47 0.0436365197692
48 0.02025638628
49 0.0501734260288
50 0.0188624035767
51 0.0236659114426
52 0.0122209006057
53 0.00885443276571
54 0.0144244650515
55 0.491807205079
56 0.136145724851
57 0.237219740221
58 0.177664879372
59 0.022443245139
60 0.0197581939972
61 0.0161415291784
