1 0.0696593271643
2 0.0159899764071
3 0.0229541269838
4 0.015921520275
5 0.0335896119386
6 0.039665112173
7 0.00956374339053
8 0.0177298426745
9 0.0148808711634
10 0.260849374339
11 0.0103746350343
12 0.0945216533258
13 0.0212940496217
14 0.0207319695809
15 0.0071123059108
16 0.0188810714468
17 0.00488661904867
18 0.0295961028065
19 0.0302146498015
20 0.0275183176193
21 0.0109647710493
22 0.0226135568697
23 0.0210336719533
24 0.0380093864051
25 0.0593556605755
26 0.0191375331008
27 0.173571184835
28 0.0280112572989
29 0.0308123014832
30 0.029771330124
31 0.0150388712901
32 0.0107361223048
33 0.108901652653
34 0.0173396485173
35 0.00971087923872
36 0.00968462395222
37 0.935894068769
38 0.0392023378371
39 0.038994890172
40 0.260615046326
41 0.29469695235
42 0.0255518469942
43 0.0217417605609
44 0.0291721053243
45 0.0389533936153
46 0.0262904878366
47 0.0357139685092
48 0.0131998256022
49 0.0305724327471
50 0.0302473643304
51 0.0218815451921
52 0.0365230173569
53 0.0273437228459
54 0.00767880824584
55 0.118474943223
56 0.225024058571
57 0.160967961663
58 0.184072547052
59 0.0200905388185
60 0.031319846518
61 0.0143041833234
