1 0.0599751232659
2 0.0217777996709
3 0.0321895826874
4 0.0200715069531
5 0.0244215994491
6 0.128998755732
7 0.0196517827943
8 0.0148502799434
9 0.00926259779528
10 0.0245207026858
11 0.0319373587612
12 0.0274552434898
13 0.0526204134068
14 0.0222529893202
15 0.00951581810603
16 0.013281738245
17 0.0190666433166
18 0.00665990804301
19 0.0539954305618
20 0.0218564064625
21 0.0330118984269
22 0.045884926767
23 0.710277434172
24 0.0150180029493
25 0.101655391243
26 0.0232158567856
27 0.0146657285682
28 0.00882163108202
29 0.0124092733493
30 0.0440855469593
31 0.0143904199048
32 0.0183663240498
33 0.0214139116612
34 0.00803092883771
35 0.00804575730245
36 0.0100737094453
37 0.317471651776
38 0.0317087507714
39 0.0163773117495
40 0.0178981418996
41 0.0210243601516
42 0.0434038739461
43 0.0347903810774
44 0.00828523119993
45 0.0102168210942
46 0.0442482601881
47 0.00944067872868
48 0.0277980365711
49 0.176224481225
50 0.0157421994833
51 0.0344762548498
52 0.0106760215024
53 0.00534005411888
54 0.062344111323
55 0.498129523668
56 0.242449996736
57 0.139405853586
58 0.185013623144
59 0.032070487926
60 0.009021491454
61 0.0133017378362
