1 0.0806086228622
2 0.0438885421533
3 0.0237802272682
4 0.0267025360122
5 0.0300077895144
6 0.189301013707
7 0.0366667306149
8 0.0536226276233
9 0.0222035086088
10 0.21423954839
11 0.0239201536444
12 0.0113317746133
13 0.0996425649063
14 0.0162466169833
15 0.0338854174174
16 0.018645367447
17 0.0123705196432
18 0.00804184439742
19 0.0926493698552
20 0.025191361227
21 0.0250259956864
22 0.0320266883899
23 0.706803831033
24 0.0320290875565
25 0.101141160979
26 0.0111345132222
27 0.0483123296652
28 0.0377241925775
29 0.0314183235168
30 0.0346754432773
31 0.0361195400595
32 0.00823080566349
33 0.017163061163
34 0.00941454380513
35 0.00452609251744
36 0.0437876623649
37 0.0456812695235
38 0.0207247522628
39 0.0146495851926
40 0.0269716547007
41 0.0147666430225
42 0.0182740447994
43 0.0298910388548
44 0.0127285074544
45 0.0281124126934
46 0.0163941406552
47 0.00750824673281
48 0.0192777690918
49 0.247185481384
50 0.0196606370955
51 0.0138007328974
52 0.016137654943
53 0.0145361350452
54 0.00986471415232
55 0.179803731778
56 0.190244700993
57 0.262649176553
58 0.190473762656
59 0.0203763498696
60 0.0115029352816
61 0.0279383621681
