1 0.0639434125029
2 0.0241059390594
3 0.0227017137048
4 0.0439195414608
5 0.0537848899047
6 0.189417433635
7 0.21915912689
8 0.0103518243485
9 0.0177492432825
10 0.245351754891
11 0.0285624076798
12 0.00703516545647
13 0.0239767227189
14 0.0308128786821
15 0.0102765103558
16 0.0137082299659
17 0.00606827142432
18 0.0251407099029
19 0.0152524047613
20 0.117891790636
21 0.0124349154154
22 0.0179506644959
23 0.0705158488371
24 0.0204951277731
25 0.0149877471647
26 0.0219268275822
27 0.176304111373
28 0.0134554999565
29 0.00701418552365
30 0.0220987668105
31 0.0196660450172
32 0.0322621487847
33 0.0797168848612
34 0.00825579134088
35 0.0269567415833
36 0.0122729505755
37 0.0193361889641
38 0.0366804794608
39 0.0350794883045
40 0.0402513542702
41 0.2246607095
42 0.0187094495551
43 0.0494244458841
44 0.0115551124664
45 0.0332916942396
46 0.0348404041991
47 0.00718986337706
48 0.031490462106
49 0.0153075076258
50 0.0553426877663
51 0.0118232754329
52 0.0149446336335
53 0.0108467955621
54 0.024007245937
55 0.509380348954
56 0.145905138757
57 0.0793120359373
58 0.204224001905
59 0.0287016721516
60 0.00582844020043
61 0.0164979753086
