1 0.052421770302
2 0.0239199719121
3 0.0165937637465
4 0.0279350512577
5 0.130929467883
6 0.03841206729
7 0.0153874277822
8 0.0100995018749
9 0.0357436424281
10 0.202879345519
11 0.0128431636023
12 0.0120266513445
13 0.0190638483062
14 0.00509737018173
15 0.0384142783728
16 0.046400035934
17 0.0096240719127
18 0.0271424599381
19 0.271589411084
20 0.0241132627616
21 0.00906655552829
22 0.0260079963651
23 0.0371223406328
24 0.0172652737533
25 0.22207045842
26 0.00792544676555
27 0.161200140867
28 0.0191184106703
29 0.0289695995892
30 0.0766563282966
31 0.0237997095674
32 0.0174636827314
33 0.0172262482734
34 0.0134789640883
35 0.0102322690542
36 0.0242433432365
37 0.0385528946838
38 0.0149221016167
39 0.0177841619911
40 0.0199699784168
41 0.15334561192
42 0.0122642996467
43 0.0152811736466
44 0.0103893409965
45 0.00614978461105
46 0.0613096413145
47 0.0150520741553
48 0.0157133462618
49 0.0985291528392
50 0.0294504294053
51 0.00977086099859
52 0.0908408933765
53 0.0106323670738
54 0.0184616388411
55 0.768599636107
56 0.16446477029
57 0.163822689885
58 0.206662992499
59 0.0121541508589
60 0.0281725458816
61 0.0576629531611
