1 0.0462788964902
2 0.0304773878259
3 0.0126442203685
4 0.00982241904297
5 0.0503752261968
6 0.0750638468292
7 0.00784116663521
8 0.0256328025221
9 0.015789080142
10 0.139912932518
11 0.0118339709448
12 0.0211141724368
13 0.0435616552873
14 0.0285882823656
15 0.0169301451553
16 0.0209485826622
17 0.0156866887924
18 0.0213983645783
19 0.0311150948826
20 0.0119571139732
21 0.0362979406901
22 0.0493058254556
23 0.0424506322392
24 0.0395975805058
25 0.0148127617119
26 0.0201399845422
27 0.276086924563
28 0.0250336040085
29 0.0772188492751
30 0.0221312396901
31 0.0168745034497
32 0.0123613792457
33 0.0236587706301
34 0.0207835006427
35 0.0295001442403
36 0.010784383148
37 0.335271628028
38 0.053265386103
39 0.0277427650586
40 0.137289430789
41 0.263834850226
42 0.016293560674
43 0.0249246934018
44 0.0108784468308
45 0.049315779918
46 0.0246322793673
47 0.0237735985443
48 0.00911888436322
49 0.0361582370504
50 0.0209955413434
51 0.0959293150608
52 0.0271909195755
53 0.00715505231611
54 0.0155906627671
55 0.0948195393589
56 0.128369001016
57 0.201431710787
58 0.213808934359
59 0.0154786645097
60 0.0166876483654
61 0.0274555456181
