1 0.0460283220026
2 0.0179878689219
3 0.0473303299147
4 0.0188853469683
5 0.0184682274399
6 0.232108878585
7 0.0253767718522
8 0.0102046896822
9 0.00974794335249
10 0.0225625846054
11 0.0185903225234
12 0.0100517760562
13 0.0504488249816
14 0.0258592191395
15 0.0169697329625
16 0.00708384378058
17 0.013173143833
18 0.0082306194717
19 0.0405435480804
20 0.0461273960783
21 0.024324363046
22 0.0346331886215
23 0.48747001135
24 0.026327005245
25 0.0952481460481
26 0.00950867140264
27 0.071757820405
28 0.0171673316357
29 0.0195353969468
30 0.0688556601546
31 0.00839594159865
32 0.0146450369172
33 0.0282365939614
34 0.0133082796739
35 0.0220479545588
36 0.0114452976566
37 0.20718533154
38 0.0181788427639
39 0.0217587107285
40 0.0380125292169
41 0.0191340306352
42 0.0183955755088
43 0.0339413652308
44 0.00892324307899
45 0.0120881700079
46 0.0540126739668
47 0.0120435733898
48 0.0153958597448
49 0.177072794688
50 0.0111080143228
51 0.0210093489176
52 0.0148438663124
53 0.00888489352749
54 0.0288241522785
55 0.225917343107
56 0.212436730408
57 0.145434196468
58 0.200122944231
59 0.0406694444444
60 0.0295368184611
61 0.0228458399924
