1 0.0436776116947
2 0.00728764855857
3 0.0146809148453
4 0.0397561917506
5 0.143868249702
6 0.0966959405423
7 0.106385574434
8 0.00927412040684
9 0.044680604164
10 0.189069237953
11 0.0371455040667
12 0.0248593000783
13 0.00961784471049
14 0.0126828000484
15 0.0240917784804
16 0.0140054120576
17 0.00952382055159
18 0.0453068833329
19 0.211962233812
20 0.0295243875559
21 0.00715515149795
22 0.0218530629147
23 0.0471721202367
24 0.00876861242609
25 0.177533797843
26 0.0102829049635
27 0.121239297347
28 0.0185103421507
29 0.0269598437232
30 0.0476732701609
31 0.0182594473871
32 0.0180347259576
33 0.00954021020707
34 0.0158800597193
35 0.0240224006037
36 0.012513666226
37 0.0181319801253
38 0.00848900506289
39 0.0223821474325
40 0.0246059277692
41 0.102202100462
42 0.010538341709
43 0.0157577628447
44 0.0184241637141
45 0.0494782611961
46 0.0242790116807
47 0.00907215566424
48 0.00857222199365
49 0.0977342616477
50 0.0190946106898
51 0.0121893434341
52 0.0324856188705
53 0.00820001986488
54 0.0242097426745
55 0.578181764703
56 0.154182249591
57 0.288346749358
58 0.140786903737
59 0.0138886928955
60 0.0389177980874
61 0.0295389270046
