1 0.0230731137454
2 0.0296757047821
3 0.0096940764
4 0.0167319461812
5 0.0347121258732
6 0.00630213239244
7 0.0465891653939
8 0.0237601229737
9 0.0230910760451
10 0.243064860406
11 0.0231762227696
12 0.00942941105057
13 0.0560480811773
14 0.0306470346355
15 0.0369613292331
16 0.0336141508138
17 0.0238797936123
18 0.00793011672354
19 0.0388675134491
20 0.0144483090694
21 0.0083206055769
22 0.0177044829753
23 0.0303335291978
24 0.0159122238707
25 0.0165713233986
26 0.0169103365963
27 0.214991572404
28 0.0286912152458
29 0.0109800850349
30 0.0508384782371
31 0.0293963371291
32 0.00630561108276
33 0.0352174258317
34 0.0313760005594
35 0.0228340339356
36 0.0093815213675
37 0.840358097865
38 0.0222140977105
39 0.0255636836551
40 0.265876366419
41 0.241859161154
42 0.0133908113598
43 0.0278520736713
44 0.0498650474515
45 0.0174661592315
46 0.0306444882264
47 0.0462287668667
48 0.0161891387449
49 0.0455540698863
50 0.0344966422787
51 0.0232207256637
52 0.0406579584226
53 0.0876802697709
54 0.0280129591368
55 0.0559558958266
56 0.154790018726
57 0.192572782777
58 0.166271929442
59 0.0246839937122
60 0.0115418241402
61 0.00558770068518
