1 0.0280651056336
2 0.0253199940159
3 0.00990640150806
4 0.0310138486881
5 0.0358702884671
6 0.10386692836
7 0.256460995207
8 0.0326564376795
9 0.0200674916513
10 0.248928240695
11 0.0180567969335
12 0.00731957002512
13 0.00992758340512
14 0.0118689180488
15 0.0104651549653
16 0.00864217449268
17 0.0105895798057
18 0.011738766303
19 0.0100987114614
20 0.166313042389
21 0.0218971840109
22 0.0130027513751
23 0.130173649222
24 0.00583209063332
25 0.0144922375117
26 0.0295236355658
27 0.176973141291
28 0.0413036602787
29 0.0115869827283
30 0.0151430918471
31 0.0261992785521
32 0.0209203702913
33 0.0246232300098
34 0.0130247511255
35 0.00999046786097
36 0.0113415817237
37 0.00534110066369
38 0.0158890392734
39 0.0130523543064
40 0.026354617482
41 0.112922289613
42 0.0299201059167
43 0.0136283478283
44 0.0212710393726
45 0.0183976564838
46 0.0173539355466
47 0.0123076907922
48 0.0171570306855
49 0.0239402992861
50 0.0495269175486
51 0.0321599620432
52 0.0556882366429
53 0.010169275864
54 0.0123646219345
55 0.543688975946
56 0.100555878384
57 0.129658633611
58 0.175897000434
59 0.0130578702604
60 0.0238876194542
61 0.0167759548957
