1 0.0442581636745
2 0.0446058666794
3 0.0221339806289
4 0.0142806297593
5 0.0534223110021
6 0.0627257029047
7 0.0168708160009
8 0.0424094682599
9 0.0100226493461
10 0.236456137263
11 0.0111234505622
12 0.00965159861871
13 0.0287831717711
14 0.0347136869331
15 0.0227875018589
16 0.0132387712952
17 0.0148999216953
18 0.0209751055783
19 0.0754876467442
20 0.00716293873097
21 0.0183423239688
22 0.0235707670814
23 0.324732007402
24 0.0139988986476
25 0.00472288467553
26 0.0205162431712
27 0.141259250513
28 0.0294848165334
29 0.0283969680498
30 0.0373162861039
31 0.013082717658
32 0.0191621425228
33 0.0184917928642
34 0.0440232962431
35 0.021770278751
36 0.0421397826871
37 0.0268493082879
38 0.441714849635
39 0.021884167221
40 0.0605609441663
41 0.0201412149778
42 0.268103942542
43 0.0213125144174
44 0.0379664320741
45 0.0377303790857
46 0.00527493093131
47 0.0311820697501
48 0.0122755321115
49 0.0093457030997
50 0.0348464718368
51 0.0210572266833
52 0.0218982209919
53 0.0338557833226
54 0.00926631753362
55 0.0168424351864
56 0.0205565870962
57 0.201003921115
58 0.159281699731
59 0.0532908178595
60 0.0143734436322
61 0.0324368984324
