1 0.086661097323
2 0.0173214945091
3 0.0282282355215
4 0.0268536230111
5 0.0177045429317
6 0.094585526601
7 0.188705827275
8 0.00849255378322
9 0.0183921719842
10 0.190003794922
11 0.021200893318
12 0.00726690945056
13 0.00814580132049
14 0.0141474348844
15 0.0192622076572
16 0.0136572551035
17 0.0121147017681
18 0.01182678347
19 0.0293864429185
20 0.089014880377
21 0.0183777230316
22 0.0424772582137
23 0.108165490123
24 0.0178862469562
25 0.0164573922835
26 0.0283089317934
27 0.185813438142
28 0.0147513735024
29 0.0294713614848
30 0.0511594933837
31 0.0133663504062
32 0.0346350276813
33 0.0615397556724
34 0.0196011973476
35 0.00862000563663
36 0.0233406950568
37 0.0238865557444
38 0.0125290141476
39 0.0319573788689
40 0.0798184984001
41 0.160769786011
42 0.0148757671125
43 0.0270108581142
44 0.0154574165493
45 0.00733472008581
46 0.0291412157092
47 0.0112848040131
48 0.0356856177353
49 0.0284477404369
50 0.0310858790763
51 0.0299921203151
52 0.0502830380663
53 0.0133741249761
54 0.0268187355089
55 0.635292132459
56 0.127124911064
57 0.183729569322
58 0.171377726051
59 0.0151875160172
60 0.0127918914589
61 0.0263483151302
