1 0.040604410583
2 0.0203869791104
3 0.0126156505902
4 0.0185856794389
5 0.0603936402992
6 0.0380838309592
7 0.00644623745696
8 0.0156364599489
9 0.0278140515485
10 0.155338858375
11 0.0482703371561
12 0.0232595205179
13 0.0337999935881
14 0.0269545101178
15 0.011230366053
16 0.00873308276094
17 0.0393797183171
18 0.00463897106515
19 0.0249679022316
20 0.03139957855
21 0.0192318072033
22 0.0264073757615
23 0.348185476639
24 0.00832513618873
25 0.109278000076
26 0.011514934958
27 0.118169925816
28 0.0148477010934
29 0.0938878730411
30 0.0355130848621
31 0.0171765607978
32 0.0277399585544
33 0.024114568491
34 0.0130291470384
35 0.0241613586951
36 0.0236426955726
37 0.0253758921076
38 0.341870787285
39 0.030068724359
40 0.0243543733779
41 0.00664517749449
42 0.156635250452
43 0.0210959535735
44 0.0196553272798
45 0.0151343955168
46 0.0223648526508
47 0.055902758808
48 0.0470387504622
49 0.0141470670943
50 0.131143375953
51 0.0560322290062
52 0.0309650902209
53 0.0536323752495
54 0.0214719304265
55 0.00950802238215
56 0.0209931257263
57 0.136655913897
58 0.242284035085
59 0.106375812129
60 0.0133486300128
61 0.00709742488319
