1 0.0348258683155
2 0.00629429698827
3 0.00569346865762
4 0.0135365946028
5 0.0176241909433
6 0.113743078512
7 0.255083770426
8 0.0195541432664
9 0.0259392969116
10 0.207430418753
11 0.0125096441558
12 0.00584712521979
13 0.00649592392206
14 0.010809797335
15 0.0231597351352
16 0.0196908083267
17 0.00911861865805
18 0.0170084028112
19 0.0227280504138
20 0.205693079777
21 0.0223333620011
22 0.0178638485417
23 0.288919627051
24 0.0226521637713
25 0.0195386405741
26 0.0274540428062
27 0.123356583596
28 0.0173875842262
29 0.0239660530102
30 0.0260699319467
31 0.029251797028
32 0.0172848119887
33 0.0322540243056
34 0.0096208473791
35 0.0118916708369
36 0.0126891705186
37 0.00621725467161
38 0.0361637327223
39 0.0169435413157
40 0.00973672371901
41 0.0968751128063
42 0.0383017828153
43 0.0169861780505
44 0.00986764845677
45 0.0274235014193
46 0.018176606727
47 0.0113761993395
48 0.0277865569273
49 0.0123951238603
50 0.0293864411393
51 0.0299705910502
52 0.044204258902
53 0.0123266191966
54 0.012008872672
55 0.630726351323
56 0.171409731075
57 0.187560751679
58 0.123628937815
59 0.0231075547433
60 0.0148997591709
61 0.034195518597
