1 0.0712928719249
2 0.0131857839335
3 0.0351582394603
4 0.0249466465474
5 0.0372207785953
6 0.0608278635041
7 0.0143036393065
8 0.0126905868993
9 0.0349520623037
10 0.221469063353
11 0.017074760729
12 0.0310824912667
13 0.023051368492
14 0.0031464895818
15 0.0101520101681
16 0.0527810954957
17 0.0304376963931
18 0.0227250069964
19 0.245357527825
20 0.0500384731834
21 0.00759031501766
22 0.0146700268707
23 0.0192674302062
24 0.0247374205104
25 0.278341775298
26 0.0131035815221
27 0.178647950135
28 0.0128138924937
29 0.0202671670012
30 0.0488816930441
31 0.0224798126627
32 0.0173864614603
33 0.0100538405911
34 0.0123623762732
35 0.0370218797052
36 0.0154048448502
37 0.0155675291865
38 0.0130697717757
39 0.0178029594489
40 0.030438132615
41 0.122681739469
42 0.024463782506
43 0.0317064193035
44 0.0123530022238
45 0.00926073438372
46 0.0364833738584
47 0.0346085632192
48 0.00653168398987
49 0.18942566668
50 0.0225090340401
51 0.0138499860808
52 0.0405012353791
53 0.0216510156135
54 0.0376181590734
55 0.761230752972
56 0.123455570331
57 0.168281780808
58 0.0472191733419
59 0.0302750027827
60 0.0154791722944
61 0.0271295220285
