1 0.033424603688
2 0.0192525972141
3 0.00826220498817
4 0.0281108662134
5 0.0218319222167
6 0.18441817767
7 0.270285872218
8 0.0100166435409
9 0.0345465087601
10 0.225768104977
11 0.0239239509424
12 0.0173527511814
13 0.0416410009137
14 0.00622046949378
15 0.00847929834876
16 0.0228777175429
17 0.00650596309659
18 0.0133442636494
19 0.0106329325296
20 0.124099438487
21 0.0284169796724
22 0.0102933760879
23 0.332039861382
24 0.0157932721441
25 0.0303095559391
26 0.0170158453387
27 0.167183498122
28 0.0179087339282
29 0.054702179784
30 0.011322504456
31 0.029671330492
32 0.00723920704049
33 0.013944837603
34 0.0191877315822
35 0.0121225522926
36 0.0213517267554
37 0.0215347396529
38 0.0204216674259
39 0.0215676065139
40 0.0393908495213
41 0.0971145334384
42 0.0147324583925
43 0.0132420098471
44 0.0155743959881
45 0.0113248700236
46 0.0145880102622
47 0.0109705096851
48 0.0299974173333
49 0.0133828422766
50 0.0205360902508
51 0.0188314188532
52 0.0388002254006
53 0.00745623917373
54 0.0155220851523
55 0.451821122013
56 0.159913553528
57 0.131722965083
58 0.215226755436
59 0.0117539786197
60 0.0513221777722
61 0.0124895193
