1 0.0251128427028
2 0.0134303181686
3 0.0168310684084
4 0.0127873137634
5 0.0635764258347
6 0.0240990769703
7 0.00854669645586
8 0.0184015784044
9 0.0228289286408
10 0.273467674502
11 0.00626251885218
12 0.0199003456433
13 0.0116540116903
14 0.0170158813449
15 0.0348159022721
16 0.0594828062495
17 0.0159940721737
18 0.026994813803
19 0.0192582927801
20 0.0105735909497
21 0.0316575996432
22 0.0222599843855
23 0.14880252989
24 0.015276328868
25 0.0132066901417
26 0.0127761747068
27 0.129634655575
28 0.024447969103
29 0.024042361179
30 0.0657729084394
31 0.0476755140505
32 0.024571939594
33 0.0407348819931
34 0.0241267774399
35 0.0104586433171
36 0.121146969205
37 0.0195528572959
38 0.0812866844266
39 0.00993255167357
40 0.0299919562321
41 0.0108381910409
42 0.183068825036
43 0.0118437279978
44 0.026690753188
45 0.0216590942924
46 0.00591135136444
47 0.0322355016069
48 0.0657999508112
49 0.0218915585887
50 0.0365680165361
51 0.074123443601
52 0.0162622013164
53 0.0490346328594
54 0.0333336258171
55 0.0291573813631
56 0.0175110968684
57 0.209062954837
58 0.13710305879
59 0.108054609833
60 0.0150623358305
61 0.0103964532826
