1 0.0199845450534
2 0.0166323111729
3 0.00959001503313
4 0.0250305139322
5 0.0327034239694
6 0.103879253412
7 0.0293933710989
8 0.0189951539377
9 0.0127618877305
10 0.0247980488265
11 0.0310222295651
12 0.0157051973687
13 0.0356407551369
14 0.0192648708273
15 0.0183296955428
16 0.00942631657872
17 0.0155243280228
18 0.0101913787016
19 0.0105467143349
20 0.0181803205615
21 0.0202384564314
22 0.0441116039283
23 0.395920277681
24 0.0178228981176
25 0.0790528473476
26 0.0106512915424
27 0.00828344066116
28 0.0118459574161
29 0.0235914322815
30 0.0686827945052
31 0.0103964370396
32 0.0126543962985
33 0.0163554123812
34 0.0199143923834
35 0.012651500644
36 0.0189089967565
37 0.309919545907
38 0.0479240417616
39 0.0201168521046
40 0.0451829429968
41 0.106091100194
42 0.00711623300419
43 0.103795340948
44 0.0164972347307
45 0.0122886143828
46 0.0381144461352
47 0.0182092507352
48 0.014630746863
49 0.16401037309
50 0.0425455959263
51 0.0361029415297
52 0.0144557126486
53 0.0174384686984
54 0.0529758835515
55 0.565320532447
56 0.300453721967
57 0.12289968536
58 0.145058863367
59 0.0186119494976
60 0.0095432521844
61 0.0201103353063
