1 0.0313230726148
2 0.0256939982869
3 0.0199863047422
4 0.0222215765969
5 0.020740081876
6 0.167274391969
7 0.274937245863
8 0.0278887569568
9 0.0216333695633
10 0.210767337942
11 0.0278924434053
12 0.010955905384
13 0.0038670058443
14 0.00943662770704
15 0.0158032755621
16 0.0239769857495
17 0.0137090393265
18 0.0159649599895
19 0.0133865219252
20 0.090390458021
21 0.0236674209811
22 0.00909148092424
23 0.108443476075
24 0.0397981295557
25 0.0109922225134
26 0.0155123408291
27 0.195569495356
28 0.035002664332
29 0.00805659546067
30 0.0178125240694
31 0.0155035405948
32 0.012263206929
33 0.0211657502391
34 0.0161195024316
35 0.00803927074582
36 0.0256071147736
37 0.0314455199783
38 0.0292106932502
39 0.0365781881792
40 0.023316005339
41 0.131109289749
42 0.0286130019955
43 0.0713178545405
44 0.0126686282878
45 0.0145302880236
46 0.0310487751257
47 0.0111400552647
48 0.0191392098986
49 0.0191088725561
50 0.0443313977772
51 0.010065039504
52 0.0650680106309
53 0.0131470589194
54 0.0933306897306
55 0.494574805296
56 0.102607178479
57 0.0866110308103
58 0.144608889406
59 0.0111151981594
60 0.0131452272188
61 0.0156584403329
