1 0.0594914761078
2 0.0128882792065
3 0.0124237441172
4 0.0494767120742
5 0.0337988800737
6 0.0347280693859
7 0.0360068897966
8 0.0356267831387
9 0.0297097670639
10 0.205640717193
11 0.010311099595
12 0.016644010636
13 0.0173153843687
14 0.0598350542642
15 0.0195201367411
16 0.0164553426668
17 0.0112050185888
18 0.0743879358874
19 0.0264245882653
20 0.0257982372393
21 0.0344213304852
22 0.0179983745316
23 0.00624296428467
24 0.0179539640002
25 0.0181751995834
26 0.012305446931
27 0.161187973509
28 0.0415181442148
29 0.0195636773493
30 0.0313301118958
31 0.0364745770505
32 0.00745615244268
33 0.0103008166082
34 0.0162339930881
35 0.0107261923204
36 0.00675448793821
37 0.371814989247
38 0.0310809210628
39 0.0174663169243
40 0.091849446556
41 0.18724370397
42 0.0069614297492
43 0.0321172093981
44 0.0598163468738
45 0.0155431424221
46 0.0164866933715
47 0.015911992384
48 0.0121884823379
49 0.0340303143284
50 0.0816220848639
51 0.0586644921969
52 0.0232623372815
53 0.0163711792882
54 0.0156180420892
55 0.122535708153
56 0.199198960099
57 0.235911335103
58 0.17736206127
59 0.0167036187785
60 0.0114456977271
61 0.0243118841763
