1 0.0377844213445
2 0.0134093726917
3 0.0132156456146
4 0.0178487484683
5 0.0733283684541
6 0.0182365998139
7 0.0053425477794
8 0.0132174963547
9 0.0264262763315
10 0.238909923211
11 0.0545011374379
12 0.00833098285531
13 0.0144846253007
14 0.00921064043397
15 0.00996596736603
16 0.0213532915766
17 0.0234988929327
18 0.0205195605877
19 0.0219030502553
20 0.0186956036588
21 0.0295196978273
22 0.0240946606406
23 0.00803252208639
24 0.0355157202035
25 0.0380047078042
26 0.00996234128949
27 0.167045251025
28 0.0408465450908
29 0.0171515955842
30 0.0130888623311
31 0.0213758231593
32 0.0139324636241
33 0.0389322691707
34 0.0154799360529
35 0.0111690308628
36 0.0419845171714
37 0.267251715948
38 0.0200732477908
39 0.0113839627334
40 0.018545540129
41 0.208794631325
42 0.0102624035581
43 0.0194604549171
44 0.0153401085686
45 0.0318447596955
46 0.0146891927503
47 0.0128803806446
48 0.0252323482548
49 0.0495595159286
50 0.103306131124
51 0.117137183396
52 0.0335514682417
53 0.0170454275163
54 0.0148026029676
55 0.214033057368
56 0.187757376801
57 0.185644867298
58 0.155588289349
59 0.00986582242289
60 0.0062820132697
61 0.00954380226088
