1 0.022978703026
2 0.0265086987134
3 0.0152530031134
4 0.0451495640115
5 0.0385701262244
6 0.231866262772
7 0.12029582084
8 0.0135053317636
9 0.015601373066
10 0.00782095075697
11 0.0280206057671
12 0.0238583622016
13 0.00738595299649
14 0.0344216996427
15 0.0217821295523
16 0.0307769264283
17 0.0416896826075
18 0.0116748826812
19 0.0126400051023
20 0.0556652604421
21 0.0154408442394
22 0.0248832506553
23 0.713692014601
24 0.0123310124786
25 0.110681290095
26 0.0353591048849
27 0.084995171762
28 0.0438739837432
29 0.0171486253531
30 0.0439014146829
31 0.0182897256953
32 0.0490346301409
33 0.018672197582
34 0.00748462602442
35 0.0196496765782
36 0.0107775589183
37 0.312749863458
38 0.0361471239981
39 0.027237012193
40 0.00810503228992
41 0.0661910643425
42 0.0130990120144
43 0.0536917395309
44 0.00543816707026
45 0.0167100401548
46 0.0303663340595
47 0.0328911196981
48 0.0169479065214
49 0.167594486848
50 0.0654667987134
51 0.072805958723
52 0.0182117524396
53 0.00747900675114
54 0.0263488969782
55 0.388535037516
56 0.19779368206
57 0.159879231848
58 0.206830987881
59 0.00942773576144
60 0.0102347899053
61 0.0226793176323
