1 0.0396310798275
2 0.0166100838588
3 0.0407796136593
4 0.0144808978184
5 0.0140958503129
6 0.0334559448172
7 0.00724096390602
8 0.0663094291408
9 0.0146978764589
10 0.199487684343
11 0.0297025297539
12 0.0331572820774
13 0.0211299503953
14 0.0162909689705
15 0.00926183558793
16 0.0408182700292
17 0.0357626169112
18 0.012372670843
19 0.0424308280874
20 0.00865031459304
21 0.0219592959005
22 0.016120592098
23 0.0367634176902
24 0.0274179376975
25 0.268905321233
26 0.0148538545431
27 0.218555547702
28 0.0170205124815
29 0.0296030352987
30 0.0457907267018
31 0.0272297707045
32 0.0127103823145
33 0.0478978466353
34 0.0396921711691
35 0.00557132932769
36 0.0198921179113
37 0.24418776394
38 0.0205933675142
39 0.041240467564
40 0.0451970456255
41 0.256105639977
42 0.0155441750493
43 0.0497159380915
44 0.024594500148
45 0.0375371402782
46 0.0527670590409
47 0.0393212945893
48 0.0188365544468
49 0.0298434213842
50 0.014039590578
51 0.0242582320298
52 0.0188962224295
53 0.0199096476566
54 0.0282904186051
55 0.941026884874
56 0.180615896408
57 0.241880400464
58 0.190038557693
59 0.0125718134423
60 0.0253637247796
61 0.0134694752708
