1 0.062057492669
2 0.0341263621001
3 0.0286233856101
4 0.0752936016201
5 0.069544640311
6 0.00844811169863
7 0.0077906659466
8 0.0493958770226
9 0.02659399547
10 0.207352874643
11 0.0543976382422
12 0.0316784878304
13 0.00650602377902
14 0.082575306054
15 0.011936744881
16 0.0532930144645
17 0.0760211228818
18 0.016173623413
19 0.0582502390686
20 0.0160822970979
21 0.00818795786223
22 0.0265836082819
23 0.0165836884992
24 0.0626287995537
25 0.0341269630266
26 0.0133789173275
27 0.288294262492
28 0.0885571792806
29 0.0070402369782
30 0.0256825222273
31 0.0253118814076
32 0.0158336368176
33 0.0567328410709
34 0.00847755190311
35 0.0194162042542
36 0.00846066253707
37 0.701220400844
38 0.0435873304182
39 0.0282562927497
40 0.186892483485
41 0.230798073043
42 0.0122950146087
43 0.0168444937596
44 0.0245283460441
45 0.0139034487856
46 0.0570682771667
47 0.0207597648281
48 0.0250709552403
49 0.0489453047613
50 0.0505222180273
51 0.0148013159194
52 0.0341792750254
53 0.055827011094
54 0.0140428222473
55 0.0703820487376
56 0.10760519533
57 0.254698845655
58 0.0623847721707
59 0.0211500261241
60 0.0155430937789
61 0.0207210928219
