1 0.0449634842651
2 0.0222606159542
3 0.012551417477
4 0.0214805967055
5 0.0407149323875
6 0.0729982972111
7 0.00737229339785
8 0.0178718927419
9 0.0307280990904
10 0.157058308303
11 0.0198363353828
12 0.0236056233886
13 0.00510180785755
14 0.0164155026365
15 0.0133562773424
16 0.0273369511285
17 0.0169432521888
18 0.0150700840624
19 0.0523700185856
20 0.014387072038
21 0.0234147578938
22 0.0190943613928
23 0.227328504228
24 0.0271854132572
25 0.0413516763996
26 0.0136048896
27 0.17661945677
28 0.0598613824109
29 0.0245117335515
30 0.0391451309469
31 0.0143554909558
32 0.0187328193727
33 0.0107763408928
34 0.0349295190331
35 0.00782125440786
36 0.015162390465
37 0.016857504657
38 0.297023478505
39 0.0322875976562
40 0.0256939340901
41 0.0443445531178
42 0.179809739568
43 0.0140792245649
44 0.016553554775
45 0.0300950699532
46 0.032047175724
47 0.0210563167675
48 0.0260051880483
49 0.0132771988205
50 0.0299767547539
51 0.0312211270537
52 0.0593667285939
53 0.0437194381709
54 0.00664794539633
55 0.0309478757023
56 0.0115010718253
57 0.142475301928
58 0.101304021331
59 0.26174070666
60 0.0182700965698
61 0.0270992870653
