1 0.0399353936567
2 0.0582496731427
3 0.0133659255109
4 0.0338749230064
5 0.0468862772866
6 0.157869740127
7 0.19357489544
8 0.0477785268214
9 0.0248976420898
10 0.249252696115
11 0.0372350108059
12 0.0145810478924
13 0.00899020504012
14 0.00689999865824
15 0.0173497485716
16 0.0080202506109
17 0.0092353836309
18 0.0182073765448
19 0.0354587245555
20 0.105181699855
21 0.0341400733671
22 0.0215591693544
23 0.304735272448
24 0.0293573406417
25 0.00685721710397
26 0.0130332005847
27 0.207546263621
28 0.0151925852796
29 0.0125266892638
30 0.0174004757928
31 0.0318207334602
32 0.022433603139
33 0.0111899341646
34 0.0144646342261
35 0.0084096011956
36 0.0228704893339
37 0.0312379530208
38 0.00976031318638
39 0.0292690836468
40 0.0408783122993
41 0.127674249917
42 0.0407514452866
43 0.0532574679512
44 0.0183943250257
45 0.00819938707923
46 0.0216281104359
47 0.0144464298844
48 0.0219989548045
49 0.0340790173811
50 0.0315294955402
51 0.0270406420422
52 0.0137229689064
53 0.00588049290979
54 0.0220665366195
55 0.37629577979
56 0.164997386428
57 0.18565483204
58 0.15292295861
59 0.00832886834378
60 0.0593456796539
61 0.0203531516848
