1 0.0298322699193
2 0.010532939477
3 0.0137490247179
4 0.0428639531682
5 0.0237461001207
6 0.135706067871
7 0.271948017457
8 0.0133923971379
9 0.0364912801078
10 0.206659885886
11 0.023727879338
12 0.00961214960968
13 0.00681911726674
14 0.00627435212306
15 0.0095236410129
16 0.0159315485489
17 0.0163197872083
18 0.0221872686025
19 0.00549826560313
20 0.182526578497
21 0.0568749182313
22 0.0157932415135
23 0.301663394049
24 0.010206740743
25 0.0158991991235
26 0.0170461135233
27 0.131276112331
28 0.0342358389
29 0.0196361150005
30 0.0157408360545
31 0.0479742799606
32 0.0115426595118
33 0.00752187118631
34 0.0120294809228
35 0.00770936071024
36 0.0699754564758
37 0.0080659719733
38 0.0194045638349
39 0.0122872131716
40 0.00749786846562
41 0.106720400424
42 0.0326879865093
43 0.0409417816793
44 0.0104954602276
45 0.0156128913727
46 0.0391371869293
47 0.00867563462389
48 0.0199011037827
49 0.0114453125929
50 0.0231857504636
51 0.0258375157507
52 0.0456005962773
53 0.0201082252319
54 0.00522854234393
55 0.588949876909
56 0.171023035046
57 0.228243447203
58 0.136225105828
59 0.0222969264417
60 0.0122355407894
61 0.0371467074125
