1 0.0395110909455
2 0.0183002374338
3 0.0406896521441
4 0.0208056417127
5 0.0514097689399
6 0.0259215975277
7 0.0131964952325
8 0.0189581823874
9 0.0371440066448
10 0.23079210357
11 0.0135311605057
12 0.0151378855166
13 0.0154161526985
14 0.0274354170734
15 0.0169436448361
16 0.0176122095716
17 0.0131117458455
18 0.00617765547621
19 0.0525092898232
20 0.0225999369177
21 0.0242675984279
22 0.0174348221286
23 0.153150151501
24 0.0239126863419
25 0.0127237074913
26 0.0208688969418
27 0.111843941769
28 0.0284018331229
29 0.026896
30 0.0172982012416
31 0.0248073343234
32 0.011286996037
33 0.04949016529
34 0.02167820633
35 0.0152864917511
36 0.024335121631
37 0.00915823735723
38 0.288044356291
39 0.0115449292776
40 0.0308125926765
41 0.0630658800473
42 0.170193390448
43 0.0273869006216
44 0.0198703789053
45 0.0206492519662
46 0.0273404426008
47 0.0104407581492
48 0.137903821492
49 0.0135863733501
50 0.029200935255
51 0.034888934061
52 0.0230184191573
53 0.0322742980694
54 0.00768498300111
55 0.0131850529707
56 0.0102868765933
57 0.202155475571
58 0.0760222242978
59 0.109234817736
60 0.0217259611772
61 0.00695399779528
