1 0.0449583628369
2 0.00993640755054
3 0.00976398568193
4 0.0274177706193
5 0.0173014491677
6 0.192200563368
7 0.225671915286
8 0.0161245613786
9 0.0214890022543
10 0.148693432282
11 0.067012718582
12 0.0115172650531
13 0.0211974095958
14 0.0189287567535
15 0.0125604827391
16 0.0130955260077
17 0.00919909324039
18 0.0374150498627
19 0.0304373114725
20 0.148541683519
21 0.0279450284197
22 0.0162409323395
23 0.28577957027
24 0.0188072115806
25 0.025594305015
26 0.0325397748443
27 0.448678162496
28 0.0403983400302
29 0.00771681101674
30 0.0799492279836
31 0.0136289909396
32 0.0114603535478
33 0.300880815278
34 0.0132784943274
35 0.0262317415217
36 0.0203636465623
37 0.0855694826575
38 0.0261153340503
39 0.059703978971
40 0.0433609677844
41 0.207263810682
42 0.0224629749117
43 0.0285079876363
44 0.0216860203118
45 0.0369123991516
46 0.0307673304062
47 0.0202207792773
48 0.045152128842
49 0.0308564560052
50 0.0377388697707
51 0.0298885082258
52 0.0159819787329
53 0.00510392353893
54 0.0211558779214
55 0.796762434276
56 0.26078386433
57 0.14425735293
58 0.158998053898
59 0.0358779379167
60 0.0177592737168
61 0.0106561690352
