1 0.115767329312
2 0.0307285605209
3 0.0171899316469
4 0.0217019849089
5 0.0333979003521
6 0.0285485319234
7 0.0364964615265
8 0.0221979625097
9 0.0137828187356
10 0.22568155462
11 0.0133654991777
12 0.0363040151067
13 0.0131083169849
14 0.0126881975193
15 0.0259873700077
16 0.0201601492099
17 0.00903444590735
18 0.0106237645194
19 0.0150153107641
20 0.0219263292127
21 0.0248401052625
22 0.0190220953614
23 0.226761052408
24 0.0114493083048
25 0.0184911934345
26 0.0150301921604
27 0.111337445079
28 0.0123115513742
29 0.0210513142038
30 0.0412111631274
31 0.038128977804
32 0.0142582179931
33 0.0153303421514
34 0.0505457047326
35 0.00821913758984
36 0.0160226178828
37 0.0138696834845
38 0.244576891825
39 0.0148387574096
40 0.0206578853943
41 0.0212029879776
42 0.162111958429
43 0.0114058489919
44 0.0240031029483
45 0.015170986923
46 0.0192100413326
47 0.0124812384948
48 0.0115973354048
49 0.0269094054276
50 0.0480183224551
51 0.0265955297805
52 0.0342619044735
53 0.0288586709822
54 0.0269982309671
55 0.0364202196827
56 0.0160039763314
57 0.138136852874
58 0.0827287803121
59 0.276452632683
60 0.0125483822618
61 0.00528435306424
