1 0.0431071710035
2 0.0196714661047
3 0.0251434021966
4 0.0249581944972
5 0.0216987236994
6 0.0440775662039
7 0.0153121318945
8 0.0426912259886
9 0.0589464502577
10 0.197263538915
11 0.0150573305299
12 0.0243245121525
13 0.0122804584437
14 0.0113354634635
15 0.0163907069987
16 0.0135901030132
17 0.0151992893624
18 0.0142732400601
19 0.0188825728375
20 0.0205821821445
21 0.0248193022531
22 0.0180052514412
23 0.357196783444
24 0.0193916898115
25 0.0146480107947
26 0.0163049254118
27 0.118882154992
28 0.0102062574545
29 0.0182176345274
30 0.0267101689306
31 0.0944615571664
32 0.0145396331389
33 0.0231911286961
34 0.0297113042381
35 0.0416967810017
36 0.00581812502099
37 0.0147423053725
38 0.224099691477
39 0.0184609316609
40 0.0135037168059
41 0.0477546033029
42 0.184664050848
43 0.0130470348972
44 0.0136605071164
45 0.0759489213953
46 0.0698392434782
47 0.0131803372329
48 0.0169080226302
49 0.0165457951526
50 0.057150211982
51 0.0191781759228
52 0.0471661668042
53 0.038713588291
54 0.0154581984635
55 0.0261575699248
56 0.0292514090011
57 0.206043845699
58 0.102962058213
59 0.225759343321
60 0.0670808770357
61 0.0057209431602
