1 0.0670619064685
2 0.00531685842418
3 0.0118871539899
4 0.0233207629716
5 0.0538750691015
6 0.014584327495
7 0.00311677960467
8 0.025776082694
9 0.0432114009768
10 0.187823183755
11 0.0174103953272
12 0.0130682624208
13 0.00677299241826
14 0.0250112778768
15 0.0221325165293
16 0.0327803804412
17 0.00930037503866
18 0.0130910592365
19 0.0454413241616
20 0.0275529416851
21 0.0113326893103
22 0.0148791837363
23 0.0470856014272
24 0.0359844692413
25 0.202563719358
26 0.0135013242883
27 0.155720071783
28 0.0154104433507
29 0.0394063907272
30 0.0661275734941
31 0.0764339650369
32 0.0104533739847
33 0.00623339327403
34 0.0197281950438
35 0.00891509500726
36 0.0222784106847
37 0.0418498334207
38 0.0316195179046
39 0.0285071772203
40 0.017186021133
41 0.0923586925018
42 0.017435625147
43 0.0146881939384
44 0.00946636825468
45 0.00808558827815
46 0.0661051641904
47 0.0297881147567
48 0.00773769145778
49 0.153724558803
50 0.00617515639649
51 0.0163894803987
52 0.0534299118931
53 0.0133733720917
54 0.0134138820807
55 0.768735018145
56 0.161809027076
57 0.19592388273
58 0.0877110692146
59 0.0182097098236
60 0.00761595061396
61 0.0288512179291
