1 0.0433267612505
2 0.0117213614653
3 0.0149763843629
4 0.0242066985108
5 0.0628167428206
6 0.0223459205492
7 0.0211688393217
8 0.0113536412634
9 0.0337987435068
10 0.0892926454838
11 0.0134547165359
12 0.00987967951997
13 0.0230310485463
14 0.00747312673312
15 0.015916127994
16 0.0869832835134
17 0.013976883775
18 0.0161036758733
19 0.115797631311
20 0.0180300246335
21 0.0147987684235
22 0.018473063912
23 0.0185854579682
24 0.0381079324616
25 0.181987298016
26 0.0131562685286
27 0.180191918508
28 0.0424384818722
29 0.0177363493697
30 0.0498920446146
31 0.0384892574606
32 0.0163490854654
33 0.00762248476945
34 0.0126477439804
35 0.0135195133671
36 0.0176289121918
37 0.0128272807208
38 0.0104682372148
39 0.0551129806127
40 0.0201002238078
41 0.15795488899
42 0.0134852709764
43 0.0535656322762
44 0.015318696761
45 0.0141664088836
46 0.0503786155774
47 0.0363464623984
48 0.0221887184646
49 0.142723075188
50 0.0169578927642
51 0.0804800424831
52 0.0400319428291
53 0.0053166994636
54 0.0313612880371
55 0.695631879971
56 0.116994312166
57 0.250729965034
58 0.220587370473
59 0.0180291551719
60 0.0956538140197
61 0.0319199138766
