1 0.0409760882329
2 0.0148472463467
3 0.0406549796633
4 0.00902650484372
5 0.0194221049073
6 0.0387382750472
7 0.0173822945309
8 0.0407253463247
9 0.047250882287
10 0.248611343226
11 0.0214994968629
12 0.0313050012684
13 0.0129360164443
14 0.0386102082679
15 0.00937695883212
16 0.0258981812418
17 0.0175376064093
18 0.0236735999724
19 0.0177046768567
20 0.00649712445143
21 0.0330824784309
22 0.0259984646342
23 0.0988788549098
24 0.0229866812631
25 0.0171643582989
26 0.0314040456751
27 0.158261226482
28 0.060691453391
29 0.0224827290495
30 0.010023586375
31 0.0209236775435
32 0.0343085071902
33 0.0203029425873
34 0.0112569949893
35 0.0302403586592
36 0.0221058470429
37 0.012395970467
38 0.323626782035
39 0.0158146982906
40 0.0237014309076
41 0.0206000623286
42 0.180475392005
43 0.0241189132855
44 0.0436222329456
45 0.0196849130262
46 0.0128618132391
47 0.0199547613408
48 0.0346431573724
49 0.0314720739834
50 0.0445784475905
51 0.0391662360485
52 0.0374724621395
53 0.0152959231515
54 0.0104226394122
55 0.0170639579058
56 0.0278689271315
57 0.213809273387
58 0.240905228715
59 0.261691860372
60 0.0459611039702
61 0.00806284283281
