1 0.0743176174874
2 0.0155377099438
3 0.00788225158187
4 0.0292074372658
5 0.0215403976072
6 0.0160935977685
7 0.0582330988645
8 0.0160027840507
9 0.0186975422426
10 0.200004341983
11 0.010273849446
12 0.0130605939436
13 0.0118917193438
14 0.0407449060317
15 0.0072798956041
16 0.0130159967555
17 0.00859115003252
18 0.0411353231626
19 0.0639416981011
20 0.0140952544074
21 0.00865755137912
22 0.00664486709647
23 0.0191598288239
24 0.0146739258332
25 0.123543199379
26 0.0175718049941
27 0.228195392521
28 0.0120344213923
29 0.0153504697449
30 0.0439452605662
31 0.0343313050231
32 0.0380062440397
33 0.0596216734609
34 0.0164363371604
35 0.0221831468732
36 0.0091266525366
37 0.0883377199456
38 0.0448506330048
39 0.0209170030141
40 0.00749023013461
41 0.244921903342
42 0.0207238989383
43 0.0439437886055
44 0.0137065852163
45 0.0121912700954
46 0.0448134055505
47 0.0129461498751
48 0.0080432411909
49 0.0291945384233
50 0.0345453314725
51 0.0358229708597
52 0.0277172867182
53 0.0441955506573
54 0.0623207055083
55 0.515505938753
56 0.214657741988
57 0.180015101364
58 0.127641932364
59 0.00827134231699
60 0.00634469645792
61 0.0232638486423
