1 0.150000693521
2 0.0341368655675
3 0.0196666212086
4 0.0169519189518
5 0.0347413012144
6 0.258847543238
7 0.31629460007
8 0.139381262509
9 0.0672204861458
10 0.0611247396914
11 0.0142748325985
12 0.025611399652
13 0.00960662749014
14 0.0182128050715
15 0.0197923574029
16 0.0109789515992
17 0.0217103714987
18 0.00465890859056
19 0.019119892406
20 0.0903652426207
21 0.0139886627049
22 0.00821259236918
23 0.183644781286
24 0.0145179314552
25 0.00823848746696
26 0.0119835458699
27 0.164693533443
28 0.0197210572612
29 0.0206463892945
30 0.0203364276996
31 0.0266180720453
32 0.0115026473972
33 0.0761061920475
34 0.016246178959
35 0.00785142335573
36 0.00672800265175
37 0.0568462445612
38 0.0577487429467
39 0.038298200056
40 0.0421831407726
41 0.211541876512
42 0.034342843041
43 0.00859507884156
44 0.0134266645428
45 0.0124020645552
46 0.0114256483504
47 0.0102226112126
48 0.0216892869197
49 0.0274966199777
50 0.0318657064858
51 0.115703150355
52 0.0343323811795
53 0.0212095633003
54 0.0220602767007
55 0.3960760866
56 0.148745321067
57 0.166376103992
58 0.127704239554
59 0.0183180418806
60 0.015300241125
61 0.0232318924157
