1 0.0433562369581
2 0.0134858592347
3 0.0246305034681
4 0.0165716492965
5 0.0580773443817
6 0.0402896716281
7 0.0151261699346
8 0.0137761668939
9 0.0372890529001
10 0.186935190875
11 0.0317781615182
12 0.0086247939657
13 0.0149327470381
14 0.011501654029
15 0.0143868366054
16 0.0743635311909
17 0.0128458782734
18 0.0107097727795
19 0.0170573226219
20 0.0146300190722
21 0.0128252906623
22 0.0113569096079
23 0.0150478129313
24 0.0187144847705
25 0.0947911046835
26 0.00754360839376
27 0.183846052885
28 0.0134631946656
29 0.0249058267434
30 0.0313369319162
31 0.0172221171747
32 0.0100788685652
33 0.0522495075317
34 0.0237617304377
35 0.0177370908648
36 0.0118828075245
37 0.237259653988
38 0.0256101171816
39 0.0191186171169
40 0.0687484365295
41 0.181860242097
42 0.00617135792788
43 0.0495013366639
44 0.0224458005955
45 0.0145153026629
46 0.0700917267937
47 0.0529591337067
48 0.0239558851137
49 0.0342474162312
50 0.0674546229697
51 0.0188067297176
52 0.00748690761306
53 0.0370832012145
54 0.0188607806934
55 0.328459629938
56 0.194841512741
57 0.214085282073
58 0.223533228872
59 0.0146917720293
60 0.00729510746572
61 0.0214871448967
