1 0.103881176803
2 0.0104307578074
3 0.00878342283931
4 0.0158382195401
5 0.0337005137272
6 0.0315389420988
7 0.0189688736038
8 0.00742734306114
9 0.0156168876824
10 0.220197379877
11 0.0167455059154
12 0.0186239839684
13 0.0202478925731
14 0.0110256486377
15 0.0149430760584
16 0.0218142369668
17 0.0155483239806
18 0.00811198257551
19 0.0139628538012
20 0.0239512471655
21 0.0178763040092
22 0.0132760733395
23 0.199507387418
24 0.0395207236436
25 0.023409527708
26 0.0138207051632
27 0.097430351104
28 0.0230952650592
29 0.0156945552438
30 0.0315014643062
31 0.013281088576
32 0.0218142369668
33 0.014637582238
34 0.0179502415752
35 0.0132779606156
36 0.0115556363201
37 0.0174041125046
38 0.320290072217
39 0.0264329970483
40 0.0214922931206
41 0.0174432792927
42 0.0925560260917
43 0.0135946921392
44 0.0294866732615
45 0.0243324313556
46 0.0254461924377
47 0.0724964522741
48 0.0352480086904
49 0.0144068189889
50 0.0277824592185
51 0.0431045330521
52 0.0261568161198
53 0.0316195745276
54 0.0366940639549
55 0.0123024890669
56 0.0192471109381
57 0.173129027471
58 0.248049860665
59 0.191999602056
60 0.0139122151155
61 0.0141735209808
