1 0.0539342481721
2 0.0181335043301
3 0.0157143396537
4 0.0324268031254
5 0.016809108842
6 0.200409116811
7 0.0257112649511
8 0.112803361104
9 0.0150832466645
10 0.0293022634961
11 0.0139883021102
12 0.0154692656888
13 0.0151406565338
14 0.0303580247717
15 0.0470599736844
16 0.042845868754
17 0.0374436669721
18 0.00647001547428
19 0.0234414049075
20 0.0183014482801
21 0.0216461185075
22 0.0257904842207
23 0.747687267747
24 0.0406747994757
25 0.0902904049482
26 0.0137364912818
27 0.062007195029
28 0.0979105949512
29 0.0109689879287
30 0.0187634730325
31 0.0182868580892
32 0.0292517071376
33 0.0504662767225
34 0.00936478790382
35 0.0271794804936
36 0.0466212246436
37 0.141051577402
38 0.0166195541886
39 0.0167944291518
40 0.07291168
41 0.0867883435525
42 0.0118837681552
43 0.0318355333237
44 0.00469723832916
45 0.0212007148035
46 0.0172510014784
47 0.0143961292788
48 0.0221108459586
49 0.113167139504
50 0.0390141205721
51 0.0268590162285
52 0.0204842933781
53 0.0202742045016
54 0.0292222561378
55 0.559615234948
56 0.179011940136
57 0.25633687506
58 0.29334181764
59 0.0143263127061
60 0.0283074436724
61 0.024794440707
