1 0.0347478555943
2 0.0101482273625
3 0.0124906521793
4 0.0198462130102
5 0.0339641024085
6 0.0904733077211
7 0.0248107292351
8 0.0106380101852
9 0.0169738322161
10 0.0213909177294
11 0.0208762522039
12 0.0114466827916
13 0.0152673188509
14 0.0425035239162
15 0.00636592274847
16 0.0111392287812
17 0.0544606742654
18 0.00981797720338
19 0.0234690904148
20 0.0147566573227
21 0.0126881460813
22 0.0180147827759
23 0.59667678911
24 0.0131655807538
25 0.124337795123
26 0.00466089028053
27 0.161666596996
28 0.0416052843821
29 0.0185831162
30 0.0384409316248
31 0.0395115845602
32 0.0445528241452
33 0.0247982739931
34 0.0126747217145
35 0.0403394724003
36 0.0226060778567
37 0.348610529011
38 0.0197120558479
39 0.0517471707511
40 0.0318822078809
41 0.156584760803
42 0.0150908866677
43 0.064140265625
44 0.0170880430017
45 0.0389725923959
46 0.0438022785949
47 0.0102217181127
48 0.0144206175163
49 0.16650378281
50 0.0103056614552
51 0.0235163926504
52 0.0130727599137
53 0.020357054342
54 0.0130408242372
55 0.246622600508
56 0.130686463363
57 0.218504053489
58 0.156363089487
59 0.0522448979592
60 0.0273914293283
61 0.0301039099078
