1 0.0350947012274
2 0.0262840628155
3 0.0131840308443
4 0.0156763436453
5 0.0168868125583
6 0.0709900964087
7 0.0625286795803
8 0.0235226913807
9 0.0249650120524
10 0.186919833318
11 0.0167811239458
12 0.00667963958329
13 0.0291653236048
14 0.033282371897
15 0.0400091698909
16 0.0356364741524
17 0.012402987546
18 0.00734369607118
19 0.0454288068171
20 0.0373320383442
21 0.0171044900265
22 0.0292871647573
23 0.267119553044
24 0.0374835831678
25 0.00996761550927
26 0.0130987505025
27 0.195442370398
28 0.0167673244439
29 0.0363671432505
30 0.0271944553016
31 0.0157099523461
32 0.0323440365763
33 0.017535873938
34 0.0307760580636
35 0.0248799982841
36 0.0389548264233
37 0.00987962698991
38 0.322758763949
39 0.00964026799986
40 0.0414919275264
41 0.0492235454037
42 0.190887310029
43 0.00928696655946
44 0.023605785124
45 0.0189871156248
46 0.0294341743069
47 0.0545491284987
48 0.0195719015711
49 0.0250873001908
50 0.0493015856044
51 0.0857051390918
52 0.0422067954339
53 0.0519959819228
54 0.0355907717215
55 0.0176994309823
56 0.0577951809802
57 0.244102441297
58 0.171688983341
59 0.109925312943
60 0.010656058332
61 0.013711342401
