1 0.0372541061282
2 0.00858005917882
3 0.0195147545028
4 0.0183116024225
5 0.0163345388782
6 0.0250202577685
7 0.0114601676922
8 0.0240004048422
9 0.0351122477025
10 0.26989750143
11 0.0102746595708
12 0.0108474942086
13 0.00743635643121
14 0.0551336499323
15 0.0477533517773
16 0.0481318136617
17 0.0253786385745
18 0.0282057540332
19 0.0402617005599
20 0.0369267776663
21 0.00742691463511
22 0.0150748623928
23 0.406135485306
24 0.034000250906
25 0.0134187546784
26 0.00800830087267
27 0.155220784444
28 0.00567344817943
29 0.0255925908594
30 0.0896457721799
31 0.0191938133634
32 0.0186482183559
33 0.0189805028947
34 0.0355248136688
35 0.00838855333527
36 0.00735706447629
37 0.0312404183214
38 0.272568211449
39 0.0402125636797
40 0.0150319511885
41 0.0259212422495
42 0.202337327519
43 0.0123972609832
44 0.0196850109563
45 0.0279284236426
46 0.00267122388107
47 0.0302672440148
48 0.0218985869184
49 0.0157967217303
50 0.0330032305434
51 0.0448682557916
52 0.033958014302
53 0.0397145896092
54 0.0124068282615
55 0.0150031508017
56 0.0264735156663
57 0.086973754902
58 0.248310195129
59 0.200867389404
60 0.0227011984464
61 0.0178230585319
