1 0.0182657579947
2 0.020179384286
3 0.0151049459038
4 0.0475485861297
5 0.0570734829891
6 0.0790985993918
7 0.221978339103
8 0.0116265493579
9 0.0216666614666
10 0.171691318333
11 0.0220118141897
12 0.00713316781187
13 0.00687885383721
14 0.0100454254145
15 0.00843125826022
16 0.0329290457516
17 0.0200892744088
18 0.0271470677254
19 0.0141366537021
20 0.125593338693
21 0.0826872481207
22 0.0134526024236
23 0.204998454073
24 0.0209974300831
25 0.0182215508681
26 0.0246470984342
27 0.162452672118
28 0.0281153453773
29 0.0100130279549
30 0.0244028798724
31 0.0607955994014
32 0.016319775284
33 0.0157355927338
34 0.0190882941691
35 0.00904358449821
36 0.023640479206
37 0.020318181253
38 0.012748602393
39 0.015940990871
40 0.0378907600689
41 0.144053303549
42 0.0317783593725
43 0.0419555345602
44 0.0191915268195
45 0.015262713723
46 0.0195964714142
47 0.0324457614714
48 0.0232194661859
49 0.0155978882698
50 0.028029302738
51 0.057035634809
52 0.0327885693476
53 0.0130805692128
54 0.0175844596131
55 0.59334381958
56 0.0895311999975
57 0.0838168237616
58 0.146098466098
59 0.00799479849029
60 0.0257046092369
61 0.0178776278765
