1 0.0697761340946
2 0.054786693086
3 0.0589722514376
4 0.0168960484666
5 0.0101586213942
6 0.15687214819
7 0.225815971252
8 0.243239758069
9 0.00544916719801
10 0.353866546322
11 0.014280387748
12 0.0109567662824
13 0.0661944717892
14 0.0245223454953
15 0.0318450911464
16 0.0176949859578
17 0.0204417905759
18 0.045785837768
19 0.0232738637175
20 0.0147170224426
21 0.0130120131241
22 0.018224401794
23 0.363456651321
24 0.0138276931347
25 0.0901084193765
26 0.0190313539891
27 0.0106404335778
28 0.0176604223586
29 0.0246543993804
30 0.00749379005636
31 0.017523549925
32 0.0480312448621
33 0.0216884077846
34 0.0247818569603
35 0.0113548995772
36 0.035817163071
37 0.0494737883497
38 0.0398235287108
39 0.0132063586856
40 0.0316095919116
41 0.0253307885167
42 0.0459654228373
43 0.0476125646278
44 0.0106442305142
45 0.0254990095892
46 0.0176148466023
47 0.0108774673256
48 0.0383161470528
49 0.281550880908
50 0.0256441263407
51 0.0149737856795
52 0.023774906795
53 0.0262923054514
54 0.015457179105
55 0.1824489996
56 0.170433239174
57 0.24619821099
58 0.151058811412
59 0.0178352062861
60 0.0062539019934
61 0.0244407503103
