1 0.0737710376528
2 0.0426697729772
3 0.0109648049604
4 0.0090516959118
5 0.0296241884046
6 0.0204703938939
7 0.0189322079495
8 0.0238301923788
9 0.0139676662998
10 0.197247489717
11 0.015457459178
12 0.0247877680596
13 0.0330928122419
14 0.0192492297989
15 0.0127204308689
16 0.0159185380159
17 0.0132739522827
18 0.0188896948901
19 0.0472168975121
20 0.0502095380093
21 0.0129238974166
22 0.0197447376395
23 0.242550160555
24 0.0130705076964
25 0.0259689165705
26 0.0471303489065
27 0.193529972327
28 0.0991715802404
29 0.0357091427846
30 0.0476604589262
31 0.0179971498148
32 0.0129764397496
33 0.0096173183268
34 0.0550951682112
35 0.0157827374775
36 0.0429346283832
37 0.0158051137865
38 0.403995639857
39 0.00816014075891
40 0.0339245474884
41 0.0290292811461
42 0.198292436775
43 0.0125606830297
44 0.0236318571164
45 0.0135555132752
46 0.0163246929906
47 0.0116204688477
48 0.0264928324366
49 0.0102693424797
50 0.0751144538752
51 0.0222808441608
52 0.0666344258671
53 0.0212668155966
54 0.0397301984179
55 0.0095324975843
56 0.0194073078147
57 0.163571102528
58 0.268352503929
59 0.1089112847
60 0.0150131753728
61 0.00941887725411
