1 0.128151928694
2 0.0239911926829
3 0.0101966321387
4 0.0304507329699
5 0.0531796822378
6 0.0199804015781
7 0.00728916295178
8 0.0204819230389
9 0.0381070774952
10 0.183439192898
11 0.00728161204135
12 0.0197187074047
13 0.0241949720051
14 0.00635562722078
15 0.0447641502024
16 0.0389080620102
17 0.0210156260476
18 0.0089204233047
19 0.14658256703
20 0.0229281010645
21 0.0126965454798
22 0.00862993131834
23 0.0334560429166
24 0.0567560553633
25 0.284252509073
26 0.0126465340576
27 0.140801511473
28 0.0274828631895
29 0.0177887916611
30 0.0918734332943
31 0.033503500359
32 0.0161183412841
33 0.018693406251
34 0.0404529618307
35 0.0129343929924
36 0.00753477819404
37 0.0317275412324
38 0.01567351994
39 0.0371065957144
40 0.0141735138799
41 0.12442476705
42 0.0291434483266
43 0.0603653909655
44 0.0166100906831
45 0.0156390254034
46 0.0587057352075
47 0.128489574974
48 0.0144801214421
49 0.100426825588
50 0.0273258488004
51 0.0453785287937
52 0.0401131645481
53 0.00903519897253
54 0.0140022000714
55 0.753479230798
56 0.134473838572
57 0.23598956182
58 0.172024517982
59 0.00433422306435
60 0.0238562945371
61 0.0171066967041
