1 0.08377404249
2 0.0311073779529
3 0.00665122939475
4 0.00829165189414
5 0.0383010873624
6 0.0188269364561
7 0.0377373188396
8 0.0245377579115
9 0.0260086875408
10 0.158347210467
11 0.0404349172238
12 0.0382686033121
13 0.0111129557381
14 0.022968897995
15 0.0327442666817
16 0.0209262393535
17 0.00755445728698
18 0.0083630477712
19 0.0201852125861
20 0.0106004978916
21 0.014850799911
22 0.0190805672229
23 0.0617080113893
24 0.019141245558
25 0.0204558939041
26 0.0191879941238
27 0.179871425457
28 0.020571102046
29 0.0357868043837
30 0.0417609264728
31 0.0151626976645
32 0.0118491041621
33 0.0179514551259
34 0.0105396596579
35 0.011997586559
36 0.0746312373987
37 0.242396378465
38 0.0616232933476
39 0.0202910957458
40 0.370162447676
41 0.267862586482
42 0.0296780204414
43 0.0784583350743
44 0.234776097844
45 0.0145541732534
46 0.0351153969455
47 0.0264091720542
48 0.0169074522596
49 0.0191534157149
50 0.0986539999919
51 0.00898955415308
52 0.00895851347916
53 0.04978276994
54 0.0329979328205
55 0.100640916425
56 0.184552654725
57 0.223674575794
58 0.16189643987
59 0.0104847192172
60 0.00952196788753
61 0.0202621137203
