1 0.0775812098701
2 0.0217998611829
3 0.0307948219935
4 0.0199176293827
5 0.0105182574046
6 0.0553134411684
7 0.178515037873
8 0.0670857304661
9 0.0153470071118
10 0.0731117750072
11 0.0434171406988
12 0.0496985808506
13 0.0682952470525
14 0.0284411206084
15 0.0063212714762
16 0.0136707329488
17 0.00690279170853
18 0.0292423758853
19 0.0837850744274
20 0.0428627457974
21 0.0262134853942
22 0.0304919632815
23 0.116978129322
24 0.0135062948771
25 0.0499457121435
26 0.00893453033861
27 0.0280297887803
28 0.0304580769149
29 0.0364828366491
30 0.0112620196778
31 0.0152058536501
32 0.0300169226264
33 0.0317895434147
34 0.0276180736827
35 0.00660386363043
36 0.0441474642766
37 0.296802756224
38 0.0533537441
39 0.0165894892938
40 0.0301743370505
41 0.0571020508451
42 0.0389079486029
43 0.0373829582888
44 0.057225154438
45 0.0150577988578
46 0.0151812947896
47 0.0452135020195
48 0.0255404036615
49 0.198310446824
50 0.0294141198241
51 0.0427879550603
52 0.0184894658892
53 0.00971299607509
54 0.0306623480903
55 0.305376870978
56 0.183380294447
57 0.0770849808473
58 0.127012400275
59 0.0134499100011
60 0.0126032733087
61 0.0631345768126
