1 0.0404964751797
2 0.0240094806516
3 0.0104034275662
4 0.00744240196799
5 0.034632671032
6 0.0178927531992
7 0.0169630781216
8 0.0188483300358
9 0.0353199482824
10 0.156869515829
11 0.0168458099099
12 0.0185803375281
13 0.0211874701624
14 0.0122271327029
15 0.0216564531671
16 0.0405590337183
17 0.0228103044871
18 0.00763024457458
19 0.128893497462
20 0.00921136422129
21 0.00933530292566
22 0.0243914915561
23 0.029852466417
24 0.0407726742462
25 0.237048978921
26 0.0114698395676
27 0.19671179634
28 0.0529041330547
29 0.018873614273
30 0.0290245283041
31 0.0583371831683
32 0.0105192315496
33 0.0151864958179
34 0.0116560436067
35 0.0168695534812
36 0.0564477727529
37 0.0195317900414
38 0.0782733466888
39 0.0398414263745
40 0.0126359161685
41 0.158912406288
42 0.0146322435452
43 0.0198549396881
44 0.0394297884353
45 0.0147884909998
46 0.0793369191703
47 0.0338485490123
48 0.0257202589955
49 0.134664515209
50 0.0134059287507
51 0.0192736948461
52 0.0487961072413
53 0.00613768329898
54 0.013568473304
55 0.752100389496
56 0.23584675045
57 0.190734887219
58 0.167520172345
59 0.00661979769864
60 0.00644198578138
61 0.0359926179536
