1 0.0288891566325
2 0.0221885210443
3 0.0120092036746
4 0.0140562832146
5 0.0661120838766
6 0.0349321132148
7 0.013495047465
8 0.0248537352476
9 0.0282402801223
10 0.275052775316
11 0.0193887195427
12 0.0101805538485
13 0.0381253006361
14 0.0273209615494
15 0.0183028856461
16 0.0335168706058
17 0.0112961684665
18 0.0109084197012
19 0.0195168589254
20 0.0159583780627
21 0.0291690585575
22 0.0297000625681
23 0.328192656689
24 0.0345738986475
25 0.0162812921437
26 0.0138363308186
27 0.0662033072336
28 0.0218171583779
29 0.0513973403914
30 0.0268183177728
31 0.0252178788055
32 0.0612983782958
33 0.0200189594375
34 0.0392020480978
35 0.0215568043111
36 0.0155051308607
37 0.0316978112567
38 0.365190277505
39 0.0231804895708
40 0.0139677728168
41 0.0237427907267
42 0.171691919813
43 0.0102733026333
44 0.0231865767746
45 0.00900639306222
46 0.0124243706684
47 0.0196557160964
48 0.014205366956
49 0.0301318159401
50 0.0480308323294
51 0.0797344612438
52 0.013604466483
53 0.0618295632853
54 0.0849743281321
55 0.0151634243072
56 0.00687798424643
57 0.0980284977528
58 0.262227066919
59 0.120235112487
60 0.0110796700974
61 0.00634436937476
