1 0.0266019106512
2 0.0294573965092
3 0.0139115401906
4 0.0288977170115
5 0.0210503760589
6 0.222930814775
7 0.0476697899359
8 0.0202679026426
9 0.0341268760835
10 0.104368339756
11 0.0671488304167
12 0.0213719293669
13 0.094444909065
14 0.0212966072461
15 0.0141961489197
16 0.00737639348625
17 0.0720325298462
18 0.0111039156417
19 0.0176139871313
20 0.0255600770238
21 0.0255266042258
22 0.0562272781725
23 0.67394174519
24 0.0346868151867
25 0.0694775039951
26 0.00549412706745
27 0.0112546327023
28 0.0173982244637
29 0.049419520043
30 0.0451972749636
31 0.014253032363
32 0.0848637382301
33 0.00981501684479
34 0.00859622701105
35 0.0099320093676
36 0.0289794792353
37 0.217244689149
38 0.0110685698106
39 0.0490617748572
40 0.0167666805306
41 0.0531400132387
42 0.0122203740604
43 0.0120095580188
44 0.0168654796934
45 0.0116428519228
46 0.0415748096127
47 0.0129313080642
48 0.0131029839401
49 0.127657452265
50 0.0137813525754
51 0.0249069385764
52 0.0119678255739
53 0.0143553963013
54 0.0145050987343
55 0.282937121192
56 0.149061062624
57 0.22641922308
58 0.154009297442
59 0.0660228020693
60 0.0243841401395
61 0.0164685212966
