1 0.0150060023781
2 0.00718604550048
3 0.0118001355713
4 0.0288888128652
5 0.0782761892528
6 0.0107653592368
7 0.0163583257647
8 0.033616004531
9 0.0202710387804
10 0.22048750169
11 0.0247179009345
12 0.0108171528175
13 0.00640477104091
14 0.0199607088161
15 0.0143615496792
16 0.00821449384959
17 0.0118009514866
18 0.0138168667462
19 0.0485145709336
20 0.0162997978852
21 0.0654808438288
22 0.0444180693374
23 0.0288380100603
24 0.124688089403
25 0.0325582261789
26 0.0174419823507
27 0.109881631464
28 0.0384807898805
29 0.0447915013111
30 0.00879592009621
31 0.0105321696607
32 0.00975963030752
33 0.0409231588664
34 0.017438446103
35 0.00659954832403
36 0.0409515589977
37 0.0700945053206
38 0.0217950223635
39 0.00885871991328
40 0.0191979696179
41 0.182029813646
42 0.0259528965371
43 0.0403525701601
44 0.0203672123576
45 0.00504962650678
46 0.0354864052294
47 0.0156140397261
48 0.0332511895842
49 0.123665971385
50 0.0622043495267
51 0.0899505095128
52 0.0182548341316
53 0.0226488573445
54 0.0281452905766
55 0.160562908139
56 0.258483210589
57 0.251607303603
58 0.146999998864
59 0.0212410951993
60 0.00677608414918
61 0.0135647860452
