1 0.0449962772322
2 0.0144301756853
3 0.0276174627868
4 0.0382664138703
5 0.0205852218697
6 0.0182333586267
7 0.038699879043
8 0.0173243819156
9 0.0225407707268
10 0.173175721954
11 0.0115277769017
12 0.0183078065856
13 0.00513473227006
14 0.039068325534
15 0.0161857655546
16 0.0265768313672
17 0.00853770678302
18 0.00943586028758
19 0.0489735836828
20 0.0272034727897
21 0.00957725024672
22 0.0216201067946
23 0.0170570012059
24 0.0305995906351
25 0.0159020120053
26 0.0279530985464
27 0.167319944401
28 0.0549938626286
29 0.0189106893184
30 0.0399183520494
31 0.0563078527817
32 0.0201391493252
33 0.00810113535757
34 0.0153013260263
35 0.0358211907643
36 0.0165634463609
37 0.266663164932
38 0.0168007294877
39 0.0388124632032
40 0.0857161312873
41 0.224126193032
42 0.00964162264087
43 0.027082723782
44 0.0394770140291
45 0.0287383871231
46 0.0253039731856
47 0.027537087236
48 0.0221244018901
49 0.0177215900906
50 0.0972049307651
51 0.0491053874882
52 0.0175005471785
53 0.0493258303574
54 0.0181495232063
55 0.221611720084
56 0.161131925119
57 0.288101277235
58 0.0933771333297
59 0.00892362389544
60 0.00981819373983
61 0.0330745867769
