1 0.0462162764965
2 0.0141311070101
3 0.0459753952841
4 0.0123042117596
5 0.0213104568838
6 0.0848952244242
7 0.156700289919
8 0.153992680527
9 0.0128176967763
10 0.174753044246
11 0.129533325957
12 0.0187421852659
13 0.0687719301777
14 0.0829504634518
15 0.0153341032993
16 0.00922889500472
17 0.0087544762466
18 0.0329336972867
19 0.0127588239825
20 0.0234999060013
21 0.0190142848494
22 0.0248708021327
23 0.215650192516
24 0.0133773284081
25 0.142962426111
26 0.0224678965019
27 0.0331181923991
28 0.0827923285126
29 0.0203614330628
30 0.0130972805427
31 0.0100590349189
32 0.0110678611911
33 0.023690582562
34 0.0114740133558
35 0.0105642043721
36 0.0335741796525
37 0.218355121015
38 0.0159038603371
39 0.00796767340363
40 0.0219946312015
41 0.0269044482017
42 0.0177767677478
43 0.0484120878761
44 0.0438044971116
45 0.00838411633004
46 0.0320418608798
47 0.0192120383083
48 0.026075747839
49 0.212101281513
50 0.0291305406816
51 0.114967731331
52 0.0231113069279
53 0.0200377567255
54 0.00629944570421
55 0.27575223555
56 0.109178351917
57 0.160874480765
58 0.200654100878
59 0.0157270552035
60 0.01040101988
61 0.0255552738969
