1 0.0253401410981
2 0.0147611292641
3 0.0126219313714
4 0.0240087194541
5 0.0401925101071
6 0.0215062935055
7 0.017792331527
8 0.0121376428814
9 0.0325127117804
10 0.197733333333
11 0.017930508969
12 0.0136813911569
13 0.016176164636
14 0.0160463948925
15 0.0173808797518
16 0.0147974432078
17 0.02714073532
18 0.0130369519265
19 0.0208020435062
20 0.00716790630497
21 0.0334267394723
22 0.0135531034931
23 0.217819526698
24 0.0389048174856
25 0.019382640416
26 0.0272572282089
27 0.117536145406
28 0.00907761178838
29 0.0291508725815
30 0.0383096775033
31 0.0192241471514
32 0.021068396826
33 0.0231892095925
34 0.022565913435
35 0.0207562590277
36 0.0205293754348
37 0.0257066199326
38 0.452112022831
39 0.0145206833522
40 0.0224250651024
41 0.028643290982
42 0.1928018538
43 0.0225454600133
44 0.0150826757867
45 0.0322863714354
46 0.00674957208693
47 0.13280163124
48 0.0425627529164
49 0.0200017913744
50 0.0524594789517
51 0.0168355676011
52 0.0350096308176
53 0.0238335922062
54 0.00917927611003
55 0.0224683048072
56 0.00988338193992
57 0.306894863399
58 0.270920033055
59 0.226457812243
60 0.0136033481509
61 0.0325479503407
