1 0.0480205909648
2 0.00865879186504
3 0.012414030064
4 0.0111572420318
5 0.0175647637516
6 0.0668544399913
7 0.0337571541208
8 0.0251866921175
9 0.0435201935289
10 0.124225078057
11 0.00680629340741
12 0.0141639763767
13 0.02115360943
14 0.0239076624112
15 0.0205846865165
16 0.0546277317163
17 0.0162378129041
18 0.0216339034021
19 0.030927880566
20 0.0130024483203
21 0.0139571572101
22 0.0100842578209
23 0.0157896366985
24 0.0318152826525
25 0.0674018180406
26 0.0206612637165
27 0.167103684758
28 0.0246855635118
29 0.0171295168555
30 0.0179001448116
31 0.0212658306888
32 0.0105470936691
33 0.0181107720072
34 0.0700275773058
35 0.0218053149886
36 0.0177591839923
37 0.120765495874
38 0.0341811734235
39 0.0316854619414
40 0.0212982283777
41 0.278178251896
42 0.03438695863
43 0.0203233207209
44 0.0160767086572
45 0.0211373252644
46 0.0254003729982
47 0.0198455285427
48 0.0229611874088
49 0.0154208292077
50 0.0630202513027
51 0.0279962267113
52 0.0437978411323
53 0.0257703099193
54 0.0292080586312
55 0.484165571239
56 0.222068163638
57 0.123875648271
58 0.144656991648
59 0.0135078782893
60 0.023171368467
61 0.0379839391191
