1 0.0390387269945
2 0.0076776887211
3 0.0195375409915
4 0.0187897671576
5 0.0351166113728
6 0.215035520652
7 0.0307907656807
8 0.0292599689504
9 0.0227836178915
10 0.160861500429
11 0.0965553945386
12 0.0152894530677
13 0.0132179778107
14 0.024427118825
15 0.0228650606293
16 0.0152996736708
17 0.007823230286
18 0.00568852755184
19 0.0163973001622
20 0.0604762670995
21 0.0167956907601
22 0.0072630142519
23 0.72795849862
24 0.0176313571718
25 0.10485250764
26 0.0180911441901
27 0.0594357175285
28 0.0600602490029
29 0.0199582293386
30 0.0722583584996
31 0.00756143667297
32 0.0208893614696
33 0.0241455356715
34 0.0206131479397
35 0.00914331150096
36 0.0527868965441
37 0.27073053883
38 0.0294255612698
39 0.0804203931459
40 0.0619795829778
41 0.0157477703696
42 0.0199889026534
43 0.0421781417566
44 0.00627359800254
45 0.0132321327199
46 0.0734532035964
47 0.0253000381002
48 0.0352516764157
49 0.17078764225
50 0.0654438983611
51 0.0385134810434
52 0.0112031739846
53 0.0158514991941
54 0.0287591726018
55 0.272983839661
56 0.183887010323
57 0.152332842745
58 0.218711227452
59 0.0228430899762
60 0.0126868285073
61 0.0122316744988
