1 0.0302652380699
2 0.0129488970404
3 0.00735059959619
4 0.0163108455705
5 0.0454160778995
6 0.0300825883883
7 0.0151852048082
8 0.0350461337245
9 0.0310832858879
10 0.174750998348
11 0.0220253020648
12 0.0179419487201
13 0.0149473064938
14 0.0207189986926
15 0.0172700303692
16 0.0199438289001
17 0.0101300179562
18 0.0207069371762
19 0.0376093993784
20 0.0288293126611
21 0.0298402054399
22 0.0108484055664
23 0.31935458271
24 0.0204852523031
25 0.0112571443374
26 0.007830287089
27 0.139332368695
28 0.0107263776745
29 0.0323656786971
30 0.0324645809702
31 0.00934962896089
32 0.0257216694215
33 0.00966100288925
34 0.0658409485564
35 0.0464879902523
36 0.0306418247156
37 0.0381551351437
38 0.297366505811
39 0.0348490539602
40 0.0143383136325
41 0.0346772966404
42 0.100039760861
43 0.0120124530689
44 0.0245658693935
45 0.0113238233166
46 0.0142110229551
47 0.0518910189088
48 0.0179860943794
49 0.0269643540118
50 0.029944356165
51 0.0342988309763
52 0.0232332288827
53 0.0381552969149
54 0.0439023478072
55 0.00708281411654
56 0.0101196013848
57 0.144967604314
58 0.197164112518
59 0.144421931689
60 0.0343574669339
61 0.0160102732082
