1 0.0951342027423
2 0.00878849091872
3 0.0128501372082
4 0.013407578786
5 0.0706075831569
6 0.0143402419612
7 0.00595844562821
8 0.0352394428179
9 0.0477227466094
10 0.189227043417
11 0.0328490477995
12 0.0113914515258
13 0.013336219664
14 0.0283059957725
15 0.0129600571325
16 0.0385850147317
17 0.0129262673694
18 0.0194349720633
19 0.11259924245
20 0.00752599052532
21 0.0155171340312
22 0.0107408819573
23 0.0345859307732
24 0.050938722836
25 0.251031946071
26 0.010654410409
27 0.157466536146
28 0.017267278601
29 0.0243389801921
30 0.0534562638498
31 0.061176365987
32 0.0108477526498
33 0.0194575326105
34 0.0159262003897
35 0.00799329877753
36 0.0268533354518
37 0.0293009642083
38 0.0158699591586
39 0.0418178421217
40 0.0107297358074
41 0.191121134067
42 0.0163716515649
43 0.0140389472288
44 0.0159420222642
45 0.00669739742124
46 0.0727834998188
47 0.0837097785967
48 0.0237028500105
49 0.141120096179
50 0.00722929150412
51 0.0321589117607
52 0.0995093709536
53 0.012165280301
54 0.0189454072326
55 0.688902735909
56 0.194012925872
57 0.240065807544
58 0.243718827544
59 0.0107760071882
60 0.0210759528546
61 0.0207345525595
