1 0.0539131987142
2 0.0336616502808
3 0.0358409577933
4 0.0221860270031
5 0.0326095686473
6 0.0401062139214
7 0.0219297140947
8 0.0178759835178
9 0.032908437414
10 0.151544906694
11 0.00790078964752
12 0.020310771991
13 0.0215643532213
14 0.00690162411595
15 0.0639915610689
16 0.0417325464995
17 0.00641919844213
18 0.0215181272295
19 0.0272693553719
20 0.0201837147665
21 0.034828465891
22 0.0129755643178
23 0.364675369254
24 0.0467973380489
25 0.0120535480799
26 0.0066567742381
27 0.195478209743
28 0.0243308904394
29 0.0166374080115
30 0.0153343767156
31 0.0173039587424
32 0.0244648934876
33 0.0110549054847
34 0.0932065364909
35 0.0395427197992
36 0.0250333840451
37 0.0115963418125
38 0.29173455021
39 0.0126699061793
40 0.0446900672526
41 0.0683097288922
42 0.200447141662
43 0.00734623981425
44 0.0187510658567
45 0.0113540379052
46 0.0541270618849
47 0.0196720868344
48 0.0083710613499
49 0.0333822099236
50 0.0322942223176
51 0.0591672490024
52 0.0689273883481
53 0.0239657328675
54 0.0106185990448
55 0.0084798050794
56 0.0271338224143
57 0.150640388776
58 0.224965767553
59 0.0684755928991
60 0.00952195921051
61 0.0109822524782
