1 0.0330053494663
2 0.0306596531999
3 0.0325731938955
4 0.0131831029536
5 0.0278822708218
6 0.016571544784
7 0.0194612305024
8 0.0361853941046
9 0.0225104470889
10 0.101406362329
11 0.0134456304112
12 0.0167069446971
13 0.0166707007816
14 0.0080916701054
15 0.0154988163263
16 0.0225104336868
17 0.00565341404509
18 0.0159516369001
19 0.017229567582
20 0.0314246575923
21 0.050586244254
22 0.0513102505719
23 0.174778688211
24 0.0172661556001
25 0.0242222731896
26 0.00896781826834
27 0.139864241923
28 0.0167514992578
29 0.0545228738029
30 0.0426562093992
31 0.0390917553674
32 0.0123061988303
33 0.0142340599097
34 0.0397267360211
35 0.0303732545915
36 0.00969482248521
37 0.0178439150801
38 0.174633467522
39 0.0198270450042
40 0.0198616079753
41 0.0239105895518
42 0.16219704401
43 0.0120783804341
44 0.0140139197668
45 0.0164955577749
46 0.0399179655412
47 0.0415065521157
48 0.0190529226289
49 0.0203671861212
50 0.0178650875681
51 0.0706479459087
52 0.0369987548763
53 0.0329565940604
54 0.126285734523
55 0.016204083942
56 0.00811015211708
57 0.161154601417
58 0.249023695116
59 0.154425638027
60 0.010781601114
61 0.0112300291951
