1 0.0363936059312
2 0.00752481876108
3 0.00899954477461
4 0.024825742421
5 0.0162347127545
6 0.0724518496767
7 0.0190593619833
8 0.0449501651798
9 0.024445184787
10 0.12611786794
11 0.0242763744284
12 0.00630004807828
13 0.0177236675636
14 0.0350441291122
15 0.0298444129683
16 0.0150261298682
17 0.0123623085872
18 0.0150355340699
19 0.0102369865007
20 0.0170460375775
21 0.0196848023592
22 0.0194031213879
23 0.185145726806
24 0.0265266433737
25 0.135370065873
26 0.013884948276
27 0.200902163437
28 0.0436858513975
29 0.0223090200106
30 0.0222414476186
31 0.0119764255803
32 0.00571479814104
33 0.0309121756256
34 0.0607255732266
35 0.0210802129977
36 0.0173982279639
37 0.150135080394
38 0.0278435795788
39 0.0148514824207
40 0.0446652028916
41 0.179505777092
42 0.0247940388007
43 0.0348219284104
44 0.0139151993377
45 0.0253887837374
46 0.0162674253176
47 0.0375164264794
48 0.0178812872096
49 0.184227248968
50 0.036863016774
51 0.028978732132
52 0.0106044571391
53 0.0138109453766
54 0.00688064414286
55 0.798994457498
56 0.149298457228
57 0.201496165166
58 0.177834249694
59 0.0612485330744
60 0.0165198284039
61 0.0125280633701
