1 0.191216764128
2 0.0219030481143
3 0.0194151959547
4 0.0157450116797
5 0.0491550411698
6 0.0365395606069
7 0.0080654740701
8 0.0223690959705
9 0.0359091086154
10 0.194772515753
11 0.0309126101348
12 0.026048262425
13 0.0185555902082
14 0.0122712949653
15 0.0251379622114
16 0.0294525959194
17 0.0245297292946
18 0.0162487642988
19 0.0878518561155
20 0.0105060731586
21 0.0103022385531
22 0.00832639472358
23 0.0198513622946
24 0.0428799424477
25 0.251122792643
26 0.0103304786998
27 0.271190232196
28 0.0547140240179
29 0.0190882292486
30 0.126789956766
31 0.0485311137463
32 0.017137639578
33 0.0190947356127
34 0.0150805327389
35 0.0100716201138
36 0.00982636839067
37 0.0182122491026
38 0.0116926148026
39 0.0437836310157
40 0.010357008199
41 0.212395537043
42 0.0172059449561
43 0.038174698444
44 0.0166843008839
45 0.0180412036094
46 0.0698935483791
47 0.0338939870149
48 0.0342285336485
49 0.214870908425
50 0.012743125887
51 0.0318235602438
52 0.125088875836
53 0.0330309754676
54 0.0514578801738
55 0.702691368371
56 0.138687580825
57 0.232362873163
58 0.122267167849
59 0.0129958273378
60 0.00829136527191
61 0.0280538934235
