1 0.129267044739
2 0.0196290507484
3 0.0101335617841
4 0.0192219342057
5 0.0385461849904
6 0.0107150365428
7 0.0113430770121
8 0.0126854753948
9 0.0200656713989
10 0.157666991828
11 0.010639288299
12 0.00572290058363
13 0.0490594468091
14 0.0432796462632
15 0.00818789070616
16 0.0201431329242
17 0.00984585539703
18 0.0065604777131
19 0.187958655202
20 0.0149376192771
21 0.0533809187176
22 0.0162231498129
23 0.0274648618152
24 0.0425022178794
25 0.241389746229
26 0.0168796853748
27 0.237213829438
28 0.0147782289474
29 0.0139691017904
30 0.0477502023864
31 0.0223508966453
32 0.0238523512106
33 0.0592916212569
34 0.0127233015346
35 0.0129513704012
36 0.0165832085738
37 0.123289890669
38 0.0104972384056
39 0.0426523865423
40 0.016713921762
41 0.265739994332
42 0.0161620852285
43 0.028413260227
44 0.0300077030639
45 0.0304203960717
46 0.0310689424307
47 0.0199244169725
48 0.0196506610198
49 0.175443593216
50 0.01207115736
51 0.0342242713351
52 0.0288935899413
53 0.0155738440208
54 0.00800279615419
55 0.585820393726
56 0.0411996004109
57 0.156080244129
58 0.0258325568396
59 0.010212270358
60 0.010570887695
61 0.0323387676325
