1 0.119045495932
2 0.109867759457
3 0.0229529869059
4 0.0108382026664
5 0.0442058845064
6 0.0235462448974
7 0.0307352971284
8 0.0149816219616
9 0.0103175557729
10 0.0980100208876
11 0.0200553132512
12 0.0198025526169
13 0.0288718540853
14 0.0356585486078
15 0.0270456192031
16 0.00875736365583
17 0.00544626104877
18 0.00734723809524
19 0.0276653439409
20 0.0136466852063
21 0.0236124084691
22 0.0203802309101
23 0.264833745056
24 0.0493175055909
25 0.121241466655
26 0.0254180798675
27 0.207394971011
28 0.0383496030542
29 0.0299896632295
30 0.0140525327549
31 0.00722289908692
32 0.0176756767632
33 0.0161415334018
34 0.0368918284071
35 0.0145418800879
36 0.0133046621425
37 0.0164577154745
38 0.382593445598
39 0.0413950099184
40 0.0105634318204
41 0.118161796862
42 0.132145628686
43 0.0417214776174
44 0.023522708832
45 0.0101063403338
46 0.0168738315758
47 0.060624772033
48 0.0266929599591
49 0.0589157771894
50 0.0319652253422
51 0.0814052507085
52 0.0242984252002
53 0.0379701939909
54 0.0836488540013
55 0.0317689766511
56 0.020895455898
57 0.178537201448
58 0.132137750504
59 0.2544667277
60 0.00483779753395
61 0.0230180548584
