1 0.0688596834949
2 0.0159990016415
3 0.0262535935476
4 0.0325927876925
5 0.020311723808
6 0.0325176921258
7 0.0164317250908
8 0.00866286015387
9 0.0387937656563
10 0.118591264998
11 0.0230949536838
12 0.0361284879232
13 0.0135130456883
14 0.0394026091375
15 0.0387197098927
16 0.0288029148749
17 0.00806031816012
18 0.00804159494173
19 0.0248472779585
20 0.0110236660105
21 0.00998786423991
22 0.00746489757373
23 0.0308215362033
24 0.035793558222
25 0.207839079362
26 0.0134863178154
27 0.187207848389
28 0.0198067560652
29 0.013484725666
30 0.0475749476033
31 0.0226073283798
32 0.0211687309106
33 0.0364124530413
34 0.0322943882622
35 0.0225561733792
36 0.00897873713635
37 0.183183209322
38 0.0203825640275
39 0.0184427399335
40 0.0521405970925
41 0.245090551147
42 0.010983022839
43 0.0494140185997
44 0.0182355333933
45 0.0291626969764
46 0.0177521995591
47 0.00941820756059
48 0.0379560179974
49 0.0463598294967
50 0.0263866135258
51 0.0245615703581
52 0.0133560297352
53 0.0196913107764
54 0.0160401413794
55 0.788350654411
56 0.172497276449
57 0.116982743775
58 0.269451615514
59 0.0206466709849
60 0.0538725444792
61 0.0237987647909
