1 0.0278480186761
2 0.0122095238236
3 0.00910617903043
4 0.0344026280952
5 0.0231801621882
6 0.122229170707
7 0.234117374631
8 0.00685294704271
9 0.0203881066681
10 0.198416139447
11 0.0250540943318
12 0.0228193979328
13 0.012324356612
14 0.0118128141576
15 0.0290853407141
16 0.0140904994888
17 0.0236761138905
18 0.0066807242434
19 0.0127717571148
20 0.202783176663
21 0.0123757774843
22 0.0103233605846
23 0.284212711354
24 0.0106432628616
25 0.0202135594018
26 0.0136906941511
27 0.225222269665
28 0.0259830690524
29 0.0322254670869
30 0.0465720649412
31 0.030038895999
32 0.0200545963504
33 0.0216700936311
34 0.0245295523736
35 0.0085707288447
36 0.0150700304239
37 0.00816007538798
38 0.0281461575529
39 0.0296909405923
40 0.0824442377513
41 0.254802957899
42 0.0468226454187
43 0.102978180511
44 0.00518234123022
45 0.0186586950848
46 0.197062729051
47 0.014887102899
48 0.0481601299876
49 0.0195830012032
50 0.0384062880799
51 0.0148049102309
52 0.0509127805868
53 0.00900840280745
54 0.00628516356787
55 0.437693057273
56 0.124380186157
57 0.264193110703
58 0.0919417643189
59 0.0290733068072
60 0.0227298857903
61 0.0288663755905
