1 0.0416382884638
2 0.0123936951279
3 0.0172558016611
4 0.0565969417377
5 0.0219714538822
6 0.238260049623
7 0.175843977373
8 0.0159465935767
9 0.0269842153794
10 0.0364946099275
11 0.00935312458713
12 0.0209509479978
13 0.0178304565277
14 0.00642868803197
15 0.0177340708769
16 0.0159855711194
17 0.0243348520597
18 0.0180166580508
19 0.0153023565183
20 0.0787944135648
21 0.013157255387
22 0.0291208983215
23 0.208186797298
24 0.0148475468436
25 0.00583764747594
26 0.00818464338668
27 0.176130010274
28 0.0201112082483
29 0.00702561987632
30 0.0216862444497
31 0.0324989566288
32 0.0108439240812
33 0.0381350168772
34 0.0663679929274
35 0.0124639683623
36 0.0279602563041
37 0.265301432683
38 0.0251236845207
39 0.0129639372137
40 0.0972749756886
41 0.144114142285
42 0.0286240386783
43 0.131487779492
44 0.02323459481
45 0.00856017678052
46 0.0413871896576
47 0.0123936846772
48 0.0151389690731
49 0.0528556956937
50 0.0426707423205
51 0.0358134259967
52 0.0172573379289
53 0.0199324349996
54 0.00452138662122
55 0.337700191902
56 0.139842352744
57 0.154613970447
58 0.180517926798
59 0.0231780555221
60 0.0236882824232
61 0.0103181092833
