1 0.0206809008607
2 0.0321033576652
3 0.0145761451517
4 0.0123827194364
5 0.0208518425767
6 0.0229611896429
7 0.0103559231543
8 0.016890070387
9 0.0138300095298
10 0.214517191297
11 0.0378688823959
12 0.025848310429
13 0.0255719358414
14 0.0215833170487
15 0.0393115265907
16 0.0194035864333
17 0.00820878540285
18 0.0182532172739
19 0.0735683153951
20 0.0309010595861
21 0.0245875332129
22 0.0289942926507
23 0.0127327956833
24 0.0752891922271
25 0.19197501366
26 0.0126619465388
27 0.276684103105
28 0.0132184244279
29 0.00856779295742
30 0.0219830406305
31 0.0161246319538
32 0.0106655024087
33 0.0319342055538
34 0.00633269931596
35 0.00681849124269
36 0.0037930887574
37 0.109548542388
38 0.0206291680376
39 0.0246848847119
40 0.08991122947
41 0.220043889575
42 0.038614121033
43 0.0616245521765
44 0.0724719597757
45 0.018096145607
46 0.0365042984168
47 0.0119075726367
48 0.00951859174278
49 0.0210481686431
50 0.0402408824994
51 0.0105835736151
52 0.0636278834046
53 0.0246785609544
54 0.0227586268876
55 0.461976541184
56 0.128010509108
57 0.256019045602
58 0.133575733152
59 0.0111613405916
60 0.00993830543219
61 0.0430712963522
