1 0.0503701666599
2 0.0105629112325
3 0.0121510251226
4 0.0194898382206
5 0.0401162545816
6 0.0569822757199
7 0.00323798932256
8 0.0245126568575
9 0.0464179438636
10 0.148424448011
11 0.0220789206366
12 0.0188214397443
13 0.00915695721861
14 0.0322839624951
15 0.0185005242868
16 0.0412755626453
17 0.0205145947315
18 0.0232101571488
19 0.0925944933479
20 0.0210386539034
21 0.00947906893096
22 0.0704866016978
23 0.0132198366686
24 0.080595334176
25 0.192464102843
26 0.0116125236831
27 0.27378612818
28 0.0175323259333
29 0.034780377677
30 0.293173245723
31 0.0586120785714
32 0.0165989437143
33 0.01125003699
34 0.0321110295828
35 0.00682327042337
36 0.00589726495268
37 0.0402980263812
38 0.0103566368907
39 0.035005712073
40 0.00841236095232
41 0.25527461654
42 0.0239411578033
43 0.0204750366768
44 0.0414397027935
45 0.00680112360936
46 0.053673169998
47 0.0460104598071
48 0.0255799178576
49 0.215725778964
50 0.0260049043698
51 0.0365805630739
52 0.0469845716708
53 0.0100881710286
54 0.0103528253745
55 0.633385911633
56 0.22279114444
57 0.258377788773
58 0.152046773465
59 0.0475027683208
60 0.0126768842959
61 0.0114548953766
