1 0.0505407545299
2 0.031458357918
3 0.0173019553872
4 0.0146988339408
5 0.0342051980463
6 0.0254085835315
7 0.014599135058
8 0.0171770955033
9 0.040534273551
10 0.222760365321
11 0.018735832215
12 0.0191241128922
13 0.0164896337461
14 0.00689676665721
15 0.0206208056284
16 0.0526541114535
17 0.0212581895401
18 0.0175123552203
19 0.270364522307
20 0.0238924191194
21 0.00414719199684
22 0.023059310947
23 0.0194525594168
24 0.0484595642579
25 0.165382876695
26 0.0347304694515
27 0.219931037018
28 0.0240446242589
29 0.042655024231
30 0.0342057448042
31 0.0448304416099
32 0.0168786895594
33 0.0149446842573
34 0.0247214634943
35 0.0301882355202
36 0.0104795482839
37 0.0333213877259
38 0.0111354169489
39 0.0472316350955
40 0.0091261984782
41 0.123916866502
42 0.0142907115024
43 0.0112884654309
44 0.0166892203988
45 0.0111824547907
46 0.0877939233138
47 0.0486810311696
48 0.0266261932892
49 0.182904369234
50 0.00989824667582
51 0.0229277559098
52 0.0341572606697
53 0.0141491646496
54 0.0151268496588
55 0.702376861736
56 0.241042686534
57 0.158140867182
58 0.0912921561096
59 0.00644031624816
60 0.00966180063911
61 0.00784265676328
