1 0.0424447469711
2 0.0244056664081
3 0.00818753867458
4 0.0963139120095
5 0.041352252467
6 0.230795816154
7 0.146751796855
8 0.0336286172465
9 0.0293879900792
10 0.0350880809523
11 0.0184397235905
12 0.028153498637
13 0.0137037989369
14 0.0114402086513
15 0.0196926356271
16 0.0151554120551
17 0.0185840633881
18 0.0139521138591
19 0.0240615247106
20 0.122510346656
21 0.0429334347356
22 0.0137727448901
23 0.31234384136
24 0.0144052298027
25 0.0061307140637
26 0.0128999044524
27 0.0425869606926
28 0.0266770993421
29 0.0140354832427
30 0.0180476846478
31 0.0238725477457
32 0.012637088426
33 0.0313000546975
34 0.0145466295927
35 0.0108996208662
36 0.0267712212954
37 0.0619732563092
38 0.0779364735259
39 0.010952912816
40 0.0664944076698
41 0.202113989712
42 0.0215007834545
43 0.017014624077
44 0.0118840386117
45 0.00957930784072
46 0.015989004246
47 0.0117640081001
48 0.00899188909374
49 0.0101919298704
50 0.0545441623054
51 0.0155119999402
52 0.0167941571154
53 0.0127173780393
54 0.00876621916324
55 0.324663182507
56 0.189737678177
57 0.0634485111135
58 0.170464696803
59 0.0153899190848
60 0.00951244696843
61 0.0198138804139
