1 0.0235291591856
2 0.010496605492
3 0.0105037666761
4 0.0274892143071
5 0.0754234323053
6 0.0557885517079
7 0.0138941124272
8 0.0219577365456
9 0.0332137090759
10 0.190618289677
11 0.016963449317
12 0.037019005303
13 0.0122569964276
14 0.0153893225746
15 0.0322287865244
16 0.0240170452128
17 0.0171130933626
18 0.0218938618596
19 0.0290175887209
20 0.0141644502732
21 0.0310618297489
22 0.0414007948117
23 0.0072764694507
24 0.0166754057562
25 0.0257166366227
26 0.033195097881
27 0.156054460801
28 0.0483877946612
29 0.0199725893223
30 0.0366273350641
31 0.0515513063639
32 0.0124114762073
33 0.0254014879247
34 0.0313554557052
35 0.0152145939614
36 0.0212468225187
37 0.1705694095
38 0.0214949735847
39 0.0302151964486
40 0.0411955340202
41 0.223093441604
42 0.0180585138259
43 0.0169386963057
44 0.0548812089145
45 0.0231780335124
46 0.0130699752401
47 0.0124183583398
48 0.0143895068838
49 0.024008595942
50 0.184938224625
51 0.0715822902983
52 0.0363375501906
53 0.00629370437744
54 0.0270121924055
55 0.0469767240976
56 0.220179384289
57 0.244381890267
58 0.257705819707
59 0.0173283175807
60 0.0127870234723
61 0.0209517982492
