1 0.0833616731041
2 0.0159082137847
3 0.0119239062099
4 0.0241777912806
5 0.0382135972879
6 0.192064314897
7 0.189666031187
8 0.15889259061
9 0.0140975891776
10 0.487140930996
11 0.0559432233419
12 0.00695929682597
13 0.194322212016
14 0.0237364556758
15 0.0247754356111
16 0.070795716975
17 0.0149319121538
18 0.0096597751947
19 0.0396111005801
20 0.0189464742106
21 0.0103801040378
22 0.0215380024203
23 0.147638274478
24 0.0419709638588
25 0.0429800308615
26 0.0184393243804
27 0.0266808392184
28 0.0550677657548
29 0.0117901979556
30 0.0279204705297
31 0.0340057075004
32 0.0486793364869
33 0.00614451545578
34 0.0125511470448
35 0.00899174980204
36 0.0229332047731
37 0.0608083578539
38 0.0540842736574
39 0.0276538303132
40 0.0457119696536
41 0.0224641112234
42 0.021637952097
43 0.0734372644259
44 0.00596264580007
45 0.0132343170474
46 0.0219544596838
47 0.0224817298841
48 0.076642113545
49 0.214874243092
50 0.0398752360699
51 0.0181282909786
52 0.0154897132991
53 0.0193340693602
54 0.00965640159888
55 0.34342426223
56 0.147385270514
57 0.21299567467
58 0.0821653463179
59 0.0136520663378
60 0.00856120796276
61 0.0348268462263
