1 0.0651350757904
2 0.00653492532346
3 0.0119873998664
4 0.0250770762828
5 0.0509120564027
6 0.0193175770837
7 0.0133468233851
8 0.0199898517618
9 0.0341690486003
10 0.233277147908
11 0.0111782322383
12 0.00981221269573
13 0.0145542443568
14 0.015911401919
15 0.0502559409098
16 0.0212906276852
17 0.0253777614064
18 0.015676763409
19 0.199775845821
20 0.0436163995579
21 0.012534590728
22 0.0253985804767
23 0.0131442026125
24 0.0311337083787
25 0.277509806855
26 0.00641701651327
27 0.232175333349
28 0.0166216061666
29 0.0240972877385
30 0.0318194411195
31 0.0350972382791
32 0.0179112683719
33 0.0203615904756
34 0.0420956104003
35 0.0337985478731
36 0.0169659436074
37 0.0515851290731
38 0.0142670556558
39 0.0177565119171
40 0.0396357350402
41 0.130438079211
42 0.0103752697942
43 0.0338421003435
44 0.0433184053031
45 0.00773403784165
46 0.0586278323831
47 0.0205048952982
48 0.0129024724424
49 0.216444837121
50 0.0126106125613
51 0.0465848624038
52 0.0549059320389
53 0.0239331363885
54 0.0140895579091
55 0.617193615385
56 0.0615123259076
57 0.136359879231
58 0.0173541831773
59 0.0168240376929
60 0.00894236612492
61 0.0120056009273
