1 0.0593996922956
2 0.0375111156135
3 0.0297139705147
4 0.0410540142842
5 0.0322427264646
6 0.0854857368048
7 0.0292346788949
8 0.023322015384
9 0.0162718570687
10 0.232918542611
11 0.0173356501816
12 0.0153978699977
13 0.00961922018862
14 0.0230410714785
15 0.0213259607965
16 0.02617296136
17 0.0243519085116
18 0.0210590515569
19 0.0144176779348
20 0.022557468546
21 0.0331505479751
22 0.022568511967
23 0.252847898088
24 0.0274680130009
25 0.0221425872619
26 0.0142119413094
27 0.0984978053271
28 0.07219881564
29 0.01051140343
30 0.0319412391696
31 0.0178985478121
32 0.0511078352144
33 0.0163599508712
34 0.0251096886653
35 0.0140881529209
36 0.0109351524044
37 0.0337152496199
38 0.36977543044
39 0.0133314892784
40 0.0312324440706
41 0.0144085628131
42 0.16569422748
43 0.0186704479255
44 0.0245070221732
45 0.0266393948099
46 0.0207933460257
47 0.0734184432843
48 0.0123556096332
49 0.0313546436374
50 0.0366404894402
51 0.0509923497876
52 0.0286097497977
53 0.0141125048659
54 0.0317860540238
55 0.0119471550611
56 0.0457461525668
57 0.141905181467
58 0.20739949283
59 0.240910290652
60 0.0543297554219
61 0.0144336394343
