1 0.0974114511646
2 0.0142131911399
3 0.0169478160538
4 0.0350739474407
5 0.0182057895497
6 0.0130913676039
7 0.0161289088607
8 0.0344367759592
9 0.0823536299891
10 0.244767695626
11 0.0407426084529
12 0.0109707148527
13 0.0472652076891
14 0.0217141439247
15 0.010217131206
16 0.0362971697602
17 0.0599993388729
18 0.0404835063193
19 0.140747188229
20 0.0130591572679
21 0.0314673903541
22 0.00690003938985
23 0.0152563767628
24 0.0180575353313
25 0.0999942772113
26 0.0728953989374
27 0.134508564972
28 0.0234681621627
29 0.0189787772942
30 0.015990584112
31 0.0233327282506
32 0.0155480379041
33 0.0423742076208
34 0.0148099787067
35 0.00711986753867
36 0.0245698927066
37 0.270679590442
38 0.0148139401377
39 0.0422311133003
40 0.0636506881881
41 0.230082304319
42 0.0198322323634
43 0.0449634436171
44 0.0284207528267
45 0.0268978620156
46 0.0245883547433
47 0.0381464092916
48 0.0127981824719
49 0.01132647766
50 0.0338691565677
51 0.00828402457584
52 0.0163218548519
53 0.00559630728615
54 0.0205112465839
55 0.378312114326
56 0.201552727867
57 0.26302543693
58 0.245421828181
59 0.0116097855601
60 0.0824708975572
61 0.00636600271616
