1 0.0339825452019
2 0.0169033392287
3 0.0078515102564
4 0.0424348926084
5 0.0388703281987
6 0.0251615269059
7 0.0494187158154
8 0.0211282957839
9 0.0230923657919
10 0.0973956675234
11 0.0146356290396
12 0.0108508430187
13 0.0111124768268
14 0.0537542201826
15 0.0120238211546
16 0.0223523507946
17 0.0114392537904
18 0.0335018303465
19 0.0383448764882
20 0.00831022805163
21 0.0208492143436
22 0.0171273973159
23 0.137994680759
24 0.016665564568
25 0.0106471715967
26 0.0158305987568
27 0.2060959237
28 0.0114134168406
29 0.0209088382922
30 0.017254913267
31 0.018638462303
32 0.0237966021129
33 0.0157202675714
34 0.0330503594308
35 0.0112170072915
36 0.0178743645197
37 0.0213996755069
38 0.296798943171
39 0.010085687719
40 0.0119196229766
41 0.00776239469461
42 0.186375117983
43 0.0116695853744
44 0.0203735203191
45 0.0184914085538
46 0.0406731999625
47 0.126185060903
48 0.012826613059
49 0.0214722199732
50 0.02323206751
51 0.0178742564417
52 0.0181556903702
53 0.0199524651864
54 0.0093699668788
55 0.0612602984534
56 0.0234137533207
57 0.115939302685
58 0.190157572581
59 0.233793071504
60 0.012595306529
61 0.012131762465
