1 0.0558543710319
2 0.0135953236013
3 0.0123354186947
4 0.01464901112
5 0.0487890549602
6 0.00395829443062
7 0.0661373383394
8 0.0173083000997
9 0.021286873577
10 0.151441273059
11 0.0163391597681
12 0.0152896116101
13 0.00781012780149
14 0.0142929984053
15 0.0167229077496
16 0.0174675671949
17 0.0113212742596
18 0.0154310248827
19 0.0518278733344
20 0.0108308371735
21 0.00946592143056
22 0.0164959632143
23 0.020497457735
24 0.0111527027459
25 0.265726913981
26 0.0088714818853
27 0.1385994386
28 0.0603082573396
29 0.0229509300564
30 0.0285857506048
31 0.0190884799266
32 0.00448253701991
33 0.0266731124323
34 0.0128381619921
35 0.01976923667
36 0.0199304566657
37 0.0996612694359
38 0.0149646915059
39 0.028462952318
40 0.0457974067883
41 0.219036700185
42 0.0354463550202
43 0.0206288942043
44 0.0631823380056
45 0.0288149563023
46 0.035599516132
47 0.0167393043613
48 0.00955189091545
49 0.0414137272433
50 0.0148021683562
51 0.0160759413591
52 0.0242205723163
53 0.0582378952637
54 0.014789692349
55 0.800837828265
56 0.158159930972
57 0.1126347814
58 0.150828976369
59 0.00781952095499
60 0.00963478175151
61 0.0114363031031
