1 0.0444897843039
2 0.0229448177353
3 0.0210523175277
4 0.0289807030804
5 0.0287087046174
6 0.174846860468
7 0.250987099064
8 0.0228139172762
9 0.0360103664597
10 0.257088588233
11 0.0173793958347
12 0.00838194044006
13 0.00689277861073
14 0.01704182577
15 0.00904418967844
16 0.0237264233296
17 0.00595610565407
18 0.0133180262337
19 0.0129510600149
20 0.103705614679
21 0.0115172298564
22 0.0325410303424
23 0.0916962589279
24 0.0201300446236
25 0.00716147082323
26 0.0295739399463
27 0.162263569063
28 0.00726917595182
29 0.00659534174196
30 0.0169986593831
31 0.0238780452384
32 0.0171198443803
33 0.0199032776945
34 0.0154294979766
35 0.0181963210434
36 0.0144002564093
37 0.0186527466667
38 0.0301459867446
39 0.0286481886462
40 0.0394378294772
41 0.235642464547
42 0.00959055197359
43 0.0410872261653
44 0.0184794843317
45 0.0177088274121
46 0.054719785575
47 0.0123582383734
48 0.0284419439001
49 0.0333540231129
50 0.0623778128669
51 0.0187214567495
52 0.0190377484607
53 0.0177262287351
54 0.0234737682919
55 0.432097885295
56 0.139267607552
57 0.0872987049652
58 0.186071332406
59 0.0161132724244
60 0.00913971529974
61 0.0106067678814
