1 0.0495143415366
2 0.0322722887347
3 0.0138455663748
4 0.0223097518891
5 0.0183242654761
6 0.101639711653
7 0.0188845488999
8 0.0613124478403
9 0.0228836494546
10 0.213648415144
11 0.0123914454173
12 0.0385606632915
13 0.0732035292675
14 0.0206136179369
15 0.0208024333663
16 0.0153491206854
17 0.0118607726253
18 0.0103729800672
19 0.0226785707284
20 0.0542506155031
21 0.0345394136491
22 0.0219198744865
23 0.586568372345
24 0.0108694452553
25 0.0758071938667
26 0.0145868919071
27 0.0172016547102
28 0.0102494537127
29 0.00957461100382
30 0.103194785941
31 0.0290985012874
32 0.0118617243969
33 0.0109590528121
34 0.015256748017
35 0.00648314310317
36 0.0139679494439
37 0.21966495258
38 0.0297801952862
39 0.0363673134408
40 0.0261990665525
41 0.0176833433927
42 0.028440438289
43 0.0196152679881
44 0.035905962277
45 0.0103860428907
46 0.0233093266421
47 0.0168751946868
48 0.0227517921115
49 0.229961484727
50 0.0288442604894
51 0.0156010731277
52 0.0112495158473
53 0.00796945058153
54 0.0235997748369
55 0.363925662784
56 0.206593864603
57 0.150306294447
58 0.1556490643
59 0.024254067132
60 0.0407418411712
61 0.0413051997745
