1 0.0413755835807
2 0.0429510543257
3 0.0170839879141
4 0.0305997268072
5 0.0353162377982
6 0.0692437997318
7 0.0135911590779
8 0.0458372515221
9 0.0482742314466
10 0.00984222954926
11 0.0187707553739
12 0.033449908238
13 0.0066046925303
14 0.0333459464441
15 0.00890428199607
16 0.0328049149844
17 0.0158177669385
18 0.0179994770435
19 0.0335472271217
20 0.0301347075262
21 0.0288440881497
22 0.0179286497085
23 0.514407771339
24 0.017186026582
25 0.243286557892
26 0.00597440841585
27 0.029096253875
28 0.0263632063887
29 0.0188404571747
30 0.011032253706
31 0.0301379110636
32 0.0126172872934
33 0.0093600598192
34 0.00570872316575
35 0.0275334143018
36 0.0159218150881
37 0.197557417873
38 0.0497928587149
39 0.0149682344868
40 0.049173101632
41 0.097457284582
42 0.0164322179858
43 0.0353020091913
44 0.0117796891625
45 0.0107345700695
46 0.0122280666535
47 0.0150797313923
48 0.00551710365795
49 0.276189503849
50 0.0108581644802
51 0.0333382274206
52 0.0102169160819
53 0.0216538000028
54 0.0097548612116
55 0.605316329095
56 0.195855974856
57 0.0836871306038
58 0.157307967005
59 0.0087826011791
60 0.0232120171931
61 0.0327445226542
