1 0.104858447693
2 0.0104362503178
3 0.013963390913
4 0.0195275768121
5 0.0162310717008
6 0.0115123934577
7 0.0087616983655
8 0.021697339876
9 0.0219404632781
10 0.245427808381
11 0.0313053426067
12 0.012873904201
13 0.00573638859943
14 0.0104433244317
15 0.00964082792208
16 0.0151598256056
17 0.011305473556
18 0.0146479254451
19 0.0472991329776
20 0.0114563220569
21 0.0169682486363
22 0.0108420996343
23 0.0350838073959
24 0.0153007850149
25 0.184837321156
26 0.00873960309121
27 0.226270298443
28 0.0380582101002
29 0.0221545838588
30 0.0129720206115
31 0.013395660295
32 0.0163123027906
33 0.0347482389965
34 0.0614972366774
35 0.0145516963743
36 0.0204285490591
37 0.0523621454119
38 0.051343272829
39 0.0137455875547
40 0.0349609861163
41 0.194763102738
42 0.0636307435102
43 0.0178918903655
44 0.0296223951783
45 0.00682801826833
46 0.0477640528398
47 0.04474976752
48 0.00900168174823
49 0.0386468602311
50 0.0447695221529
51 0.0114122784702
52 0.0206040098017
53 0.0265918606339
54 0.0167079887869
55 0.778508092132
56 0.174092412604
57 0.235072230095
58 0.145093347306
59 0.00800573660714
60 0.00628138748422
61 0.0214020658934
