1 0.0809113115055
2 0.0124264478798
3 0.0137462357187
4 0.0281052982593
5 0.0887493846003
6 0.0142377304585
7 0.00764951632624
8 0.0287897159955
9 0.033228943085
10 0.185448822823
11 0.0217467774147
12 0.0152276665922
13 0.00894312406451
14 0.0295764835798
15 0.013683317234
16 0.0316187839731
17 0.00947324616889
18 0.0136256065679
19 0.0654781474798
20 0.020142596561
21 0.0295759485323
22 0.0233889396847
23 0.0224499981635
24 0.0362453370273
25 0.219199248423
26 0.0147779701775
27 0.173376456393
28 0.0485734086586
29 0.0218214268168
30 0.0245270616377
31 0.053741893442
32 0.0122658018986
33 0.0144973267885
34 0.0191758847147
35 0.0131866739918
36 0.0670578862952
37 0.0139641504112
38 0.0166566949434
39 0.0250514852946
40 0.00518419308676
41 0.0814540524619
42 0.0151666846138
43 0.0098736749443
44 0.0226582156459
45 0.00899399401067
46 0.0238572226222
47 0.0275025446279
48 0.00965290446752
49 0.127550078317
50 0.00957855742273
51 0.0155717002116
52 0.0990967525096
53 0.0197994494132
54 0.0112144253178
55 0.783034586433
56 0.113974205863
57 0.252599082208
58 0.140019808327
59 0.0179946242307
60 0.00686683898521
61 0.0323416775473
