1 0.075309747347
2 0.0156104170156
3 0.0164330526341
4 0.0451005306672
5 0.0236198786707
6 0.184510380938
7 0.0655900399681
8 0.171856602922
9 0.0132891387878
10 0.277521767469
11 0.0294318776568
12 0.0203523232492
13 0.102937466353
14 0.0241608983936
15 0.0106378681103
16 0.0153428700284
17 0.0113737351781
18 0.00786690656444
19 0.0510371970089
20 0.0267288080432
21 0.0283772340205
22 0.0172418994486
23 0.736970694974
24 0.0212225873342
25 0.118033505478
26 0.0117104253057
27 0.0386801680675
28 0.0388512306236
29 0.0196478250247
30 0.0189344404341
31 0.0148922723355
32 0.00817510303869
33 0.0494724573386
34 0.010800716933
35 0.00671641936992
36 0.0635249462576
37 0.106573854917
38 0.0146524053617
39 0.0156392765765
40 0.0389325952938
41 0.0204286443034
42 0.00925120875467
43 0.02116148611
44 0.00621517471158
45 0.0114690987722
46 0.0182751683964
47 0.00666323090201
48 0.0504790662658
49 0.248003750008
50 0.0181688833064
51 0.0388191380966
52 0.0112569897775
53 0.0143801494258
54 0.0107208638925
55 0.366613137223
56 0.196263226927
57 0.218208958852
58 0.214494168094
59 0.0380433214511
60 0.00935875547267
61 0.0231327994239
