1 0.0530567207584
2 0.0143638442832
3 0.0301421763759
4 0.0193788588605
5 0.0572948732925
6 0.0341798642553
7 0.00934109935034
8 0.0453382339171
9 0.0322690159479
10 0.193107812763
11 0.0184314401232
12 0.0127211842583
13 0.00488903240122
14 0.0444752425826
15 0.00885836293031
16 0.02148887336
17 0.031696276125
18 0.00881398153834
19 0.0640641466421
20 0.00542002432235
21 0.0240066240685
22 0.0091942810253
23 0.0186988432671
24 0.0434651300606
25 0.263181913595
26 0.0125881997145
27 0.186490227446
28 0.0323653159436
29 0.0144947565851
30 0.133987327058
31 0.0532573614321
32 0.0136826203448
33 0.0049122417752
34 0.0209063807963
35 0.00812117030814
36 0.0158485113685
37 0.0162635383992
38 0.00975187638663
39 0.0378239889604
40 0.00705770686685
41 0.183132529273
42 0.0102015276296
43 0.0323801726322
44 0.0281981281539
45 0.0111424046539
46 0.106482693466
47 0.0309959135092
48 0.0255443629613
49 0.121550899644
50 0.0158464518451
51 0.0212939240163
52 0.0611663571917
53 0.00723613212081
54 0.0347124253512
55 0.775445767089
56 0.159253994745
57 0.253303346835
58 0.235083736346
59 0.0149724691362
60 0.00675111125522
61 0.015091820152
