1 0.0307166901
2 0.0281938585103
3 0.0133308607342
4 0.0185147449058
5 0.0253140594866
6 0.022826258081
7 0.0192761739387
8 0.0164233337783
9 0.0369173910603
10 0.268142766767
11 0.0120444046409
12 0.0109102336496
13 0.0128403323684
14 0.00944698862879
15 0.0273660957821
16 0.0156171006539
17 0.00768464110763
18 0.0150242083687
19 0.00799756644272
20 0.0311890966102
21 0.00931378480421
22 0.00643465672453
23 0.0924203486649
24 0.030308623421
25 0.0162187440315
26 0.0204574678274
27 0.249174284513
28 0.00916066620475
29 0.0277929452092
30 0.016207595308
31 0.0137345335725
32 0.0436135420936
33 0.0159873922362
34 0.00860959654992
35 0.014864796667
36 0.0217962340838
37 0.0273413781658
38 0.109149375136
39 0.0216986768275
40 0.0259936151267
41 0.0339495163925
42 0.231030295862
43 0.0143769876185
44 0.0118229957226
45 0.0204840500072
46 0.00586765216067
47 0.027267167411
48 0.0165607324401
49 0.0359890244831
50 0.0230544134557
51 0.0370219735122
52 0.0156820879393
53 0.0304718595025
54 0.0520605194722
55 0.00712216990277
56 0.0147925675416
57 0.2340566538
58 0.105514391485
59 0.197062200921
60 0.0105004655164
61 0.0145717880203
