1 0.0497182039707
2 0.0389160041798
3 0.0358943030945
4 0.0169514600997
5 0.0578635043642
6 0.037837329225
7 0.0303595451955
8 0.0243367651024
9 0.0248191498742
10 0.146574159404
11 0.0327810665488
12 0.0165065179937
13 0.0439280311101
14 0.0178028814496
15 0.0149291245808
16 0.0179426005042
17 0.00891435431305
18 0.0209725841993
19 0.0426403802598
20 0.0294254460668
21 0.00910939048301
22 0.0217015115678
23 0.0270462734571
24 0.0142686275589
25 0.0177994035209
26 0.0269873031992
27 0.164121792808
28 0.0190534691866
29 0.0153168636383
30 0.0272396191283
31 0.0568976920537
32 0.0132143132228
33 0.180769261514
34 0.0138661253906
35 0.014404551681
36 0.00833989947309
37 0.128036336735
38 0.049515035793
39 0.0432767146104
40 0.247713158338
41 0.265918694731
42 0.0153057430098
43 0.0974053103323
44 0.0470595829822
45 0.00931309850743
46 0.0264517291303
47 0.0711733826136
48 0.0194530034196
49 0.0340971906688
50 0.0400046019768
51 0.0119125790998
52 0.0234900734684
53 0.0044222693997
54 0.0143328847752
55 0.108133745238
56 0.260129283464
57 0.272671580796
58 0.189522017695
59 0.0131874621952
60 0.0257513756201
61 0.0282976105557
