1 0.109412236111
2 0.0135989664665
3 0.0335235284948
4 0.0182256096631
5 0.0388955890594
6 0.0419583567496
7 0.0126032368643
8 0.0252163936337
9 0.0119837580349
10 0.0988280358989
11 0.00848730732641
12 0.0164022226489
13 0.0197404123967
14 0.0130377745793
15 0.010775824553
16 0.0233757962167
17 0.0156591108536
18 0.0187283680429
19 0.0148675772392
20 0.0295198414486
21 0.0181242091695
22 0.0469011819028
23 0.304810053966
24 0.0164709101013
25 0.0293845322768
26 0.0106000742672
27 0.11338079421
28 0.0449270897371
29 0.0116235256329
30 0.0337948528481
31 0.0111229492657
32 0.028650064207
33 0.00770625279634
34 0.00724654968696
35 0.0134547010094
36 0.0176571558023
37 0.0130519055833
38 0.217507426986
39 0.0116381746005
40 0.0305851075762
41 0.0414333585902
42 0.222782332466
43 0.0227825139525
44 0.0286759334432
45 0.0158389615075
46 0.0151954323721
47 0.0221122798493
48 0.0242242761294
49 0.0157865285168
50 0.0324529758902
51 0.0315471088292
52 0.0158551613229
53 0.0559689444793
54 0.0583173090673
55 0.00681633165811
56 0.00726036773715
57 0.223135080102
58 0.157131775198
59 0.192784784634
60 0.0430748146968
61 0.0166276221007
