1 0.038725360598
2 0.00865217057928
3 0.0147899774921
4 0.0294727998614
5 0.0365896671631
6 0.150428068514
7 0.017769097215
8 0.0191802184402
9 0.013061477058
10 0.014798741861
11 0.152786681441
12 0.00528150695854
13 0.017935338006
14 0.0229081198991
15 0.0360942234568
16 0.0109188033212
17 0.0374601005682
18 0.0122956214693
19 0.0103477815793
20 0.0787071173154
21 0.0722098448378
22 0.0459158120754
23 0.744761631504
24 0.0406269817169
25 0.120024606912
26 0.0166587657579
27 0.0254113898511
28 0.0189713026651
29 0.0122534983719
30 0.0642150081107
31 0.0103881960587
32 0.0237138482519
33 0.0178422876518
34 0.015922206121
35 0.0181241667216
36 0.0841970762273
37 0.190320318789
38 0.0214609135864
39 0.0260268706316
40 0.0254819306465
41 0.0256802619243
42 0.0229408140687
43 0.0408021105468
44 0.00738686928272
45 0.0340038926503
46 0.0384691261361
47 0.0209620289313
48 0.0192560763321
49 0.232844434659
50 0.0158105181765
51 0.0453178354063
52 0.0268199841195
53 0.0158598441847
54 0.020835149674
55 0.200361068606
56 0.192003184586
57 0.182147045133
58 0.193454858999
59 0.0448353085441
60 0.0315064000701
61 0.0176277306211
