1 0.04069859506
2 0.0248751246978
3 0.0157464985466
4 0.0143050464801
5 0.0226299350761
6 0.203309803406
7 0.0290507166266
8 0.130862817327
9 0.0202181230097
10 0.0190114948665
11 0.032888151882
12 0.0134016684043
13 0.0406667848045
14 0.0576255796489
15 0.0259507333603
16 0.0499156328593
17 0.009023922619
18 0.00573305329534
19 0.0122077295232
20 0.0193120708822
21 0.00559054986099
22 0.023180018408
23 0.776245731195
24 0.0118884715793
25 0.127912400986
26 0.028232574399
27 0.0286653308309
28 0.0618964453145
29 0.0419804508113
30 0.0588268693281
31 0.0154813517327
32 0.0146960814967
33 0.0592292109553
34 0.00719413927336
35 0.0441948157931
36 0.0159553464116
37 0.181726124688
38 0.0220503866396
39 0.00498476650601
40 0.0157075039164
41 0.0319873166514
42 0.0276356585667
43 0.066965300375
44 0.0103602776491
45 0.017613251252
46 0.0767795149153
47 0.037796867869
48 0.00873190819991
49 0.215854451877
50 0.0303266637912
51 0.0265897901608
52 0.011265897485
53 0.00986941171935
54 0.00866054474487
55 0.347709665646
56 0.213328934468
57 0.213873847973
58 0.157172582239
59 0.039712307658
60 0.0047042926761
61 0.0274543039826
