1 0.0238671492299
2 0.0327111397863
3 0.0116142590881
4 0.0204990311149
5 0.132043820533
6 0.00916273494004
7 0.0170911189637
8 0.0317971771473
9 0.0358345431023
10 0.23746989575
11 0.00934081736387
12 0.0111862110806
13 0.0159291930518
14 0.0245672673714
15 0.0090016608193
16 0.0225570911553
17 0.0159716314256
18 0.011612026839
19 0.0405917081309
20 0.0214179860203
21 0.0360432338486
22 0.0163881765045
23 0.0158271970401
24 0.0351272547744
25 0.0708751581157
26 0.020753217505
27 0.0949155363982
28 0.0153224881119
29 0.0168770727372
30 0.0212367328744
31 0.0331996700858
32 0.014551631535
33 0.0302082299143
34 0.0126537526902
35 0.0108605045462
36 0.0998112012862
37 0.029361150393
38 0.043476051835
39 0.0173513932247
40 0.0189333896491
41 0.238798195675
42 0.0118888292479
43 0.0269025873573
44 0.0200186994773
45 0.0108626412554
46 0.0321106874786
47 0.0226936257557
48 0.0330232157439
49 0.0616607700865
50 0.0934663837939
51 0.0221205552489
52 0.0252560954017
53 0.0100642410161
54 0.0164030206666
55 0.499003493518
56 0.247812633222
57 0.237272368845
58 0.143891080144
59 0.00557816026714
60 0.00983106003016
61 0.0163169729504
