1 0.0485931700943
2 0.00941217531042
3 0.0153143838372
4 0.0220548171003
5 0.0212998969858
6 0.0287955203661
7 0.026318870179
8 0.00790737241867
9 0.0460092947848
10 0.144126191388
11 0.0158228476096
12 0.017538477138
13 0.00693672175905
14 0.0429594974714
15 0.0158865590004
16 0.094804158602
17 0.0387282509839
18 0.0246853198177
19 0.0412050085887
20 0.0091771627391
21 0.0141742813481
22 0.0197290777994
23 0.0239098406945
24 0.0186764250018
25 0.0219546139508
26 0.0162947259805
27 0.211171922982
28 0.00831975978973
29 0.0274225952508
30 0.0126540097406
31 0.0296532821163
32 0.011201096293
33 0.0386079427178
34 0.0136332162284
35 0.0223875529313
36 0.0286253670939
37 0.32701501481
38 0.021346770113
39 0.0277516939933
40 0.260530227575
41 0.295737558757
42 0.0139175326874
43 0.0234398543275
44 0.022718586878
45 0.0275004297844
46 0.0355431778527
47 0.0216822120578
48 0.0102286067591
49 0.0222708079
50 0.0149372901675
51 0.075733386842
52 0.0191994548532
53 0.0600783788324
54 0.0152872549775
55 0.269794040836
56 0.187758713114
57 0.269939705121
58 0.169180032671
59 0.0147348515732
60 0.00334783925741
61 0.0109212396583
