1 0.0611763641482
2 0.0245640054337
3 0.0103289455189
4 0.0160074216259
5 0.055207300321
6 0.0475865046631
7 0.00434199998867
8 0.0399141478223
9 0.0309559398506
10 0.139553985185
11 0.0281450870714
12 0.0160286976304
13 0.00814169913838
14 0.0270128750617
15 0.0111183362925
16 0.0296635780375
17 0.0163262645632
18 0.0133397403219
19 0.0957731303697
20 0.0129752868566
21 0.0324
22 0.0169234901918
23 0.0174044074579
24 0.0882659138829
25 0.188689346942
26 0.01151707707
27 0.242766167516
28 0.0115991952407
29 0.0265814198932
30 0.238702479488
31 0.0276266408899
32 0.0225044482541
33 0.0191604165648
34 0.0209855964253
35 0.0055740788265
36 0.013230228339
37 0.0211626114911
38 0.00897406546006
39 0.0318389248085
40 0.0212725574109
41 0.235207314505
42 0.0188285374739
43 0.0202431295714
44 0.0340078262919
45 0.00847748217255
46 0.0335374520828
47 0.0471035357146
48 0.0205524778738
49 0.10147526958
50 0.0154299714757
51 0.0307978808867
52 0.0378208992097
53 0.0193677138073
54 0.0112431627499
55 0.671364283808
56 0.124174773985
57 0.274042727199
58 0.146638928406
59 0.0123131566743
60 0.01953763852
61 0.0144080400457
