1 0.0186804866835
2 0.0310231493681
3 0.01069701963
4 0.017632985617
5 0.0235140981394
6 0.264359516618
7 0.187228178093
8 0.0316833391044
9 0.00926080424525
10 0.0488831909242
11 0.015930335035
12 0.0112322225808
13 0.0176859629115
14 0.0413262524168
15 0.0395365927107
16 0.00937443003813
17 0.0278752564344
18 0.029546735753
19 0.0607628726422
20 0.0310462298933
21 0.00867839706724
22 0.016668657741
23 0.183452368121
24 0.026104123866
25 0.0278314950422
26 0.0226312354175
27 0.0211927725377
28 0.0181068592405
29 0.0227581376433
30 0.0128895982135
31 0.0102137354452
32 0.0112832904575
33 0.0544696589605
34 0.0226491965367
35 0.00850460875346
36 0.00614433142223
37 0.112448044307
38 0.0273964671046
39 0.0191157876765
40 0.0314152945174
41 0.133142121917
42 0.0284020045551
43 0.0675791584668
44 0.0449075260655
45 0.0174808028533
46 0.0475107207393
47 0.0101416841667
48 0.0372771889916
49 0.0314570755686
50 0.0252970622896
51 0.0205119554176
52 0.032485249035
53 0.0126599007391
54 0.0122614434787
55 0.823831472753
56 0.165500786978
57 0.116389098122
58 0.263605401094
59 0.0297190706159
60 0.0147623271638
61 0.016109166923
