1 0.0523246003091
2 0.0191414807474
3 0.0330060418224
4 0.0607681803813
5 0.0903266539504
6 0.0278182024229
7 0.014142882403
8 0.0111659864402
9 0.030391821167
10 0.141497802905
11 0.0189928504629
12 0.0101451729225
13 0.011772194814
14 0.0149120981187
15 0.00929590407522
16 0.0343573734605
17 0.0301988612273
18 0.0207937774464
19 0.268370109526
20 0.0173909791364
21 0.00550401785059
22 0.00884423356268
23 0.0554600303489
24 0.0408753171202
25 0.242887075868
26 0.0234210291933
27 0.223547695118
28 0.018077245031
29 0.013050933069
30 0.0606137854411
31 0.0251831785191
32 0.0183699575249
33 0.0228276435451
34 0.0220103288597
35 0.00760932908932
36 0.00704321173888
37 0.0258069117918
38 0.0137930670099
39 0.0324637165634
40 0.0109590502078
41 0.0643778092425
42 0.0115296044055
43 0.0180368595467
44 0.0196475074081
45 0.00721825410333
46 0.0379840257312
47 0.0248954071906
48 0.0285284561999
49 0.129599843772
50 0.00963155924296
51 0.0339703117125
52 0.0406461505982
53 0.00512232077173
54 0.0252573441136
55 0.732235221625
56 0.123036411544
57 0.201602648379
58 0.102721623607
59 0.00584942785301
60 0.0153984241024
61 0.0157898914741
