1 0.0750838476789
2 0.0243649727479
3 0.0173618777418
4 0.0914020209122
5 0.021916116927
6 0.176474757272
7 0.0196469362583
8 0.0172155123765
9 0.0464560977431
10 0.00740006930588
11 0.0180819316765
12 0.00841359386785
13 0.0214290098477
14 0.0479113308415
15 0.0171872349704
16 0.010857963595
17 0.00787531378961
18 0.00719091499342
19 0.0268138522736
20 0.0619382451123
21 0.0196909840723
22 0.0433039349344
23 0.69741844981
24 0.0124436874381
25 0.101130284301
26 0.0142182553131
27 0.0931018415555
28 0.0356773321109
29 0.00803027591837
30 0.037086385098
31 0.0216262791344
32 0.0162048625199
33 0.0166662710486
34 0.0119317920801
35 0.0100994762829
36 0.0203727554989
37 0.239188301114
38 0.0165906606737
39 0.0159531873302
40 0.0368855630772
41 0.0304883508347
42 0.0269239224483
43 0.0141063993199
44 0.00805303263012
45 0.00595405958478
46 0.054781372602
47 0.09928739095
48 0.024599536299
49 0.22051170566
50 0.0227302872382
51 0.013731621184
52 0.0125461536894
53 0.00989221793809
54 0.0275980335398
55 0.195929371809
56 0.269282997335
57 0.122488288103
58 0.19673047358
59 0.0209547771893
60 0.015383971104
61 0.0313975714282
