1 0.0567675283149
2 0.034610566203
3 0.0241807372057
4 0.0204523090025
5 0.0916415025867
6 0.147920897937
7 0.00827883258662
8 0.0136527033805
9 0.02471154733
10 0.237709534202
11 0.0120918207139
12 0.0164501848962
13 0.00581496086281
14 0.0126237866774
15 0.0112256339856
16 0.0307190512567
17 0.00669032511174
18 0.0122349300524
19 0.179672009335
20 0.00854291090813
21 0.0371959602916
22 0.0215697817365
23 0.0212080658017
24 0.0107665433415
25 0.0105612724488
26 0.00967630625085
27 0.166986095524
28 0.018945003093
29 0.0249871821719
30 0.0656746743225
31 0.0206283829826
32 0.0125404438795
33 0.026332043417
34 0.0126483482313
35 0.0214165678577
36 0.0232773461345
37 0.215923949224
38 0.0345078082255
39 0.0189741835178
40 0.0246068538125
41 0.225214478822
42 0.0097371485145
43 0.00770797881745
44 0.0120256853469
45 0.0462251730519
46 0.0160298439008
47 0.0159501648507
48 0.0128690946341
49 0.159796299436
50 0.0367897181134
51 0.0144220300993
52 0.0165322100443
53 0.00650605869466
54 0.00653451007082
55 0.189669631945
56 0.111570713341
57 0.242754942947
58 0.126849058484
59 0.0242337852877
60 0.00943478747954
61 0.0159701652495
