1 0.0488472536697
2 0.0327508683571
3 0.0219367081605
4 0.025679114308
5 0.0407861850924
6 0.0945288499557
7 0.224200255299
8 0.0165214896813
9 0.0208217379373
10 0.255480133656
11 0.0129413864802
12 0.00880058878676
13 0.0113692880872
14 0.0154612629005
15 0.0175971002728
16 0.046402677281
17 0.0159363095942
18 0.0208124002367
19 0.0107682594388
20 0.0547943936328
21 0.00648668737736
22 0.0131165364896
23 0.0414462842524
24 0.0147887560344
25 0.0193781390087
26 0.00955250068574
27 0.241011425857
28 0.012994859664
29 0.0328436451663
30 0.0193826768021
31 0.0254991202202
32 0.0233215689781
33 0.0399813804923
34 0.00756142540543
35 0.0173786633948
36 0.0355707258533
37 0.0219265069255
38 0.017370957939
39 0.0291022239889
40 0.039468860239
41 0.254860840482
42 0.0167754260178
43 0.0407423565281
44 0.0104564950026
45 0.00574564761769
46 0.0150404162609
47 0.00768781484771
48 0.0306635885819
49 0.00821058802514
50 0.024778019816
51 0.0456231341258
52 0.0312972328449
53 0.0113409638569
54 0.0304076271432
55 0.610167088286
56 0.0662190628489
57 0.117425496638
58 0.168471209737
59 0.0201339390321
60 0.00400104548843
61 0.00729329727568
