1 0.0352956200241
2 0.0209362571536
3 0.0207392170391
4 0.0153707766347
5 0.0278160787422
6 0.0240679171417
7 0.0213200016771
8 0.0306114618095
9 0.0390197639057
10 0.175081774935
11 0.015401232407
12 0.0128193809835
13 0.0158495598413
14 0.00421391741636
15 0.00395428864316
16 0.0464719247697
17 0.0164251994648
18 0.0145658784012
19 0.263204509202
20 0.00864472085955
21 0.00844872034221
22 0.062750752005
23 0.0290874544265
24 0.0328130986219
25 0.264357214651
26 0.0146624769857
27 0.182015856812
28 0.0197264788058
29 0.0124927321973
30 0.0334151037612
31 0.0267908631588
32 0.00985885140411
33 0.0363821204106
34 0.0347145813194
35 0.0243404682073
36 0.0212346916709
37 0.0108273736148
38 0.00789650632611
39 0.0567986229591
40 0.0215285482257
41 0.14280306749
42 0.0142412624301
43 0.0434926383913
44 0.0718948659404
45 0.0353457656234
46 0.0262181676638
47 0.0262304192972
48 0.0215872923857
49 0.11145945226
50 0.0128915597582
51 0.0632238022021
52 0.0280132807919
53 0.00992419789215
54 0.0927094739297
55 0.694065195048
56 0.0859223314554
57 0.216411814845
58 0.213070391047
59 0.00628261564362
60 0.0750215264574
61 0.00434820366134
