1 0.103805397493
2 0.0146461176766
3 0.0112844034824
4 0.0175299067497
5 0.0221825090437
6 0.0115152345825
7 0.0321950270745
8 0.0163307035853
9 0.0410063902425
10 0.18306124339
11 0.0113577715183
12 0.00849949238579
13 0.0111576254797
14 0.00687716021886
15 0.0139854604803
16 0.0305161291479
17 0.0094389686371
18 0.00872611885545
19 0.269545068063
20 0.0223413995855
21 0.00598956474237
22 0.0111744959015
23 0.0299395757598
24 0.0371586421963
25 0.222214522786
26 0.0123928040398
27 0.21361406703
28 0.0144061997194
29 0.020687856512
30 0.0307545670897
31 0.0477174862981
32 0.0157623791517
33 0.0254014243983
34 0.0134672240798
35 0.0130561939069
36 0.0104452528648
37 0.142575186739
38 0.011098707592
39 0.0348216520813
40 0.0149362911165
41 0.184016577524
42 0.0106338864117
43 0.014186773916
44 0.0189887571538
45 0.0171251964802
46 0.0295882191721
47 0.0338768913688
48 0.0205809259039
49 0.212076046907
50 0.00988952463607
51 0.020274119283
52 0.0187704383302
53 0.00814153599055
54 0.02725002854
55 0.612474452126
56 0.0560105260774
57 0.0519940841539
58 0.0450683303961
59 0.0200969023903
60 0.0126127398445
61 0.0261747975475
