1 0.0497508207222
2 0.0278759876676
3 0.00728961177521
4 0.0110624436024
5 0.0546227573337
6 0.154713919636
7 0.0241122265829
8 0.0303588792322
9 0.0476613416153
10 0.0620070406004
11 0.0123857571879
12 0.0239997936018
13 0.0102438821225
14 0.0199880862555
15 0.0409662588787
16 0.0164305630725
17 0.0441004673481
18 0.0251185211031
19 0.0780322721061
20 0.0436702699048
21 0.00719927709376
22 0.0384542328188
23 0.887501414441
24 0.029105539649
25 0.0409908782275
26 0.0301709517555
27 0.0438796848448
28 0.106763951752
29 0.0410714973116
30 0.0474836780474
31 0.0250205068968
32 0.0226912521963
33 0.0283830648496
34 0.0109455531496
35 0.00881704703131
36 0.0163797823164
37 0.346983123771
38 0.0223023481983
39 0.0109451530561
40 0.020155780303
41 0.127834313312
42 0.0331372245981
43 0.027037504901
44 0.0116417316396
45 0.0288357160651
46 0.0415426934973
47 0.00603018979364
48 0.0397790414445
49 0.251390054902
50 0.0795464791388
51 0.0404318417637
52 0.0178252650102
53 0.017411364272
54 0.0219763949235
55 0.667761281512
56 0.151817236734
57 0.246231974371
58 0.13173924169
59 0.055345432682
60 0.0068045384087
61 0.0262190573335
