1 0.0215136608028
2 0.0329909774704
3 0.00903378583762
4 0.0166649801823
5 0.0235961416744
6 0.109069126669
7 0.215963767686
8 0.017307408837
9 0.0327549488551
10 0.233828163331
11 0.0205795359069
12 0.016417302819
13 0.00968398305785
14 0.0164597889416
15 0.020011165381
16 0.0315545141933
17 0.0184884815758
18 0.0188948079165
19 0.0119419245522
20 0.203218215694
21 0.00861230761358
22 0.0214345688144
23 0.323083272833
24 0.0172093702193
25 0.0172080685624
26 0.0200697175009
27 0.247514699999
28 0.0257832482258
29 0.0403663031309
30 0.0204191085804
31 0.0214710085157
32 0.0138230286255
33 0.0258910408796
34 0.00675725459715
35 0.00983764422632
36 0.0199743900991
37 0.00998944852149
38 0.0227852093703
39 0.0246975412498
40 0.0172099727005
41 0.237947359803
42 0.0146162926967
43 0.0648256199198
44 0.0210249721294
45 0.0145505115602
46 0.0352713971655
47 0.0234389182985
48 0.0235101595119
49 0.00748030176129
50 0.00846469237358
51 0.0172883916613
52 0.0592464340372
53 0.00923685098428
54 0.00960145957868
55 0.497228467442
56 0.0944709163156
57 0.180401546419
58 0.111193217413
59 0.020519859423
60 0.00947388541102
61 0.0257028686632
