1 0.0386531729528
2 0.0184256169973
3 0.0165536792255
4 0.0350301869916
5 0.0436457670038
6 0.0764725947319
7 0.0179064053192
8 0.0437813944121
9 0.0295735374683
10 0.0214158503536
11 0.0116475012605
12 0.0349543550438
13 0.01823042209
14 0.0373598446156
15 0.00961367612947
16 0.0159023581546
17 0.0230177978597
18 0.0145200352058
19 0.0162152192475
20 0.0116721984063
21 0.019849907961
22 0.03674557247
23 0.757166461718
24 0.0091270556375
25 0.165833555043
26 0.0149652049687
27 0.0972302241124
28 0.0243219198786
29 0.0269058476662
30 0.0431155354246
31 0.0159654596083
32 0.011788960142
33 0.00853463562384
34 0.00852549751832
35 0.0165158626474
36 0.0132154831639
37 0.122027428174
38 0.0519878431071
39 0.0271182907548
40 0.0350863060179
41 0.0560620893274
42 0.0119673945554
43 0.0217181535894
44 0.00667546770534
45 0.0296288254724
46 0.0239952967263
47 0.0359637186062
48 0.016026288117
49 0.237780793351
50 0.0186108808864
51 0.0440003107994
52 0.0297743127798
53 0.0101384502428
54 0.0258137920829
55 0.517412788143
56 0.0848576976799
57 0.0643557148271
58 0.229345091312
59 0.0165796909064
60 0.0159795762287
61 0.0512225217921
