1 0.0401834966881
2 0.00871164212699
3 0.0399673930684
4 0.0276300948641
5 0.0233979347793
6 0.138414722248
7 0.210952108882
8 0.0153397444908
9 0.0178186487363
10 0.177553248987
11 0.0205767780856
12 0.00722866100488
13 0.00358606097837
14 0.0109182843931
15 0.0096876310696
16 0.011967638252
17 0.0094702840802
18 0.016981279653
19 0.0254608970525
20 0.105564378605
21 0.0599597206174
22 0.0302601565972
23 0.114776201058
24 0.0126276914054
25 0.0197084137482
26 0.0203173674734
27 0.185284840922
28 0.0243918013118
29 0.017745103571
30 0.0120607803999
31 0.0264240210025
32 0.0096735360737
33 0.0137522817928
34 0.0173007591348
35 0.016138978546
36 0.0855941093448
37 0.00911032322141
38 0.0176924231678
39 0.0106684163874
40 0.0138015013598
41 0.127906543177
42 0.03553519675
43 0.0433668484567
44 0.0172372938304
45 0.00681512335348
46 0.0308140414091
47 0.01186002
48 0.020353007358
49 0.0267648062978
50 0.0135358332824
51 0.0257419054402
52 0.0234690473984
53 0.0136958995339
54 0.0383412566616
55 0.422327235331
56 0.137161984961
57 0.227173302731
58 0.127944715246
59 0.0110256822115
60 0.0110190912623
61 0.0263535166133
