1 0.0915079851277
2 0.0317258932929
3 0.0239745370229
4 0.00932888423696
5 0.0327712550276
6 0.157887023128
7 0.0512597439349
8 0.0639570679958
9 0.0202082906194
10 0.0343793663247
11 0.0760536530681
12 0.0154614413792
13 0.0637620550732
14 0.0285647369039
15 0.0157455819442
16 0.0133839400206
17 0.012455394392
18 0.00496163829254
19 0.0245935985679
20 0.0611735128814
21 0.0178076561343
22 0.0223730290385
23 0.732700000745
24 0.0131820044912
25 0.0756528326838
26 0.0273140604158
27 0.0129589645739
28 0.0275895986967
29 0.0114007923883
30 0.0289163017517
31 0.00733538698677
32 0.0109778718708
33 0.0178451340683
34 0.0130848503576
35 0.0127220489594
36 0.0123325268676
37 0.496435234489
38 0.0163276011049
39 0.0314550094217
40 0.0220118255299
41 0.116667748019
42 0.019368629192
43 0.029632085581
44 0.0178753740088
45 0.0536444876572
46 0.070570993381
47 0.0110034177167
48 0.00756571591314
49 0.159429392106
50 0.042521010064
51 0.0525210960274
52 0.035966474377
53 0.0120802605909
54 0.00760470658611
55 0.340480763321
56 0.204900407448
57 0.218801448523
58 0.19001557521
59 0.0245898801767
60 0.015222973819
61 0.0187076133059
