1 0.0452964363579
2 0.0101515080502
3 0.0107616182741
4 0.0490751347317
5 0.0124829436213
6 0.215184854281
7 0.178822652885
8 0.0100902719053
9 0.0252613590254
10 0.0100058335596
11 0.0237016479781
12 0.0102042580911
13 0.0100283814328
14 0.0193589597692
15 0.0372584655969
16 0.0134800518304
17 0.0210552545464
18 0.0112723312432
19 0.0229272051426
20 0.167832980756
21 0.00604012887385
22 0.0158825522012
23 0.407095075461
24 0.0214956267088
25 0.0271092012894
26 0.0591057511179
27 0.0274671441847
28 0.028371564784
29 0.0399415028165
30 0.0199122963356
31 0.0277369093658
32 0.00550103100893
33 0.0181659759353
34 0.0769244637836
35 0.0355392751179
36 0.0216305216794
37 0.142565779867
38 0.014990899826
39 0.0452965354801
40 0.0870360824077
41 0.165321158449
42 0.0249308841256
43 0.0951914393777
44 0.0297942749569
45 0.015606414121
46 0.0185481628982
47 0.0307353459101
48 0.0134834652148
49 0.0285913761391
50 0.0536607136769
51 0.0243641005246
52 0.018803369416
53 0.0192137395348
54 0.0238658713708
55 0.446566850846
56 0.11689015917
57 0.227572974519
58 0.188229794885
59 0.0131888108325
60 0.0499605803538
61 0.0178413248319
