1 0.0240243629839
2 0.0280996831928
3 0.0622792944676
4 0.0279847247378
5 0.0103477160742
6 0.228715917482
7 0.0617212400158
8 0.0650980076736
9 0.0323631218899
10 0.0508671775793
11 0.033905814109
12 0.0113001890891
13 0.00445234909329
14 0.0147596996005
15 0.0202265581677
16 0.0199990755197
17 0.00675304915284
18 0.0139812950033
19 0.0582206376423
20 0.122593602659
21 0.00967767905742
22 0.0433457522303
23 0.208979403443
24 0.0164758867865
25 0.0347368617056
26 0.02253459422
27 0.110167603016
28 0.0338894628099
29 0.0138048412708
30 0.025388124978
31 0.0137234642106
32 0.0314689048697
33 0.0349021671351
34 0.0167218290325
35 0.00403941418228
36 0.0199775685413
37 0.0815537794955
38 0.0215744670451
39 0.039787516976
40 0.0831104834998
41 0.187978078007
42 0.0316458104229
43 0.0438725454545
44 0.0078826312036
45 0.037266997857
46 0.0372008616616
47 0.0145835603787
48 0.0277045086418
49 0.0236248953184
50 0.0189197427383
51 0.0316494412597
52 0.0453097848858
53 0.0130568183293
54 0.0256752221785
55 0.707307590059
56 0.157842616036
57 0.191610279497
58 0.235352042798
59 0.0174777059569
60 0.0111564393605
61 0.0247305308839
