1 0.037436832324
2 0.0197108344389
3 0.0206727198087
4 0.032284423683
5 0.043382139819
6 0.142932383429
7 0.0828956812135
8 0.0148008145135
9 0.0277227777363
10 0.0423333184791
11 0.00836520406541
12 0.00868652982889
13 0.0104174176651
14 0.0263685895579
15 0.0275826695579
16 0.0238906828053
17 0.00717946038911
18 0.0120818167779
19 0.0172592338446
20 0.0182576654179
21 0.0123696341354
22 0.0116138573625
23 0.454034345125
24 0.0157078721358
25 0.0730438507628
26 0.00816376675835
27 0.0330246923093
28 0.0102888324372
29 0.0207785486645
30 0.0427533575486
31 0.0199561982532
32 0.0160650976501
33 0.0209549769132
34 0.0136197068167
35 0.0185141025677
36 0.0224385337689
37 0.131400219465
38 0.02401314042
39 0.0102874528143
40 0.014908310613
41 0.12824238532
42 0.0185878136338
43 0.0462044556087
44 0.0078132898589
45 0.0140636867213
46 0.0368227613597
47 0.0133226431053
48 0.00851354571362
49 0.131415305407
50 0.0250603608448
51 0.0335079993064
52 0.0197222509567
53 0.0165680612399
54 0.0233067206639
55 0.676229233593
56 0.225691396791
57 0.245378763648
58 0.230839779978
59 0.013375421324
60 0.0366417258528
61 0.0479940973872
