1 0.0295598716429
2 0.00968425133327
3 0.0167395500683
4 0.0225050831904
5 0.0251245118511
6 0.319004974221
7 0.284451030255
8 0.0176042145422
9 0.0358385029415
10 0.217152621925
11 0.01172556563
12 0.0113094574975
13 0.0055087900952
14 0.011009082533
15 0.0241308234754
16 0.0148005729033
17 0.00764536572181
18 0.0236921842703
19 0.0195026357239
20 0.0953764733675
21 0.0164222693917
22 0.0610131232717
23 0.0425637634147
24 0.0347139826656
25 0.00754619406225
26 0.0408353713563
27 0.0886273594474
28 0.0437044981808
29 0.0311702073338
30 0.0192875722123
31 0.0116481719447
32 0.0108686476508
33 0.00952218693163
34 0.0136404306486
35 0.0082578259438
36 0.101746869363
37 0.0326877000631
38 0.0142466852902
39 0.0230371163083
40 0.013452017537
41 0.0701057220771
42 0.0288607543785
43 0.027857491958
44 0.00850864816249
45 0.0110075814561
46 0.0509393611793
47 0.00944261497299
48 0.0381776623587
49 0.0106544374586
50 0.0510772682551
51 0.0191675017943
52 0.0514750081524
53 0.0245806850583
54 0.0209084066605
55 0.574072766676
56 0.0994639611273
57 0.295677297659
58 0.252086840567
59 0.0167991125547
60 0.0305544780408
61 0.050268398654
