1 0.0336227659931
2 0.0222804940781
3 0.0089331093792
4 0.0190346136132
5 0.0372767472948
6 0.018280043224
7 0.00934418131753
8 0.0136265937934
9 0.0237426299632
10 0.128991573026
11 0.0081642872599
12 0.0285354938411
13 0.00968367864567
14 0.0160657031124
15 0.00846301367013
16 0.0369939279539
17 0.0247954783608
18 0.0186888536981
19 0.0160233661479
20 0.00860710277462
21 0.0460517305532
22 0.0447119413732
23 0.149446077609
24 0.014131258837
25 0.0128010101896
26 0.0173866700806
27 0.203378916869
28 0.0271676621105
29 0.0113515057323
30 0.131117477558
31 0.0142180672064
32 0.0509538560611
33 0.00993557291982
34 0.0104104749597
35 0.0190918550493
36 0.00950184466459
37 0.0755573488315
38 0.17603729068
39 0.0292565043673
40 0.0259243871208
41 0.0227368863506
42 0.210115900038
43 0.0130577830639
44 0.017525466955
45 0.0137718849508
46 0.0524494781949
47 0.0198813267571
48 0.0217082026946
49 0.0114086552984
50 0.0209781932904
51 0.0313901607973
52 0.0345464156785
53 0.0191544141481
54 0.0129314553078
55 0.0306155126063
56 0.0140743258804
57 0.222179306273
58 0.178007892188
59 0.127125185559
60 0.0179075391296
61 0.0113858288567
