1 0.0392739329257
2 0.00733953648788
3 0.0255678369152
4 0.0314030828205
5 0.0217011724735
6 0.0541642978947
7 0.0145431833723
8 0.0262210435094
9 0.0142375913422
10 0.223928519114
11 0.0192430330783
12 0.0225382233188
13 0.00623676616954
14 0.0165957049243
15 0.025791590837
16 0.019091347717
17 0.0450352428915
18 0.019364141195
19 0.0173365330816
20 0.010004643545
21 0.0151607934819
22 0.0338007412786
23 0.300298165867
24 0.0432634559742
25 0.0381026479846
26 0.017435226639
27 0.154430692225
28 0.0202814135731
29 0.0329497513334
30 0.0831938384473
31 0.00924058456127
32 0.0345618728422
33 0.0226176330637
34 0.0135509028009
35 0.0128454767156
36 0.0115919911512
37 0.0936742626964
38 0.221946073344
39 0.011058052669
40 0.0425694994885
41 0.02073817856
42 0.124066573773
43 0.021319598568
44 0.0351713268831
45 0.0158305130951
46 0.0150291388128
47 0.0439048007083
48 0.0360481461686
49 0.0155417029262
50 0.0226514486568
51 0.0559560211642
52 0.0300077974945
53 0.0325686434995
54 0.0103705325252
55 0.010078219785
56 0.018237619006
57 0.174223201244
58 0.176097098137
59 0.224528235691
60 0.025765675717
61 0.01324841054
