1 0.103312086651
2 0.0136680588042
3 0.0200882315345
4 0.0127209208197
5 0.0207309789042
6 0.0103394904015
7 0.0122936841049
8 0.0112098623877
9 0.0446108328024
10 0.197247407434
11 0.0228384366519
12 0.0151601435413
13 0.00983539375726
14 0.0324342398823
15 0.0912958689638
16 0.0114119649886
17 0.00751201717845
18 0.0306175485036
19 0.015319643698
20 0.00948987100541
21 0.0171816972903
22 0.0201783124775
23 0.188399139383
24 0.024551310166
25 0.0189069572058
26 0.0199178337597
27 0.257031602882
28 0.0113823555565
29 0.0336251561019
30 0.0484555385289
31 0.0914029435627
32 0.0253216311083
33 0.00802330521388
34 0.0290087807657
35 0.0362471266937
36 0.022831808105
37 0.018902797434
38 0.0976685977379
39 0.0222980404688
40 0.0203274845987
41 0.0196346104809
42 0.190154277387
43 0.019202410838
44 0.0137368644293
45 0.0247266186895
46 0.0220948763382
47 0.184403334205
48 0.0205055547806
49 0.0209459558889
50 0.0155503449593
51 0.0308166260066
52 0.0544789745568
53 0.0396548009663
54 0.00716967331985
55 0.0241512836788
56 0.0121593957174
57 0.211923909676
58 0.191273418776
59 0.26203737333
60 0.0257239868923
61 0.0369490320322
