1 0.0313543569671
2 0.0577293432545
3 0.0292324371357
4 0.0428900767487
5 0.0282213402939
6 0.214500123826
7 0.140598772199
8 0.0284796328678
9 0.0421443333048
10 0.0165777756207
11 0.014871570029
12 0.0162383162613
13 0.0130778803003
14 0.0100481527436
15 0.0119161666585
16 0.0405861859675
17 0.0246270049487
18 0.0159809266217
19 0.0330102002891
20 0.0969266124598
21 0.0175593689366
22 0.0124345725454
23 0.279927904892
24 0.0491834247076
25 0.0102962462933
26 0.0461576236382
27 0.0693554369415
28 0.0304268847462
29 0.00717646676448
30 0.0185027803539
31 0.0517725403431
32 0.0108780815761
33 0.0344036294539
34 0.0459665157132
35 0.0131087628171
36 0.052174803242
37 0.260907472055
38 0.0148394536367
39 0.0466181150877
40 0.0610359582932
41 0.177644109086
42 0.0436760023952
43 0.0314997030067
44 0.0132979522078
45 0.0178680395327
46 0.017879693965
47 0.0134487920139
48 0.0205852922166
49 0.0527995745724
50 0.0177404411777
51 0.0182606673077
52 0.0138156238742
53 0.018056083928
54 0.00507840639071
55 0.296230493568
56 0.134219629143
57 0.0897543663429
58 0.192537749442
59 0.012251337395
60 0.033479553434
61 0.0223017139506
