1 0.0331834270098
2 0.0217800509473
3 0.0160831564022
4 0.029944388222
5 0.0995642947865
6 0.0246729971846
7 0.0140417182629
8 0.0122911051728
9 0.0454605938825
10 0.222176391106
11 0.0326680937239
12 0.0107080476787
13 0.028159896501
14 0.0152870323967
15 0.00946852383595
16 0.0265119729445
17 0.00816212006032
18 0.0254114963981
19 0.00918167341988
20 0.0231556860173
21 0.102545142179
22 0.0281202048247
23 0.152113758569
24 0.0318470477877
25 0.0266803111641
26 0.0116152858012
27 0.21875247489
28 0.0148507852308
29 0.0262466063337
30 0.0177602536685
31 0.0202215679699
32 0.0292783048497
33 0.0183135370017
34 0.0306221832208
35 0.0191086487035
36 0.0169139400484
37 0.157332559998
38 0.180603068283
39 0.0171631156702
40 0.0420721148301
41 0.0290305287273
42 0.173861651516
43 0.0189220802246
44 0.0128271403394
45 0.0207360235136
46 0.0426067044689
47 0.0302720645037
48 0.0329455898795
49 0.0153862580194
50 0.0156603019109
51 0.0184192415628
52 0.0206422253475
53 0.0358486578985
54 0.0818031832916
55 0.0242914985641
56 0.0117708776219
57 0.136585038481
58 0.240931825498
59 0.109258947907
60 0.0101112210115
61 0.0210536207207
