1 0.034852979775
2 0.0124641037305
3 0.0198052428299
4 0.0219724179901
5 0.025433564481
6 0.262119324647
7 0.129561449796
8 0.140930042516
9 0.0214536580995
10 0.239877048315
11 0.0200685967311
12 0.0295636381215
13 0.116980594783
14 0.013372826079
15 0.014659051665
16 0.0112395583895
17 0.00310590669056
18 0.0230463238057
19 0.0281971070879
20 0.0109326347424
21 0.0182607571776
22 0.0163161808248
23 0.131238812887
24 0.0278835418045
25 0.0505783667019
26 0.0276415397598
27 0.0321358643776
28 0.0187941992673
29 0.0416131341136
30 0.0109679531528
31 0.0205335591953
32 0.00588756475041
33 0.0542277930346
34 0.00758293540476
35 0.0137622190356
36 0.0166714762064
37 0.300352054356
38 0.0161697002775
39 0.0214052917713
40 0.074248255555
41 0.0303765861067
42 0.0230944522818
43 0.0496704918026
44 0.0214444251329
45 0.011985186471
46 0.0461050093166
47 0.0622405106352
48 0.0296012474413
49 0.0160541774284
50 0.0582658197774
51 0.0257157362748
52 0.0132360956132
53 0.0165243785714
54 0.0125099391654
55 0.466747989258
56 0.145452569297
57 0.136018366303
58 0.136467987674
59 0.0183044575801
60 0.00962123991425
61 0.0137909090334
