1 0.0367787107483
2 0.0167265856848
3 0.00935303829943
4 0.0307716274843
5 0.0295748909911
6 0.0902582749043
7 0.251694801393
8 0.0114574395142
9 0.0141222504667
10 0.102157266674
11 0.0131340042139
12 0.0159055053624
13 0.0152842165106
14 0.0103358345529
15 0.0145622133139
16 0.0211170942446
17 0.0208129028865
18 0.0184599692991
19 0.00840021169446
20 0.0914978408187
21 0.131530860398
22 0.0271186579216
23 0.0810913769354
24 0.0118260858952
25 0.0113001305324
26 0.0154921303587
27 0.107491957721
28 0.017642923906
29 0.0472461786527
30 0.0114971079296
31 0.0132214778763
32 0.0113815903547
33 0.0114233052367
34 0.0417964992201
35 0.0246080694984
36 0.0549412489015
37 0.0207992265406
38 0.0258687345483
39 0.0279001394068
40 0.037183864145
41 0.207192273268
42 0.0728436476763
43 0.0270680431857
44 0.0183153865241
45 0.0135449154259
46 0.0149548324672
47 0.0151198161568
48 0.0171103115807
49 0.0348002918619
50 0.0189604652456
51 0.0148922494274
52 0.0289277838093
53 0.011811743154
54 0.0279463762958
55 0.709533317107
56 0.0830933846797
57 0.0868231941979
58 0.12356321332
59 0.00649522687974
60 0.00476644381223
61 0.00662493816895
