1 0.148523302811
2 0.00940569345964
3 0.0193727989734
4 0.0177391354976
5 0.0204687665379
6 0.0345587878676
7 0.009815970389
8 0.0138794058918
9 0.0141763255125
10 0.13824373666
11 0.0256067389127
12 0.0132330493916
13 0.0328931353696
14 0.0218067444575
15 0.0236063395258
16 0.0466875473936
17 0.0275098065409
18 0.0219989748079
19 0.0161650355013
20 0.013498052482
21 0.0079662075325
22 0.00890144978353
23 0.136182656385
24 0.01544164334
25 0.0534871298886
26 0.0115814291895
27 0.154913844128
28 0.020914574383
29 0.0376884285445
30 0.017213258241
31 0.00816376675835
32 0.0345212681683
33 0.0140607803059
34 0.00945066032948
35 0.0115736798222
36 0.0150054062585
37 0.0120878501046
38 0.170153211273
39 0.0167768587005
40 0.0204687665379
41 0.0127588173804
42 0.163693124588
43 0.0203678526575
44 0.0179337001866
45 0.0166842874272
46 0.016064774128
47 0.0367005637258
48 0.0207472172872
49 0.00718998172828
50 0.0187395746516
51 0.0127348065607
52 0.0130199828278
53 0.0381057162393
54 0.0132945793605
55 0.00891628082812
56 0.0172481640171
57 0.217516071417
58 0.223754289974
59 0.197397263415
60 0.0225374414044
61 0.020444262713
