1 0.0334530612245
2 0.0110123274243
3 0.0227028922282
4 0.0374235582844
5 0.00929290293173
6 0.0750926202307
7 0.0251683585768
8 0.0196503379696
9 0.0147526248306
10 0.167369009997
11 0.032306978499
12 0.0326702221968
13 0.0130126663717
14 0.011527747933
15 0.0109173871467
16 0.0263512027431
17 0.036012143398
18 0.012922115354
19 0.0663966186115
20 0.0165647796224
21 0.0133484982456
22 0.0406822122672
23 0.0377876367938
24 0.0396976465538
25 0.0239231171602
26 0.0353093859308
27 0.170840297339
28 0.0572458560515
29 0.0456671710922
30 0.0693150073409
31 0.0198441368204
32 0.0235134259133
33 0.0923388405629
34 0.0175836188859
35 0.0151553556222
36 0.0121058389248
37 0.826911081081
38 0.011980034167
39 0.0121780546296
40 0.214002191181
41 0.231561793556
42 0.0214053809917
43 0.0223090268405
44 0.0167331170851
45 0.0274207023965
46 0.0341538675625
47 0.031278679457
48 0.0148247988374
49 0.0175925081815
50 0.027583027248
51 0.0209266481309
52 0.0423548108467
53 0.0408883671967
54 0.00976809990297
55 0.173951515514
56 0.181565732892
57 0.265724284069
58 0.202388665826
59 0.0105186646134
60 0.0387869553875
61 0.0226367970333
