1 0.0464170164304
2 0.0472672975501
3 0.0266881881511
4 0.0118891848304
5 0.0143497258927
6 0.0219968709441
7 0.0151234498391
8 0.0306838329968
9 0.0173585433427
10 0.235301187612
11 0.0300594250092
12 0.0255331235814
13 0.0121906238151
14 0.0255095102853
15 0.0179920067789
16 0.031440506632
17 0.0164543906363
18 0.022365683669
19 0.0453394215395
20 0.0447165269615
21 0.0444019139887
22 0.01111432946
23 0.0289878356379
24 0.0145023628309
25 0.0213009490908
26 0.018375894705
27 0.16697678352
28 0.0289327213758
29 0.0519156001496
30 0.0868209813228
31 0.0135285258721
32 0.00850255909458
33 0.0637350742563
34 0.00995993357904
35 0.0141803124811
36 0.0117677140824
37 0.339799830621
38 0.0198713582515
39 0.00969361037791
40 0.165199868092
41 0.317604068216
42 0.0247918500663
43 0.0472870784281
44 0.0766165166132
45 0.0211240014312
46 0.0155777214276
47 0.021572085227
48 0.0122388806304
49 0.0213808273315
50 0.0106242553321
51 0.097651855763
52 0.0417697596048
53 0.0253031539771
54 0.0250166604082
55 0.191411489614
56 0.126840501563
57 0.208330124448
58 0.138154360208
59 0.0161956446456
60 0.00648281663198
61 0.0296785022432
