1 0.0416467981488
2 0.0104231942433
3 0.0289810571248
4 0.0174848029626
5 0.0236885728908
6 0.0331547909802
7 0.0164169540679
8 0.0101867069655
9 0.031979003284
10 0.125042630706
11 0.0193286915866
12 0.0159882521677
13 0.0553433606606
14 0.00750975096572
15 0.0133003850394
16 0.0191013830449
17 0.00728797935943
18 0.0360398207182
19 0.026553916558
20 0.00792620724057
21 0.0261273368345
22 0.0230757978712
23 0.122348176001
24 0.0265078160233
25 0.013814448996
26 0.00766495977758
27 0.255122209016
28 0.0335140410489
29 0.0475531953682
30 0.0246423018988
31 0.0160322627645
32 0.0423368211291
33 0.0231444066523
34 0.0468002932025
35 0.0255798147061
36 0.0235400831471
37 0.0231021089827
38 0.0735427213368
39 0.0138901146792
40 0.0163715561377
41 0.0276995772529
42 0.14421386975
43 0.0320972722949
44 0.0244597430264
45 0.0481122340367
46 0.0506826820731
47 0.0228686272316
48 0.0439079343523
49 0.0240518177992
50 0.0116542439265
51 0.110350466132
52 0.0207969925424
53 0.0176951042844
54 0.0451750836302
55 0.0238440460808
56 0.0570855922363
57 0.218532746579
58 0.181137240271
59 0.228931881643
60 0.0236463450229
61 0.0148854658489
