1 0.0550070860514
2 0.0730628774809
3 0.0140360664136
4 0.0110143643229
5 0.0643920708582
6 0.0142910033163
7 0.0150253796085
8 0.013287207265
9 0.0312052757026
10 0.103073056135
11 0.0212309677257
12 0.0324154744587
13 0.0249766992022
14 0.0152217651713
15 0.0365082072759
16 0.0678877362043
17 0.00984686912492
18 0.00870250665557
19 0.134853779523
20 0.0113106380136
21 0.0110609507751
22 0.0112583139265
23 0.0352801679305
24 0.0401320131116
25 0.209643714406
26 0.0124499567489
27 0.223313999756
28 0.0380092085581
29 0.0216671947283
30 0.0362749690478
31 0.055352860268
32 0.011067738291
33 0.0196237655208
34 0.0107107381191
35 0.0221731095453
36 0.0385081108493
37 0.0267601411355
38 0.0780442032902
39 0.0352066901069
40 0.0110475247786
41 0.116302070788
42 0.0155948190713
43 0.0296120631162
44 0.0386591667965
45 0.0179463332501
46 0.0652732180793
47 0.0334137559198
48 0.0254991780241
49 0.111001242566
50 0.0063236330892
51 0.0222874690808
52 0.0860012894617
53 0.0107237345516
54 0.0222007893021
55 0.759418527509
56 0.241264584771
57 0.152783973355
58 0.108076957931
59 0.00785113922627
60 0.0121302017493
61 0.00736441767676
