1 0.0837746216571
2 0.0174964400208
3 0.0574831324897
4 0.0257158494347
5 0.0634413208227
6 0.160334885857
7 0.0385140280299
8 0.0397713569995
9 0.00913182387419
10 0.065485234384
11 0.0458950502005
12 0.0131543801621
13 0.033296435022
14 0.0177502869853
15 0.066908359068
16 0.0167831543088
17 0.00743855988611
18 0.0111821135661
19 0.0224648566278
20 0.0315447528744
21 0.024903407307
22 0.0255179324909
23 0.756569121814
24 0.0191229710254
25 0.0748141263042
26 0.0128440254614
27 0.0354730946315
28 0.0273431632175
29 0.0295773202166
30 0.0318751566245
31 0.0340412730123
32 0.0335618655354
33 0.00444850130416
34 0.00863420492147
35 0.0177821350098
36 0.0149464232901
37 0.227761878438
38 0.0248762486616
39 0.0230567976087
40 0.0297545936757
41 0.0552971045713
42 0.0337787351367
43 0.0241519875747
44 0.00672296894259
45 0.0166370775302
46 0.0254938242433
47 0.0228881077285
48 0.0363383598688
49 0.143262272705
50 0.0179561016058
51 0.0118307581581
52 0.0141253399719
53 0.0119112855537
54 0.0232414094637
55 0.407576569906
56 0.104834744764
57 0.27667356683
58 0.104150419334
59 0.0141139199173
60 0.0311169268593
61 0.0226209633673
