1 0.0401135272187
2 0.0146244561643
3 0.00930409425085
4 0.0244578593489
5 0.0514774039947
6 0.210459542095
7 0.145911452345
8 0.0159270018593
9 0.0263804404024
10 0.0231225127438
11 0.0222096332801
12 0.0134692674343
13 0.0111484706224
14 0.0206066493851
15 0.015277657624
16 0.0115264490962
17 0.0094913352365
18 0.0199796097471
19 0.0137957132429
20 0.104235778486
21 0.0134585233795
22 0.0284840198587
23 0.356877645318
24 0.0404017191445
25 0.0135663844019
26 0.0295887788372
27 0.10666409786
28 0.0148051399327
29 0.027565781344
30 0.0129993868391
31 0.0462497169559
32 0.0055485310307
33 0.0289606421679
34 0.0414283955253
35 0.0617137473214
36 0.00877635305555
37 0.206793410819
38 0.0223804132412
39 0.0470746647548
40 0.0556484822431
41 0.172469985373
42 0.0206112698409
43 0.124752378398
44 0.0486885608586
45 0.0113664234269
46 0.0394802976403
47 0.0404044226689
48 0.0322025398199
49 0.0139127222067
50 0.0432077519613
51 0.0196732774541
52 0.0189862251348
53 0.0304660391168
54 0.00819256389591
55 0.28247931488
56 0.173033653281
57 0.247807800389
58 0.153545309566
59 0.0130828547146
60 0.00527360642282
61 0.0346736895561
