1 0.0468988811227
2 0.0274975973769
3 0.0169941095322
4 0.0119687682628
5 0.0375909898049
6 0.0347275745842
7 0.0299293926457
8 0.0124211388812
9 0.0117812772103
10 0.203041080591
11 0.00556155725474
12 0.00799676681138
13 0.0126004438055
14 0.0394674160221
15 0.0174739397333
16 0.0135962949654
17 0.0214148213427
18 0.00922476454371
19 0.0189481252367
20 0.0295579046639
21 0.0223258314509
22 0.0202005800887
23 0.244075374543
24 0.0701130150254
25 0.0183646122315
26 0.0405063814842
27 0.107055818599
28 0.0232122825414
29 0.0164452858576
30 0.0379303421091
31 0.00723358234463
32 0.0444452169396
33 0.0108076784975
34 0.0347047450108
35 0.0419615464828
36 0.00614714084964
37 0.0183958957239
38 0.440051756369
39 0.0458094053374
40 0.0192828075824
41 0.00817049967494
42 0.104576452057
43 0.0130955392329
44 0.0752937542974
45 0.0246619089896
46 0.0149635540812
47 0.0436281443645
48 0.0202908057832
49 0.0216304750228
50 0.0408416036512
51 0.0248378882317
52 0.0326257823413
53 0.051878805019
54 0.0269279826816
55 0.0165673548831
56 0.0371558293647
57 0.137448867527
58 0.234806016301
59 0.233227353616
60 0.0247944930965
61 0.021829031954
