1 0.131006445233
2 0.013098554728
3 0.0264065760333
4 0.0112132367053
5 0.0289467590644
6 0.016931865355
7 0.0226371434181
8 0.0276098878582
9 0.0177886424277
10 0.188149410441
11 0.0122649493499
12 0.0298512057385
13 0.00554696981315
14 0.0206787833261
15 0.0290209437141
16 0.0106808805676
17 0.00773049657263
18 0.0154683737634
19 0.0428039760034
20 0.0455543623007
21 0.0185617683191
22 0.0575017141028
23 0.0198371671826
24 0.0182814644485
25 0.0101763557332
26 0.0407438164855
27 0.283889748289
28 0.0192047618596
29 0.0176281834564
30 0.105657250854
31 0.0229873726083
32 0.00629319650484
33 0.030770932812
34 0.0133286949572
35 0.0106746629275
36 0.0129584534534
37 0.0993339497473
38 0.0206717451657
39 0.0230822881245
40 0.0424348542791
41 0.275862545334
42 0.0145313537654
43 0.0737092402242
44 0.0261980177653
45 0.0180903881524
46 0.0153732819658
47 0.0169798109657
48 0.0092462880881
49 0.0137748855182
50 0.0160147780538
51 0.0811880042996
52 0.155767534215
53 0.0712436658148
54 0.0120060205906
55 0.208258875372
56 0.185968644943
57 0.27719030966
58 0.17714296572
59 0.020611572387
60 0.0110183001761
61 0.0365565555927
