1 0.0790225644119
2 0.012553066047
3 0.0200771735737
4 0.00873515541374
5 0.0658910982831
6 0.0423283494417
7 0.00908710374687
8 0.0239123894891
9 0.0410252128659
10 0.182476191417
11 0.00776358980774
12 0.0159536690053
13 0.00707182432631
14 0.0100103932845
15 0.0498848048405
16 0.0427452533912
17 0.0123592560631
18 0.0066636950653
19 0.0289204566342
20 0.0273519994483
21 0.0145214945038
22 0.0312952743393
23 0.0357410866602
24 0.0196089630729
25 0.247695797106
26 0.0120541191389
27 0.216760937297
28 0.0339866382082
29 0.0436013864441
30 0.0501052932043
31 0.0237799850044
32 0.0171700356718
33 0.0424761060159
34 0.00916454621483
35 0.00899239675649
36 0.0181638049658
37 0.194618144253
38 0.017825579865
39 0.0158871833202
40 0.0743727060935
41 0.235410626596
42 0.0371150335088
43 0.0180331275683
44 0.0149353811222
45 0.0331025216914
46 0.0644678070984
47 0.0173033650274
48 0.0149554599478
49 0.0251313379621
50 0.0084496225598
51 0.0311810348228
52 0.0603002401105
53 0.0241183816598
54 0.0190339656092
55 0.832353473795
56 0.143651887396
57 0.251529170434
58 0.107469578785
59 0.0186531868751
60 0.0104626540486
61 0.0119533018713
