1 0.0377803924869
2 0.0425901615925
3 0.0063924737885
4 0.0290332882256
5 0.0135402102085
6 0.0150474856203
7 0.0225429853168
8 0.020499438001
9 0.0297254707382
10 0.272284281136
11 0.0187082400143
12 0.013918215766
13 0.0054037624978
14 0.0153860069974
15 0.0176229221496
16 0.0226919345946
17 0.0135005136428
18 0.0267714601189
19 0.043362106162
20 0.0555348789868
21 0.0275099542176
22 0.0243936225731
23 0.0138720537842
24 0.0659770162798
25 0.0662094865261
26 0.0155831089685
27 0.249993865545
28 0.0557080339802
29 0.0361731733485
30 0.0181648872909
31 0.0409542607706
32 0.0063720838383
33 0.0332725289261
34 0.0233068918351
35 0.0107492038178
36 0.011377197121
37 0.120329661632
38 0.0163696151029
39 0.0300171780343
40 0.0877108344054
41 0.227822913918
42 0.0134743088821
43 0.0201578546931
44 0.0135979022688
45 0.0132290171875
46 0.0156104494337
47 0.0464142492622
48 0.0842192748727
49 0.0814166576995
50 0.0169195999514
51 0.0829365698835
52 0.0444371658667
53 0.00993232011179
54 0.0211119002631
55 0.267238390749
56 0.201825041874
57 0.228281238946
58 0.112036376273
59 0.010143507559
60 0.00651390323727
61 0.0144536006981
