1 0.0523278850031
2 0.0284666676648
3 0.049331071446
4 0.0187510656907
5 0.0319053769522
6 0.216221821728
7 0.244968263315
8 0.0119071224327
9 0.0255304820416
10 0.235698039607
11 0.0284613383407
12 0.0137967097778
13 0.0108182681745
14 0.0231512760767
15 0.0249868238397
16 0.0392576557229
17 0.00840469743738
18 0.0274366828907
19 0.01741554692
20 0.0522859430633
21 0.0162916632899
22 0.0527970547146
23 0.0578686234263
24 0.0082805367754
25 0.0571603163002
26 0.0270645099979
27 0.151778481976
28 0.00953638880625
29 0.0198265153298
30 0.021429501656
31 0.0173701960431
32 0.0282634224018
33 0.0177539487738
34 0.0118975835809
35 0.00874923992376
36 0.0154049573182
37 0.0470171239063
38 0.0276546010116
39 0.0525510052721
40 0.0569035104209
41 0.245805023624
42 0.0164258465478
43 0.0381544965635
44 0.0250924694061
45 0.0100997864112
46 0.0155079685675
47 0.00707180169399
48 0.0172245723989
49 0.0112710716049
50 0.0186455105833
51 0.00821654592727
52 0.0144725239323
53 0.00528785764884
54 0.00773746459059
55 0.536458177309
56 0.110147398947
57 0.099582348852
58 0.142493907322
59 0.0112136598762
60 0.006830210425
61 0.0156039417303
