1 0.0281987046839
2 0.01364899823
3 0.0127808091452
4 0.0272933597604
5 0.0233500226723
6 0.182953750832
7 0.253118137948
8 0.0137532548751
9 0.0293671688518
10 0.223339455289
11 0.033409344224
12 0.00977147124185
13 0.0198575807865
14 0.00826883580153
15 0.0557861979721
16 0.0396425634334
17 0.0073914514873
18 0.0116220544719
19 0.0085334456656
20 0.0839710535872
21 0.0147164430893
22 0.0159723656024
23 0.36421893479
24 0.0359534933412
25 0.021547472465
26 0.00972852596976
27 0.145397719922
28 0.016522726966
29 0.0127219692621
30 0.00624594383897
31 0.0364643178562
32 0.0283396254055
33 0.0158122790272
34 0.0183942340346
35 0.011087338836
36 0.014027774126
37 0.0173334732156
38 0.036501753132
39 0.0322323762526
40 0.0509066358041
41 0.114139425501
42 0.0225428928772
43 0.0429922579008
44 0.0103093433238
45 0.00789490865452
46 0.0155290958512
47 0.00996771113606
48 0.0222146332119
49 0.0128390820693
50 0.0154202001769
51 0.0268121773489
52 0.0128428057149
53 0.00819224998118
54 0.0164300233324
55 0.390884324399
56 0.165442531473
57 0.101738135891
58 0.189523232175
59 0.0103364670342
60 0.047468499796
61 0.0136689236786
