1 0.0490326544
2 0.0192155310183
3 0.0278986151198
4 0.0213193077985
5 0.0219478185243
6 0.0133683728433
7 0.0184041459869
8 0.0280208156648
9 0.0267951462318
10 0.231012533548
11 0.0103240726377
12 0.0511055679094
13 0.00915881736396
14 0.0131455403383
15 0.00479530003176
16 0.0219539511491
17 0.0194574867085
18 0.00814963446005
19 0.027559070888
20 0.0245202851816
21 0.0398890198289
22 0.0261941959928
23 0.0176731378306
24 0.0159113595726
25 0.0196738170459
26 0.006862104585
27 0.0930926168324
28 0.0185914687076
29 0.0304282679729
30 0.0139256916781
31 0.0158344019228
32 0.0175374333407
33 0.0169981559523
34 0.00748465786563
35 0.0168063162515
36 0.0280944263369
37 0.146527313906
38 0.0244138496478
39 0.0125580756062
40 0.032377516969
41 0.198034051976
42 0.0252157251053
43 0.0245292120454
44 0.0237294540994
45 0.00993733651127
46 0.01576465902
47 0.015258178162
48 0.00964591119224
49 0.0158600041556
50 0.0165604925256
51 0.0195961660522
52 0.0128046058657
53 0.0119255579747
54 0.0183192953677
55 0.0833724873921
56 0.201647620888
57 0.11565079944
58 0.174376290524
59 0.0257267624291
60 0.0143382973826
61 0.00755784462576
