1 0.0570459289132
2 0.0106845567109
3 0.0151910151269
4 0.0308332363825
5 0.030145633356
6 0.0225158969851
7 0.0704054992488
8 0.0199620966609
9 0.0129085585986
10 0.233953168771
11 0.00914071486687
12 0.0461137516036
13 0.0287551016797
14 0.0295915073943
15 0.017306115253
16 0.0188943360102
17 0.0107808435501
18 0.0209301002851
19 0.0116461477591
20 0.00993142443218
21 0.0121517553322
22 0.0471499116996
23 0.229347575176
24 0.0176134821844
25 0.0217833694166
26 0.0112761343619
27 0.201115884052
28 0.00930432175289
29 0.0140077019277
30 0.0680062759349
31 0.0245828485065
32 0.0111308866321
33 0.0147280522286
34 0.0176395428137
35 0.0132413584143
36 0.0158611915637
37 0.0174007671212
38 0.249307617741
39 0.0127275449825
40 0.0218592314032
41 0.010500140574
42 0.205530250743
43 0.0158901150136
44 0.0135750343132
45 0.0293531654508
46 0.0176539726211
47 0.0471032127921
48 0.0225700558353
49 0.0280813692047
50 0.0565548705027
51 0.0560844299547
52 0.132994266238
53 0.0466614901525
54 0.00839797677273
55 0.0156988570681
56 0.013148875884
57 0.230304171934
58 0.179360646994
59 0.245010902432
60 0.0280284774997
61 0.0183297261225
