1 0.227389117152
2 0.0142895907946
3 0.0114354914502
4 0.0307335928255
5 0.0266556248528
6 0.0637412172963
7 0.0129536246097
8 0.00924137572267
9 0.013199591701
10 0.14556119654
11 0.00978702977557
12 0.00858684083831
13 0.0160475408151
14 0.00666816689037
15 0.0123744257223
16 0.0226693279862
17 0.00684046845986
18 0.00956900482208
19 0.12132294361
20 0.0133930100593
21 0.0155107639993
22 0.0179400443737
23 0.00573472718027
24 0.0289079630777
25 0.217921491395
26 0.0117104152598
27 0.207059345018
28 0.032915624297
29 0.0207823548845
30 0.037978286418
31 0.0217277125788
32 0.0232243672446
33 0.0327108455637
34 0.03054249556
35 0.0629714874247
36 0.0417550325657
37 0.0688837327524
38 0.0147082576185
39 0.0180386008103
40 0.0239043610849
41 0.261449046433
42 0.0298359143355
43 0.0185581176269
44 0.0105300801637
45 0.0151947703874
46 0.0583782620051
47 0.0247752712331
48 0.00996721635155
49 0.219217063076
50 0.0389271973468
51 0.0141424815473
52 0.0442071163069
53 0.0259205258112
54 0.020812997337
55 0.684478047995
56 0.0251863559447
57 0.217202359973
58 0.0487472115321
59 0.0116074552024
60 0.00917441314205
61 0.0244473032991
