1 0.0952681660977
2 0.035049227493
3 0.014230549469
4 0.0104119310168
5 0.0289268201929
6 0.0802875051795
7 0.0241148066669
8 0.0294571353948
9 0.0217593695582
10 0.244046454152
11 0.0115604393073
12 0.0163909969306
13 0.0160102175392
14 0.00797418649555
15 0.0133152816638
16 0.0341762055919
17 0.0188792878287
18 0.0118137173954
19 0.043226237687
20 0.044165559315
21 0.00785792874762
22 0.0308047152839
23 0.00892195027655
24 0.0308371219404
25 0.054442147718
26 0.00896541616645
27 0.278104824774
28 0.0258913166294
29 0.00541737782443
30 0.014240165398
31 0.0925398570174
32 0.0168943318009
33 0.085756313141
34 0.00517688956016
35 0.028752450282
36 0.0174600883252
37 0.0796491173085
38 0.0341675316504
39 0.0784756227755
40 0.0232796944674
41 0.135538499121
42 0.00927421124537
43 0.0152188024832
44 0.0129608173138
45 0.0159612059104
46 0.0104420620002
47 0.0461034401904
48 0.0108804252696
49 0.0404903193427
50 0.0633799439455
51 0.0166019898522
52 0.0583817338466
53 0.0127523453196
54 0.0152733488554
55 0.188535631657
56 0.228603165542
57 0.154078076271
58 0.1420832903
59 0.0298671914716
60 0.0326235406445
61 0.0229429070149
