1 0.113135278029
2 0.0191926826991
3 0.0271017862927
4 0.0196041320517
5 0.0663763928546
6 0.0245643426306
7 0.0109586389938
8 0.0176079408695
9 0.0340695536583
10 0.207325155479
11 0.0104485069831
12 0.00897290449233
13 0.0191503149843
14 0.0168535983408
15 0.0197823147107
16 0.0174714910225
17 0.0195320074643
18 0.0415947744644
19 0.0592519537696
20 0.0134547860998
21 0.0258275927944
22 0.0246674084979
23 0.0146572548491
24 0.0068213887343
25 0.0778661397561
26 0.0051805519521
27 0.223843103432
28 0.0236133347973
29 0.0118154420147
30 0.021614051607
31 0.0310648594082
32 0.00692151997563
33 0.0340458799184
34 0.0125165156039
35 0.032950882494
36 0.038401367775
37 0.175573993007
38 0.033995406159
39 0.0161704741735
40 0.0448792745837
41 0.0906771174311
42 0.0183585311202
43 0.0186238531098
44 0.0192230600752
45 0.00770110454954
46 0.0130123037697
47 0.03132305914
48 0.0301530690782
49 0.0890580497775
50 0.0789997526955
51 0.033343175498
52 0.0447265556795
53 0.0321541428696
54 0.0245015761423
55 0.181148830257
56 0.177710236987
57 0.155512688844
58 0.116907704181
59 0.0121894816497
60 0.00942477211929
61 0.0312444632901
