1 0.0476869948534
2 0.0177179242536
3 0.0162452113052
4 0.0169145706911
5 0.0345936507627
6 0.0511079251036
7 0.0106915404648
8 0.0197986474289
9 0.0377846443397
10 0.190382906506
11 0.0134739026269
12 0.0252799301204
13 0.00718286077672
14 0.0874113699194
15 0.0346784362416
16 0.0133173648756
17 0.0557296530671
18 0.0261334195683
19 0.0303122495328
20 0.0123254660991
21 0.0273659638211
22 0.0247168603573
23 0.0152034753521
24 0.0255694674341
25 0.0164246805385
26 0.016511928457
27 0.121831973822
28 0.0111157658446
29 0.0356885650515
30 0.0177190591443
31 0.031273914872
32 0.0129573692125
33 0.0300034135038
34 0.0268529894069
35 0.0137399664344
36 0.0149518479445
37 0.161199156566
38 0.0200559929581
39 0.0158753649791
40 0.0465073841046
41 0.247716575344
42 0.0188624803732
43 0.0134479588256
44 0.0364307313581
45 0.0118408280919
46 0.0148079045959
47 0.0179729177045
48 0.018864464437
49 0.0222998058371
50 0.0551842820055
51 0.0424267674974
52 0.0288815527428
53 0.0295429306175
54 0.0129698416496
55 0.297838366168
56 0.16862671927
57 0.281042743249
58 0.0916491620285
59 0.0111674180291
60 0.0117195102268
61 0.0165833831188
