1 0.0729406327009
2 0.0135286791316
3 0.0116493323214
4 0.0217930669599
5 0.0717191877946
6 0.180630517867
7 0.22889638303
8 0.00911162958449
9 0.0121981882336
10 0.255241580735
11 0.00852442218933
12 0.0155040703236
13 0.0129615169749
14 0.0641066658616
15 0.0613118425637
16 0.0150020347722
17 0.00834947644801
18 0.0138138036666
19 0.00914262572632
20 0.11818480839
21 0.0117916361272
22 0.0302093478172
23 0.309226053651
24 0.00481308344555
25 0.00929861294211
26 0.032304492736
27 0.206033175429
28 0.0172006578968
29 0.0111560685821
30 0.020780251324
31 0.015063098703
32 0.0104919428937
33 0.0353930425569
34 0.030221497283
35 0.00571022206333
36 0.00803800421477
37 0.0843340452353
38 0.0168161258038
39 0.02457699818
40 0.05997391236
41 0.16266110305
42 0.0139792316577
43 0.0528696251051
44 0.0111901189698
45 0.0264729220527
46 0.0169083684522
47 0.0113129869057
48 0.0132737258372
49 0.0188111597104
50 0.0376594861863
51 0.0113709977487
52 0.0268637235202
53 0.0323942155024
54 0.0251359948364
55 0.124181116017
56 0.18848889997
57 0.209592710838
58 0.117292014322
59 0.0126634102162
60 0.0582459765496
61 0.0138865051903
