1 0.124576698645
2 0.0161594765815
3 0.0193297840549
4 0.0468384047593
5 0.00973394503069
6 0.181300345187
7 0.0462931544238
8 0.0135663358975
9 0.0194875553953
10 0.0507533908269
11 0.0343666135479
12 0.00878261835429
13 0.00871624470935
14 0.0126889618423
15 0.010133994761
16 0.0144164273473
17 0.0210293380399
18 0.00807811248732
19 0.0276048688748
20 0.0641610452517
21 0.0114272066175
22 0.0349066276237
23 0.621235857286
24 0.026007719065
25 0.0749296145432
26 0.0295641056613
27 0.11136755941
28 0.042222715455
29 0.0103637983213
30 0.0143137642661
31 0.0168787676481
32 0.0247807489971
33 0.0474200594638
34 0.0135343431945
35 0.029042095149
36 0.0107199412964
37 0.271418014642
38 0.0334460974238
39 0.0572489507027
40 0.0189455974563
41 0.122611791464
42 0.0208808330686
43 0.0163382761357
44 0.0145736747674
45 0.0255275017427
46 0.0680709803181
47 0.0334444183966
48 0.00982653214517
49 0.182091409909
50 0.0355497573466
51 0.0335949043503
52 0.022778798127
53 0.0113707889669
54 0.0150071375504
55 0.871842498997
56 0.161356734276
57 0.167946962613
58 0.244891679866
59 0.0078040316993
60 0.013217469838
61 0.0258398226479
