1 0.0427658871814
2 0.10604266979
3 0.0242314583827
4 0.0262219502465
5 0.0473653522289
6 0.191394767019
7 0.14018195388
8 0.0115428265144
9 0.0661504313972
10 0.063362541178
11 0.0433853145056
12 0.0268058759665
13 0.00793663335545
14 0.0225089162221
15 0.0342470771049
16 0.0315580170019
17 0.0130572731076
18 0.0144770242312
19 0.0115910041363
20 0.142412550901
21 0.0535446712817
22 0.0323611575929
23 0.219467603235
24 0.00919607764107
25 0.171120236211
26 0.01705866234
27 0.142853483155
28 0.0158571576148
29 0.00611125623805
30 0.00812491579095
31 0.0630628722464
32 0.0140905441934
33 0.0572678327107
34 0.00973264442328
35 0.00546367755717
36 0.0092635507145
37 0.0525064681513
38 0.0283935767458
39 0.0346179344239
40 0.0540225129416
41 0.22094632818
42 0.0205807473873
43 0.0211118276522
44 0.0600406969097
45 0.0179648703989
46 0.0202456841952
47 0.0220336914062
48 0.0726729743606
49 0.142278092329
50 0.0503519114958
51 0.0317841948277
52 0.00851389117965
53 0.0148452372549
54 0.0222501430918
55 0.665859557964
56 0.213499845697
57 0.0614318282943
58 0.223162225524
59 0.00976759682266
60 0.0157765928794
61 0.0207865066633
