1 0.0337015487757
2 0.0211938010342
3 0.04004655154
4 0.0125667604849
5 0.0162355886878
6 0.194034904208
7 0.181796696885
8 0.0261233830853
9 0.0191768957501
10 0.0786720493639
11 0.00782684900671
12 0.00782301809349
13 0.0148361347934
14 0.0148254008824
15 0.0135479680972
16 0.0270731470526
17 0.0139281899007
18 0.0200176359356
19 0.0157417918977
20 0.144082961834
21 0.0183610000123
22 0.0280190324933
23 0.340921554837
24 0.0284913120095
25 0.00676174389193
26 0.0186903604979
27 0.214302179812
28 0.0303235198031
29 0.0483957214051
30 0.0165888550904
31 0.0239506313191
32 0.0196158460929
33 0.0253475112002
34 0.0196258379702
35 0.00447455663809
36 0.0195367844397
37 0.0138133088461
38 0.020229765802
39 0.015854003728
40 0.0649555786987
41 0.0921742940036
42 0.0263405685422
43 0.0386451827617
44 0.00821607632959
45 0.049500862456
46 0.0214638644212
47 0.0111036208256
48 0.0240900283266
49 0.0271388203463
50 0.0420381581003
51 0.0244872383941
52 0.0242542443651
53 0.014878185476
54 0.0115849233415
55 0.379143222101
56 0.128571517697
57 0.247222825365
58 0.146820423293
59 0.0202228872638
60 0.00583505770978
61 0.0751732663925
