1 0.0296241153139
2 0.0355062967841
3 0.0210666186682
4 0.0147608680511
5 0.0173666690791
6 0.0303627187976
7 0.0265044243856
8 0.0734265225367
9 0.0259982154576
10 0.263738622945
11 0.0138094950808
12 0.0122110838047
13 0.0349955842915
14 0.0126914329101
15 0.0146564418704
16 0.00837462336293
17 0.00903208382481
18 0.0134400046995
19 0.0212651225281
20 0.0133791431701
21 0.0233510854675
22 0.0992287926268
23 0.277754999487
24 0.0408144390077
25 0.0105058720063
26 0.00831378125
27 0.0843293436542
28 0.0160315741063
29 0.0143937846247
30 0.0216435115502
31 0.0581807454
32 0.0126897894268
33 0.0399641544654
34 0.0282037191289
35 0.0204653791988
36 0.0828815162822
37 0.0109904315042
38 0.289571873928
39 0.0167140412137
40 0.0365953774883
41 0.0191799736538
42 0.0913582584219
43 0.0127482819996
44 0.0159450402245
45 0.0185518944576
46 0.0687301325653
47 0.0160525357523
48 0.0230167179662
49 0.100313783943
50 0.0494100484544
51 0.00625048549485
52 0.0334703878776
53 0.043801531693
54 0.00558148147395
55 0.00833762628272
56 0.00662072281273
57 0.14980916261
58 0.20407106447
59 0.183592602469
60 0.0174676471428
61 0.0257749867589
