1 0.0438495921286
2 0.0167820700307
3 0.0208836417464
4 0.0281884748833
5 0.0165964056615
6 0.0418381681913
7 0.0232582378831
8 0.0383640409211
9 0.0244778689864
10 0.184522224325
11 0.0160139655457
12 0.0167030118388
13 0.00685727164759
14 0.0196016930406
15 0.0327161771123
16 0.0102985291465
17 0.00746371607345
18 0.0164924333076
19 0.0446016418734
20 0.0133928017025
21 0.0118430335345
22 0.0266245684498
23 0.015064687858
24 0.0169916776432
25 0.195539239981
26 0.0265934487618
27 0.175086657942
28 0.00863429660376
29 0.00984725207846
30 0.0239514491925
31 0.0399469451354
32 0.0183883767825
33 0.0271817976012
34 0.0217003714653
35 0.0204391492178
36 0.0206268334278
37 0.173892644677
38 0.0139499788946
39 0.0198683728337
40 0.0491003912294
41 0.170817414935
42 0.00906689540241
43 0.0524016213228
44 0.0361029576721
45 0.0280026074128
46 0.0398111844879
47 0.0541031790224
48 0.0184047743715
49 0.0819525424262
50 0.0305659232052
51 0.0214012976707
52 0.0205567189748
53 0.0421784291929
54 0.0109193814201
55 0.534183113446
56 0.226940944308
57 0.288772527898
58 0.244585151017
59 0.0110168179446
60 0.0123794733712
61 0.0114049565716
