1 0.0858260885919
2 0.0132338613187
3 0.0133780260725
4 0.0579578760871
5 0.045715498361
6 0.0531611295324
7 0.00774791066022
8 0.0318950308805
9 0.0215351399714
10 0.161207753647
11 0.0403389944148
12 0.0239485682517
13 0.00837414379659
14 0.0122791583375
15 0.0107355403008
16 0.0179377446497
17 0.0212189081751
18 0.0207197505295
19 0.0224528905959
20 0.0105936153519
21 0.0363473733897
22 0.0240366981008
23 0.23333128072
24 0.0213328961956
25 0.0245433291166
26 0.0202178389647
27 0.151216398011
28 0.027512259394
29 0.0285981933091
30 0.0466471192172
31 0.00743423548386
32 0.0152738056559
33 0.00972609095174
34 0.00752615055598
35 0.021368744558
36 0.0121147814942
37 0.0392775059603
38 0.404180884088
39 0.01319643359
40 0.0154191403816
41 0.0117369402166
42 0.233083655687
43 0.0166515722847
44 0.0330644839853
45 0.018735965314
46 0.0110280776699
47 0.0143005698075
48 0.0366047435068
49 0.0121159337026
50 0.0276702472555
51 0.0200433176749
52 0.00807573050856
53 0.026368400763
54 0.0140666263661
55 0.00523607731243
56 0.0204397838615
57 0.157867637157
58 0.251688216405
59 0.182079889075
60 0.0130505381541
61 0.0227907763607
