1 0.055202771986
2 0.00764275821283
3 0.0158592577106
4 0.017271764288
5 0.0312858354376
6 0.069936673958
7 0.021233903477
8 0.0331491259953
9 0.0376681239373
10 0.131471676967
11 0.0143880079965
12 0.00925067662532
13 0.00913137510246
14 0.0182247438656
15 0.0145112511163
16 0.0476007133566
17 0.0175712252302
18 0.0272130016491
19 0.0459111339468
20 0.0216575144652
21 0.0227915086011
22 0.0337779726097
23 0.270136736881
24 0.0114504656364
25 0.0726109684406
26 0.0236033920345
27 0.101288578024
28 0.0676344496986
29 0.0126985671296
30 0.0316842985068
31 0.00716214416957
32 0.020194791017
33 0.00884766804229
34 0.0221934605097
35 0.0337223290599
36 0.0260139474743
37 0.0273410158151
38 0.194451525115
39 0.01843022423
40 0.0189957536151
41 0.0381608452116
42 0.219496042913
43 0.0426844451369
44 0.0124652549865
45 0.0361206265372
46 0.0078845185482
47 0.110748971434
48 0.022862538567
49 0.0141980771221
50 0.0226092974105
51 0.015050176904
52 0.0260825960673
53 0.040639993264
54 0.0146634911014
55 0.0406656361123
56 0.0222636006388
57 0.190913546762
58 0.140072522614
59 0.228995103777
60 0.0287034715624
61 0.0140169096739
