1 0.0728370831548
2 0.0180321466556
3 0.0100875129434
4 0.020614877763
5 0.0546770383584
6 0.021275063769
7 0.0319185052874
8 0.013238681601
9 0.025804562102
10 0.241959374217
11 0.0742093848291
12 0.0180837016064
13 0.0234008632611
14 0.0147749213184
15 0.0157364715603
16 0.0166890918928
17 0.0147562882803
18 0.0170510181502
19 0.012749568973
20 0.109775111443
21 0.011365618938
22 0.0102215890739
23 0.262578689757
24 0.0193903958106
25 0.0146181038869
26 0.0105606315515
27 0.128265875976
28 0.00848293327769
29 0.011304894411
30 0.0211727344827
31 0.0136221523772
32 0.0128808825597
33 0.0143682068803
34 0.0491217271015
35 0.0124927505959
36 0.0998890544873
37 0.0167442438568
38 0.419306583978
39 0.0743957659741
40 0.0208935767406
41 0.0103197595911
42 0.152412144719
43 0.0188932824979
44 0.0366740049631
45 0.021758568445
46 0.0202275912723
47 0.0584532310651
48 0.0151868371005
49 0.0347954720965
50 0.0301793840986
51 0.0177533466051
52 0.0746094359716
53 0.0497985816894
54 0.00582579325723
55 0.00877459709552
56 0.024621177984
57 0.129332793831
58 0.166322095209
59 0.175876008698
60 0.0205648439905
61 0.0243910098154
