1 0.0422150688056
2 0.00786977514793
3 0.0288564204437
4 0.0146906115977
5 0.0355182316904
6 0.0105826430509
7 0.0213155394067
8 0.017550678214
9 0.0295815753596
10 0.225311995397
11 0.0214362293305
12 0.0286169321637
13 0.0319030550572
14 0.0377434298012
15 0.0221932475727
16 0.0249177670935
17 0.00726396088866
18 0.0388151208303
19 0.0089809939037
20 0.011094023819
21 0.0180977109421
22 0.0308897030659
23 0.0451539209531
24 0.0137896931057
25 0.0318524914288
26 0.0331985314565
27 0.223827730184
28 0.0132864322556
29 0.0223181572527
30 0.0204625973356
31 0.0363741664981
32 0.00833653403693
33 0.0642532916157
34 0.0209244995431
35 0.0286234687036
36 0.0121582649161
37 0.353440084172
38 0.0121032862677
39 0.0240563529528
40 0.0450242088754
41 0.221143241737
42 0.0130816050821
43 0.0745017660258
44 0.0283029848773
45 0.00904486792213
46 0.0441204417227
47 0.0181994555404
48 0.0129830524226
49 0.0230130873922
50 0.0100441062106
51 0.0183451786777
52 0.0285784626102
53 0.0210989990443
54 0.0105587971793
55 0.204135977193
56 0.231773950417
57 0.243190726014
58 0.168187688609
59 0.033561386915
60 0.0113747650625
61 0.0149463521283
