1 0.132762908823
2 0.0122674663849
3 0.00699636357304
4 0.0227523291555
5 0.0295135227613
6 0.117796303391
7 0.0133986613428
8 0.0262150243957
9 0.0173189072754
10 0.0186755439524
11 0.0121817646562
12 0.0237416447073
13 0.04187526899
14 0.014118832728
15 0.0125105103444
16 0.0114646042684
17 0.00949548082723
18 0.0036366398087
19 0.0185197164357
20 0.0453195209527
21 0.133948001831
22 0.043252157555
23 0.706986292551
24 0.0327128868371
25 0.116176160619
26 0.0121721971101
27 0.0073933713205
28 0.0224103671854
29 0.0148468545044
30 0.0698006022602
31 0.0101235473041
32 0.037143842141
33 0.0215875865042
34 0.00847977244324
35 0.0188985581028
36 0.00843865892031
37 0.192453070089
38 0.0163023861792
39 0.0407039826324
40 0.0158967473129
41 0.0437295586278
42 0.0257357928436
43 0.0301447356937
44 0.0171500912969
45 0.0142248899506
46 0.0383006331492
47 0.025419466844
48 0.0191414236081
49 0.210142189467
50 0.00892481670081
51 0.121516993543
52 0.0246776608802
53 0.0122101665319
54 0.0669880113403
55 0.12351261154
56 0.238087915203
57 0.232877816874
58 0.200707273775
59 0.0180594231368
60 0.0164891728087
61 0.0207914619315
