1 0.0478840708559
2 0.0111544521949
3 0.0395849869872
4 0.0105731864781
5 0.0270513103759
6 0.088036969591
7 0.0194931319432
8 0.0238954467437
9 0.0215355078111
10 0.195756233102
11 0.01675772807
12 0.0203483120386
13 0.0212988712202
14 0.0409389531558
15 0.0170037770392
16 0.0254328363167
17 0.051328169358
18 0.0216991312322
19 0.0165784485558
20 0.0335349953883
21 0.00912115969904
22 0.0627422307347
23 0.364193841596
24 0.0619755896774
25 0.0219410162872
26 0.0423377195211
27 0.129725519624
28 0.0263314659474
29 0.0136446419414
30 0.0449768969546
31 0.0348182096062
32 0.0141986346925
33 0.00971421243475
34 0.0167309891411
35 0.0116853357011
36 0.0311995085339
37 0.0312624560402
38 0.407935647232
39 0.0104059825835
40 0.0186498047631
41 0.00790320637678
42 0.0768926707296
43 0.0203037000276
44 0.0388982286172
45 0.032257187567
46 0.0147227927477
47 0.0172645751019
48 0.0154285344346
49 0.0656234879305
50 0.0131573005089
51 0.0197612104428
52 0.0239071530027
53 0.0407626029006
54 0.020704578702
55 0.0235070747038
56 0.0110160666902
57 0.146797722215
58 0.179046306784
59 0.25522710078
60 0.014031913877
61 0.0198511949113
