1 0.0560691656593
2 0.0164008967966
3 0.0180806639064
4 0.0114501096062
5 0.0239509596692
6 0.0114572159611
7 0.0161077202976
8 0.0167765226887
9 0.0311861140749
10 0.193469347597
11 0.00993536337764
12 0.0109669155628
13 0.0114252545409
14 0.0173504567002
15 0.0193081872147
16 0.0167479586744
17 0.0208276684497
18 0.0145811831533
19 0.0215302967983
20 0.02197563807
21 0.00714407158929
22 0.0226393209758
23 0.00841856956114
24 0.0391028966528
25 0.223240717423
26 0.00992363192445
27 0.146589070199
28 0.0152647597922
29 0.033267847918
30 0.0175014206855
31 0.043857341662
32 0.00680344482736
33 0.0197078762721
34 0.0260867896353
35 0.0125646760202
36 0.0130416213856
37 0.167363132981
38 0.0255645981417
39 0.0233655836666
40 0.0416914597885
41 0.24959523804
42 0.0253643844866
43 0.0308514838668
44 0.0198991344882
45 0.0276607042227
46 0.0160945632836
47 0.0235570876257
48 0.0198878875099
49 0.0455808198681
50 0.017745662911
51 0.0224169109244
52 0.0341949138632
53 0.0123219381912
54 0.0149974911772
55 0.70075303047
56 0.166610727319
57 0.134089883252
58 0.122536826513
59 0.0200017550402
60 0.0068613311012
61 0.00852299623194
