1 0.107915189163
2 0.00587744482549
3 0.0335920220238
4 0.0125614483272
5 0.0194484112561
6 0.00506594944417
7 0.0288074055719
8 0.0176671853383
9 0.0516282479956
10 0.185627279887
11 0.0189164759511
12 0.0152033691043
13 0.0233075836858
14 0.0300125591679
15 0.00625893096052
16 0.0128229083545
17 0.00748345641417
18 0.0156758102207
19 0.0213033436192
20 0.0108733190982
21 0.0143189041361
22 0.0180917649666
23 0.016048814989
24 0.0210278924581
25 0.0878402896124
26 0.0250310049099
27 0.212160073226
28 0.0117763424016
29 0.029370347873
30 0.0214339769133
31 0.0498317661928
32 0.0166795871994
33 0.0776423615818
34 0.0200446488897
35 0.0201680637469
36 0.0214511652927
37 0.13130438423
38 0.0423300842064
39 0.00708555826558
40 0.0243194958817
41 0.189453029767
42 0.0180218444505
43 0.0636520494908
44 0.0896338228325
45 0.00815996632847
46 0.0111785801249
47 0.0300146448756
48 0.0139863070576
49 0.0351487262897
50 0.0685093462246
51 0.0174177981558
52 0.00798707852073
53 0.0343486938759
54 0.0166758794904
55 0.368040546508
56 0.250323929296
57 0.216771349459
58 0.218339732233
59 0.0574899275839
60 0.014281588876
61 0.00801835801884
