1 0.0716822440056
2 0.0276164684813
3 0.0674368494434
4 0.0241384258268
5 0.0877356063605
6 0.0768295796394
7 0.00850721423138
8 0.0186627150863
9 0.0124717768933
10 0.212365147444
11 0.0130451222063
12 0.0222921866982
13 0.0259843747017
14 0.0132538348688
15 0.0249657330915
16 0.0183224391079
17 0.0462226113188
18 0.0110118361666
19 0.0119103111517
20 0.033541727624
21 0.00819784161322
22 0.00971245873436
23 0.0148206831104
24 0.0198600622105
25 0.0175456467842
26 0.0343379279412
27 0.169367042009
28 0.09402272933
29 0.0139628785745
30 0.0318504122061
31 0.0141371265045
32 0.0212714642049
33 0.0495243911597
34 0.0118951048934
35 0.00806187234514
36 0.0253286478062
37 0.816673293678
38 0.0166114828973
39 0.0928439042011
40 0.18026663947
41 0.115624200819
42 0.0207023399765
43 0.0260467857624
44 0.0248956158701
45 0.0235993612363
46 0.0570383657138
47 0.0419623565323
48 0.0145069054954
49 0.016401913438
50 0.0278676527073
51 0.0453430763115
52 0.029239252033
53 0.0062156584919
54 0.0159489550355
55 0.0858942795056
56 0.191922086241
57 0.240003417442
58 0.223644547835
59 0.0262157446012
60 0.0770688162026
61 0.0257568001602
