1 0.0586621540137
2 0.0140588734717
3 0.0298092037033
4 0.0151459767421
5 0.0123500685871
6 0.0181740559648
7 0.0174061414136
8 0.0974795298338
9 0.0573819078278
10 0.283042949941
11 0.0190783332558
12 0.0285630536126
13 0.00844829182189
14 0.0146932084267
15 0.0103649298215
16 0.0237215577844
17 0.0353011588065
18 0.0333302017027
19 0.0275106241856
20 0.014252813369
21 0.041735033746
22 0.0149418280876
23 0.00721111865527
24 0.0169312473226
25 0.0816508767343
26 0.0159407587596
27 0.164909037187
28 0.0134909144238
29 0.0771204701666
30 0.00759658458711
31 0.0234661275457
32 0.0127120459889
33 0.0741818099903
34 0.0115995044021
35 0.0265203884653
36 0.0136628488042
37 0.0861976300204
38 0.0367198260356
39 0.011574317056
40 0.0379768881871
41 0.059986572732
42 0.0451543602194
43 0.0494276290968
44 0.0226471775256
45 0.0088328662259
46 0.0203189042162
47 0.0308164474603
48 0.00963112330348
49 0.0952183273288
50 0.0485577514421
51 0.0506523029126
52 0.0355616920126
53 0.0206469356005
54 0.0393955076658
55 0.302974192128
56 0.176464172886
57 0.087403852425
58 0.134703072502
59 0.0116369196383
60 0.0175138905415
61 0.00875792267913
