1 0.0765816972895
2 0.0264336371536
3 0.0569359456078
4 0.0249801345963
5 0.040496060131
6 0.0233941579491
7 0.0201235962714
8 0.0224826176866
9 0.0876226596098
10 0.200137047279
11 0.0104725399049
12 0.0241461912511
13 0.00763609589568
14 0.023888486492
15 0.0386413900777
16 0.0140832126852
17 0.0536340203476
18 0.0334270581471
19 0.0626838415235
20 0.00614690907274
21 0.0128835571166
22 0.071727740237
23 0.0325526187024
24 0.0149598730044
25 0.0817633001916
26 0.0190542261199
27 0.18781305541
28 0.0723923588967
29 0.0698603485244
30 0.0454032204736
31 0.0379696160146
32 0.0155653688889
33 0.0234277056208
34 0.0364581231388
35 0.00823638759772
36 0.0236844856204
37 0.224373905824
38 0.0144411963939
39 0.0290248195638
40 0.0904861444331
41 0.181382156985
42 0.0301457153626
43 0.0303439109968
44 0.00864968067164
45 0.103792761673
46 0.0747695516911
47 0.0417773273771
48 0.0249478466241
49 0.0323787405598
50 0.0151808672765
51 0.0200983598764
52 0.0334951928353
53 0.0108460148018
54 0.0276169781296
55 0.199562321534
56 0.1412938032
57 0.240222461615
58 0.178237343181
59 0.0151334599784
60 0.00746535713444
61 0.02599846545
