1 0.0279354389584
2 0.0150933012153
3 0.0165054420917
4 0.0148264978067
5 0.0341603725205
6 0.103930390892
7 0.221222891584
8 0.020992153108
9 0.0222920891832
10 0.223125441401
11 0.0153028650328
12 0.00464552146276
13 0.0110117825302
14 0.0385687182378
15 0.0313107929606
16 0.0158328187271
17 0.00796034032227
18 0.0190494725656
19 0.00706215490437
20 0.145484999503
21 0.00950109328369
22 0.0152709271397
23 0.156607677468
24 0.0312973577037
25 0.0130857328607
26 0.0334969466111
27 0.114169874167
28 0.0238779988673
29 0.0111745537246
30 0.0193260327067
31 0.0241920426496
32 0.0206701568305
33 0.0108335425059
34 0.00904109823088
35 0.00821531748551
36 0.0413955777119
37 0.0148839175693
38 0.0150790391015
39 0.10058569429
40 0.019653157172
41 0.217632347416
42 0.0498028625507
43 0.0382164541098
44 0.0144569639581
45 0.00953120027217
46 0.0223590453154
47 0.031810662145
48 0.0179045886867
49 0.00836776725305
50 0.00991095844045
51 0.0234663129569
52 0.0295917718078
53 0.00663570161011
54 0.0148332363123
55 0.397803713109
56 0.115150466888
57 0.164049363023
58 0.210305034526
59 0.0231914615717
60 0.00705769374487
61 0.00954935236639
