1 0.0280156424223
2 0.0181143601831
3 0.0133591251225
4 0.0262256388402
5 0.0469109615742
6 0.0191428763261
7 0.0288836719718
8 0.0212966255957
9 0.0220152506406
10 0.245616093307
11 0.0147763139589
12 0.0572930524883
13 0.0230484187012
14 0.0160592303179
15 0.0201793960629
16 0.0405040279854
17 0.00999081674019
18 0.0224183320672
19 0.0199687623283
20 0.0112318759654
21 0.0108224925215
22 0.0498139621739
23 0.0351336204621
24 0.0464175857284
25 0.0222727842688
26 0.0235082637716
27 0.259840344113
28 0.0136165315062
29 0.0194295310568
30 0.0194020683588
31 0.0638592875027
32 0.00719264113883
33 0.0736046118448
34 0.010421059286
35 0.0126632646874
36 0.0235326803049
37 0.714883816786
38 0.0479058108584
39 0.0238415572273
40 0.225903278005
41 0.146357759295
42 0.0386364778011
43 0.0267180528718
44 0.00634664664384
45 0.00483361932937
46 0.029797797727
47 0.00932195078998
48 0.0189407069527
49 0.0380621817272
50 0.10966713879
51 0.0104114577926
52 0.038476861422
53 0.0128844094667
54 0.0555479000352
55 0.109436498063
56 0.197455576763
57 0.166929188209
58 0.189762046764
59 0.0173446526494
60 0.0126754351576
61 0.0787155008364
