1 0.0349791662087
2 0.0234360594215
3 0.0124830954057
4 0.0200729038922
5 0.0455201602968
6 0.0235005757793
7 0.00725374564794
8 0.00932102044469
9 0.0433775294799
10 0.185025791037
11 0.00966387446519
12 0.0115616001215
13 0.0162915879333
14 0.0205327648103
15 0.0174425744533
16 0.0394409672741
17 0.0086373374375
18 0.0211621778182
19 0.018821258769
20 0.0079454632589
21 0.0158170573885
22 0.0177242143461
23 0.0537350800736
24 0.0127694455782
25 0.047330471521
26 0.0139176611938
27 0.117155298075
28 0.0280795968657
29 0.0108365660314
30 0.0220088922211
31 0.0172114358777
32 0.0205957463092
33 0.0176113534921
34 0.0703261290213
35 0.015053274046
36 0.0289215078652
37 0.0175869425124
38 0.188361830007
39 0.0176879979961
40 0.0205912529461
41 0.0162778755246
42 0.0866149877805
43 0.0172510802573
44 0.0134736310047
45 0.010777877274
46 0.0723367447881
47 0.0425641625585
48 0.00912223444427
49 0.0196616143005
50 0.0480745418506
51 0.0330475014042
52 0.0231167910515
53 0.103383302028
54 0.0527220446028
55 0.011954327603
56 0.0190974591258
57 0.285315772395
58 0.287262566733
59 0.270787160263
60 0.0153823879716
61 0.00816299995039
