1 0.148557631164
2 0.0155327969007
3 0.0162180080277
4 0.0202472968957
5 0.0464613593648
6 0.0287912270611
7 0.0265176911893
8 0.0123510188229
9 0.0295748952121
10 0.210861457061
11 0.0111729230585
12 0.0137206649034
13 0.00786779889603
14 0.0440257626789
15 0.0541542305079
16 0.0276315286594
17 0.0106716341624
18 0.00929272716534
19 0.0109243889883
20 0.0114009003721
21 0.00846309537033
22 0.0510627899763
23 0.024560543362
24 0.0313728687109
25 0.045247396462
26 0.00839042285745
27 0.193287649522
28 0.0210102852975
29 0.0216256530159
30 0.0164678792438
31 0.0205668482568
32 0.017889100434
33 0.0992085358905
34 0.0123725110382
35 0.0122520360271
36 0.00970853023469
37 0.835368560212
38 0.0136051829067
39 0.0297374952622
40 0.194914580475
41 0.28843031623
42 0.0123038724029
43 0.0162908675293
44 0.0252928066543
45 0.0138670171351
46 0.0382944409542
47 0.0320320030629
48 0.0209251429044
49 0.0268258498525
50 0.0734921066013
51 0.0354089145869
52 0.070854295233
53 0.0154966572459
54 0.0169892712424
55 0.044854458193
56 0.25468341222
57 0.136060483108
58 0.176925410859
59 0.0168848080336
60 0.0188291834963
61 0.0196041493975
