1 0.170340259231
2 0.030246439862
3 0.0109565144156
4 0.0116644790508
5 0.0333496362039
6 0.0986606438815
7 0.0614274956945
8 0.0108984026913
9 0.014002430809
10 0.146533083845
11 0.0162816612053
12 0.00982169977582
13 0.0169660599526
14 0.0387407702506
15 0.0230265488571
16 0.0231701658205
17 0.00786957121856
18 0.00421837350743
19 0.0315832865404
20 0.0382818523404
21 0.00635563541487
22 0.0295163262881
23 0.28561799843
24 0.00915157858621
25 0.0565936189897
26 0.00803057013886
27 0.0949713484797
28 0.013138812153
29 0.0298296715087
30 0.0392005017067
31 0.0119651553712
32 0.0325024499374
33 0.0507779123685
34 0.0192622076572
35 0.0170542591338
36 0.00966741831713
37 0.246946106748
38 0.0280011265089
39 0.038306073169
40 0.0244116197478
41 0.176696782369
42 0.0117808446704
43 0.0263463025974
44 0.013368753617
45 0.0206416198598
46 0.022902766085
47 0.0128013169168
48 0.0191263004047
49 0.0539669740629
50 0.0137778846329
51 0.0173182988473
52 0.0264645226399
53 0.0169579307907
54 0.0126256993672
55 0.795838526849
56 0.123535615811
57 0.231084362303
58 0.127758628071
59 0.0149072630327
60 0.0323192381587
61 0.0214017060425
