1 0.0956258710579
2 0.0340090319524
3 0.0201278457391
4 0.0190039095282
5 0.0260977503914
6 0.0211648755721
7 0.020715534045
8 0.0231384616853
9 0.0094344809376
10 0.153836990303
11 0.0150115866743
12 0.0144210839827
13 0.0266981908707
14 0.00956974546472
15 0.0291258830136
16 0.0154212048726
17 0.0193834623313
18 0.0212466487212
19 0.0288864768558
20 0.015348210433
21 0.016224609627
22 0.0419049089769
23 0.278765979764
24 0.0348805032593
25 0.0407612844934
26 0.0240701316322
27 0.150979612312
28 0.0169188711614
29 0.0135008777957
30 0.0546555176354
31 0.0383848417658
32 0.00991038085132
33 0.0280244403499
34 0.0241822298731
35 0.00700213342004
36 0.0314709258743
37 0.0313410030944
38 0.379650793399
39 0.0104018308446
40 0.123348288
41 0.0230759885346
42 0.178072692639
43 0.00526204755227
44 0.0205018743984
45 0.0243843318481
46 0.0192884553232
47 0.0470614346278
48 0.0212393651507
49 0.0107782391669
50 0.0264456913803
51 0.0310337558754
52 0.0213794724693
53 0.0625304205142
54 0.0104650886204
55 0.0129664128949
56 0.00619927312632
57 0.103666374693
58 0.16128771256
59 0.191693591655
60 0.0170324755035
61 0.00946807567098
