1 0.0773270898692
2 0.0156338305311
3 0.0442860809482
4 0.0216232389434
5 0.0604057328793
6 0.150448638161
7 0.033342047129
8 0.100218874808
9 0.0156480630016
10 0.0383034858486
11 0.0161820063194
12 0.00689434957657
13 0.0223349845744
14 0.0255062659476
15 0.024734369729
16 0.0385621002177
17 0.0225805066163
18 0.0123894644351
19 0.0249092741769
20 0.0189210788047
21 0.0264553297471
22 0.012823537286
23 0.705967374547
24 0.0192684550655
25 0.161142515816
26 0.00821930189547
27 0.0217608625904
28 0.0343272254613
29 0.0204538130832
30 0.0620283024242
31 0.014208867228
32 0.0201152922399
33 0.0421232943443
34 0.00672478771125
35 0.00706692595247
36 0.0454443225576
37 0.216429404106
38 0.0244779862333
39 0.0334916960236
40 0.0173538814049
41 0.00964212905837
42 0.0163860639785
43 0.0324481913984
44 0.00323851130963
45 0.0163132748535
46 0.025541064371
47 0.0237092197604
48 0.0127850794847
49 0.220918895379
50 0.012727015282
51 0.0103504588022
52 0.0124597139734
53 0.0257743901602
54 0.021908462474
55 0.265314853297
56 0.117678274933
57 0.203299179534
58 0.108758843821
59 0.0238146828448
60 0.0343520627594
61 0.0117550566745
