1 0.0440313468526
2 0.0356121727774
3 0.0257774521387
4 0.0250014256184
5 0.0390119018072
6 0.187215299121
7 0.200780724024
8 0.00890545609729
9 0.0197315184463
10 0.00699689621158
11 0.033554143226
12 0.0231384298753
13 0.0242150352474
14 0.0330852968134
15 0.0122194802619
16 0.0133949620778
17 0.0291904229769
18 0.012184390744
19 0.0410835350106
20 0.0714317271902
21 0.00711915348137
22 0.035238042722
23 0.659438905151
24 0.00777735920525
25 0.0330815687528
26 0.0231695560254
27 0.0721317755737
28 0.0136612809983
29 0.0267750686828
30 0.0580115106354
31 0.00799347906623
32 0.0167155030158
33 0.0147680105192
34 0.00747642815989
35 0.0350058853422
36 0.0153768507149
37 0.423833470355
38 0.0305529445067
39 0.045215031562
40 0.0302922741669
41 0.0881497702736
42 0.0113670376832
43 0.0492325920744
44 0.00819609112586
45 0.0202209053147
46 0.0604397980575
47 0.0180300433778
48 0.00645848764021
49 0.158332782071
50 0.0723507079663
51 0.0416905031236
52 0.0464491188347
53 0.0126676787164
54 0.0139314924019
55 0.447214362944
56 0.190678595361
57 0.23707909779
58 0.155212639057
59 0.0103793641223
60 0.0140796832433
61 0.011357318959
