1 0.0925340771608
2 0.0112799925995
3 0.0122674188341
4 0.011201694266
5 0.0299449580221
6 0.0474302456216
7 0.0104397460215
8 0.0106171441775
9 0.0174571576757
10 0.0872312411951
11 0.00902651871969
12 0.012112401027
13 0.0385082398559
14 0.019533757606
15 0.0135101322569
16 0.0235932212391
17 0.0259111882713
18 0.0112733772788
19 0.0120956501982
20 0.0262010385929
21 0.0222036432787
22 0.0326564601149
23 0.278691062214
24 0.0271370857217
25 0.00980818788431
26 0.0100900582652
27 0.10457447434
28 0.0245299772223
29 0.0168029642685
30 0.0507466043535
31 0.00738025209105
32 0.0123989745166
33 0.0219146781065
34 0.0213021778851
35 0.0221009586634
36 0.0191789679711
37 0.012053860318
38 0.366667618088
39 0.010136208102
40 0.0280287026987
41 0.0266145268115
42 0.173027736353
43 0.0220680911281
44 0.030800012285
45 0.0216581140284
46 0.022430148276
47 0.0405250129507
48 0.0160021254705
49 0.0242024968079
50 0.0250263569114
51 0.018811817053
52 0.0112326287237
53 0.0561754599922
54 0.0111842463905
55 0.0104208612775
56 0.0158635432515
57 0.18751190443
58 0.131433202684
59 0.275451177849
60 0.016446729552
61 0.0267372540404
