1 0.0618266684452
2 0.0173658763714
3 0.0141411825585
4 0.00923412180644
5 0.0735661676913
6 0.041784696726
7 0.0247554251779
8 0.0123966096
9 0.0352267106199
10 0.228519671666
11 0.0217445970924
12 0.0108408819978
13 0.0566202125784
14 0.0240177664
15 0.0125195093942
16 0.0127732795541
17 0.0113900322512
18 0.0237891254945
19 0.0141029426385
20 0.0130590010836
21 0.0101736277505
22 0.0170507054493
23 0.15360300779
24 0.0449625715428
25 0.0129788753602
26 0.0113881952391
27 0.146922207021
28 0.0475713429159
29 0.0134056288192
30 0.025613871992
31 0.021399328218
32 0.0207624646651
33 0.0472490298643
34 0.00911509731234
35 0.012923370031
36 0.0146215104999
37 0.0174336277167
38 0.0602789107617
39 0.023001560473
40 0.0134035380541
41 0.0370455767724
42 0.122277040388
43 0.00953261031273
44 0.021673388275
45 0.0185061781129
46 0.00880150737728
47 0.0266424595295
48 0.0156647747857
49 0.0152167785996
50 0.0156888588551
51 0.0798783319252
52 0.0347557076808
53 0.025114652137
54 0.00997947657419
55 0.0173933359705
56 0.0181519904192
57 0.207337797138
58 0.262701154541
59 0.30604746802
60 0.0465139787514
61 0.020212525926
