1 0.03738375894
2 0.0198530777061
3 0.0241480628447
4 0.0461486356258
5 0.0258073183267
6 0.0342292327568
7 0.0221681246423
8 0.0427044216553
9 0.0439205614619
10 0.194623307867
11 0.0130166393916
12 0.0335229826359
13 0.0170239984492
14 0.0206524792409
15 0.0188177097613
16 0.0300409380553
17 0.00872544361985
18 0.0162050917857
19 0.0247946826185
20 0.0151592246876
21 0.00917975148467
22 0.026590400965
23 0.0309472807404
24 0.0219478737997
25 0.206440689159
26 0.00683465258531
27 0.252929966201
28 0.00679484824974
29 0.0101692579688
30 0.0290129298533
31 0.0219122307113
32 0.0301703445527
33 0.0148639972553
34 0.0225412904597
35 0.0165787115345
36 0.00563815496521
37 0.0704653762475
38 0.0598409178791
39 0.0210950749774
40 0.0409231728754
41 0.283181031544
42 0.0260777742228
43 0.0777727283327
44 0.0107825018967
45 0.0161367462382
46 0.0190678024656
47 0.0169623093952
48 0.0298451955279
49 0.0585358041309
50 0.0317787061476
51 0.0348492065095
52 0.0313068771073
53 0.0181256841624
54 0.0572704091717
55 0.838980708018
56 0.158241620131
57 0.179470438081
58 0.231462798622
59 0.0197847466019
60 0.0231679468947
61 0.0332792781997
