1 0.0572199108919
2 0.0113861243778
3 0.00985701535069
4 0.0124918456805
5 0.0356099250051
6 0.0306963239427
7 0.0122090665748
8 0.0125287411103
9 0.018917094204
10 0.171967335639
11 0.0428729486149
12 0.0107414877434
13 0.0469021550165
14 0.0261924578593
15 0.0290110387036
16 0.0278997694359
17 0.0126130645264
18 0.0121408198593
19 0.0164763742679
20 0.00667968174812
21 0.0367849756105
22 0.0255643103135
23 0.113406724945
24 0.0153381806826
25 0.020079004737
26 0.0357897736748
27 0.199559286538
28 0.0473315526252
29 0.0472688054034
30 0.0102486978682
31 0.0162913717815
32 0.0360919513653
33 0.0198893980934
34 0.0154494893163
35 0.0223289292983
36 0.00487180736421
37 0.0124234770085
38 0.11931627223
39 0.0214129382556
40 0.0121886467803
41 0.0612178128873
42 0.166139713136
43 0.0191425270836
44 0.0118453110556
45 0.00971078411349
46 0.0422642414326
47 0.0501837126188
48 0.0465868734663
49 0.0342746620522
50 0.0107718145143
51 0.0172357119873
52 0.017085814594
53 0.0253107945939
54 0.0309837686294
55 0.0202232080719
56 0.0334725146661
57 0.203645569313
58 0.242820209775
59 0.243901480834
60 0.0449820595187
61 0.0133023315269
