1 0.0280329807573
2 0.0193023011821
3 0.0056124289155
4 0.0264674298481
5 0.0262408204256
6 0.0939527275687
7 0.235268035455
8 0.00996185560766
9 0.0103991442518
10 0.11389687053
11 0.0405777923349
12 0.00778139453795
13 0.00998078737652
14 0.0450275992837
15 0.0108989240045
16 0.0139852006005
17 0.0173441672255
18 0.0202156207161
19 0.0100806764261
20 0.11567856589
21 0.0349020176993
22 0.0109514876184
23 0.220070512332
24 0.0156910646571
25 0.0139381473412
26 0.0117385181271
27 0.172066051258
28 0.00875088948376
29 0.0112375887404
30 0.0166753716175
31 0.0250883118082
32 0.0231626565126
33 0.0113345758289
34 0.0115548428143
35 0.00833399240409
36 0.0473720428747
37 0.0330592018373
38 0.014439681825
39 0.0231870995244
40 0.0348719514056
41 0.226113708217
42 0.0270327768465
43 0.0416677497235
44 0.033927240651
45 0.0192518327911
46 0.00947433212594
47 0.0282805032921
48 0.0261604383793
49 0.0129128502836
50 0.0136273756921
51 0.0348880784591
52 0.018387663087
53 0.00936928682188
54 0.0168638368508
55 0.468925691299
56 0.148054340575
57 0.159887824679
58 0.170930186136
59 0.0274005804327
60 0.00745404215378
61 0.0146343172184
