1 0.0368762760683
2 0.0127038326977
3 0.0163053470963
4 0.00688465818426
5 0.0163238154994
6 0.0247319852247
7 0.0250680411508
8 0.025940729527
9 0.0371884092002
10 0.121689762291
11 0.0314589779336
12 0.0126789413967
13 0.00802114029596
14 0.0171224113744
15 0.0131639795809
16 0.0243990942663
17 0.0134301676492
18 0.0138736161616
19 0.0130694668583
20 0.0241541083725
21 0.0100866433607
22 0.013285508052
23 0.0329896555874
24 0.0170158050717
25 0.0181860333531
26 0.00873276128478
27 0.251254218077
28 0.0366921859675
29 0.0250421707637
30 0.0315586373143
31 0.0182736966567
32 0.0134563887509
33 0.014792787009
34 0.00945899064422
35 0.006704865303
36 0.0114687760279
37 0.197287222066
38 0.0148656725439
39 0.0108266263071
40 0.016121562757
41 0.0821010724628
42 0.0188156586542
43 0.0332506559013
44 0.019277604516
45 0.0183389919152
46 0.0171287297126
47 0.0174285583852
48 0.0198524121915
49 0.0225141077741
50 0.0502577327341
51 0.0498157344434
52 0.0215622680047
53 0.0123722960374
54 0.00913228732499
55 0.158468211541
56 0.155086287427
57 0.274731835225
58 0.147474556735
59 0.0163578448473
60 0.0455823174496
61 0.0406101027687
