1 0.155849415829
2 0.0291783513029
3 0.0380199874353
4 0.0176336843689
5 0.0160138075196
6 0.300611787298
7 0.205069038284
8 0.0399441113236
9 0.0252959773539
10 0.042883908565
11 0.00810259354122
12 0.0122297264273
13 0.0404233070633
14 0.020642106918
15 0.0222129475895
16 0.00819232308507
17 0.0210065307481
18 0.00514444844031
19 0.0322845437396
20 0.0565304562225
21 0.0135563145581
22 0.0413519949826
23 0.184671668947
24 0.0404967926102
25 0.0381258802853
26 0.0220798195213
27 0.247824694144
28 0.0214458841508
29 0.0441719545992
30 0.0263310219159
31 0.0398270637963
32 0.0164750315983
33 0.101757683407
34 0.0233128660557
35 0.0580285298355
36 0.0316274226314
37 0.0260935971357
38 0.0274735461901
39 0.0307966192456
40 0.0479431748814
41 0.189915760523
42 0.0245433127152
43 0.0258825865263
44 0.00356521727207
45 0.0282712785107
46 0.0306478600225
47 0.0180523549831
48 0.0229064672363
49 0.0149565094761
50 0.100757559196
51 0.0241045192231
52 0.0454739881445
53 0.077582691394
54 0.00507220352729
55 0.560316774411
56 0.2172570323
57 0.258557388714
58 0.202243625853
59 0.0161498817465
60 0.00905185014778
61 0.0315779780053
