1 0.0518586433787
2 0.0190612069329
3 0.0171745572014
4 0.0237793922426
5 0.0166791161205
6 0.177756425668
7 0.233281191494
8 0.020992757887
9 0.0792748814675
10 0.0600365719551
11 0.0158513206712
12 0.00603098776674
13 0.0156075313363
14 0.0452300279366
15 0.0077001816515
16 0.0317271389698
17 0.0124345062545
18 0.0128858125953
19 0.0236549841622
20 0.113230216955
21 0.038235586789
22 0.0332682473254
23 0.298026256322
24 0.0578412302598
25 0.0215511808434
26 0.0300144905443
27 0.0599106600926
28 0.0239806482891
29 0.0112482375402
30 0.00848497244979
31 0.0242272155326
32 0.00557213483199
33 0.029366186659
34 0.00959919980015
35 0.00910606776954
36 0.0132717246814
37 0.100950308314
38 0.0263666077265
39 0.0394625117516
40 0.0190215254564
41 0.232185273962
42 0.0217010875364
43 0.0248562836993
44 0.00494328669198
45 0.0114966741625
46 0.0456795254139
47 0.0127348703538
48 0.0155608564954
49 0.0580443794473
50 0.140021241665
51 0.0137215316742
52 0.0271927537689
53 0.0215292728619
54 0.0226155612456
55 0.271783256771
56 0.210551819659
57 0.263638808534
58 0.241637059012
59 0.0203399064219
60 0.00746432936338
61 0.0289011119687
