1 0.0530627897286
2 0.00895826494266
3 0.0165348468973
4 0.00942167508654
5 0.0358339793613
6 0.0173287249784
7 0.00463787744924
8 0.0335514682417
9 0.047550444518
10 0.179751570041
11 0.0270071654202
12 0.0106278663238
13 0.00554650079569
14 0.0109999301623
15 0.0184882162722
16 0.0518041636673
17 0.0202076610898
18 0.041548418417
19 0.138150602357
20 0.00894167650315
21 0.00597634170503
22 0.0124373131013
23 0.0139392660966
24 0.0578278929526
25 0.206092278099
26 0.0169056800289
27 0.195666045635
28 0.0212251208213
29 0.0143076140473
30 0.0334228787687
31 0.0713539550325
32 0.0139440704701
33 0.0194649382236
34 0.0169733167809
35 0.0292428069314
36 0.0198602091777
37 0.0240236641166
38 0.0123859342834
39 0.0374609781478
40 0.00613411080652
41 0.260568748972
42 0.01880875871
43 0.0153446140441
44 0.0249318061174
45 0.00814524683254
46 0.0300991219534
47 0.036189101888
48 0.0126898031672
49 0.206226391258
50 0.00687745688009
51 0.0155490479589
52 0.0363218219164
53 0.00887601738934
54 0.0754280138739
55 0.731821900562
56 0.1638320867
57 0.182162452045
58 0.185339991764
59 0.00847802931692
60 0.00715371113785
61 0.026781187602
