1 0.0557517654176
2 0.0428937433057
3 0.0146684773834
4 0.0183791316087
5 0.0506307630517
6 0.0888801907265
7 0.211888461013
8 0.162679337508
9 0.0326368014978
10 0.0607190649994
11 0.0401888974276
12 0.00471148727315
13 0.242175533027
14 0.0545597484526
15 0.0232678036029
16 0.0153509337189
17 0.00850503893655
18 0.00997689197768
19 0.0340664653294
20 0.0267206687161
21 0.0158732879595
22 0.00802408041383
23 0.380810922326
24 0.0156772331862
25 0.076289418824
26 0.013356709214
27 0.0131645634827
28 0.0134560091367
29 0.0112461464509
30 0.0563883486849
31 0.0192816173382
32 0.0208660431375
33 0.0230864111264
34 0.0454490112263
35 0.00458772835948
36 0.00966022338122
37 0.0933168282513
38 0.0370233183524
39 0.0266849119914
40 0.0452010110132
41 0.0401452147759
42 0.0395039085605
43 0.0347860228678
44 0.00636733497626
45 0.024613941636
46 0.0530225256875
47 0.0113362297352
48 0.0301410062813
49 0.225437283539
50 0.0387668350985
51 0.0156901342343
52 0.00882329427406
53 0.0302194749897
54 0.0168442920823
55 0.386022299408
56 0.215892422729
57 0.144686188781
58 0.162446447504
59 0.0258322874835
60 0.00746045586356
61 0.0147294416156
