1 0.0474867697179
2 0.0255154670194
3 0.00843610975207
4 0.0187690131549
5 0.0574786687304
6 0.0192301490182
7 0.0189629121505
8 0.0128104628422
9 0.0147458297443
10 0.190926809927
11 0.0181271061298
12 0.0125760182557
13 0.0102103340242
14 0.0169005265258
15 0.0189265962586
16 0.0219596362195
17 0.0389693161684
18 0.130237518541
19 0.0256831054712
20 0.0182733828975
21 0.0083974690763
22 0.0101079167866
23 0.285372039644
24 0.0125835386777
25 0.0137674951611
26 0.0311605522404
27 0.146526688541
28 0.0190140713553
29 0.0315903718996
30 0.0547389705118
31 0.0101080127604
32 0.00743959834535
33 0.0163988272974
34 0.0582186080206
35 0.0123533642505
36 0.0270668286886
37 0.0395857766744
38 0.542633468131
39 0.0116307340801
40 0.0145917669062
41 0.030382493408
42 0.121965163342
43 0.0115385112919
44 0.0143408869961
45 0.0553666968161
46 0.0234360355509
47 0.04039390334
48 0.0233782165064
49 0.0147591819154
50 0.0269144836946
51 0.016190259031
52 0.0458714741575
53 0.071827313794
54 0.017848604028
55 0.0133623781727
56 0.0275311770908
57 0.210796894138
58 0.196989902472
59 0.194539144544
60 0.00655702841652
61 0.00708174324561
