1 0.0537645490844
2 0.0204744342503
3 0.0220983886134
4 0.0294751388215
5 0.0404552381827
6 0.207419692911
7 0.0108006691489
8 0.0238194983256
9 0.0477604986497
10 0.00808883793143
11 0.0404188061712
12 0.0146391153278
13 0.0237142474462
14 0.0195879952955
15 0.0114755767971
16 0.0150582144108
17 0.0176977432246
18 0.00410561277114
19 0.113478949803
20 0.0349767375975
21 0.011898503219
22 0.0547483806125
23 0.665808660121
24 0.0139562615903
25 0.13038427383
26 0.0172595510527
27 0.0781290008093
28 0.0681470112803
29 0.0381774745948
30 0.0248926764736
31 0.0100457524628
32 0.0119979829905
33 0.0141947471003
34 0.00655511376009
35 0.0199229382746
36 0.0266563549286
37 0.18777701876
38 0.0137218093787
39 0.0104814407391
40 0.0413141235795
41 0.0314053850041
42 0.0225464807683
43 0.0192152959511
44 0.0035453136598
45 0.0113561146377
46 0.02467389141
47 0.0249631448177
48 0.0144580932504
49 0.320868105863
50 0.011230484628
51 0.0325902763272
52 0.0126986525175
53 0.0307396143988
54 0.0447439085755
55 0.225632853427
56 0.200468982954
57 0.194247137965
58 0.159273338604
59 0.0254869555875
60 0.0134309898296
61 0.0215012309093
