1 0.037395332575
2 0.0123884663317
3 0.030421467021
4 0.00790040373633
5 0.0413676352495
6 0.0279217854886
7 0.0145828280749
8 0.00823500008861
9 0.0126176813445
10 0.160023796838
11 0.0145766378451
12 0.00960898695241
13 0.0120216462076
14 0.028859542355
15 0.0402805081325
16 0.0168257015034
17 0.0135219999037
18 0.0280261344738
19 0.0278648216281
20 0.00474144114333
21 0.0239239364086
22 0.0582047033805
23 0.194806243907
24 0.0280373304489
25 0.0159418092583
26 0.00999775528912
27 0.116969463765
28 0.0114353063519
29 0.0373431005809
30 0.0225542464444
31 0.00675981662224
32 0.0130320014744
33 0.010458248483
34 0.0157460666498
35 0.0184283208495
36 0.0214820202491
37 0.0391629274572
38 0.312999194886
39 0.0116680667301
40 0.0229438030352
41 0.0103973376299
42 0.2276125329
43 0.00763631530616
44 0.0131634806278
45 0.012506476767
46 0.0363172961899
47 0.105583069422
48 0.0237998640532
49 0.060964885741
50 0.0582451399667
51 0.0459648928383
52 0.0450397430634
53 0.0606414628675
54 0.00906195413413
55 0.0105655316817
56 0.0244517946788
57 0.260150440404
58 0.221680310863
59 0.245679071196
60 0.023301912412
61 0.0274681513354
