1 0.0260246693188
2 0.0314625316638
3 0.0119861840903
4 0.0129791167177
5 0.0200896070727
6 0.0115617385489
7 0.0130467069824
8 0.0183442058663
9 0.0195343465014
10 0.165208080442
11 0.0180597666084
12 0.0127475260098
13 0.0127822144531
14 0.016654504747
15 0.0162147095081
16 0.0495562727893
17 0.00882291773667
18 0.0112333801751
19 0.028523127791
20 0.0214004616882
21 0.00771462890878
22 0.0226289847267
23 0.386607593137
24 0.0925211165831
25 0.0097322204566
26 0.0290234056403
27 0.126253694702
28 0.0313537864813
29 0.0134947803546
30 0.0479060230118
31 0.0101357583389
32 0.0284755586026
33 0.0101975537036
34 0.0122933835667
35 0.0221483940498
36 0.0566175307241
37 0.0277299989056
38 0.25763024155
39 0.0100917824763
40 0.0138963938869
41 0.0205552464992
42 0.254795527092
43 0.0117749164881
44 0.0402217866769
45 0.01642442109
46 0.00395376519281
47 0.0779816814933
48 0.0431679658948
49 0.013204447183
50 0.0397030525179
51 0.0147641909022
52 0.012353209161
53 0.0293980232419
54 0.0540214547324
55 0.00701835236204
56 0.017453771137
57 0.205686179231
58 0.158708073346
59 0.0804588938266
60 0.0206784767082
61 0.011645168046
