1 0.032539574144
2 0.0160663240922
3 0.0140753886043
4 0.00814673308714
5 0.0236466545558
6 0.0706061740399
7 0.0300291087496
8 0.017024365961
9 0.0224320886862
10 0.23429016316
11 0.0676054299582
12 0.00659268139825
13 0.00741588787866
14 0.00969229572497
15 0.0127877948654
16 0.0344824976491
17 0.0107443461524
18 0.0244405643815
19 0.0418779093822
20 0.0242229365819
21 0.0152094401977
22 0.0141105534405
23 0.00960875565771
24 0.0163140523632
25 0.057106950799
26 0.0290853017116
27 0.238940382925
28 0.0152215601511
29 0.0199457549873
30 0.0127831904359
31 0.0237620599395
32 0.0126721777065
33 0.0691578287833
34 0.0132699898784
35 0.0202471527441
36 0.00601553356426
37 0.0445384808058
38 0.0231725721684
39 0.0291681573356
40 0.0304141806632
41 0.103618991644
42 0.019538902857
43 0.0122405562929
44 0.0243330860253
45 0.00854915450749
46 0.0316371002306
47 0.0265163176655
48 0.0171955429404
49 0.0542920318366
50 0.0228158166901
51 0.0352541567936
52 0.0155222106328
53 0.0251215961221
54 0.0173376107386
55 0.444745667161
56 0.237826451331
57 0.168540697838
58 0.159391622348
59 0.0121290131603
60 0.0171256375502
61 0.0196186110549
