1 0.0429594414547
2 0.00806097213062
3 0.0125946747754
4 0.0206948429677
5 0.0170635441374
6 0.0201982059045
7 0.0143940555148
8 0.0192919039512
9 0.0360560331415
10 0.203051924604
11 0.0102740874437
12 0.017831116046
13 0.00965600494311
14 0.0238406912943
15 0.00810798260981
16 0.024838748704
17 0.0203899618505
18 0.0280688940672
19 0.0134234121386
20 0.0143701793303
21 0.12316021794
22 0.017971368238
23 0.147911016799
24 0.0379484052161
25 0.0289067655511
26 0.0136862466567
27 0.155026201113
28 0.0173596880929
29 0.0149179408521
30 0.0178766803841
31 0.0133232514877
32 0.054010916856
33 0.00944578153956
34 0.0147588335267
35 0.011183354469
36 0.00738840529238
37 0.0267959408214
38 0.216234868006
39 0.0306615609373
40 0.0205393684087
41 0.0243315218036
42 0.144299178498
43 0.0111792832093
44 0.022778952879
45 0.0301230104071
46 0.0565051862329
47 0.0418354080933
48 0.00835984216334
49 0.0133746397603
50 0.0724195643204
51 0.0187296290836
52 0.038510525107
53 0.0198569460127
54 0.054562714727
55 0.0406093785165
56 0.0116219381688
57 0.159233692671
58 0.0821666291104
59 0.279714061747
60 0.0150806658
61 0.0108981544359
