1 0.0299705173198
2 0.0246373748841
3 0.015291969066
4 0.0130454569057
5 0.0327065081004
6 0.0219015075275
7 0.0105564509709
8 0.0189262811035
9 0.0111785623918
10 0.154319981996
11 0.0192387715795
12 0.017971655097
13 0.0115021312699
14 0.018134633852
15 0.0312608828006
16 0.0283427344321
17 0.00924147178314
18 0.0179482197611
19 0.0183688455147
20 0.0178418981399
21 0.0141742631828
22 0.0235672900899
23 0.0531632614483
24 0.0147708148264
25 0.0149048615422
26 0.0141059488312
27 0.121941279882
28 0.0119928398482
29 0.0265794549266
30 0.00809752521016
31 0.0123391308051
32 0.0209140551087
33 0.0176769037133
34 0.0550270639675
35 0.0146441091297
36 0.0139262835954
37 0.0374355225407
38 0.0789356845696
39 0.0492402170458
40 0.0121257022146
41 0.0194206123458
42 0.217022255324
43 0.0199817217255
44 0.0169831824684
45 0.0169539745127
46 0.00950850707838
47 0.0157066309399
48 0.0101484227627
49 0.0525909475203
50 0.0215539672149
51 0.0155704262405
52 0.0246009238606
53 0.041219032466
54 0.0617933001184
55 0.0410561626425
56 0.0263813596733
57 0.207748186624
58 0.232374202299
59 0.211913568775
60 0.0170721298731
61 0.0104558992048
