1 0.0863848891622
2 0.0198165922101
3 0.00975062204082
4 0.163235738588
5 0.0257732391432
6 0.138316523649
7 0.20432002832
8 0.0116306082801
9 0.0391810871598
10 0.124849765881
11 0.0234433507844
12 0.0116225758585
13 0.0128796931974
14 0.0107107636918
15 0.00776952810894
16 0.0186033153153
17 0.0178586136299
18 0.0154524202617
19 0.00871940087578
20 0.12306572744
21 0.0276654073256
22 0.0167248740912
23 0.165108633652
24 0.0233204352179
25 0.0162540573778
26 0.00958363096937
27 0.195799760288
28 0.0156120065742
29 0.036763122077
30 0.0166348217288
31 0.0398275244514
32 0.0252804627873
33 0.00689023929277
34 0.0143647302059
35 0.0108969919437
36 0.0213712652942
37 0.0176683063323
38 0.0315188146674
39 0.0202028890868
40 0.054878480637
41 0.166140782956
42 0.0256335074939
43 0.0301322764013
44 0.0119881734553
45 0.0196729076678
46 0.0376039008904
47 0.0103713357565
48 0.019971828992
49 0.0153916734253
50 0.0206213781172
51 0.04065568952
52 0.0280637147615
53 0.00714195966558
54 0.0406669301229
55 0.434645734524
56 0.120635845477
57 0.248385179178
58 0.183368150536
59 0.012855615942
60 0.00461104667135
61 0.0381183931749
