1 0.0261009922861
2 0.0200094734689
3 0.0115453805979
4 0.011239121466
5 0.055709053325
6 0.0720555281196
7 0.0632757882017
8 0.0187209068727
9 0.01024038991
10 0.17122972514
11 0.0199765509852
12 0.00563269456031
13 0.0249239783473
14 0.0203034554415
15 0.00834409767412
16 0.0150363954146
17 0.0208799413609
18 0.0296104361418
19 0.0291414876454
20 0.0293353471676
21 0.0415174682476
22 0.0587096924045
23 0.33588201797
24 0.0361267364586
25 0.0189576716203
26 0.0116035705535
27 0.219985633624
28 0.0376963136894
29 0.0232950341842
30 0.0133508158464
31 0.0182123940956
32 0.0125711662075
33 0.0256361831606
34 0.0306092323967
35 0.0155798746452
36 0.0449870422273
37 0.0419073711409
38 0.267209179139
39 0.0136361689518
40 0.036493497439
41 0.0189576716203
42 0.0904734790602
43 0.0107601037195
44 0.0208630589419
45 0.0227364583333
46 0.0395237727152
47 0.0566499240202
48 0.0531006542188
49 0.011077740974
50 0.0332530281993
51 0.0511794752967
52 0.01837961438
53 0.0355172280032
54 0.0410841566794
55 0.0238767923952
56 0.0148108166766
57 0.220600785604
58 0.185227754262
59 0.0886310877323
60 0.0108368470185
61 0.0123982456187
