1 0.079753872143
2 0.0382114576217
3 0.0173787377827
4 0.00969080667043
5 0.0323371224926
6 0.0568066601109
7 0.0352732234486
8 0.0147696205306
9 0.0413820900332
10 0.197940995904
11 0.0389597173122
12 0.0273541106772
13 0.00798453025454
14 0.02185157662
15 0.0226503995363
16 0.0302007403687
17 0.00957450345179
18 0.0313669885204
19 0.135925177309
20 0.0173898856764
21 0.00867152822403
22 0.0421020998754
23 0.0336743549709
24 0.0114620431042
25 0.0432552692985
26 0.0151412209496
27 0.214682753382
28 0.0368574757549
29 0.0227839748298
30 0.0698237362927
31 0.0249595410934
32 0.0122969723926
33 0.0612363160217
34 0.00814180752586
35 0.0495470635272
36 0.00916067151587
37 0.143459814926
38 0.0134784452374
39 0.030292076859
40 0.016162616962
41 0.269508608267
42 0.0160866824602
43 0.0198894530879
44 0.0166514424623
45 0.03322337454
46 0.023589873809
47 0.0259023338161
48 0.0120941431035
49 0.0876096202753
50 0.0600071211255
51 0.0263493075445
52 0.04063163394
53 0.0161916487124
54 0.015410381894
55 0.173635099516
56 0.262751972678
57 0.187955448963
58 0.166350484061
59 0.0218954164099
60 0.0123715696501
61 0.00664726051951
