1 0.0293508377389
2 0.0118379296695
3 0.0120121756894
4 0.0374778725534
5 0.0159113595726
6 0.224127369264
7 0.244533932018
8 0.0169485119546
9 0.0145033034117
10 0.137082426028
11 0.0383905995322
12 0.0472014990229
13 0.0242970040828
14 0.0237533149505
15 0.0147053726113
16 0.0646349187014
17 0.00262622974281
18 0.0316658795131
19 0.00714289457403
20 0.158514169835
21 0.0177227796877
22 0.0172227657735
23 0.257445383942
24 0.0493008773048
25 0.00970293964024
26 0.0559634165648
27 0.410833812896
28 0.05223492409
29 0.0181272049076
30 0.0168369781443
31 0.0119023329245
32 0.015360018824
33 0.116109508873
34 0.00890226067837
35 0.0264952911881
36 0.00722829100364
37 0.0540398046979
38 0.0176985712622
39 0.0463811198925
40 0.0727750417003
41 0.226408774975
42 0.0472021107544
43 0.0517571908742
44 0.0236580937239
45 0.0196571197603
46 0.074262262109
47 0.0177417631991
48 0.0334380148851
49 0.026156408013
50 0.0817446751203
51 0.0150682271074
52 0.0161225572742
53 0.0150673440454
54 0.0376768045968
55 0.739721452451
56 0.238666171446
57 0.144169089115
58 0.143379745824
59 0.0336171846559
60 0.00843310810754
61 0.0122226056095
