1 0.0535376247807
2 0.014056835608
3 0.0131271916685
4 0.0222063281056
5 0.0390635629949
6 0.0465220609178
7 0.0152628016487
8 0.0100179882852
9 0.0243954277809
10 0.115820708986
11 0.0102740578181
12 0.00924393824641
13 0.00859424403336
14 0.011332815254
15 0.0103562828977
16 0.0369552191834
17 0.0427737936019
18 0.0268088422219
19 0.0210780673328
20 0.0115053903495
21 0.0271572077863
22 0.11214613263
23 0.312706324411
24 0.0547479228088
25 0.0514997015577
26 0.0121675907651
27 0.192467414601
28 0.0127360763067
29 0.013353752745
30 0.0237049839293
31 0.0271301162734
32 0.0219942620093
33 0.0232825388458
34 0.0415893129154
35 0.0189270588883
36 0.0158643180889
37 0.0175301650224
38 0.478790899337
39 0.0104988222117
40 0.0455990268442
41 0.0594323972506
42 0.241687825878
43 0.0077413684704
44 0.0150705103393
45 0.0485233537919
46 0.0247941535207
47 0.0251207985081
48 0.0304237193272
49 0.0173373681166
50 0.0205583315478
51 0.0266549112377
52 0.0344497979408
53 0.0123280630021
54 0.0149454723539
55 0.0191549614574
56 0.00750421756747
57 0.186783776504
58 0.282098860296
59 0.209528727863
60 0.0211905873607
61 0.0123091803508
