1 0.0403813102302
2 0.0321644934884
3 0.0080347265544
4 0.0225633919087
5 0.0535596938776
6 0.0412091987036
7 0.0113818915018
8 0.0113502914742
9 0.0230841321433
10 0.181512940346
11 0.0143580164061
12 0.0140732543034
13 0.0140726151909
14 0.029064636891
15 0.0120150760704
16 0.0219128043337
17 0.00552081159348
18 0.0177476175585
19 0.0258376620434
20 0.091968356371
21 0.0217100106467
22 0.0242925260247
23 0.274611016121
24 0.0609927073395
25 0.0107017571674
26 0.0136419214475
27 0.142597984032
28 0.0299077963629
29 0.0214080329924
30 0.067824578695
31 0.0120587195635
32 0.0260153913016
33 0.0466969501581
34 0.0120064341851
35 0.0123744275141
36 0.0131258686722
37 0.00914764999897
38 0.221580646036
39 0.0282240090703
40 0.0166444532619
41 0.0188772530664
42 0.230250704176
43 0.0148763244186
44 0.0297215682538
45 0.0209223076876
46 0.0124726771921
47 0.0293868469023
48 0.00936358027029
49 0.036765383726
50 0.0656191908825
51 0.0508921082869
52 0.0165015135739
53 0.0297466063918
54 0.0320927417509
55 0.0753104057478
56 0.0168923673552
57 0.136538129097
58 0.241080463104
59 0.0858590594061
60 0.00990629236044
61 0.0123398327829
