1 0.0578167941778
2 0.0111417923637
3 0.0122794515946
4 0.0209119457177
5 0.0418169339636
6 0.0161253194067
7 0.0208677834592
8 0.0146131053719
9 0.0513079329739
10 0.273871707356
11 0.00769603264592
12 0.00891999878247
13 0.0200621187482
14 0.0121660551292
15 0.0289678636841
16 0.0326360904671
17 0.0178757070992
18 0.0203479394339
19 0.0149217725423
20 0.0211830706865
21 0.0109542922451
22 0.0942048162803
23 0.066142305653
24 0.0220048645667
25 0.0197394957041
26 0.0108685126609
27 0.217077977523
28 0.0122417417182
29 0.0161805456229
30 0.0222820173285
31 0.0288568086313
32 0.0181984509166
33 0.00974095923838
34 0.0320898392414
35 0.0127056985344
36 0.0220583017927
37 0.022112762167
38 0.249233384272
39 0.0068209159131
40 0.0301997730322
41 0.0261261068019
42 0.143965078539
43 0.0208230829527
44 0.0195184196076
45 0.0196924921925
46 0.0029425357132
47 0.0488783457336
48 0.043885195537
49 0.0134782162067
50 0.0452990247485
51 0.063313181578
52 0.0362061909837
53 0.0370042877394
54 0.0447702229482
55 0.0105251930457
56 0.0245684635829
57 0.22256240446
58 0.269312475685
59 0.190105449831
60 0.0289520184648
61 0.00814167816371
