1 0.0367873379544
2 0.00776267629779
3 0.0365001403268
4 0.00609499455645
5 0.0706443291274
6 0.0343409429504
7 0.0189660091303
8 0.0294884772346
9 0.0252546321475
10 0.15988479164
11 0.0165618515246
12 0.0247100334603
13 0.0141810121781
14 0.0462100177835
15 0.00779845351858
16 0.0265079291808
17 0.0289552755772
18 0.0248695244949
19 0.0140594396195
20 0.010933065102
21 0.0245625559896
22 0.0367531617723
23 0.179405811
24 0.0119561622674
25 0.0225829688127
26 0.0130000182731
27 0.115108460499
28 0.0309367104869
29 0.014947490514
30 0.0141611168465
31 0.0191001506865
32 0.0375435052454
33 0.0204445278392
34 0.0181524101756
35 0.0144863665025
36 0.00923584474751
37 0.0286188168966
38 0.177127510833
39 0.0448872306808
40 0.0523220168879
41 0.0347350924747
42 0.171734387859
43 0.0193042268764
44 0.026677914952
45 0.01720161009
46 0.0234956523267
47 0.0537064251441
48 0.0236897457502
49 0.0172477294463
50 0.0296400704116
51 0.0487825630014
52 0.0380684587045
53 0.0181761469883
54 0.0157800535994
55 0.0266094297294
56 0.0286196785183
57 0.196415776608
58 0.163926067215
59 0.262078652479
60 0.0378374804062
61 0.0246088297458
