1 0.110742356749
2 0.0153307119749
3 0.0358785717682
4 0.018323984998
5 0.0222930983695
6 0.125148625578
7 0.134033433124
8 0.0166975052698
9 0.0343002528272
10 0.0366024575797
11 0.0244562518244
12 0.0105639315028
13 0.00861490421357
14 0.0291264722931
15 0.0399089509354
16 0.0519664483663
17 0.00918484638297
18 0.0125758977137
19 0.019643601494
20 0.195942248451
21 0.0166523095979
22 0.015168928121
23 0.34697342717
24 0.0132518788252
25 0.0323922487274
26 0.01618074697
27 0.104892335685
28 0.0237431007572
29 0.0197100931164
30 0.0392839094248
31 0.0199475332732
32 0.0298507943303
33 0.0376790643739
34 0.0043008610454
35 0.00904086049724
36 0.00578001245506
37 0.267477356849
38 0.0135124577712
39 0.0810034692057
40 0.0884653715535
41 0.205727661934
42 0.00944582082188
43 0.0344738560926
44 0.0192319562496
45 0.0555752466962
46 0.0678989183931
47 0.0126570611321
48 0.0280773671971
49 0.0908372191761
50 0.0687086701705
51 0.0613798063422
52 0.013236433183
53 0.00976109946617
54 0.043058493933
55 0.235078435715
56 0.12309533966
57 0.171902891148
58 0.216562404689
59 0.027070711877
60 0.0309877468225
61 0.0287937626084
