1 0.0370809792449
2 0.029595723445
3 0.0116611704763
4 0.00585809742177
5 0.0376884639408
6 0.0155442392545
7 0.0357244660119
8 0.0109486853919
9 0.0401284105851
10 0.135271759624
11 0.020066172733
12 0.0171034466607
13 0.0155897272002
14 0.0080394219792
15 0.0140201595112
16 0.04583084564
17 0.0231999707159
18 0.0502337591268
19 0.0132600220673
20 0.0189114177049
21 0.0321007707194
22 0.0132266949304
23 0.10612361174
24 0.0170908888127
25 0.0372856939826
26 0.0261246285723
27 0.222465759816
28 0.0220211767403
29 0.0142941334419
30 0.0375578390722
31 0.0345627969963
32 0.0493211882926
33 0.0118332326284
34 0.0167044464863
35 0.0244162379032
36 0.00967133994188
37 0.0303701850608
38 0.13151622719
39 0.0300754858731
40 0.0175281324685
41 0.0358899445543
42 0.133158894825
43 0.0181054730141
44 0.0119777308961
45 0.0617475048035
46 0.00836215662043
47 0.0609165238314
48 0.0340409063831
49 0.0158936099549
50 0.0222514346914
51 0.00777655751181
52 0.0121349802327
53 0.0409286220815
54 0.00918333867455
55 0.0172489649768
56 0.0196190503976
57 0.188864546081
58 0.0936808877811
59 0.261588184959
60 0.0123559885611
61 0.00727049514234
