1 0.0352733999616
2 0.0295159620843
3 0.0285039758899
4 0.0525108477351
5 0.0467632671499
6 0.0853971783834
7 0.0383211295025
8 0.0446875969195
9 0.0490188227288
10 0.18256819715
11 0.0183809337884
12 0.0127134917608
13 0.00546155087568
14 0.0163756590507
15 0.0171975218074
16 0.0216913713796
17 0.00631478024575
18 0.0145183840985
19 0.123096026496
20 0.0678491795874
21 0.0103723185237
22 0.0123131596793
23 0.0188225717738
24 0.0185384886108
25 0.0135052747234
26 0.0140298132334
27 0.127015993784
28 0.0124606689984
29 0.0196678306931
30 0.00978439406071
31 0.010653139799
32 0.0115497502323
33 0.0673871927145
34 0.00786953894643
35 0.0391028806261
36 0.0089060752253
37 0.397587787412
38 0.0325833848947
39 0.0290519410695
40 0.0321459243578
41 0.20941867383
42 0.0347152947451
43 0.019557017491
44 0.0377394914827
45 0.00893167882231
46 0.0918610548517
47 0.0127126742322
48 0.0132572462308
49 0.0484276114687
50 0.0187469792084
51 0.0994142270942
52 0.0637934398581
53 0.0278439292824
54 0.0277034730572
55 0.13317209427
56 0.186446084621
57 0.229264746264
58 0.142735144972
59 0.014451306319
60 0.0260941028264
61 0.0140739865826
