1 0.0727605133194
2 0.0154788421159
3 0.0149954386679
4 0.00848990326108
5 0.0304036215037
6 0.0209003027631
7 0.0224384363823
8 0.0152295334532
9 0.0129132390827
10 0.144032056893
11 0.015497554597
12 0.0444261335002
13 0.0165730468493
14 0.00696155651645
15 0.0604931217795
16 0.0417802082084
17 0.00687732035217
18 0.0178822783715
19 0.0186844054909
20 0.0142820881329
21 0.0366730212372
22 0.0175706932789
23 0.503421118246
24 0.0493695212139
25 0.00706384648056
26 0.00578024589863
27 0.144722831116
28 0.0104923845679
29 0.0616680392453
30 0.0177411957117
31 0.0125835495302
32 0.0283256497499
33 0.0354112218842
34 0.0119646423947
35 0.0224025933682
36 0.0133611519197
37 0.0112983960765
38 0.252142267347
39 0.0146041775174
40 0.0397129659871
41 0.0333286001449
42 0.0893760939206
43 0.0259716073853
44 0.0326753102897
45 0.0133261941749
46 0.0321247309762
47 0.010260117826
48 0.066162052054
49 0.0239213802522
50 0.0493558588237
51 0.0513466617705
52 0.0715646165292
53 0.0249473387918
54 0.00925520291195
55 0.0317805543613
56 0.00638738009394
57 0.178995668981
58 0.22075687723
59 0.119582749534
60 0.0159233516129
61 0.0122935725373
