1 0.0515726977558
2 0.01143063614
3 0.0154850429898
4 0.0121571779659
5 0.0530856311423
6 0.0489137925311
7 0.0167137954558
8 0.0109416831016
9 0.0331778274955
10 0.235782617464
11 0.0276777314544
12 0.0309250675799
13 0.0112410498876
14 0.0152207010165
15 0.0470848816987
16 0.0396968170619
17 0.0174940114244
18 0.0178608207226
19 0.034462278871
20 0.0129176725937
21 0.0282833744872
22 0.0204114757275
23 0.147393659204
24 0.0262328677701
25 0.027907069837
26 0.0190752718803
27 0.178099758717
28 0.0215253646533
29 0.012581932855
30 0.0379591239837
31 0.0110812919789
32 0.0202044314413
33 0.0102128871819
34 0.0282354142213
35 0.00773568679027
36 0.0188132538004
37 0.0640058875425
38 0.0937849954287
39 0.0234578211044
40 0.0384811660484
41 0.0142707607915
42 0.160948884203
43 0.0153101080028
44 0.0157706856852
45 0.0258987955437
46 0.02680737173
47 0.0163595532077
48 0.0113136328655
49 0.018330403248
50 0.0584387511515
51 0.0581723481985
52 0.0760739066483
53 0.0468223314189
54 0.0290719276096
55 0.0164044288179
56 0.0594412919595
57 0.205240380869
58 0.131550217872
59 0.230211690524
60 0.051047817716
61 0.0133879408854
