1 0.0414185825559
2 0.0222365103416
3 0.0117550867949
4 0.015679853096
5 0.0393475226568
6 0.017788361363
7 0.0225838637854
8 0.0374856519348
9 0.0275440314992
10 0.190557284043
11 0.0121429435196
12 0.0152356382987
13 0.0253946456485
14 0.0187627057921
15 0.00647583452298
16 0.0369722488535
17 0.0106613515488
18 0.0109886010001
19 0.0537990390555
20 0.00881843278029
21 0.0140425507946
22 0.01191358871
23 0.0186483101265
24 0.0382474009675
25 0.193223800422
26 0.010077733143
27 0.258206032525
28 0.0125667919451
29 0.0114525114354
30 0.012007271463
31 0.0221966425206
32 0.00851564081449
33 0.0475806233344
34 0.0160520873856
35 0.0135340520661
36 0.00765412371816
37 0.0463681315981
38 0.0590178589219
39 0.00613388259339
40 0.0221711638721
41 0.289604496154
42 0.0138584210986
43 0.0210191406341
44 0.0108749136759
45 0.013480819722
46 0.0108351407293
47 0.0145767725397
48 0.0224917843722
49 0.042019768477
50 0.0191881337547
51 0.0215749896539
52 0.05643350982
53 0.0159528611286
54 0.0292733950388
55 0.602722648379
56 0.169171523656
57 0.109974446848
58 0.17882645311
59 0.0183361820302
60 0.00633452165702
61 0.0399317500108
