1 0.0416813630415
2 0.0115645031038
3 0.0230256306226
4 0.0202718234431
5 0.044152098923
6 0.224628099925
7 0.27343258654
8 0.00618648898761
9 0.0259277675917
10 0.0878406979174
11 0.0331205495162
12 0.0127707686981
13 0.0227876496763
14 0.0218780205426
15 0.0355554850773
16 0.0175473265293
17 0.00507508817636
18 0.0150963660478
19 0.0205879009721
20 0.128252352368
21 0.00871125439794
22 0.0567746143178
23 0.189343045713
24 0.0193288261622
25 0.0244902905296
26 0.0232706931282
27 0.193702611737
28 0.0188068484798
29 0.0204478635477
30 0.025401440715
31 0.0321651654186
32 0.0152025185208
33 0.0154240719174
34 0.00555984204491
35 0.00440293046163
36 0.0330536444061
37 0.0729516111552
38 0.0131115631884
39 0.0230847334172
40 0.0374619230179
41 0.173351694332
42 0.0163713455659
43 0.041714862488
44 0.0206150442344
45 0.0174863215702
46 0.10367190547
47 0.0539737401264
48 0.0182802888188
49 0.0136435570988
50 0.0292422115531
51 0.0203294321793
52 0.0199504576569
53 0.0256310272723
54 0.0262273206291
55 0.520125108115
56 0.210997411787
57 0.19647656145
58 0.209085441062
59 0.0289125382251
60 0.0224266590263
61 0.0384920224022
