1 0.0469694036084
2 0.00863683037758
3 0.0206750615379
4 0.0272260416783
5 0.0218260851377
6 0.0186795059098
7 0.0120973080054
8 0.0245046014763
9 0.0243056144053
10 0.142189572961
11 0.00942336541697
12 0.0257844805497
13 0.0115292531444
14 0.0102891733647
15 0.0417906631831
16 0.0304846983587
17 0.0100300246914
18 0.0147839068416
19 0.223731477722
20 0.00890144978353
21 0.0130203579472
22 0.023169853467
23 0.0284672276962
24 0.0383549513968
25 0.257834663114
26 0.0117179987379
27 0.253959597246
28 0.0579562310777
29 0.0377382059024
30 0.0493881357235
31 0.0283960208496
32 0.0150905109489
33 0.034382212445
34 0.0256500244141
35 0.0184606161203
36 0.0537483450068
37 0.063452054628
38 0.0187924464891
39 0.0330697508981
40 0.00974213120182
41 0.116305093189
42 0.0203544247461
43 0.0246576674285
44 0.0477198604958
45 0.0142315154233
46 0.0666998446464
47 0.0405482443466
48 0.0229679753493
49 0.219062169797
50 0.0197377461769
51 0.0934817062671
52 0.0907891374967
53 0.00617512396726
54 0.0142384255986
55 0.609874759233
56 0.184607853823
57 0.216311945595
58 0.0428985954453
59 0.0235204389699
60 0.0108807348998
61 0.0217542089212
