1 0.0325162227721
2 0.0273202133594
3 0.023805355984
4 0.0361959082268
5 0.0774757585526
6 0.0562318824245
7 0.0515470541829
8 0.0316388924666
9 0.038841560256
10 0.00982404781041
11 0.0297180351998
12 0.0158195720397
13 0.0134969063521
14 0.0784961095964
15 0.008687087439
16 0.0196472548146
17 0.029468154431
18 0.00513948857469
19 0.0250474705429
20 0.0471772227196
21 0.0189711886831
22 0.0144160133432
23 0.43022504896
24 0.0274404560106
25 0.0949329450387
26 0.109615687105
27 0.0223649191868
28 0.0246068016369
29 0.0237900188486
30 0.0890124255573
31 0.0199368670613
32 0.0125848675877
33 0.0114817382917
34 0.0113747650625
35 0.0265347729253
36 0.00819403839085
37 0.32594041882
38 0.0509678235868
39 0.0550553368684
40 0.0610246491941
41 0.0469506453632
42 0.0343421677864
43 0.0328062602932
44 0.00552992057107
45 0.0123006201641
46 0.0174009619467
47 0.0142880210855
48 0.00737218366511
49 0.255520419264
50 0.030160638918
51 0.0155454112627
52 0.0156378489777
53 0.0449947913629
54 0.0200833208326
55 0.669590879674
56 0.207753372706
57 0.101522815097
58 0.156364028433
59 0.0121514277182
60 0.0128528809022
61 0.0248842281106
