1 0.0441591522423
2 0.0161262721254
3 0.0127376539051
4 0.0479984357961
5 0.0175968498649
6 0.0787261497619
7 0.22633616814
8 0.0393349281847
9 0.019118286214
10 0.0923154294459
11 0.0177855429631
12 0.0127817573794
13 0.016810411822
14 0.0121599755562
15 0.0112459641068
16 0.0100628490596
17 0.0205167455121
18 0.0154239940368
19 0.0150822640432
20 0.12292392574
21 0.00878826818681
22 0.0119435878529
23 0.179557067259
24 0.0140557980967
25 0.0469792484118
26 0.0107798426067
27 0.181579293359
28 0.0201833582644
29 0.0107254634078
30 0.0216491541316
31 0.0291583198458
32 0.0359142789416
33 0.00900660979311
34 0.0305367367343
35 0.0247161197698
36 0.0231579717022
37 0.029144905912
38 0.0266465752254
39 0.0340573267238
40 0.0153628297971
41 0.140370602736
42 0.0174609084066
43 0.0232778188348
44 0.0215244646783
45 0.00509113270283
46 0.0221775271813
47 0.0134610546498
48 0.0160078547789
49 0.0146741692746
50 0.0201003912993
51 0.0111104535686
52 0.0200846566797
53 0.00791689635528
54 0.0222009314786
55 0.388144009717
56 0.10258423711
57 0.106386696649
58 0.119553444431
59 0.00976333281981
60 0.0101305709672
61 0.0387744623918
