1 0.031788594806
2 0.0330416051761
3 0.00938961166554
4 0.0145820824785
5 0.0410445196946
6 0.0836268661283
7 0.229370177989
8 0.00575070640821
9 0.017421947986
10 0.148427771664
11 0.0312869192862
12 0.0240419322372
13 0.00911249075475
14 0.0238480637526
15 0.0104490149849
16 0.0127154087848
17 0.0132948917532
18 0.00964148679573
19 0.0405965143321
20 0.114156440171
21 0.0135814300094
22 0.0154950383602
23 0.209314270062
24 0.0267984183908
25 0.018188688609
26 0.0136296882217
27 0.176372075107
28 0.0188122665026
29 0.0455709971003
30 0.0265181848534
31 0.020098000763
32 0.0251447466283
33 0.0140581152734
34 0.0114627158479
35 0.00742237187414
36 0.0292348118024
37 0.0087886049495
38 0.0175469527723
39 0.0399183364579
40 0.0295598645737
41 0.225229694638
42 0.0269377007029
43 0.0429106977842
44 0.0227781809863
45 0.00881862296544
46 0.015375007561
47 0.0382213719554
48 0.0139129449353
49 0.00679212085924
50 0.0102483625312
51 0.0429206695663
52 0.0282366361732
53 0.00763240122963
54 0.0212567310225
55 0.536773790376
56 0.165987741432
57 0.225702873024
58 0.152510044352
59 0.0615005144667
60 0.0651893340291
61 0.0246588320294
