1 0.0379293471481
2 0.00843947160503
3 0.0231234793846
4 0.0183326604316
5 0.0345654567333
6 0.0891410539955
7 0.0187878849627
8 0.0226154291986
9 0.0184488323945
10 0.257900738698
11 0.00781071673212
12 0.0294850707591
13 0.0186615536824
14 0.0310282027463
15 0.0214546478452
16 0.0133598337626
17 0.0301995755211
18 0.020301946077
19 0.0380858792422
20 0.0133447472023
21 0.00925856513287
22 0.0410027999499
23 0.0366557462463
24 0.0282389635457
25 0.0252358890017
26 0.0226360658274
27 0.134906274643
28 0.0413764668025
29 0.0189576767335
30 0.044817052045
31 0.039383032626
32 0.0301844332206
33 0.0233370504212
34 0.0164337247017
35 0.0165047236138
36 0.034740059551
37 0.395935588074
38 0.021176573661
39 0.0306995853878
40 0.137839400922
41 0.142336082076
42 0.0167466922432
43 0.0431712422302
44 0.0102300329537
45 0.0188878430402
46 0.0316730582345
47 0.0126610876013
48 0.0153708732609
49 0.0201337937902
50 0.0135970529425
51 0.0509818974248
52 0.0262141932998
53 0.0070857578203
54 0.0270019063311
55 0.144975706775
56 0.223972020922
57 0.271762026692
58 0.260949977688
59 0.0199078136918
60 0.0430915713236
61 0.0166131262242
