1 0.0664363794852
2 0.00829393433596
3 0.0199180475601
4 0.0229662660269
5 0.0653438381081
6 0.00656000273205
7 0.0436336998093
8 0.0456115771095
9 0.0817077506504
10 0.183014563867
11 0.0115643289929
12 0.0172700123447
13 0.0107451046038
14 0.0149953237363
15 0.0348626176682
16 0.0181456121119
17 0.0131792040606
18 0.015651383412
19 0.0240632456036
20 0.00472377973845
21 0.0214108561841
22 0.0225955712526
23 0.115664729779
24 0.0248317053494
25 0.147787938866
26 0.00862262012468
27 0.23644923479
28 0.0215799562344
29 0.0660472864092
30 0.0192639051473
31 0.031612654321
32 0.00802889970725
33 0.0264114732067
34 0.0228997709986
35 0.0314280064079
36 0.0207627019329
37 0.0690369567948
38 0.00800012683632
39 0.0134702814746
40 0.022875095886
41 0.369189704373
42 0.0308301727394
43 0.00916612957824
44 0.0319147409876
45 0.0404885474388
46 0.0380746449531
47 0.0436516757366
48 0.014264866594
49 0.0259183857279
50 0.0464919530046
51 0.00864473055119
52 0.0855468420577
53 0.0588860930451
54 0.0193675617162
55 0.404038577367
56 0.154689554816
57 0.280973453389
58 0.11037007772
59 0.0489333437156
60 0.00782681927033
61 0.0185656056455
