1 0.142425073193
2 0.0179521214031
3 0.0160689141519
4 0.0139418622654
5 0.107758971618
6 0.0205924771171
7 0.0159711824827
8 0.0115241095648
9 0.0389450461446
10 0.23869616657
11 0.0105670291137
12 0.0121551361041
13 0.00603464221712
14 0.0239206619615
15 0.0188538026576
16 0.0334510608002
17 0.0149788770701
18 0.0112483446554
19 0.14674749957
20 0.0105499643675
21 0.0100792667378
22 0.0165926508263
23 0.027460334935
24 0.0399313325814
25 0.24837356718
26 0.0108548347694
27 0.242063721475
28 0.045654734433
29 0.0283318279821
30 0.0581814876864
31 0.0697997139801
32 0.0211753108062
33 0.0133337198059
34 0.0136641623369
35 0.00748775341848
36 0.0100792667378
37 0.0308858394642
38 0.0190986116791
39 0.0456195998992
40 0.0159943801572
41 0.269629288473
42 0.0284845996059
43 0.0147539538995
44 0.0265223481985
45 0.0210997773433
46 0.138386394218
47 0.0381988658008
48 0.0456119151056
49 0.168859837029
50 0.00809969132748
51 0.0242931587819
52 0.072714805194
53 0.0137889576938
54 0.0215162795282
55 0.674369407313
56 0.105633543849
57 0.242403906787
58 0.168485316764
59 0.0132592513797
60 0.0101917475549
61 0.0463311818458
