1 0.0775759327125
2 0.00905299165894
3 0.0150886702643
4 0.0351986185533
5 0.0482293935901
6 0.0305561264952
7 0.00505675118803
8 0.0103041017689
9 0.0306192492335
10 0.163075652967
11 0.0195582610843
12 0.00852721597027
13 0.00564871484733
14 0.0208206720496
15 0.0129946370802
16 0.0308666354086
17 0.0117118153248
18 0.00982718120975
19 0.010631594527
20 0.0054712830257
21 0.018339460009
22 0.0173021760533
23 0.0231040278289
24 0.0178324485613
25 0.0116674408015
26 0.0145121122735
27 0.20909359646
28 0.0140513583856
29 0.0108877830347
30 0.0499506148929
31 0.0343421528253
32 0.013195468965
33 0.0258323406996
34 0.0117932354227
35 0.014581203581
36 0.0125906950736
37 0.512260087334
38 0.0258806062416
39 0.0193756616505
40 0.0941264777761
41 0.276674753277
42 0.0188130316051
43 0.0135190889043
44 0.0750470791171
45 0.0693037612283
46 0.0281704670201
47 0.025451294182
48 0.00965622007268
49 0.0418096982361
50 0.0168785861653
51 0.0354424433713
52 0.0240166056295
53 0.0107758213817
54 0.011044384256
55 0.0646530300208
56 0.245816660187
57 0.262628815086
58 0.195426868152
59 0.0209408098462
60 0.0167647890241
61 0.0155134796263
