1 0.0767336764343
2 0.00835633452478
3 0.0244681622106
4 0.0167986419334
5 0.0273305760719
6 0.00977739392559
7 0.0548532720435
8 0.00811198081321
9 0.0178980304614
10 0.145434913029
11 0.0197291506699
12 0.0204880302672
13 0.0233431534595
14 0.0206620322999
15 0.044898404711
16 0.0371340889558
17 0.0233450106421
18 0.0277427995992
19 0.0420053744545
20 0.00757278540196
21 0.0136339949395
22 0.0217781999345
23 0.0825336725984
24 0.0104301010147
25 0.0580474282862
26 0.0247807777077
27 0.234641637798
28 0.0160181794832
29 0.0614694713625
30 0.0168665691429
31 0.0164600127554
32 0.00725781822695
33 0.04933874702
34 0.073364122639
35 0.0391537067271
36 0.0181623252924
37 0.225219334099
38 0.0188922057405
39 0.0183372072713
40 0.0209370355109
41 0.361828378376
42 0.0601680561403
43 0.0181169882066
44 0.0476491437668
45 0.00950715403497
46 0.0189935905769
47 0.0389887262007
48 0.00790595043985
49 0.0195679554376
50 0.0376104025541
51 0.00499762731294
52 0.0226606181696
53 0.0213493508993
54 0.022436687123
55 0.266592217879
56 0.181180876863
57 0.280916444015
58 0.215993400859
59 0.00611666193481
60 0.0138359312699
61 0.0219146917254
