1 0.0536746572572
2 0.0365469940945
3 0.031297526419
4 0.0226729599068
5 0.0337034925187
6 0.0214139116612
7 0.0108755609876
8 0.0174407191654
9 0.0458998550083
10 0.190198566351
11 0.0271484074242
12 0.00874439135249
13 0.00886648538777
14 0.00649529722999
15 0.0161115308475
16 0.0661016210344
17 0.0247328461203
18 0.02293395922
19 0.268737264172
20 0.0156417167974
21 0.015450990946
22 0.0133247531134
23 0.014492658827
24 0.0557675833751
25 0.271123679486
26 0.0225407550928
27 0.260890774184
28 0.0300727414255
29 0.0167329509112
30 0.149554965048
31 0.0407133912296
32 0.0246440305422
33 0.0220243776105
34 0.0183424828317
35 0.00814357518594
36 0.0116474085137
37 0.0216473097954
38 0.00893021083197
39 0.0507278758899
40 0.01380584888
41 0.224526616458
42 0.0118028118626
43 0.0170289344569
44 0.0189561016593
45 0.00828802777606
46 0.0515455053681
47 0.0444047214476
48 0.0274849742276
49 0.0841845724722
50 0.0122230960605
51 0.0268537425716
52 0.0661459032314
53 0.0114462358775
54 0.0188283826237
55 0.716491692699
56 0.107011820738
57 0.261310196475
58 0.155853857548
59 0.0119139511505
60 0.00678957890548
61 0.00952986362554
