1 0.0398300340418
2 0.0129859290189
3 0.0293953386791
4 0.0156932721684
5 0.0187932726621
6 0.0112673234764
7 0.0345851655943
8 0.0162020236982
9 0.0450179443637
10 0.267717956443
11 0.0126981921765
12 0.0320785704029
13 0.0168192300243
14 0.016530375277
15 0.0469131630873
16 0.0458921395209
17 0.0206178870021
18 0.0316139382906
19 0.0160270814749
20 0.0227362955037
21 0.025740368743
22 0.0103676930473
23 0.219364260036
24 0.0228007753532
25 0.121803140971
26 0.0127135728951
27 0.182479193507
28 0.169289532543
29 0.0479047752426
30 0.0158554080292
31 0.0083394213687
32 0.0328774004342
33 0.0288767292791
34 0.0179244880495
35 0.0168788915541
36 0.0213964078186
37 0.0292949613626
38 0.0605824470657
39 0.0132361591936
40 0.0410966128213
41 0.0520117143735
42 0.127885634685
43 0.0190982548057
44 0.0410496619424
45 0.0195632786325
46 0.0104508832206
47 0.0482464915088
48 0.027538700383
49 0.00797438255327
50 0.0125945663318
51 0.0817028131162
52 0.0319767835564
53 0.0289555362375
54 0.0313162710509
55 0.0115499564537
56 0.0293638668402
57 0.120628843148
58 0.234734327568
59 0.072812767127
60 0.0130224283013
61 0.0197225820074
