1 0.075590489796
2 0.0156810187755
3 0.0146708995591
4 0.0191944872589
5 0.0351686479497
6 0.0552528075556
7 0.0104750028637
8 0.0297987053532
9 0.0535226711871
10 0.186377924306
11 0.0155098295282
12 0.0309561438946
13 0.00841154815427
14 0.0132206274674
15 0.0211351057316
16 0.0167477995768
17 0.0234210106807
18 0.0101496467361
19 0.0227388892985
20 0.0142485581634
21 0.0169153663671
22 0.0426855361334
23 0.241513741277
24 0.03525867165
25 0.0261080723319
26 0.00830216782907
27 0.174079720794
28 0.0294918619874
29 0.0418212976051
30 0.0311252192845
31 0.00429853234615
32 0.0342877141574
33 0.00570397890812
34 0.0165840690104
35 0.0300938402057
36 0.0194355529032
37 0.0297767802586
38 0.346421984101
39 0.0169113708278
40 0.0253637861366
41 0.0239562316362
42 0.188975120985
43 0.0182659468872
44 0.0162542759187
45 0.0241161885784
46 0.0124059685482
47 0.026344491454
48 0.0180129606932
49 0.0121506842879
50 0.0190940276731
51 0.0170936951711
52 0.0198670176474
53 0.0410561403208
54 0.0131126625252
55 0.0102976272034
56 0.0114129470322
57 0.150547876552
58 0.259282352537
59 0.154911264451
60 0.0260766291811
61 0.0152117585099
