1 0.105853489726
2 0.0320891464481
3 0.0287750600266
4 0.0155559172287
5 0.040779306871
6 0.0738409559955
7 0.0158583118554
8 0.00516963468509
9 0.0402987608617
10 0.24316394132
11 0.0154539021852
12 0.0247855652946
13 0.0178765190693
14 0.0719383195912
15 0.0131211404425
16 0.0321817213581
17 0.0156296682561
18 0.0155109264961
19 0.0260916661808
20 0.0172867863543
21 0.00549087326914
22 0.0108704539327
23 0.0107068926035
24 0.0261861621233
25 0.0314661087238
26 0.0276367966666
27 0.254720437796
28 0.059031099105
29 0.0111164128626
30 0.0220370868046
31 0.04533692617
32 0.00726209911142
33 0.0285999114906
34 0.029848701345
35 0.0370662956441
36 0.0152272763322
37 0.47564857875
38 0.0200517837626
39 0.0134876268033
40 0.0678060986238
41 0.26685917516
42 0.0126580252305
43 0.00947085912525
44 0.0187000330491
45 0.0129610640638
46 0.045173211269
47 0.0209969359408
48 0.0223842296749
49 0.0359061691551
50 0.0194499717214
51 0.00556873767635
52 0.109824344652
53 0.00828107995019
54 0.0118474062261
55 0.157028349242
56 0.213475936065
57 0.0685146759331
58 0.205386766207
59 0.0339218340986
60 0.0118710852867
61 0.0116118931528
