1 0.0226675971863
2 0.0144201907246
3 0.0190724628699
4 0.0153130842341
5 0.0638488793718
6 0.0195416635466
7 0.0304411827344
8 0.0183737553369
9 0.0180635505753
10 0.153347049561
11 0.00734228525591
12 0.00762293830458
13 0.0073651623198
14 0.0169188710345
15 0.0228837121879
16 0.0225153931957
17 0.00816170082696
18 0.00603809992088
19 0.0629785804069
20 0.0247432761252
21 0.01402037842
22 0.0165108443582
23 0.0175687098885
24 0.0367485157137
25 0.165212451876
26 0.00910511882547
27 0.134720032197
28 0.0210048901349
29 0.0210987022222
30 0.0163084134099
31 0.018636217858
32 0.0323020684042
33 0.0371873323734
34 0.0143981193679
35 0.0168326775005
36 0.0118037960114
37 0.0549532200702
38 0.0484956357
39 0.0130179895824
40 0.0379447529452
41 0.128288028144
42 0.00688105687079
43 0.0584499062387
44 0.0504260587428
45 0.0122233534163
46 0.017527977744
47 0.0445740877647
48 0.0269978149782
49 0.0946619903516
50 0.0255423159774
51 0.0183091680877
52 0.0441047492223
53 0.022912920186
54 0.0518738594226
55 0.383082538034
56 0.151467966873
57 0.22703615897
58 0.105038958271
59 0.0064726716335
60 0.0116214516873
61 0.00539597342812
