1 0.0648500198177
2 0.0314563757272
3 0.0140203697066
4 0.0285780590635
5 0.0112273111576
6 0.0178283137571
7 0.0687386827241
8 0.0181226283698
9 0.0290642197276
10 0.1654908962
11 0.0198557586655
12 0.0275494375392
13 0.00719251327176
14 0.0213563554282
15 0.0118963511928
16 0.0128020286253
17 0.0136574515157
18 0.0119801267287
19 0.117325297698
20 0.0134058611122
21 0.00818889657042
22 0.0144634136523
23 0.0139739452111
24 0.0146457685272
25 0.15981404165
26 0.0312139188345
27 0.144992992709
28 0.0185792627068
29 0.0179712606994
30 0.0153880045679
31 0.0140391793772
32 0.0324346299648
33 0.0387266881904
34 0.0282245403907
35 0.0298430992888
36 0.0424016869702
37 0.0930370056282
38 0.047072229819
39 0.0129768551784
40 0.00775467169212
41 0.245978663901
42 0.0175837736363
43 0.0154594368497
44 0.0194383616961
45 0.0116785453162
46 0.0173709646581
47 0.0120435824017
48 0.0206782416852
49 0.0585826791198
50 0.0319950834275
51 0.024343411051
52 0.0522554230548
53 0.0200415854035
54 0.0158409586946
55 0.195415333245
56 0.119017026805
57 0.0672553323406
58 0.22171191814
59 0.0165579974044
60 0.0074471793388
61 0.0176179929943
