1 0.0796139033232
2 0.0212568054986
3 0.0210291404417
4 0.0226244792022
5 0.06192153379
6 0.0112159795039
7 0.0256551830152
8 0.00898790658372
9 0.0388908930765
10 0.141169149979
11 0.0292235680985
12 0.0136988515432
13 0.0123138989869
14 0.0111887712866
15 0.0138327788297
16 0.0895932208595
17 0.0265021628784
18 0.0258431175966
19 0.219673775073
20 0.015996193106
21 0.0217616559663
22 0.0283836842858
23 0.02686348535
24 0.0349167405304
25 0.182769020254
26 0.0165682357025
27 0.26005471096
28 0.0285133170701
29 0.00878150653215
30 0.0187981137277
31 0.0326448281698
32 0.0121065374834
33 0.0213818692492
34 0.0301224248011
35 0.0175584516006
36 0.00507947376333
37 0.00431454478162
38 0.00957749035946
39 0.0310277847918
40 0.00683983659859
41 0.0940184879123
42 0.00817477819915
43 0.0265016664737
44 0.0182276628192
45 0.0147161185005
46 0.0980054955302
47 0.0402855489224
48 0.0342999597599
49 0.163045553316
50 0.0285795449699
51 0.0338267076216
52 0.121822075402
53 0.012037552463
54 0.0450168372384
55 0.621016719975
56 0.11981831551
57 0.172575216847
58 0.145728459368
59 0.0125246402501
60 0.123426566437
61 0.0142823714537
