1 0.0889558566864
2 0.0102151633276
3 0.00745800015332
4 0.0119141452557
5 0.0234928837304
6 0.0244905534694
7 0.0255582752512
8 0.0166036365344
9 0.0561224968247
10 0.191022836603
11 0.00838121899333
12 0.024578075557
13 0.014459282686
14 0.0311517058738
15 0.00897503023957
16 0.0245435549551
17 0.0123858619107
18 0.0478254152964
19 0.0241369400659
20 0.00811932415112
21 0.0166024790446
22 0.0418467837278
23 0.300629964961
24 0.0121873433379
25 0.0626429218877
26 0.0326728128846
27 0.151901336334
28 0.0665789874369
29 0.0253212477408
30 0.0302999746137
31 0.0769432143667
32 0.0280251801014
33 0.0199345972482
34 0.047058687069
35 0.0351164962292
36 0.0240579372726
37 0.0241877510522
38 0.301238824618
39 0.0176751677619
40 0.0517276607764
41 0.0740923675806
42 0.264687498436
43 0.0134601202907
44 0.0974361923353
45 0.0493188459629
46 0.0145944827661
47 0.0141675123738
48 0.0392291311543
49 0.00850534933297
50 0.0156251294505
51 0.0358522086023
52 0.0333988121665
53 0.0199547634071
54 0.0138305724271
55 0.00829255451738
56 0.00643418412045
57 0.146905849525
58 0.260915441823
59 0.198592578587
60 0.0229054404292
61 0.0123709734896
