1 0.0483154989457
2 0.0174459073318
3 0.0283285296511
4 0.0422397335154
5 0.0226529497923
6 0.033341486213
7 0.0156444918902
8 0.0131184726048
9 0.0644543955312
10 0.137203411703
11 0.0177461978627
12 0.0122719618507
13 0.0120271420685
14 0.0264627934455
15 0.0136504970046
16 0.0247833471661
17 0.0146293360614
18 0.0307509934549
19 0.0152460813641
20 0.0286623583076
21 0.0146659766385
22 0.00996317488764
23 0.134387015253
24 0.0296023264624
25 0.0335793918279
26 0.0168688073945
27 0.191296628271
28 0.0221582717449
29 0.0216255408249
30 0.01575078138
31 0.0560249911852
32 0.0158022214159
33 0.0179346592544
34 0.0160578498329
35 0.0157409698101
36 0.0156961324655
37 0.01168238828
38 0.171273277613
39 0.0168911421333
40 0.0470221360798
41 0.0543002628681
42 0.18966440578
43 0.0333338997823
44 0.0890471173441
45 0.0258115508246
46 0.0161692394625
47 0.0186878449748
48 0.0154489450669
49 0.0189506709207
50 0.0184686373051
51 0.0514207402836
52 0.156382921628
53 0.0373441846914
54 0.0322438957238
55 0.0334316722001
56 0.0428928214633
57 0.164590381223
58 0.202580997872
59 0.241704179689
60 0.0166991913197
61 0.0140531274837
