1 0.0384291776005
2 0.0124243450277
3 0.0146027578305
4 0.0177829827884
5 0.0278013899029
6 0.0152041187974
7 0.011469146377
8 0.0259177077824
9 0.0141956032992
10 0.180891078585
11 0.0301388371556
12 0.0151603194305
13 0.0107494454045
14 0.0219927735519
15 0.021162988137
16 0.0246698492143
17 0.0133791997765
18 0.0102273812569
19 0.105734923866
20 0.0557479665538
21 0.0172922099334
22 0.0143895387984
23 0.0184615185175
24 0.0105992937711
25 0.195362162549
26 0.00810751363003
27 0.249032537492
28 0.0100344649212
29 0.0173912906065
30 0.0222768155491
31 0.0267023987387
32 0.0374686456069
33 0.0201851819968
34 0.0126479949637
35 0.0249860013589
36 0.0396247044231
37 0.026815213666
38 0.0087834237904
39 0.0248416902603
40 0.0116729529782
41 0.140676338857
42 0.020012803092
43 0.0810945453068
44 0.0421164878708
45 0.0284795653886
46 0.0209938756653
47 0.0231590809746
48 0.0323474759236
49 0.199469958034
50 0.0104371882594
51 0.0126818666765
52 0.0747815218241
53 0.0180407532073
54 0.0195383069713
55 0.538336819444
56 0.178636042879
57 0.264725090607
58 0.0477156063079
59 0.0138521138884
60 0.0153163281452
61 0.0298779919983
