1 0.0572219144689
2 0.0406039159245
3 0.0228373851851
4 0.039497257164
5 0.0464947457712
6 0.146037165702
7 0.0352371505714
8 0.0111131508711
9 0.0348787585375
10 0.142201647662
11 0.0124525487509
12 0.014348172632
13 0.0500127604609
14 0.0124656784021
15 0.0642174442871
16 0.0294199258193
17 0.0183485773513
18 0.0239482707733
19 0.0353538325851
20 0.0267149732795
21 0.0139466075981
22 0.0250579033234
23 0.799827492619
24 0.0199493401063
25 0.174130676959
26 0.0165701123585
27 0.0862319767687
28 0.0354446251145
29 0.0275571287937
30 0.0858668846192
31 0.0193192296367
32 0.0385575348148
33 0.0288690306917
34 0.006921977276
35 0.00335428823107
36 0.0307919018101
37 0.0416647605565
38 0.0267685288459
39 0.0193219960544
40 0.0248009054702
41 0.00757815910681
42 0.0219983592454
43 0.0231539675145
44 0.00503772038966
45 0.0234655445468
46 0.0178202105182
47 0.0159492667011
48 0.0213830399792
49 0.247067694901
50 0.00818554589452
51 0.0134302065401
52 0.0119165539117
53 0.0168679396729
54 0.01428680861
55 0.0987003962248
56 0.143932837528
57 0.293538456449
58 0.156337412305
59 0.0100375192255
60 0.0308039472275
61 0.0287375155372
