1 0.0454617084288
2 0.0207123220116
3 0.0238489173021
4 0.00892385349831
5 0.0201305384762
6 0.0915301392163
7 0.0152555756558
8 0.0624115068539
9 0.0430524877203
10 0.243991729539
11 0.0110256298247
12 0.00954834119502
13 0.0872912762873
14 0.0392117659975
15 0.0176127537764
16 0.0118159135025
17 0.0155374797331
18 0.0147574436613
19 0.0367596815783
20 0.00843056501699
21 0.0459054631138
22 0.023842095604
23 0.0263742305208
24 0.0247863251292
25 0.130138688332
26 0.00822387830086
27 0.267654981514
28 0.0243292670831
29 0.0651719419693
30 0.0213179496426
31 0.0536544921075
32 0.0209971393991
33 0.0504268792419
34 0.021098637252
35 0.0226739593453
36 0.00968740790243
37 0.0522322017681
38 0.0591414847834
39 0.0559646018418
40 0.0755537538396
41 0.27273248641
42 0.0162919333655
43 0.0266986377655
44 0.0172140615048
45 0.0316394481474
46 0.0439174141675
47 0.0150975888656
48 0.00671328829721
49 0.038435661856
50 0.0370639340747
51 0.0325969120802
52 0.0683094817329
53 0.0123704962096
54 0.0157643977381
55 0.383626496939
56 0.217145641223
57 0.162138175617
58 0.163051760454
59 0.0106812738409
60 0.00889752605373
61 0.00895576119613
