1 0.0247126099792
2 0.0353730013887
3 0.0113940940293
4 0.0710353312633
5 0.0161809700944
6 0.161434707861
7 0.199110359151
8 0.0153205751505
9 0.0144896443843
10 0.105181283629
11 0.0245417514276
12 0.00535720587188
13 0.0291683478795
14 0.0259438286476
15 0.0194834106027
16 0.0320179331445
17 0.0163311307008
18 0.00841497067347
19 0.0176817616789
20 0.0948041608503
21 0.0281224602056
22 0.030155777611
23 0.317758948218
24 0.0133811364944
25 0.0250146913023
26 0.0138434811438
27 0.256583704068
28 0.0264492113979
29 0.029963309736
30 0.0153709649893
31 0.0113524535639
32 0.0185409565192
33 0.0496648467411
34 0.084832890361
35 0.0299161801746
36 0.0278198888171
37 0.0365912962948
38 0.0297680355368
39 0.0131276356299
40 0.0482604855167
41 0.131294167733
42 0.0147573256794
43 0.0612671504779
44 0.0370940417656
45 0.0214808496829
46 0.0406060834983
47 0.0114379628861
48 0.0339093480381
49 0.0228493628968
50 0.0966240064945
51 0.0259458028354
52 0.0265645121548
53 0.0405981528826
54 0.0421940520796
55 0.455910799436
56 0.0708021509447
57 0.124283015289
58 0.184401512869
59 0.0107141553704
60 0.011482500452
61 0.0402402930403
