1 0.0876429110394
2 0.0298580601673
3 0.0141755484186
4 0.0130570742697
5 0.0221500590308
6 0.0401279553336
7 0.0196842893013
8 0.0106738965135
9 0.0110309320668
10 0.135500016034
11 0.0106763417433
12 0.00834379332422
13 0.0170366876074
14 0.0259805008423
15 0.00691674977833
16 0.0177323885794
17 0.0150715915531
18 0.00809278467893
19 0.0369847472163
20 0.0158730463922
21 0.0155414600434
22 0.0136840042288
23 0.235834860196
24 0.0187091192591
25 0.0129890903091
26 0.0159196191264
27 0.258632217084
28 0.0189030352522
29 0.0153559137103
30 0.0280794059586
31 0.0402111189179
32 0.0159499417385
33 0.009618546875
34 0.00809691617574
35 0.0107677376212
36 0.0295715443108
37 0.0105205004591
38 0.364903045165
39 0.0314893279098
40 0.0145902965022
41 0.046451813446
42 0.231347180216
43 0.0182591377558
44 0.0258526654882
45 0.0131878529757
46 0.00723155969018
47 0.0366408520761
48 0.0214459789732
49 0.022756224929
50 0.0091896320595
51 0.04027814972
52 0.0187725681317
53 0.0251671477124
54 0.0241893431054
55 0.0259519059042
56 0.014365412554
57 0.1974644507
58 0.182825282842
59 0.110881495923
60 0.00959895660841
61 0.0179778572567
