1 0.0255284439653
2 0.0214337496788
3 0.0124059088631
4 0.00780204068551
5 0.0690647167813
6 0.014769201091
7 0.0159393176913
8 0.0251085763782
9 0.0168112188314
10 0.178501462306
11 0.0260655721131
12 0.0114083845261
13 0.0187365302352
14 0.0076165924973
15 0.018123260524
16 0.0197461695124
17 0.00724517786209
18 0.0218599459345
19 0.0269105961124
20 0.0443046387089
21 0.0207297755411
22 0.0157013801975
23 0.328916046044
24 0.0189580239386
25 0.0119746672414
26 0.0166117870486
27 0.131258751279
28 0.0131099661218
29 0.035751578334
30 0.0147909658446
31 0.0345757849959
32 0.0237912398764
33 0.00959397852863
34 0.0661394929622
35 0.014607672872
36 0.0646326313263
37 0.0397923075176
38 0.326106209628
39 0.0125353801957
40 0.024168137026
41 0.0780723417505
42 0.120331389458
43 0.0184175951639
44 0.0187905149307
45 0.0378434455473
46 0.0788843212947
47 0.0616567960744
48 0.00950062542488
49 0.0510500187447
50 0.0605442301646
51 0.0310625262259
52 0.0256795204657
53 0.0506433494473
54 0.0351592938322
55 0.0268364205226
56 0.0312880734181
57 0.212550830689
58 0.135269586426
59 0.109288226778
60 0.00680980989242
61 0.00643237475102
