1 0.257299092943
2 0.0318728734058
3 0.0164942031651
4 0.0206520280905
5 0.0628153995576
6 0.0464082922817
7 0.0262723703888
8 0.0153047684076
9 0.0198980052184
10 0.252195101502
11 0.00746675580575
12 0.0158149449479
13 0.00577600036676
14 0.0177626844393
15 0.0391877951179
16 0.0197442999107
17 0.00828673597812
18 0.0240128695668
19 0.018835946738
20 0.0176731266593
21 0.0160869310579
22 0.0229279536424
23 0.0203104754402
24 0.00767129331219
25 0.0741131869162
26 0.0178747302683
27 0.219617287365
28 0.0308650657025
29 0.0152522903732
30 0.0151300539742
31 0.0365729620872
32 0.0205268962133
33 0.0541781793667
34 0.00511510254122
35 0.0146485106469
36 0.0066035002277
37 0.239191153703
38 0.0234346708775
39 0.0102235936308
40 0.0422219286696
41 0.22379898067
42 0.054088243232
43 0.00629905868306
44 0.019298427419
45 0.00785754360067
46 0.0268625962091
47 0.02567812994
48 0.0292664471874
49 0.0296999613132
50 0.0346796337524
51 0.0149390359918
52 0.0747526208521
53 0.0420838667363
54 0.00732885153012
55 0.247816709638
56 0.235436352478
57 0.126760988776
58 0.159005247445
59 0.0162086095192
60 0.0132934428386
61 0.0183259096207
