1 0.0288945362345
2 0.0147627932321
3 0.00763962719604
4 0.0157185161235
5 0.04384023121
6 0.0295307593064
7 0.0114035728299
8 0.0096744826026
9 0.026545429608
10 0.125380423944
11 0.0548623746345
12 0.0296199855412
13 0.00922083174544
14 0.0739013475341
15 0.0103367727393
16 0.0362811849433
17 0.0198223607091
18 0.0106275807641
19 0.023730294575
20 0.0667025051817
21 0.0295801518828
22 0.0173271763798
23 0.19842535056
24 0.0329423964105
25 0.008799783683
26 0.01569542857
27 0.116864012949
28 0.0214697835882
29 0.0266650577693
30 0.0243112112042
31 0.0154940569257
32 0.0531193672562
33 0.0075521804111
34 0.0077980488285
35 0.012875352848
36 0.0269939925055
37 0.0259001983187
38 0.267226515922
39 0.0101658314344
40 0.0247337252416
41 0.00852071005917
42 0.18565015925
43 0.0101985549651
44 0.036284467583
45 0.0161870850673
46 0.0119752409359
47 0.0137443678651
48 0.0313966416209
49 0.0278115242346
50 0.0155030522217
51 0.0215053598208
52 0.0157861300212
53 0.0322119820451
54 0.0197392496392
55 0.0253479823199
56 0.00810370256567
57 0.199280041252
58 0.232651642336
59 0.146136581091
60 0.0172866559243
61 0.0131854572526
