1 0.0355741924537
2 0.0112805007383
3 0.0109734870969
4 0.0183739541606
5 0.0391412409685
6 0.0161747712014
7 0.0224165559136
8 0.00598556179837
9 0.0426780302978
10 0.20903291435
11 0.0107647729518
12 0.0131895067772
13 0.0195974453761
14 0.0101421415267
15 0.0286439225694
16 0.0175922412503
17 0.018994545774
18 0.0256254506629
19 0.0168628797321
20 0.0123013597914
21 0.0248349497445
22 0.0073877904182
23 0.0057766295766
24 0.0235651477495
25 0.0137236364902
26 0.0259080064087
27 0.254007418692
28 0.0149852844596
29 0.0616267635412
30 0.0234104872998
31 0.0624910236616
32 0.0367387026791
33 0.0123184024039
34 0.0351919827824
35 0.00608144404805
36 0.0202847229292
37 0.592316523339
38 0.0140742415486
39 0.023381238716
40 0.159160554357
41 0.185069760801
42 0.0379332235463
43 0.0139686472465
44 0.0804681648249
45 0.0114283372423
46 0.0220443485376
47 0.0303406053955
48 0.0125315419858
49 0.00725814621785
50 0.0556361175693
51 0.0255059347265
52 0.0353053237566
53 0.0189857670939
54 0.0719388033665
55 0.0648230353433
56 0.200102695295
57 0.141422621672
58 0.249289859076
59 0.0184092662391
60 0.00821702028133
61 0.0186744813618
