1 0.0328806554418
2 0.00638307556525
3 0.00684170832194
4 0.01216273861
5 0.0231651842153
6 0.0248285409429
7 0.0141210916937
8 0.034118859064
9 0.0272920750128
10 0.145490285129
11 0.00935437648883
12 0.0132686889184
13 0.0120602948384
14 0.0146372498388
15 0.0186445323945
16 0.0140204855599
17 0.0464783518007
18 0.0125368932684
19 0.0571345039368
20 0.0161112899315
21 0.0276057201224
22 0.0312342080066
23 0.291680233388
24 0.0164837906853
25 0.029132413328
26 0.0232056023286
27 0.144911478642
28 0.0951367503187
29 0.0158894397287
30 0.0476172589639
31 0.0131074094554
32 0.016096836737
33 0.00964893233645
34 0.0991565873288
35 0.0326472900391
36 0.0979646898481
37 0.0122438748136
38 0.197424070279
39 0.0188764223623
40 0.103551002949
41 0.0215897400007
42 0.0967635134123
43 0.0179072063283
44 0.0195421370124
45 0.0230448626052
46 0.0180227923512
47 0.0167973296296
48 0.0220156854662
49 0.0161196311594
50 0.016174835193
51 0.0281011650151
52 0.0382805293006
53 0.0743038418951
54 0.0554521800044
55 0.0171785008214
56 0.0122902731088
57 0.154732682107
58 0.214761921332
59 0.136684119171
60 0.0261397616471
61 0.0181466341504
