1 0.0488367310143
2 0.0352464040162
3 0.0192085658547
4 0.0226316549193
5 0.0315827976977
6 0.063769426629
7 0.0344113025471
8 0.018249093476
9 0.0309420154864
10 0.255698988749
11 0.0109260455114
12 0.0236332534053
13 0.0159381130941
14 0.0220212054887
15 0.00941868377123
16 0.0545149955797
17 0.0440515284794
18 0.0104168762095
19 0.0417154872813
20 0.0507345711088
21 0.0142073302316
22 0.0257449398227
23 0.223894897901
24 0.0700941829716
25 0.016140193741
26 0.010225981568
27 0.116682275443
28 0.00982194036239
29 0.00967365887773
30 0.0439222370996
31 0.0258418211285
32 0.0368206366889
33 0.020802847191
34 0.0185079175413
35 0.0139511862369
36 0.0245693999411
37 0.00831526063588
38 0.131588146966
39 0.0182862801414
40 0.0327006381417
41 0.0203519141167
42 0.195888112771
43 0.0143813636359
44 0.0160472375511
45 0.0308506683078
46 0.00634737695396
47 0.021690126319
48 0.0178262258365
49 0.0100820083819
50 0.0207175926154
51 0.007315334766
52 0.0500341832489
53 0.0329216707408
54 0.0137009114152
55 0.0183177824798
56 0.0126147033507
57 0.0894077015817
58 0.113582056129
59 0.268516659988
60 0.0140262497779
61 0.0142073437807
