1 0.0371692993708
2 0.0530106255176
3 0.0412334164591
4 0.012641630735
5 0.0547848069999
6 0.0207994712427
7 0.0084598635612
8 0.0213274824736
9 0.0452459648733
10 0.131630738876
11 0.0117959051971
12 0.031984761588
13 0.010686356763
14 0.00792584374547
15 0.019399956796
16 0.0563283613571
17 0.0151694703228
18 0.0110610610892
19 0.0207133515094
20 0.0225177458676
21 0.0206109251207
22 0.0576282540687
23 0.272895039118
24 0.0227799855754
25 0.0145698198189
26 0.0164032318407
27 0.0999145438721
28 0.025326415458
29 0.0680807813085
30 0.030522781382
31 0.0128235537063
32 0.0455476422776
33 0.0115145299293
34 0.00343657128151
35 0.039232046216
36 0.00910887357195
37 0.0257526259328
38 0.209733489353
39 0.014764098012
40 0.0355999606814
41 0.0151338919554
42 0.228812101447
43 0.0216051311048
44 0.0186642381121
45 0.0131392042207
46 0.0217010804641
47 0.012133571283
48 0.0297675463416
49 0.0356061789192
50 0.0247272616315
51 0.0231641214419
52 0.0399992145688
53 0.0279700441214
54 0.0237179153589
55 0.0116513680125
56 0.0254464616586
57 0.201189140839
58 0.25095157766
59 0.191783747448
60 0.0120742321014
61 0.014159948665
