1 0.0192697067179
2 0.0232132301981
3 0.0106846345138
4 0.035571313211
5 0.0832742458521
6 0.0346008575347
7 0.00798777968323
8 0.0165592716852
9 0.0431389075691
10 0.169295247618
11 0.0120707556945
12 0.0152909610165
13 0.0141154278074
14 0.0127001268621
15 0.0547371713776
16 0.0731682947749
17 0.00992385530689
18 0.0109024445656
19 0.022698709274
20 0.0135115786398
21 0.0647383960237
22 0.00986370595996
23 0.305250441765
24 0.0182130197824
25 0.00847751174549
26 0.006169504863
27 0.112355168133
28 0.0169366656074
29 0.0401738177599
30 0.0718055052033
31 0.0152811551739
32 0.0526313670891
33 0.00799302405213
34 0.0333048932633
35 0.0109918775825
36 0.0135115786398
37 0.0209880003729
38 0.248946184993
39 0.0216301246443
40 0.0502950862927
41 0.0120223583951
42 0.195559842218
43 0.0243682511611
44 0.0230732254446
45 0.0231166794107
46 0.0119282459101
47 0.0291020850672
48 0.0190627169708
49 0.054773269418
50 0.0521830463164
51 0.0587014932686
52 0.0364494668391
53 0.0156419092569
54 0.0287372161756
55 0.00807468484407
56 0.0142521860482
57 0.102744319703
58 0.244714816826
59 0.0866365456017
60 0.0264969359369
61 0.0127934445614
