1 0.0611652969589
2 0.00879154614021
3 0.0227507520721
4 0.0327452695281
5 0.0227666067093
6 0.140675312601
7 0.0186890124213
8 0.024408022613
9 0.0144958763703
10 0.072516294053
11 0.0229514737061
12 0.0122970946541
13 0.0191371857627
14 0.0334978896924
15 0.0260342845259
16 0.0117712210107
17 0.0142056815391
18 0.0190564933914
19 0.0634175505001
20 0.0188310985736
21 0.0199540465749
22 0.0815349351058
23 0.837393535015
24 0.0112597917776
25 0.119937237463
26 0.0146615545689
27 0.0959017952785
28 0.0279696259892
29 0.0134970905051
30 0.0549798869166
31 0.0106542606732
32 0.0235823951841
33 0.0140174217424
34 0.00934180623918
35 0.0133076960124
36 0.0133758342357
37 0.329649207878
38 0.0244591541428
39 0.0129719863098
40 0.0183762156033
41 0.0240465054815
42 0.0160464227379
43 0.0363123239562
44 0.00905304408203
45 0.0168995047024
46 0.0203712366456
47 0.0106510933934
48 0.0562602785093
49 0.228687569142
50 0.00859587728723
51 0.0144792348238
52 0.0248582481622
53 0.0140415730465
54 0.0145896128838
55 0.33622042689
56 0.157824913049
57 0.264442232204
58 0.094553912406
59 0.0219514400424
60 0.0136948693627
61 0.0183279497403
