1 0.0362563908259
2 0.0259033454057
3 0.00815765696101
4 0.0196287725779
5 0.011801734189
6 0.165525616863
7 0.0499008960302
8 0.0136622974049
9 0.0106326910727
10 0.0440151671298
11 0.022108204182
12 0.0106378460415
13 0.0281428868395
14 0.0196866799573
15 0.00970167141445
16 0.0193229761577
17 0.0162782401902
18 0.00809863938458
19 0.0252292057188
20 0.031046679405
21 0.0147430996393
22 0.016194659865
23 0.496310498845
24 0.0199696921654
25 0.05510882176
26 0.0114895746312
27 0.19667477705
28 0.0877361975861
29 0.0166765829419
30 0.0252530040213
31 0.0145315903167
32 0.0215181619212
33 0.0233343650452
34 0.00754965312969
35 0.0132946976188
36 0.0221026820125
37 0.219031091437
38 0.0252565376187
39 0.034826949366
40 0.0405263299099
41 0.147505537664
42 0.0141035310918
43 0.0233393443808
44 0.00751787357201
45 0.0203505145951
46 0.0335679746046
47 0.0222083400906
48 0.0229358199037
49 0.12358647573
50 0.0175128589353
51 0.0202924689665
52 0.0306952057695
53 0.0158123067752
54 0.0181258463461
55 0.90030626138
56 0.201185912919
57 0.150389761739
58 0.24300267635
59 0.0234200235596
60 0.0301876120775
61 0.0313338876369
