1 0.0442897580471
2 0.0155308559651
3 0.00931547080588
4 0.0541267923005
5 0.0354053942981
6 0.255525195633
7 0.183782820416
8 0.0105629064669
9 0.0208784578795
10 0.0228015302231
11 0.0194919031868
12 0.0860398051752
13 0.023865381313
14 0.0365543562928
15 0.0208355619468
16 0.0295143538487
17 0.00541294808277
18 0.00665163794979
19 0.0274002527624
20 0.110989929764
21 0.00760304441687
22 0.022143702741
23 0.372395207091
24 0.0156733571661
25 0.0158886542119
26 0.0158720881558
27 0.128947531575
28 0.0264323676232
29 0.0193582216453
30 0.0302487830813
31 0.0465831853408
32 0.00937035062181
33 0.051553795013
34 0.00579838130305
35 0.0087159385961
36 0.0101846487531
37 0.0849127373246
38 0.0155949782923
39 0.0198106784217
40 0.0184790467703
41 0.136060996714
42 0.0249135841654
43 0.0394061662838
44 0.0106941066547
45 0.0296002505003
46 0.0763288589245
47 0.0235614364984
48 0.0119094645362
49 0.01860868313
50 0.0269849456391
51 0.0537472949315
52 0.0187470634529
53 0.0511592248439
54 0.0173409202612
55 0.505332713158
56 0.246671405927
57 0.22946386145
58 0.165883012699
59 0.00530767701803
60 0.044569262442
61 0.0383199623691
