1 0.0338292983761
2 0.0498808563233
3 0.00838184688039
4 0.0171925374277
5 0.0264341996324
6 0.150536996222
7 0.267240381598
8 0.224321765451
9 0.00928593616285
10 0.203820827809
11 0.0337952901285
12 0.0196223641232
13 0.131242751688
14 0.0191577937666
15 0.0231383437642
16 0.0197858180174
17 0.00726940539337
18 0.00694516744594
19 0.00736723739748
20 0.038376010383
21 0.0286812288913
22 0.0314430165602
23 0.352826519834
24 0.007084855241
25 0.0376875300871
26 0.0356085767844
27 0.0108875351898
28 0.00971076253506
29 0.0197540575315
30 0.0347810045651
31 0.00995822996335
32 0.0115039693957
33 0.0137591420782
34 0.00725718169753
35 0.0174557787461
36 0.0281743586344
37 0.051512492043
38 0.049876808044
39 0.0126071483533
40 0.0686670433701
41 0.0436366567665
42 0.0216097597988
43 0.0208312646654
44 0.0555052763163
45 0.0115233898546
46 0.0212920937944
47 0.0131704805342
48 0.0200143002339
49 0.14113510514
50 0.0449219878735
51 0.0233365652475
52 0.00849604195188
53 0.0387381439951
54 0.0218092312517
55 0.268589146911
56 0.182564494242
57 0.113578550726
58 0.145497124045
59 0.0225041626787
60 0.0344432715799
61 0.0182559033378
