1 0.0307959876878
2 0.0191030582082
3 0.0180669246369
4 0.0139606354412
5 0.0267828072275
6 0.11987162911
7 0.223062087879
8 0.0105370125204
9 0.032073492918
10 0.220615848337
11 0.0209217034067
12 0.00780031134467
13 0.010547002095
14 0.0141532592709
15 0.0184545319578
16 0.0130909061892
17 0.0120415861936
18 0.0159852302468
19 0.0106245239327
20 0.108380840966
21 0.0456007270358
22 0.0169394866568
23 0.155181161024
24 0.0143122928597
25 0.0171774820213
26 0.0305774665558
27 0.130411403088
28 0.0197362590213
29 0.013660230542
30 0.021341120463
31 0.0235472295511
32 0.0208471856506
33 0.00975568113058
34 0.0095308098912
35 0.00793779970244
36 0.0855567343918
37 0.00659539280032
38 0.0185509732998
39 0.0223534037065
40 0.0366045708424
41 0.157112269745
42 0.0154848074081
43 0.0474748629585
44 0.0180014500437
45 0.0120195789423
46 0.018185450032
47 0.0110452392852
48 0.0339944235012
49 0.0235684643466
50 0.0213562959003
51 0.0322204332597
52 0.0453408662801
53 0.0184194449635
54 0.0365873000143
55 0.473785295132
56 0.12689916161
57 0.169911611744
58 0.163394601207
59 0.0134115972094
60 0.0105441944816
61 0.00886924157054
