1 0.0168722649448
2 0.0185550868116
3 0.0153188334465
4 0.0432249158792
5 0.0172645530407
6 0.184590883012
7 0.298811194825
8 0.00942168356783
9 0.0129089022753
10 0.0597904080013
11 0.0227348525702
12 0.0070156765331
13 0.0361648071025
14 0.0300736605974
15 0.00630956230387
16 0.0175181344212
17 0.0087126894399
18 0.0154422416212
19 0.010185929562
20 0.107454435372
21 0.0183009536656
22 0.012630068803
23 0.309544039676
24 0.00573864281555
25 0.00828026961237
26 0.0168218590695
27 0.211718097545
28 0.0347263090668
29 0.0247106879717
30 0.0264935396949
31 0.00921869261385
32 0.011031126269
33 0.0172060322497
34 0.00684351515192
35 0.00964265912024
36 0.0263551531582
37 0.0746606191113
38 0.0164690730856
39 0.0266404917234
40 0.0730342708794
41 0.155163964794
42 0.0343825726098
43 0.0278907943016
44 0.0310980898143
45 0.0441156626094
46 0.035080559586
47 0.0349255054069
48 0.0164951442751
49 0.0124485342322
50 0.0239682115039
51 0.037659230062
52 0.0457041637079
53 0.0226534938088
54 0.0364057390329
55 0.579944365254
56 0.0581969346005
57 0.211437669868
58 0.169348389265
59 0.0162356924406
60 0.00862139827226
61 0.0193021652646
