1 0.054305750881
2 0.019040797995
3 0.0103032762492
4 0.0111036985399
5 0.0312650678713
6 0.0242808309775
7 0.03332876751
8 0.0276105680581
9 0.0159308255921
10 0.134451816862
11 0.0371296188471
12 0.0198489494298
13 0.0160142210729
14 0.0220751334897
15 0.0147802399888
16 0.0201033740695
17 0.0375042691861
18 0.027423186992
19 0.0161011713706
20 0.0233690485805
21 0.0127438159011
22 0.0571038353208
23 0.304216203219
24 0.0273374909868
25 0.00842521454041
26 0.0124296397381
27 0.210513861233
28 0.00706522475568
29 0.0292834453373
30 0.0650147811306
31 0.0114666872953
32 0.0240951871831
33 0.010775175723
34 0.0348139106385
35 0.0208824314166
36 0.0873681186622
37 0.0188282804886
38 0.57963318528
39 0.0332602089051
40 0.0296155615017
41 0.00730451174487
42 0.189493189676
43 0.00908824480006
44 0.0158817399649
45 0.0310739300486
46 0.0177193615763
47 0.0303385492828
48 0.0450730452875
49 0.0111658221117
50 0.0394424266916
51 0.0123753917129
52 0.114457113603
53 0.0323854948573
54 0.0095992513681
55 0.0196898718165
56 0.013190571191
57 0.172105948752
58 0.234974279095
59 0.0967536945386
60 0.0198465179444
61 0.0146421845906
