1 0.0510071383651
2 0.0207989145344
3 0.0178736645382
4 0.0183890407904
5 0.034785648283
6 0.0522932231215
7 0.0116795396265
8 0.0217998611829
9 0.0280576638251
10 0.129875018206
11 0.0205207626211
12 0.0109924029477
13 0.00658530302623
14 0.0115202872516
15 0.011081704401
16 0.0449429346797
17 0.00722816554299
18 0.00911105607098
19 0.156443444425
20 0.0488583256002
21 0.00764618652407
22 0.0141229789452
23 0.023011518343
24 0.0304119965085
25 0.158067166644
26 0.0136722915508
27 0.208521228372
28 0.0153453805854
29 0.0682863220213
30 0.0768241786339
31 0.0349728834577
32 0.0146671693415
33 0.0172287080593
34 0.0220760008752
35 0.00722584122782
36 0.0290900459814
37 0.143221998162
38 0.00691306967742
39 0.0212080380845
40 0.0123558030683
41 0.184838024
42 0.0246476676548
43 0.0145125245214
44 0.014716174202
45 0.00822067349791
46 0.0428930587368
47 0.0312744053288
48 0.0205461075596
49 0.190000409861
50 0.00869418059468
51 0.0277510527748
52 0.0612636914599
53 0.0215910754932
54 0.0209073127713
55 0.719187395756
56 0.112334498198
57 0.126848553244
58 0.0572682171064
59 0.0322739164232
60 0.0126687002337
61 0.0195060820388
