1 0.0185576171064
2 0.0208008028416
3 0.0146757871828
4 0.0447208888339
5 0.0778291523887
6 0.0181478777319
7 0.032841860735
8 0.0278027794992
9 0.0393616791149
10 0.212851789169
11 0.0192122561273
12 0.0062673264634
13 0.0165549040083
14 0.0065867332941
15 0.0456760305119
16 0.0234135185984
17 0.0147687317741
18 0.0427705075129
19 0.0258999236732
20 0.0202872807717
21 0.0147908194493
22 0.0291681075125
23 0.012028321855
24 0.0218168666355
25 0.0360133958733
26 0.0244891636607
27 0.247380203228
28 0.0237448408688
29 0.0214452506295
30 0.0370372659542
31 0.0191324478802
32 0.00950432626279
33 0.162967598853
34 0.0436499641163
35 0.0124411419279
36 0.0324142102295
37 0.23838967981
38 0.0507757592431
39 0.032932541691
40 0.127529565077
41 0.292407997487
42 0.0196371651967
43 0.0939491919353
44 0.0551323873281
45 0.0143550964441
46 0.0113241856853
47 0.0235632629179
48 0.0190548317849
49 0.0421632755033
50 0.015229657025
51 0.0154724613061
52 0.0456122179009
53 0.00605632967372
54 0.0116540951517
55 0.261296297117
56 0.254717158655
57 0.27069048316
58 0.291004640793
59 0.0188413715318
60 0.0256068808269
61 0.0238840824108
