1 0.0207933664352
2 0.00848064227906
3 0.00904157035635
4 0.0215064380549
5 0.0390837130062
6 0.176106564818
7 0.173837400814
8 0.132883074021
9 0.0112820187643
10 0.42318352513
11 0.0303397167017
12 0.00957337614993
13 0.0751467008293
14 0.0529263550297
15 0.037210546532
16 0.0304496988366
17 0.013219759118
18 0.0124780987389
19 0.0125817110752
20 0.0318894044101
21 0.0338671948416
22 0.0212831112229
23 0.261025743448
24 0.017399825185
25 0.0835649593155
26 0.022401046503
27 0.0661476020086
28 0.0151691833992
29 0.00932522361093
30 0.0387527136896
31 0.022638520569
32 0.0892867925719
33 0.00601488096691
34 0.0180403679139
35 0.0218358446546
36 0.0148550307104
37 0.0710415982476
38 0.0334970036182
39 0.0120595715323
40 0.0233470217988
41 0.0265659019996
42 0.0230057766467
43 0.108628931487
44 0.0154925169831
45 0.0246084876762
46 0.0120466537775
47 0.050557084863
48 0.0346074007645
49 0.225534234027
50 0.0167120303305
51 0.0336365975233
52 0.0213217275263
53 0.0155808020189
54 0.013583270557
55 0.337045179034
56 0.192396861496
57 0.182296847585
58 0.13273071139
59 0.0180907245774
60 0.0157659315039
61 0.0256717279508
