1 0.0434579107782
2 0.0498680158369
3 0.0200883244855
4 0.0144634097511
5 0.0174433367085
6 0.022153225619
7 0.0213814661985
8 0.0160572109875
9 0.0319152302534
10 0.193209669664
11 0.0271447095221
12 0.01334519644
13 0.020599450202
14 0.0425557799026
15 0.00763728065183
16 0.0155103256787
17 0.0176698364417
18 0.0172877633582
19 0.0253740453628
20 0.0792135153212
21 0.0185470465495
22 0.0225670740424
23 0.254546712947
24 0.0232209168526
25 0.0146913468177
26 0.014132854061
27 0.143111941919
28 0.0171248859145
29 0.0188699685986
30 0.0364618897438
31 0.0197648908963
32 0.0645910676031
33 0.00936323083065
34 0.0480665910553
35 0.018075063174
36 0.0651671917782
37 0.0230803193129
38 0.518026502183
39 0.0225670740424
40 0.0255126399722
41 0.00980235439603
42 0.158300034228
43 0.022162976046
44 0.0136747039607
45 0.0187638015075
46 0.0102250485956
47 0.0175905005716
48 0.00942370257013
49 0.010584646857
50 0.0563595063232
51 0.0124671362259
52 0.0939494608484
53 0.0505619577832
54 0.00632612032955
55 0.023883706956
56 0.0103007106307
57 0.123838181169
58 0.149097482265
59 0.29599906598
60 0.0248817811162
61 0.021177349155
