1 0.0312343461702
2 0.00475939846912
3 0.0111200730491
4 0.0178826995969
5 0.0815058322276
6 0.106643669244
7 0.0294607949482
8 0.0171408497017
9 0.0359158910486
10 0.196404266647
11 0.0095571648818
12 0.0207786271512
13 0.0210445344143
14 0.0305174979506
15 0.0311359679344
16 0.0377700472521
17 0.0229423300014
18 0.0178172924943
19 0.0499220763532
20 0.058274599574
21 0.0173073727667
22 0.0178852021233
23 0.0158467104854
24 0.0180251548609
25 0.0428185480427
26 0.0132761546853
27 0.160157858259
28 0.0182972672301
29 0.0114567567755
30 0.0399957093426
31 0.0213246324142
32 0.00655879921139
33 0.0288607616739
34 0.01746807303
35 0.0177415366081
36 0.0364556008702
37 0.229770551256
38 0.028966907061
39 0.0357736228415
40 0.0690606393055
41 0.202060480308
42 0.0168282356394
43 0.0274585820628
44 0.0726793956254
45 0.0061782224986
46 0.0601607573673
47 0.0383923637304
48 0.0173705204832
49 0.017558522416
50 0.182883035227
51 0.0398466758667
52 0.0364355056257
53 0.0205644199531
54 0.0204508333698
55 0.0737700363026
56 0.257147732772
57 0.267460647468
58 0.240480429333
59 0.0115032921884
60 0.0152343244641
61 0.0222652684756
