1 0.0481012914972
2 0.00893629949248
3 0.0160606390807
4 0.011017409221
5 0.0441566523392
6 0.0705791399826
7 0.0469420575622
8 0.00857570198614
9 0.0129862712488
10 0.182839094857
11 0.0100309450799
12 0.0147374535156
13 0.021501218475
14 0.0498751588958
15 0.0342861770831
16 0.0168354090186
17 0.0220122843161
18 0.0366736621037
19 0.029551086622
20 0.00715097243623
21 0.0221117642518
22 0.00900157655961
23 0.233162269093
24 0.0214134141306
25 0.0406707714565
26 0.0273942391281
27 0.116806858927
28 0.103025816161
29 0.0135312189479
30 0.0255022336808
31 0.0113097824218
32 0.0317824597885
33 0.012905336582
34 0.0300282448724
35 0.022023556893
36 0.0512820956273
37 0.00937340733033
38 0.391442061682
39 0.00763449132394
40 0.0168308418848
41 0.0230310105959
42 0.108771012481
43 0.012219590407
44 0.0211715345804
45 0.0463702027048
46 0.0207269716275
47 0.0346414461803
48 0.0369798723605
49 0.0628257364028
50 0.0440616992916
51 0.0322408966846
52 0.0328066491214
53 0.0360035519287
54 0.0113815903547
55 0.027517234097
56 0.01365971617
57 0.212225960475
58 0.274613677252
59 0.247589664256
60 0.0193990069941
61 0.0182669413469
