1 0.0551809360651
2 0.0156493653956
3 0.0091634535977
4 0.0094227351709
5 0.101581516082
6 0.0865682281464
7 0.00874241032655
8 0.0550611015205
9 0.0514233101641
10 0.152147706759
11 0.00982744010914
12 0.0240732771375
13 0.0116662496443
14 0.0102720343831
15 0.021404321372
16 0.0320472670504
17 0.0228906539899
18 0.0330177131638
19 0.0317209172025
20 0.00778847306259
21 0.0138558491849
22 0.0426633244923
23 0.00750621737205
24 0.020866402932
25 0.225166327422
26 0.00747987886263
27 0.167226507771
28 0.0232097246528
29 0.0162202488388
30 0.0577442704507
31 0.0234428202037
32 0.013885868705
33 0.0132787214743
34 0.0359518394157
35 0.0133152365925
36 0.0314446416841
37 0.0970859808583
38 0.013270935249
39 0.0417657694735
40 0.0218687248268
41 0.123097763908
42 0.0147062886593
43 0.0140217460834
44 0.0183740047046
45 0.0109772954991
46 0.0136605200783
47 0.019745744199
48 0.0947002411371
49 0.0824195881964
50 0.0589219969193
51 0.0217393616667
52 0.0120996592003
53 0.0114262163258
54 0.0690573898742
55 0.185633556705
56 0.248630100032
57 0.160545180758
58 0.230787087656
59 0.0181906443123
60 0.00775915458434
61 0.0525384102744
