1 0.0472672067939
2 0.0106505756239
3 0.047628078697
4 0.0097242321862
5 0.0230846049944
6 0.0100744978421
7 0.0329943332864
8 0.0066731457905
9 0.016981951304
10 0.248321479219
11 0.0117691415928
12 0.0448625328037
13 0.0183665542798
14 0.0246385097301
15 0.0142017357963
16 0.0152357150197
17 0.0137412741514
18 0.00660274877011
19 0.0137425136607
20 0.00667193264927
21 0.0226110757928
22 0.0229741395897
23 0.252338697085
24 0.0410254395611
25 0.00677287357807
26 0.0222099107522
27 0.170079150523
28 0.0143284771307
29 0.0214627955625
30 0.0179930407392
31 0.0872624688032
32 0.020641637011
33 0.0364859563893
34 0.0299624059217
35 0.0271415020262
36 0.03350718211
37 0.0163369965923
38 0.136137712197
39 0.0248729275971
40 0.0258561562627
41 0.00958074492522
42 0.164138199377
43 0.0115828181524
44 0.00914479802595
45 0.0368709699437
46 0.0252721858875
47 0.16674846789
48 0.0162730094811
49 0.0122300466994
50 0.0260219748496
51 0.00954705176454
52 0.0418784603098
53 0.0369234031042
54 0.00691586574857
55 0.0246630694267
56 0.0156883268856
57 0.193516593766
58 0.181545167794
59 0.265465451411
60 0.0587430647848
61 0.0237947652684
