1 0.0186320279685
2 0.0238565156597
3 0.0119827223535
4 0.0295941479068
5 0.0529375665112
6 0.0406690862104
7 0.0143473994096
8 0.0265108770176
9 0.0312757312603
10 0.268768026282
11 0.0295797107865
12 0.0360045001975
13 0.00949466361531
14 0.0578917484555
15 0.021912095362
16 0.016996541419
17 0.0244225388636
18 0.0171816324357
19 0.0302732491836
20 0.00753826131818
21 0.0563307591358
22 0.0180101278795
23 0.223899938945
24 0.0153230142119
25 0.00648131503485
26 0.0117439543823
27 0.136763145673
28 0.0152778292745
29 0.0319360093342
30 0.0657986470379
31 0.0133588649588
32 0.0268635244971
33 0.0217391222797
34 0.00726787270014
35 0.0152423601602
36 0.00853236143394
37 0.0835275991663
38 0.148069994354
39 0.0167979456432
40 0.0248904666799
41 0.00445210381441
42 0.225636175898
43 0.0156214909483
44 0.0180993469817
45 0.0226434317944
46 0.0100712843385
47 0.0580092588793
48 0.0228502407609
49 0.0173609290783
50 0.0318593340816
51 0.0155855343404
52 0.054463120182
53 0.0288188382597
54 0.0196970848716
55 0.0127378812478
56 0.0174378025317
57 0.177665635101
58 0.251096279694
59 0.142379129308
60 0.0103147938362
61 0.0135342702011
