1 0.0400434891587
2 0.0116531582367
3 0.0164422957585
4 0.0234486720166
5 0.0236150598083
6 0.0193504142664
7 0.0140104974799
8 0.0103064109307
9 0.0328119561795
10 0.226253065121
11 0.0495172937116
12 0.024922256884
13 0.01215969132
14 0.018545908199
15 0.0265401709556
16 0.0186527891719
17 0.0162482048169
18 0.00950379828615
19 0.0118086139727
20 0.0226656472439
21 0.00830610550799
22 0.00849448821765
23 0.240245175828
24 0.0238131776199
25 0.0144769500163
26 0.0337771864629
27 0.11640878532
28 0.0292466873145
29 0.0209866083079
30 0.0312887689048
31 0.0191767602595
32 0.015161682837
33 0.0666132788373
34 0.0299933894013
35 0.0123867174245
36 0.0216653897886
37 0.0601045729803
38 0.24427888343
39 0.0106242361966
40 0.0233094719502
41 0.0271295611343
42 0.165069351846
43 0.0493709952826
44 0.0176432139707
45 0.0772893910629
46 0.0181164107514
47 0.0524085653671
48 0.0140390591195
49 0.0244393341665
50 0.0185785931119
51 0.0270723882418
52 0.056276567027
53 0.0328835288929
54 0.0418563801894
55 0.014713162211
56 0.0109311886481
57 0.19251284154
58 0.276130893517
59 0.251121830991
60 0.018789280138
61 0.0267432598985
