1 0.0512767572353
2 0.0228458958427
3 0.0176290994635
4 0.0272360848052
5 0.0268287358116
6 0.0386831263142
7 0.0126651642893
8 0.0631520292504
9 0.0101055108621
10 0.188177440218
11 0.0130060059504
12 0.0151143775648
13 0.00858315369263
14 0.0198135081129
15 0.00830719526433
16 0.0242532132073
17 0.0590553348858
18 0.03247603031
19 0.093790787989
20 0.0162354266439
21 0.00828537314076
22 0.0202355231691
23 0.286321172476
24 0.0410362374308
25 0.0304982350024
26 0.0128560354792
27 0.186807966341
28 0.0216129216935
29 0.0217237597607
30 0.0333522604154
31 0.0076135997322
32 0.0243361683103
33 0.0152081942444
34 0.0155631894951
35 0.010585791178
36 0.0108350814009
37 0.0341470054137
38 0.212100532962
39 0.0140303537524
40 0.0409404426748
41 0.0229696935924
42 0.205218868061
43 0.0114079389273
44 0.0110769088894
45 0.0538787065168
46 0.00910315894048
47 0.0165057696267
48 0.0495476739377
49 0.0159582720609
50 0.0225784882001
51 0.0181754603706
52 0.0338142178772
53 0.12061398016
54 0.0416451257978
55 0.0110786839149
56 0.0169826207523
57 0.155773537804
58 0.207226084197
59 0.247975445887
60 0.028178329019
61 0.0130597083667
