1 0.0319965494723
2 0.0300361143586
3 0.0118377420982
4 0.0555869986107
5 0.0155143168624
6 0.142457798098
7 0.132169916215
8 0.195963019029
9 0.050800239314
10 0.192834301679
11 0.0258285827393
12 0.0135053076415
13 0.192729170997
14 0.0210060859657
15 0.0137292032602
16 0.0219469066881
17 0.011984281574
18 0.0173411201228
19 0.00724619671557
20 0.0327343482956
21 0.0104471264802
22 0.021048570806
23 0.221637558433
24 0.024238593869
25 0.183525134092
26 0.0115118647545
27 0.00955202753681
28 0.0214401885616
29 0.0191215500133
30 0.0139566197199
31 0.0332513226565
32 0.00997330582917
33 0.0539783882968
34 0.0136726911322
35 0.00412203889506
36 0.0379187228412
37 0.0387514072451
38 0.0252467814456
39 0.00879830406367
40 0.0458910627732
41 0.018918137605
42 0.0385083298398
43 0.0184756033769
44 0.0250338248372
45 0.0272451925735
46 0.0155172034061
47 0.0130201155286
48 0.0126272316376
49 0.285108521861
50 0.0292960252432
51 0.0142362151633
52 0.0832258120254
53 0.0245227425684
54 0.0142737155252
55 0.402265950125
56 0.247512254354
57 0.119715163949
58 0.168686032749
59 0.0140459120141
60 0.040353310463
61 0.0138020514256
