1 0.0545244338263
2 0.00808826498551
3 0.00583423703733
4 0.011714575869
5 0.0233128744832
6 0.0371108840624
7 0.00738934093366
8 0.0329250854427
9 0.0185031112991
10 0.23435342274
11 0.0239939773551
12 0.012317779223
13 0.00649151745928
14 0.0272109450733
15 0.0214664924923
16 0.0233429956038
17 0.0419418053049
18 0.0215873534067
19 0.0134763233942
20 0.0406785566483
21 0.0156270414838
22 0.0242450160748
23 0.0668730129119
24 0.0250692451233
25 0.00622850495169
26 0.0370434794048
27 0.162204166324
28 0.0401346600365
29 0.0421937479332
30 0.0193058241322
31 0.024472878856
32 0.00696133029047
33 0.0280151577587
34 0.0222225502957
35 0.015952426889
36 0.0178368368762
37 0.179535280088
38 0.0313425400893
39 0.0260418132422
40 0.0760406759621
41 0.266184088639
42 0.0222720144344
43 0.0642718650396
44 0.0478198177975
45 0.0216506580278
46 0.00915558924714
47 0.0489064284278
48 0.0187343210866
49 0.0480860740678
50 0.0115859425039
51 0.0368474495441
52 0.0216262894564
53 0.0171394125097
54 0.0270526084115
55 0.109950149871
56 0.157297928381
57 0.253229793012
58 0.196219116218
59 0.017089678389
60 0.0124175178953
61 0.0417776262197
