1 0.0260171402968
2 0.0160700480268
3 0.0148052998917
4 0.0162217679842
5 0.0276215907029
6 0.0816986846668
7 0.223225140777
8 0.00918657266707
9 0.0233978367848
10 0.222096293796
11 0.0165116448383
12 0.0126850633088
13 0.00920414205161
14 0.0126934178566
15 0.00751040759794
16 0.0155719409013
17 0.00685597813047
18 0.00953745216887
19 0.0136966616924
20 0.123412573053
21 0.00645058938361
22 0.00945303361644
23 0.181470758646
24 0.0242529189845
25 0.0123122087473
26 0.0282678228564
27 0.125687197346
28 0.00836046838924
29 0.015389559025
30 0.00807236092753
31 0.018698245733
32 0.024498198713
33 0.0107227920022
34 0.0179129701972
35 0.0120099968
36 0.0341098385021
37 0.0192077391278
38 0.0169892903211
39 0.0246516132702
40 0.0356673452337
41 0.235305683764
42 0.0502777966335
43 0.0279132458909
44 0.0163840064
45 0.00783767930029
46 0.0224783864143
47 0.0273505612574
48 0.0333176350789
49 0.0133953209178
50 0.0116079605886
51 0.0218234284146
52 0.0237076785502
53 0.00554512613054
54 0.0166013972375
55 0.449329194449
56 0.121493700647
57 0.142323861967
58 0.212198934438
59 0.0153515552753
60 0.0095522732474
61 0.0153244882661
