1 0.154684349099
2 0.0242759685756
3 0.0133755993118
4 0.0174573173116
5 0.0227945218602
6 0.02538695594
7 0.015382341023
8 0.0190746160104
9 0.0276848824119
10 0.153213756837
11 0.00871172409515
12 0.00793970932433
13 0.0168581449114
14 0.0113507483585
15 0.0467232504396
16 0.0270488426274
17 0.0143534484921
18 0.00689025838168
19 0.186578269995
20 0.012410730449
21 0.00499412801072
22 0.009768879863
23 0.0170214469021
24 0.0355463399471
25 0.252636747437
26 0.0138628841673
27 0.264484714841
28 0.0146533819429
29 0.0065456532253
30 0.049312341391
31 0.0272892703733
32 0.0524125695743
33 0.058220339615
34 0.0134622297296
35 0.0443038476211
36 0.0138721025662
37 0.0915792896861
38 0.0225224593701
39 0.0271901591811
40 0.0186195191972
41 0.256645255631
42 0.0155105081132
43 0.0163364094411
44 0.00864031590555
45 0.0141241161713
46 0.0322587437741
47 0.0405342177901
48 0.0110217591865
49 0.223382710949
50 0.0259194806354
51 0.0179807086278
52 0.0340486000697
53 0.0127359911951
54 0.0302884540991
55 0.728803604833
56 0.0350541202481
57 0.0686074938723
58 0.0488891410456
59 0.0127423804936
60 0.0133448957134
61 0.0282846810978
