1 0.0535545633411
2 0.0120997611199
3 0.0088636622258
4 0.0223477373988
5 0.016354295134
6 0.0265521812014
7 0.0336437074439
8 0.0310859266999
9 0.0361314117888
10 0.241780622105
11 0.0241011973738
12 0.00896277175574
13 0.00828401696542
14 0.0180310928455
15 0.0249463187118
16 0.0415942360138
17 0.0206272187326
18 0.0205861551069
19 0.0773692265338
20 0.0144009083196
21 0.0065827729044
22 0.00998204566422
23 0.0223747077462
24 0.0103391343142
25 0.199362075106
26 0.0090395219661
27 0.288497835173
28 0.0302534419447
29 0.007922239369
30 0.035821162471
31 0.0696189193893
32 0.008725261556
33 0.00993037670665
34 0.0278859117823
35 0.0123857437765
36 0.0089158564943
37 0.0486035948854
38 0.0368903820939
39 0.0389647663541
40 0.020436758178
41 0.146238838999
42 0.0227138567319
43 0.00489407232576
44 0.0179505932925
45 0.0315239640263
46 0.0731957277358
47 0.0402664144596
48 0.0140195517891
49 0.0420856893473
50 0.0249911398573
51 0.0187453226841
52 0.0471355493261
53 0.0216980004404
54 0.0241012700168
55 0.799612058743
56 0.185841825128
57 0.283658587839
58 0.191825563652
59 0.0084696994385
60 0.00531694835841
61 0.0296227163729
