1 0.0541746622737
2 0.0122401290013
3 0.0171297962596
4 0.0221715926954
5 0.0684775161337
6 0.0113401768122
7 0.0203212977502
8 0.0118075467101
9 0.0195483921117
10 0.164850102671
11 0.0122196311696
12 0.00582490583195
13 0.0225312959968
14 0.0126627523879
15 0.0314662252462
16 0.0617526808537
17 0.0157906747951
18 0.00978867733462
19 0.0329208693126
20 0.00825900217097
21 0.0250864464976
22 0.0146788071944
23 0.0117803287069
24 0.0202567955788
25 0.153933999911
26 0.0163818639049
27 0.0977863477533
28 0.00571117420469
29 0.0192698317334
30 0.0199740840414
31 0.0162638201454
32 0.00705234241753
33 0.079431890686
34 0.0149853997487
35 0.0194272485831
36 0.0134907871075
37 0.0610598226832
38 0.0257387122776
39 0.0171522423206
40 0.0867446517107
41 0.279818490811
42 0.0103396244511
43 0.0243596318794
44 0.0119444261785
45 0.0148131667753
46 0.0541493531479
47 0.0255398016956
48 0.0126001179154
49 0.0596800520518
50 0.0230113275796
51 0.0207105829244
52 0.0381527024772
53 0.0257880482542
54 0.0162993048599
55 0.652442455368
56 0.139246586623
57 0.264242292004
58 0.213121101337
59 0.0277774804435
60 0.00733876519218
61 0.0275208570384
