1 0.0339126523941
2 0.0194774559924
3 0.0378631782585
4 0.00891081828274
5 0.051433515512
6 0.0776634317069
7 0.0190329762095
8 0.020326920524
9 0.0288240206676
10 0.137118942559
11 0.0595496388345
12 0.0186496930859
13 0.0205373815105
14 0.00929726033133
15 0.0161904793741
16 0.0230404057241
17 0.0265559431983
18 0.00953159441706
19 0.0277243488738
20 0.0116759663867
21 0.0211324393419
22 0.0245116653233
23 0.0974293399277
24 0.0272941831177
25 0.0242856967218
26 0.00758621152503
27 0.129639353935
28 0.0106446353469
29 0.0241984812191
30 0.0125809262538
31 0.0206135821113
32 0.0137478958066
33 0.0856040859041
34 0.0317847526942
35 0.0234841864593
36 0.00804143240241
37 0.0422055741797
38 0.0770195076847
39 0.0377929607655
40 0.011906453848
41 0.0183640816721
42 0.153062089829
43 0.013403292977
44 0.0115237114811
45 0.0195207087993
46 0.0513547490556
47 0.0442056224253
48 0.023737390629
49 0.0394552410924
50 0.0158741233767
51 0.0164655149603
52 0.0269658794873
53 0.0391055482831
54 0.0522109079631
55 0.0317841306237
56 0.0165766693406
57 0.197517034416
58 0.229013075189
59 0.27636675305
60 0.0145787287454
61 0.014237948178
