1 0.0713153072968
2 0.013955815806
3 0.0232164120828
4 0.0332584243164
5 0.0407982933335
6 0.0426274291021
7 0.0174957260068
8 0.0157157808832
9 0.0316094859467
10 0.179904160482
11 0.016173894086
12 0.0323698814797
13 0.0116969395877
14 0.013990496874
15 0.0593267371374
16 0.0426159231876
17 0.0116712740838
18 0.0194030203329
19 0.014232256514
20 0.0130809778584
21 0.0302039749119
22 0.0192105527628
23 0.00701698017996
24 0.0218750437607
25 0.0163260600796
26 0.0134689007154
27 0.252898762218
28 0.0181531336842
29 0.0104725348514
30 0.0906760126196
31 0.0538348178574
32 0.00996930165201
33 0.00877905197495
34 0.0154486147611
35 0.0466882584479
36 0.0142656294872
37 0.110081513793
38 0.0388054417932
39 0.0245694557638
40 0.0192157059133
41 0.199513126992
42 0.0380784240443
43 0.0131398825464
44 0.0151513071756
45 0.0110529740936
46 0.035371763201
47 0.0186087949015
48 0.0957981433086
49 0.0578796508668
50 0.00682876761702
51 0.0213685109158
52 0.0383167900996
53 0.0231655880784
54 0.0541482823293
55 0.179008019012
56 0.18044457667
57 0.141604914658
58 0.164851108522
59 0.0067892421177
60 0.00609672204988
61 0.0255073723057
