1 0.0694879225268
2 0.0265441005001
3 0.0157550305716
4 0.0141217242651
5 0.0333713760489
6 0.0715315810466
7 0.0427459986825
8 0.0146278985873
9 0.0193637273878
10 0.222442530999
11 0.00997868773083
12 0.0164773509764
13 0.00664842649755
14 0.0396379163779
15 0.0178501756456
16 0.0143115392174
17 0.0265154911057
18 0.0303043620909
19 0.283994042937
20 0.0353599705416
21 0.0180697328777
22 0.0164036338463
23 0.035210563626
24 0.0143716743439
25 0.0225724757556
26 0.00957383725414
27 0.206319838019
28 0.0175331882502
29 0.0130130296539
30 0.0152762133834
31 0.0322158132496
32 0.0134638290019
33 0.0750130269013
34 0.00509790923608
35 0.0260435343427
36 0.00983808449701
37 0.190177542163
38 0.0515368506218
39 0.0231453007084
40 0.0216004044967
41 0.233349585061
42 0.0128271341273
43 0.0210383375591
44 0.0167754978746
45 0.0144251185697
46 0.0440957078564
47 0.0282529291316
48 0.0199478575354
49 0.0930269652003
50 0.0484370318067
51 0.0139715821251
52 0.0227947882506
53 0.0140688782585
54 0.0115751623885
55 0.0804789485091
56 0.245415401506
57 0.217829031407
58 0.104941135247
59 0.0366287794712
60 0.0120611542679
61 0.0148030200872
