1 0.0474306125226
2 0.0181061179631
3 0.0133724141441
4 0.0188628982239
5 0.0663395623014
6 0.053457198231
7 0.0180853236466
8 0.021436448266
9 0.0476597953931
10 0.123591915637
11 0.0219508998078
12 0.00936803114994
13 0.0131859514823
14 0.0148928492926
15 0.0354174045066
16 0.0762261460514
17 0.0134341071317
18 0.015006432285
19 0.187207016604
20 0.0132738971467
21 0.00635737188722
22 0.00987982416902
23 0.0229595856129
24 0.0628320314653
25 0.232536713587
26 0.023066710359
27 0.219043099673
28 0.0327559229999
29 0.014799820403
30 0.0552639725506
31 0.0499314170171
32 0.0107789620827
33 0.0216068709213
34 0.0115711978395
35 0.116480399789
36 0.0100986989941
37 0.0133146342132
38 0.01119753271
39 0.0334072419076
40 0.0155160706948
41 0.263753151578
42 0.00931301643812
43 0.0100749799873
44 0.0132022987987
45 0.0140488206974
46 0.0841146208018
47 0.0296324351496
48 0.0130474140499
49 0.105974920536
50 0.00474960556487
51 0.00939439598666
52 0.163453686653
53 0.0054472144837
54 0.016058068789
55 0.739822482283
56 0.0855875203764
57 0.163589996997
58 0.226887093525
59 0.00914463367135
60 0.0146652901565
61 0.0513071722876
