1 0.285687981373
2 0.0197753526583
3 0.0386139085315
4 0.0132421648459
5 0.072935465693
6 0.0244238897167
7 0.0291154901643
8 0.0237757478745
9 0.0255521548511
10 0.138936829952
11 0.0325154649918
12 0.0148072786354
13 0.0197826073282
14 0.00894115488195
15 0.0158367653156
16 0.0290896760854
17 0.00784469338543
18 0.0342229343402
19 0.234013708855
20 0.01108173507
21 0.00618871488226
22 0.0109148209545
23 0.0576146966894
24 0.0540853828125
25 0.236429039439
26 0.0198221188857
27 0.24765615412
28 0.0242635091045
29 0.0685336771679
30 0.0844425711995
31 0.0233363724069
32 0.0116135316199
33 0.0223636874
34 0.0109251384821
35 0.0128943420565
36 0.0255919614211
37 0.0221504924677
38 0.0129611980669
39 0.0455735826211
40 0.0335131993624
41 0.252203622101
42 0.0137261026884
43 0.0137129640273
44 0.0318762981276
45 0.00963998043483
46 0.0393877783729
47 0.0416498991503
48 0.00490262974994
49 0.0864861457504
50 0.0184117476327
51 0.0162218930604
52 0.0255781074983
53 0.0152317646382
54 0.0145917206834
55 0.739822873196
56 0.0728303433604
57 0.179839819871
58 0.200552148439
59 0.0164751617148
60 0.00685278554199
61 0.0118814763063
