1 0.0706691432127
2 0.00910101446913
3 0.0103730826658
4 0.00788799591161
5 0.0189564059341
6 0.0143666588243
7 0.0149042614891
8 0.0260547973862
9 0.0162835205256
10 0.257187506665
11 0.00800858986063
12 0.00805764335081
13 0.0135806417653
14 0.010022786294
15 0.0117669667697
16 0.0506534663078
17 0.0223959296361
18 0.0132476960345
19 0.0396794239015
20 0.0196950897904
21 0.0161686836135
22 0.0369288573458
23 0.00434716372733
24 0.0521065392645
25 0.0623311130351
26 0.0230790678768
27 0.181718045055
28 0.0187754005128
29 0.0469616477775
30 0.034662120166
31 0.0240085172515
32 0.00987932353976
33 0.210555016604
34 0.0139142691814
35 0.0101834672592
36 0.0306616536458
37 0.246020424809
38 0.0171850007658
39 0.0331242744268
40 0.0614214332576
41 0.10520248855
42 0.00512779387808
43 0.00942094652172
44 0.0115031140527
45 0.00849020472848
46 0.0478739221663
47 0.011556957558
48 0.00767179530042
49 0.137308007711
50 0.0755193919209
51 0.0485470596149
52 0.0328155609711
53 0.0234811114253
54 0.0704212431394
55 0.0946608946624
56 0.219664455431
57 0.151459569585
58 0.0998206316439
59 0.0171424543195
60 0.0145869525228
61 0.0081674971802
