1 0.00458068530251
2 0.000760998810939
3 0.000466863411905
4 0.00167803983534
5 0.000372579332653
6 0.000430433360307
7 0.000370112940711
8 0.00113980325172
9 0.000380958014539
10 0.000222501011045
11 0.000599750104123
12 0.000475825264193
13 0.000487308061537
14 0.000306973804733
15 0.000304360042834
16 0.00186152877781
17 0.000242085001358
18 0.0180726305001
19 0.000279040355034
20 0.0206624094742
21 0.000727742007883
22 0.00178728634365
23 0.00270445111654
24 2.04952046282e-05
25 0.000734867179562
26 0.052624703671
27 0.000403616172283
28 0.000555374710725
29 0.00119178491804
30 0.000237855932374
31 0.00190805616961
32 0.000473266058852
33 0.040576431813
34 0.00036664991469
35 0.0014485453818
36 0.00123596191406
37 0.000222501011045
38 0.000244140625
39 0.000819830246914
40 0.000373260011132
41 0.00123379709922
42 0.00952157442391
43 0.000833287187774
44 0.000743118639437
45 0.0010104819964
46 0.00224826158793
47 0.00164811823356
48 0.00127006125251
49 0.00235704715487
50 0.00134606816663
51 0.00144124267676
52 0.00100241988586
53 0.000569246426496
54 0.000300955062835
55 0.000232862012329
56 5.41112491208e-06
57 0.000745367540734
58 0.00121687398594
59 0.00118364718949
60 0.00296845628678
61 0.0297385755717
62 0.000734867179562
63 6.82308409265e-05
64 0.00243865264441
65 0.000448670114304
66 0.0081581685744
67 0.00527315191777
68 0.0060844867492
69 0.00254606904125
70 0.000144113567787
71 0.00247287892976
72 0.000273780741064
73 0.000235298135373
74 0.00129766047388
75 0.000713467732897
76 0.000256950281875
77 0.00127006125251
78 0.000851395036916
79 0.000713467732897
80 0.00100435505578
81 0.00225832612457
82 0.000670566046373
83 3.45489973881e-06
84 5.69597721609e-07
85 0.00306292695435
86 0.000695950505957
87 0.00257182396066
88 0.000665972944849
89 0.000742061993938
90 7.03797126256e-07
91 0.00073935505573
92 0.000625641274671
93 0.00924919175508
94 0.000748515828101
95 0.00134021651633
96 0.00118158885126
97 0.000625488567501
98 0.00180751287239
99 0.000487226828032
100 0.000487308061537
101 0.000166135762915
102 0.000392276931502
103 0.00116759938454
104 0.00907805815612
105 0.0394437049956
106 0.00277008310249
107 0.000382820768921
108 0.000674554450766
109 0.000160649743525
110 0.00147751354959
111 0.000545778461404
112 2.45154914889e-07
113 0.00123379709922
114 0.00147272785013
115 0.000539807607263
116 0.000487375301947
117 0.00118401477194
118 0.000548601848399
119 0.000157477893118
120 0.00386094585662
121 0.00038087437788
122 0.000466863411905
123 0.0015118206957
124 0.000475367370684
125 0.00118621002823
126 0.000206748357605
127 0.000439095192856
128 0.00199465397672
129 0.507905287306
130 0.0005306315913
131 0.000813478054049
132 0.000404152249135
133 0.000553286234898
134 0.00166416001036
135 0.00327126385251
136 0.000404152249135
137 0.00110561581221
138 0.410955577851
139 0.000709342560554
140 0.00229273358255
141 0.000434294502115
142 0.00874771805848
143 0.000597657686306
144 0.00111477814199
145 0.000147718501423
146 0.000275490445941
147 0.000426178690929
148 0.00399826686923
149 0.00111111111111
150 0.000341921676412
151 0.000425124880434
152 0.00052021708903
153 0.000412710880404
154 0.100253180522
155 0.00598287909529
156 0.00137400172806
157 0.00223578567304
158 0.00044597518924
159 0.00168127691002
160 0.00146819481468
161 0.00607971874673
162 0.0400465131268
163 0.00100249928642
164 0.00616186253029
165 0.000833520869145
166 0.00122610318637
167 0.000441147036758
168 0.000866091316542
169 0.00143391565877
170 0.00079723183391
171 0.0016338064619
172 0.000461378096502
173 0.000739174593183
174 0.00129973673064
175 0.000487308061537
176 0.00138775764656
177 0.00244619680896
178 8.65051903114e-06
179 0.000499834456979
180 2.531567059e-06
181 0.00157989369786
182 0.00470972702807
183 0.0027532911241
184 0.00385846757499
185 0.072841839802
186 0.0399735253431
187 4.85995820436e-05
188 0.114873996841
189 0.000386991062982
190 0.000230685530961
191 0.00592442759282
192 0.00275629997992
193 0.00983552862293
194 0.000480485561572
195 0.000648081167103
196 0.00053567424362
197 0.00130817152372
198 0.000688551370959
199 0.000222501011045
200 0.00249220577247
201 0.00104745171483
202 0.000788549482697
203 0.000876471606648
204 0.00155984374153
205 0.000138408304498
206 4.2302862053e-05
207 6.89795212735e-06
208 2.3463543447e-05
209 9.73517879873e-06
210 0.0107037440863
211 0.0094000394814
212 0.0003732800644
213 0.00259782152766
214 4.89021468042e-05
215 0.000285690454096
216 0.000248496927445
217 0.206143974833
218 0.00288275302914
219 0.0185742171967
220 0.000184364167921
221 0.00100249928642
222 0.000236766861879
223 0.000367326612956
224 0.00178787729798
225 0.000599750104123
226 0.00177434705803
227 0.000631120984821
228 0.0011430328714
229 0.00118602925864
230 0.000722321229673
231 0.00865581228761
232 0.00190698992306
233 0.000188961181583
234 0.000146386614454
235 0.000487226828032
236 0.00390648216976
237 0.00111378306902
238 0.0018083414738
239 0.144262762325
240 1.09282152858e-05
241 0.00472119598042
242 0.00918780235305
243 0.00123379709922
244 0.000804141608283
245 0.00376896588676
246 0.000755247808413
247 0.000487226828032
248 0.000289231338794
249 0.000732314541253
250 0.00100191174106
251 0.000216971453521
252 0.000280735168217
253 0.00548428654377
254 0.000718969318955
255 0.000539807607263
256 0.000350685238957
257 0.211047266665
258 0.00043329057574
259 0.000949482478733
260 0.0875159108889
261 0.00301160023795
262 0.00110209604806
263 0.00608082350665
264 0.000375416695151
265 0.000499834456979
266 9.84236831988e-06
267 0.000660145790595
268 0.00128110658583
269 0.000320952866045
270 0.00254170503537
271 0.00048927911172
272 0.000831336495672
273 0.00079723183391
274 0.00038087437788
275 0.000487226828032
276 0.000533597986861
277 0.000212093820006
278 0.000110896691127
279 0.0173876443877
280 0.0215334666728
281 0.00134719241398
282 9.52708043208e-05
283 0.00499248334635
284 0.00470849596827
285 0.000855115885647
286 0.000585032870963
287 0.00151703206679
288 0.00163459249481
289 0.000443022933125
290 0.000437720875442
291 0.00695815623729
292 0.000475065159937
293 4.00576830636e-05
294 0.00385552913199
295 0.000286067077667
296 0.00100535603203
297 0.000434027777778
298 0.00350930362973
299 0.000773991959084
300 0.00052021708903
301 0.00319362211209
302 0.001527071698
303 0.00523411111372
304 0.0011725001111
305 0.00696721167696
306 0.000772797066233
307 2.2550710558e-06
308 0.0159082076982
309 0.00744303158756
310 0.00119964254837
311 0.26406552641
312 0.00200023342568
313 0.00942825427761
314 0.00105288639979
315 0.000804365863993
316 0.00244242035748
317 0.00118401477194
318 0.000201540023753
319 0.00500815848424
320 0.00108797310475
321 0.00136181329318
322 0.000388584615416
323 0.00203230257284
324 0.000565244280404
325 0.00148681276432
326 0.00178787729798
327 0.0018720426492
328 0.00117320508294
329 0.000782434348868
330 0.0044738534259
331 0.00119664411571
332 0.000382820768921
333 0.000158727268108
334 0.000580635796197
335 0.00120257409539
336 0.00018371679489
337 0.00898804017241
338 3.85222480428e-06
339 4.90306393615e-05
340 0.00456934464493
341 0.00144955622811
342 0.0755132526935
343 0.0053038884971
344 0.0029758145905
345 0.00142830290762
346 0.00310943107732
347 0.00045230064863
348 0.000937109537693
349 0.000695950505957
350 0.000695950505957
351 0.000293350473186
352 9.65968331936e-06
353 0.00528462127082
354 0.00118419523449
355 0.000305211399182
356 3.13851030608e-05
357 0.000669207126794
358 0.00544572869792
359 0.12060823828
360 0.00368419391491
361 2.35394976787e-05
362 0.0368409520299
363 0.00106851587257
364 0.00013932469654
365 0.000625488567501
366 0.000744485294118
367 0.000426883409603
368 0.000487308061537
369 0.000211755011987
370 0.000813478054049
371 0.0591928614716
372 1.23765344002e-05
373 0.00159504547011
374 0.000211741317462
375 0.000549025152294
376 0.00105689468805
377 0.000553286234898
378 0.012248277586
379 0.000699576531658
380 0.00249691643569
381 0.00185692953161
382 0.000124492062658
383 0.002223183391
384 0.000606738864689
385 0.00547074682259
386 0.00473960252746
387 0.00111477814199
388 0.000698669062621
389 0.000348418478679
390 0.00181691266639
391 5.02201004402e-05
392 0.000805021510269
393 0.000804141608283
394 0.00288756726426
395 0.000340499800406
396 0.000236766861879
397 0.00729128034883
398 0.00147407655946
399 5.15942460807e-06
400 0.00122610318637
401 0.00145921591143
402 0.000930073277683
403 0.0015118206957
404 0.00045230064863
405 0.00132081269967
406 0.00128110658583
