1 0.00328091090846
2 0.00232393136617
3 0.00364904038913
4 0.00112900123631
5 0.000958715367759
6 0.000927813986043
7 0.00152505515785
8 0.00150278901618
9 0.00090792698281
10 0.0013357200571
11 0.000287495433766
12 0.000162537102586
13 0.00102951205902
14 0.000208319434025
15 0.000416192384706
16 0.000683032770827
17 0.00564557435648
18 0.00123026692334
19 0.00163116809905
20 0.000660634505895
21 0.236293889661
22 0.000615500093826
23 0.0005098855359
24 0.000398723065459
25 0.000443588457023
26 0.000466662395602
27 0.00122662792701
28 0.00090401337295
29 0.000211562502447
30 1.19914709553e-05
31 6.56231239686e-05
32 0.00189837522115
33 0.000339907414659
34 0.000392604463017
35 0.00211652906745
36 0.000589736046513
37 0.000511865031429
38 0.000791625976562
39 0.000996230938832
40 0.00397073357446
41 0.00134037961096
42 0.000159422507907
43 0.000298912055769
44 0.00148862297725
45 8.61161954113e-05
46 0.00285386216968
47 0.00206770992756
48 0.0113127170004
49 0.00196638070474
50 0.000428541475137
51 0.000782434348868
52 0.000749468692622
53 0.000201687416732
54 0.000310504764307
55 0.00369171607114
56 0.00121165023586
57 0.00063536062769
58 0.000736420149186
59 0.00083968
60 0.000794105617884
61 0.000474334856221
62 0.000246290956708
63 0.00385603962393
64 0.000282175499058
65 0.00193804668495
66 0.00367493504042
67 0.000360576147242
68 0.00208244395953
69 0.00215705646053
70 0.000851088421257
71 0.000256912655248
72 0.000660795793616
73 0.000459708904966
74 0.000200880401761
75 0.000312017711066
76 0.000391806577392
77 0.0146899355198
78 0.000600657784817
79 0.000219810904031
80 0.00782545068157
81 0.00249670772188
82 0.00032425552752
83 0.000616518722579
84 0.00135854195491
85 0.00369559029036
86 0.00289003894544
87 0.00367518604343
88 0.00201746133314
89 0.000207588498838
90 0.000214457029814
91 0.000284182751789
92 0.000721800430522
93 0.0013593841384
94 0.00262206405745
95 0.000852623157978
96 0.000424638328393
97 0.000996390674421
98 0.00122999684388
99 0.00130014643575
100 0.00155478637101
101 0.00145881558642
102 0.030174540335
103 0.000631120984821
104 1.04582400538e-05
105 0.00104092873975
106 0.000120951575897
107 0.00109159309982
108 0.000659339317584
109 0.00060184886649
110 0.00536569130244
111 0.000586061324587
112 1.01585689116e-05
113 0.000607993995121
114 0.00266737989562
115 0.000704832015036
116 0.000345631142044
117 0.00015625
118 0.00195895004869
119 0.000586061324587
120 0.000241417044661
121 0.000363235265863
122 0.000259810334299
123 0.000769267609344
124 0.00223626264174
125 0.000259810334299
126 0.000672265807342
127 0.000212255772792
128 0.00419610221443
129 0.00214676346231
130 0.000374987698005
131 0.0357451824237
132 0.00114494335504
133 0.000416425312438
134 0.00483285195459
135 0.000298912055769
136 0.00148924297849
137 5.41777263542e-05
138 4.58471688209e-05
139 0.0203210513845
140 0.00270400590663
141 3.19193079894e-05
142 0.00125277234841
143 0.000986169549896
144 0.00155263810528
145 0.0029663543295
146 0.00794974445158
147 0.0012879734765
148 0.000328624598612
149 0.000998087380243
150 0.000407953409376
151 0.000534367691755
152 0.00343274159509
153 0.0363233752836
154 0.000406277005111
155 0.000419897225794
156 0.00416564816431
157 0.000290820361681
158 0.000508274728438
159 0.00142283737024
160 0.0231807010841
161 0.000557297861504
162 1.024e-05
163 0.171456593727
164 2.20457460253e-06
165 0.00189651156772
166 0.00127075993071
167 0.00535827542656
168 0.0171305570579
169 0.000867163477486
170 0.00332240667024
171 0.000424638328393
172 0.00499171885513
173 0.001252099244
174 0.00619041968277
175 0.000658392285313
176 0.000851088421257
177 0.000259810334299
178 0.000653831560555
179 0.000374635749271
180 0.00104479134782
181 0.240482638594
182 0.000419914001612
183 0.00274201248788
184 0.00458638837688
185 0.000293125027774
186 0.0147004867496
187 0.000377331379662
188 0.000786694927833
189 0.000931180994225
190 0.0228131551137
191 9.38066504225e-06
192 0.00638732464414
193 0.000178570542805
194 0.00189161281134
195 0.00208244395953
196 0.000290820361681
197 0.000421634508575
198 0.000178249489046
199 0.000382815467417
200 0.000214457029814
201 0.000995001392578
202 0.000893288111274
203 0.000242293112246
204 0.00017199677506
205 0.0122189952055
206 0.00091341460273
207 0.000893198791395
208 0.00129114074738
209 0.00463793584755
210 1.1092615715e-05
211 1.61287721166e-07
212 0.001610500382
213 4.45764249047e-05
214 0.00031628402204
215 0.000310672325449
216 0.000306564204397
217 0.000827430105442
218 0.000398723065459
219 1.59009071173e-05
220 0.00176838287045
221 1.00144207659e-05
222 4.78921468852e-05
223 0.00161287721166
224 0.000532210128351
225 0.00102835932386
226 0.00244619680896
227 0.000720688257286
228 0.00565323082141
229 0.00123846528685
230 0.00174531337822
231 0.000586117046913
232 0.0034314017969
233 0.0005098855359
234 0.00131496726069
235 0.000339907414659
236 0.0121413441321
237 0.00796253513283
238 0.000347554136423
239 0.00139331903417
240 0.0158405891593
241 0.000380051504732
242 0.00023459152711
243 0.000418685992916
244 0.000272664292233
245 3.8261239239e-05
246 0.00181742342623
247 0.000869307994615
248 0.000943517105616
249 0.00195732327053
250 0.0153158655613
251 0.00637956904735
252 0.00111477814199
253 0.00301274827959
254 0.0017018164716
255 0.00250413050703
256 0.000992580832706
257 0.000992580832706
258 0.000992580832706
259 0.00231904932566
260 0.00086984221368
261 0.000600657784817
262 0.00025583623861
263 0.00119874734449
264 0.000944943212547
265 0.000181484358449
266 0.00113389003565
267 0.000811168082038
268 1.17685479671e-05
269 0.00104746714504
270 0.000532063557787
271 0.00010206297246
272 0.16154999349
273 0.000191863535284
274 0.000339907414659
275 0.000805986882771
276 0.00889421629266
277 0.00460653860422
278 0.0077039434878
279 0.000676279414848
280 0.000693090634291
281 0.00189837522115
282 0.000200880401761
283 0.00178951547568
284 0.000877299645808
285 0.000938527788776
286 0.000586206366792
287 0.0116052768187
288 0.000324466483286
289 0.000163316967612
290 0.000342407122068
291 0.000332349269236
292 0.00139331903417
293 0.000773991959084
294 0.00015625
295 0.00167664837335
296 0.00105034449607
297 0.00742557662118
298 1.63910242751e-05
299 0.000218786389851
300 0.00393764581194
301 0.000292245553741
302 0.000382080078125
303 0.000148043198543
304 0.00253952507905
305 0.000486255248056
306 0.00245208872172
307 9.05878642835e-06
308 0.000426233526467
309 0.00317946008925
310 0.00166458564574
311 0.00170868310287
312 0.002469419248
313 0.000713533644852
314 0.00241141720742
315 0.000960568675859
316 0.000373884416303
317 1.72014695576e-05
318 0.00617200437383
319 0.000648239390044
320 5.85563874222e-06
321 4.08121620243e-06
322 0.000219810904031
323 0.000129499867465
324 0.00216764342873
325 0.000250842722569
326 0.000664579841556
327 0.000647436294873
328 0.00173133829932
329 0.000733733791638
330 0.0162579264615
331 0.0295569936736
332 0.000854702409697
333 0.000615500093826
334 0.000898501872919
335 0.0004112171527
336 0.000441662244932
337 0.000524892171065
338 0.0298438741016
339 0.00240145025082
340 0.000302667981941
341 0.0199768541336
342 0.000658962242624
343 0.00243979494389
344 0.0340943766218
345 0.000537719726562
346 0.000429996298199
347 0.00147521972656
348 0.000162537102586
349 0.0022149635683
350 0.000775856197106
351 0.0022558250599
352 0.00395958910812
353 0.000612437506377
354 0.00335660742548
355 0.0434445688875
356 0.00127187368361
357 0.00094081653205
358 0.00145706618247
359 0.0238631076003
360 0.104392674764
361 0.00104746714504
362 0.0296216837166
363 0.00078311874363
364 0.000295225611412
365 0.000244868756086
366 0.000884567427497
367 0.000411346954969
368 0.00172255155755
369 0.000242453993606
370 0.00101711203422
371 0.000371797329379
372 0.00025004390771
373 0.00104141204108
374 0.00160619131166
375 0.0056257801996
376 0.00117047761976
377 0.0016659722227
378 0.00016841938923
379 0.0511685392006
380 0.0143702431726
381 0.00265725680454
382 0.00140313188988
383 0.002087522317
384 0.000296086397085
385 0.00396107389114
386 0.00098490428895
387 0.000455014036273
388 0.00245208872172
389 0.0420996078025
390 2.76038903083e-05
391 0.00158217214192
392 0.000483259330331
393 0.000362937418735
394 0.00112685306812
395 0.00090368474538
396 0.000177481851441
397 0.770236479656
398 0.0071493567883
399 0.00202848420615
400 0.00298369154759
401 0.000177481851441
402 0.000436817533476
403 0.000696567646482
404 0.00642048
405 0.00117047761976
406 0.0019841695006
