1 0.00898158710143
2 0.00355770961802
3 0.000662170109253
4 0.0021279856348
5 0.00115963658965
6 0.000387778406848
7 0.000747194130375
8 0.00210996999973
9 0.00170533969911
10 0.0036430489449
11 0.000840878951794
12 0.00134115796506
13 0.000846965269849
14 0.00152953962987
15 0.0157729618444
16 0.000360784973839
17 0.0357183710795
18 0.00189607972532
19 0.000381940828158
20 2.556495392e-05
21 0.000866920933683
22 0.00156722630957
23 0.00115148364423
24 0.00229527435317
25 0.000855241754275
26 0.000405817846132
27 0.00408943904648
28 0.00146052532295
29 0.0022772575142
30 0.000675624600868
31 0.00250645810595
32 0.000956053953562
33 0.00155149864042
34 0.000216008773067
35 0.00300798201628
36 0.0022832216524
37 0.000409520124782
38 0.000369561294422
39 0.000816326530612
40 0.0019638827724
41 0.00476303602426
42 0.00196758408817
43 0.839741935098
44 0.00204751775877
45 0.000363115578064
46 0.0023534212458
47 0.00233700508198
48 0.000564650524458
49 0.00181628436548
50 0.00234226810681
51 0.00127359381286
52 0.0223433025545
53 0.000320707547557
54 1.04902555361e-05
55 0.00616406487946
56 4.22265375542e-05
57 0.00104470520255
58 0.00148681276432
59 0.00173837388195
60 0.0114938140641
61 0.000349673005467
62 0.000481856038073
63 0.00389650265508
64 0.00082284408184
65 0.00207545497144
66 0.00113233835601
67 9.975046797e-05
68 0.00105024005487
69 0.000106553347615
70 0.000632002746481
71 0.000848091763851
72 0.000369254183354
73 0.00204575998305
74 9.2386433976e-06
75 0.00691048303436
76 0.000535211223811
77 0.000604119278598
78 3.89002468005e-05
79 0.000728498737343
80 0.00900172659556
81 0.000683396149516
82 0.00888798195195
83 0.00190373167652
84 0.0679106352566
85 0.00139561256825
86 0.000857293938793
87 0.00106676987448
88 0.0734359113595
89 0.00271267361111
90 0.0010991153975
91 0.000610971616316
92 0.000816326530612
93 0.000177280106044
94 0.000142146095091
95 0.00363221460459
96 0.000867208672087
97 0.0154512591131
98 0.00228652601015
99 0.000133456711283
100 4.22265375542e-05
101 0.00143751056993
102 0.000441353011793
103 0.000588148601617
104 4.55852897958e-05
105 7.54830348105e-07
106 0.00242945272731
107 0.000276880626684
108 0.00111499910155
109 6.32091024268e-06
110 0.000102742657035
111 0.00123055644861
112 0.0115314769725
113 0.118014450005
114 0.00142434195888
115 0.00056979834433
116 0.0335181502047
117 0.000536364885107
118 0.00084015963033
119 0.00441891341131
120 0.000908591622838
121 0.000812144417794
122 0.000407655139919
123 0.000410421540291
124 0.00134719241398
125 0.00135054190255
126 0.000337603154328
127 0.0067684812237
128 0.0155502205197
129 0.000364193246384
130 0.0109756019946
131 0.000666045434767
132 0.00141119186341
133 0.0016955017301
134 0.0032689271991
135 0.0125114457112
136 0.00261202718706
137 0.00152138525466
138 9.16883901295e-06
139 0.00235073772194
140 1.19317147962e-05
141 0.00522494646007
142 0.00362460541639
143 0.0190315486433
144 0.00513132076091
145 0.000560673856786
146 0.00552663573473
147 0.00251909187945
148 0.00388679174881
149 0.00331070398485
150 0.00242207748816
151 0.00111459148834
152 0.000849363774296
153 0.00141476455832
154 0.00195418112038
155 0.000299740640419
156 0.00141878434622
157 0.00125167798355
158 0.00324974642676
159 0.000401283078567
160 0.000739461383344
161 0.00129051607743
162 0.000807535207929
163 0.000542905920291
164 0.00537372510253
165 0.00156266631466
166 0.000185573604915
167 0.0134363620768
168 0.000162968516299
169 0.00265645165869
170 0.000382829292839
171 0.00130194494633
172 0.00278790361784
173 0.0157828088411
174 0.00205862299531
175 0.00320846985183
176 0.00195543321172
177 0.00032582204903
178 0.00230222605412
179 0.000717474489796
180 0.000531154297615
181 0.00435112537507
182 0.00034242635307
183 0.000684213129927
184 0.000773991959084
185 0.00141885276753
186 0.000165424261536
187 0.00024161509208
188 0.000142997267412
189 0.00179210058509
190 0.000131928228982
191 0.00493471621292
192 0.0370070774808
193 0.00121324185554
194 0.0642298379325
195 0.00361067706039
196 0.000374534266731
197 0.000457245354533
198 0.459570672734
199 3.89002468005e-05
200 0.00398841978628
201 0.00449775830021
202 9.21062629956e-06
203 0.00484862417431
204 0.00133317489966
205 5.35395597858e-05
206 0.00668213993094
207 0.00910808711612
208 0.00482402680304
209 0.00239888711104
210 0.0143220322537
211 0.0263021202011
212 0.00173837793075
213 0.00084468756409
214 0.00560020703845
215 0.000219089073204
216 0.000735975158567
217 0.000301125438711
218 0.000395560621877
219 0.00232086510273
220 0.000607630470724
221 0.000702757455411
222 0.00117086311289
223 0.0013199688626
224 0.000744332662808
225 0.0051310071078
226 0.00348312572383
227 0.00103883214264
228 0.0008829799636
229 0.000659265459535
230 0.000401283078567
231 1.19317147962e-05
232 0.00088954506565
233 0.00157584800241
234 0.00134719241398
235 0.00104652049363
236 7.4549499703e-06
237 0.00365396472027
238 0.00156248384529
239 0.00979502840294
240 0.0007196146064
241 0.000142358174279
242 0.00123556788779
243 0.00115308015516
244 0.000748330115206
245 0.000354926291747
246 0.0012516497422
247 0.000737767467416
248 0.00135295874227
249 0.00454157973709
250 0.00045934684752
251 0.000675624600868
252 0.0015882257997
253 0.00261162913354
254 0.00121918985666
255 0.00172497595766
256 0.00326008197341
257 0.00143752386514
258 0.00138994800983
259 0.00858183816171
260 0.00019090743674
261 0.00084015963033
262 0.00177752781293
263 0.000900212906959
264 0.000300989992203
265 0.00112792851536
266 0.00917365519345
267 0.0057048695373
268 0.00249824781951
269 0.013128626893
270 0.000765685474604
271 0.000837460324025
272 0.00100182486484
273 0.00547844752926
274 0.00107278039745
275 0.00641567329924
276 0.00345479161286
277 0.00112370009125
278 3.95001716551e-05
279 3.19996081036e-05
280 0.00143391565877
281 0.000303546239092
282 0.0048199533529
283 0.0154528250053
284 0.00401592877991
285 0.00543438954579
286 9.73517879873e-06
287 0.000821534342164
288 0.000300989992203
289 0.000942174341998
290 0.000664631906891
291 0.00121629665278
292 0.000510950227437
293 0.000390378249261
294 0.000694963586685
295 0.0034564859831
296 0.00138397601437
297 0.00500715171254
298 0.00121284126631
299 5.23412702515e-05
300 0.000654661508176
301 0.000955726497428
302 7.3343054344e-06
303 0.00115308015516
304 3.20398718405e-05
305 0.00191471211247
306 0.00175025878801
307 3.89002468005e-05
308 1.0110175639e-05
309 0.0027459948487
310 0.000512637949448
311 0.000350685238957
312 0.00138426937271
313 0.00847550318803
314 0.000413113887236
315 0.000675624600868
316 0.00820220719117
317 0.00145078392906
318 0.00118738885229
319 0.00237591279194
320 0.00308449977273
321 0.00137728729085
322 0.00658149099402
323 0.00113102721861
324 0.0241319039174
325 0.000659081458051
326 0.000706582868778
327 0.0022968936078
328 0.00080761596145
329 0.0017031655802
330 0.017990047871
331 0.00578280990389
332 0.000871077693673
333 0.00161917315524
334 0.00201985709143
335 0.000757795732862
336 0.0475405776482
337 0.0012613928783
338 0.0334995885821
339 0.00196224798361
340 0.000325386257915
341 0.00161815302213
342 0.00202543480484
343 0.00140562808648
344 0.00400851501345
345 0.00241804228314
346 9.11356354575e-06
347 3.81562701822e-05
348 0.000148268616399
349 0.126340570159
350 0.0940639920787
351 0.00142359947438
352 8.88413094321e-06
353 8.88413094321e-06
354 0.000653731921488
355 0.00972578480246
356 0.00113663297041
357 0.475984774744
358 0.00104966615717
359 0.00354362267245
360 0.00128743722617
361 0.000309113678003
362 0.000829819302613
363 0.000866920933683
364 0.00875238083888
365 0.630913090945
366 0.00967669583578
367 0.488923900488
368 4.83744974427e-05
369 0.00793517615608
370 0.00313922643898
371 0.0160691844128
372 0.00181084073925
373 0.00654568220896
374 0.00151721789305
375 0.000664300579753
376 3.89002468005e-05
377 1.03723411152e-05
378 0.00156910772601
379 0.000484807676122
380 0.00166576686821
381 0.00196710383821
382 0.00770362727108
383 0.00116598024786
384 0.000416342318773
385 0.000639805249524
386 0.000441353011793
387 0.000165957457843
388 0.0642421082414
389 0.00173960141599
390 0.000628844173409
391 0.00142955678177
392 0.000604683810743
393 0.000367326612956
394 0.000283417791835
395 0.000978260131144
396 0.013061893739
397 0.00125167798355
398 9.22461889352e-06
