1 0.000373475520799
2 0.0110064605169
3 0.00133607882699
4 0.00240882231172
5 0.00132409674443
6 0.000184480040124
7 0.0012736528906
8 0.0009
9 0.000472212987181
10 0.000979058505372
11 0.00389321916644
12 0.00207545497144
13 0.00146377640907
14 0.000280764614135
15 0.178006952342
16 0.200432801457
17 1.16483593286e-05
18 0.000477086395511
19 9.75038407372e-06
20 0.0126478436138
21 0.016308971643
22 0.00648603131433
23 0.00750240081903
24 0.000752900059488
25 0.00130484942945
26 0.000150551394482
27 0.00119411594184
28 0.00441985558736
29 0.00217913952718
30 0.0103672472867
31 0.000979058505372
32 0.00202278697179
33 0.00406642134574
34 0.00133607882699
35 0.000870733673744
36 0.00539863231049
37 0.00300724338525
38 0.00207545497144
39 0.00699251937498
40 0.000932715015548
41 0.00243376580739
42 0.0212249864377
43 3.60683205529e-06
44 0.000148866199298
45 6.76405782593e-06
46 1.01742011285e-05
47 0.422830472533
48 0.00244664575871
49 0.00386223626672
50 0.000799829589689
51 0.010882246624
52 0.00165764144431
53 0.00209030612245
54 0.002331439769
55 0.00137355864769
56 0.00741959977407
57 0.00192897915356
58 0.000467402155654
59 0.00240929705215
60 0.000211017404378
61 0.000442186068586
62 0.000420585864015
63 0.000292153373088
64 0.00146545410156
65 0.00142598660081
66 0.00213439194745
67 0.00376387268495
68 0.000661734693878
69 0.00184248797052
70 0.00169666337936
71 0.000472212987181
72 0.00297474064701
73 6.57462195924e-06
74 0.000751753656823
75 0.0011320719345
76 0.0251144769352
77 0.00202511776616
78 0.00257725025556
79 0.00202563296085
80 0.279427383125
81 0.00027624097421
82 0.000648835557771
83 0.00122201623521
84 0.000663001610699
85 0.00193701954308
86 0.00152290303391
87 0.00125457814615
88 0.000633223996657
89 0.000460444439214
90 0.00207494839224
91 0.00374597689241
92 0.0100542764422
93 0.00135408619445
94 0.000396296851082
95 0.000288838227947
96 0.000656526639734
97 0.00243265989858
98 0.000188296767474
99 0.00241823177387
100 0.000410144631172
101 0.00327675851515
102 0.00129621161775
103 0.000863639259474
104 0.00206611570248
105 0.00181227803874
106 9.765625e-06
107 5.40204555207e-06
108 0.00536549724745
109 0.594477769096
110 0.000564387722269
111 0.000274110784615
112 0.0029877453858
113 0.000762195121951
114 0.00316438939129
115 0.00122675187679
116 0.000324415118471
117 0.000389116156877
118 0.000389116156877
119 0.000882644628099
120 0.00625017826984
121 0.00288283908605
122 0.0122542569948
123 0.00423654633941
124 0.00017901569962
125 0.743754665531
126 0.00331758861699
127 0.00222223286255
128 4.33458965082e-05
129 0.00257832425032
130 0.000188296767474
131 1.08206371191e-05
132 0.00221453287197
133 0.00256825099311
134 0.0236544589016
135 0.0119496287542
136 8.48748281948e-06
137 0.0053040657489
138 0.0114886605712
139 0.00132921006944
140 0.000568834700232
141 0.00150085888995
142 0.0109310018904
143 0.00934489675594
144 0.00104195416964
145 0.000516365479708
146 0.000375189453516
147 0.00139329651519
148 0.000986604207758
149 0.00062897168706
150 0.00481727170105
151 0.0829127343776
152 0.00120256299682
153 0.0047163808736
154 0.00192948250205
155 0.00152676232143
156 0.00725325655962
157 0.0409145593447
158 4.30933353763e-05
159 5.83706376956e-05
160 0.00131541955017
161 7.0247052848e-05
162 4.83744974427e-05
163 0.00462816419085
164 0.000555210800268
165 2.31633732735e-05
166 0.00268485362952
167 0.00173022100132
168 0.000334948948421
169 0.0013991026164
170 0.000599750104123
171 0.00100495161413
172 0.00330951785253
173 0.00272739685226
174 0.00546629023787
175 0.000206699448361
176 0.000945103596417
177 0.00173102891757
178 0.00050625
179 0.000337910899654
180 0.00500909309921
181 0.00324467232815
182 8.93732921322e-06
183 0.00917386221679
184 0.0126488457201
185 0.0108761775542
186 0.00177796177968
187 0.000943517105616
188 8.57469307958e-06
189 0.000752333713657
190 0.00370173963655
191 0.000240903437053
192 0.00507954077644
193 0.0108805110904
194 0.0123219921727
195 0.000614135348607
196 0.00921505481405
197 0.00295015656672
198 0.000426781463188
199 0.000947875976563
200 0.000137195089273
201 0.000481856038073
202 0.000896136190332
203 0.000316611998328
204 0.128581966025
205 0.000372964381321
206 0.000762166434567
207 0.000545757514378
208 0.000637738330046
209 0.0118547387307
210 0.0141821530686
211 0.000187101771715
212 0.00104195416964
213 0.137561994009
214 0.00120426694701
215 0.000304035850617
216 0.000944964570716
217 0.00139271645836
218 0.00318559451427
219 0.000900694444444
220 0.000289231338794
221 4.10329149833e-05
222 0.00840577232476
223 0.00246904054628
224 0.00877602911571
225 0.00018765246763
226 0.00537777777778
227 4.76354021604e-05
228 1.10374057681e-05
229 0.00262134553948
230 0.00355987848101
231 0.000313537874223
232 0.000377331379662
233 0.00162444814751
234 0.00561102311471
235 0.00617346938776
236 8.57469307958e-06
237 0.0013579060433
238 0.00337860181327
239 0.0024099484666
240 0.000319844512648
241 0.000474881133148
242 0.00068893089687
243 0.00142598660081
244 0.000695973591197
245 0.000422681137465
246 0.000480743863187
247 0.000312152730088
248 0.000604506838024
249 0.00115794617599
250 0.622861012788
251 0.000659339317584
252 0.000704017296892
253 0.000334459077995
254 0.0005478886839
255 0.00093089581566
256 0.00776715382239
257 0.00015625
258 0.000698005629798
259 0.00162058462877
260 0.00185157536318
261 0.0138925145045
262 0.0048756095721
263 0.000344027157214
264 0.00189293021068
265 0.000357644913312
266 0.000695568168096
267 0.000376745688824
268 0.0194110484347
269 0.000280764614135
270 9.65968331936e-06
271 0.000607981330525
272 0.000131537969015
273 0.0001242840369
274 0.0156849615695
275 0.000558719148569
276 0.000301582680777
277 0.00111111111111
278 0.000478931273732
279 0.00121976401362
280 0.000879565720911
281 0.000532544378698
282 0.0271297167847
283 2.17342874686e-07
284 0.00056242090956
285 0.00731236499394
286 0.000568751339709
287 0.000394520893827
288 0.00168351413544
289 0.00330744206683
290 0.0110884365109
291 8.07978790557e-05
292 0.00325043003189
293 9.29506246282e-06
294 0.0100836873222
295 0.00482532289243
296 0.000986604207758
297 0.000291563573861
298 0.000516041688853
299 9.29506246282e-06
300 9.03158288086e-06
301 0.000735379651988
302 0.0085958201545
303 0.00269600591716
304 1.08206371191e-05
305 0.000159844121151
306 0.00285040857019
307 0.147783544777
308 0.0673896084965
309 0.00010199903157
310 0.000614712109829
311 0.000419914001612
312 0.000136056639553
313 0.000601030324459
314 0.000599750104123
315 0.000799531494045
316 0.00104195416964
317 0.00089402986722
318 0.491432753933
319 0.00129675148098
320 0.00246211787538
321 0.000433501774584
322 0.00272928994083
323 0.000177777777778
324 0.00200387929877
325 0.00339774222127
326 0.000346052331102
327 0.00546050159784
328 0.000726176754908
329 0.000276859602983
330 0.000661224489796
331 0.000353326926338
332 0.0016
333 0.00193440861533
334 0.000184480040124
335 0.0852728740132
336 0.000600566924055
337 0.000890453757587
338 0.0016
339 0.00231592166809
340 0.0350455459102
341 0.0018599109277
342 0.000804601884201
343 1.17685479671e-05
344 0.0013000296175
345 0.00181892229662
346 0.000341574016492
347 0.00533339243424
348 0.00444508097746
349 0.0891263239812
350 0.000724409750912
351 0.014649398453
352 7.32496366468e-05
353 0.00153261140216
354 0.006195740395
355 0.00381155655116
356 0.0015609756506
357 0.000319844512648
358 0.000186373749257
359 0.000600566924055
360 0.000647779345478
361 0.36485762511
362 0.0155608030491
363 9.38036806219e-05
364 0.000210507302896
365 1.11111111111e-05
366 6.67478320304e-07
367 0.000451250481297
368 0.000386024657362
369 4.33458965082e-05
370 0.00161329510018
371 0.000402595589396
372 0.000332510303829
373 0.0226634201856
374 3.02634489273e-05
375 0.00211598130723
376 5.4420854609e-05
377 0.00045039072296
378 0.000219212749222
379 0.00908707110431
380 0.00112483073784
381 0.0107159751519
382 0.00111466678788
383 0.000944964570716
384 0.00237591279194
385 0.00177461999808
386 0.00174059706527
387 0.0300197317624
388 0.00622942883573
389 0.000376745688824
390 0.00141491219288
391 0.0133894702365
392 0.000440347391876
393 0.00704555827002
394 0.000828114486828
395 0.000386376039746
396 0.00244619680896
397 0.000767575428023
398 0.000960790158628
