1 0.00569627191723
2 0.00128298023323
3 0.00202343367162
4 0.000942231123465
5 0.000653731921488
6 0.000756938652953
7 0.00352647896045
8 0.00119530148105
9 0.00084440762383
10 0.0011840558326
11 0.00293136732377
12 0.000392601795719
13 0.0014922752809
14 0.00381456298038
15 0.00147931583831
16 0.00109171645927
17 0.00253952507905
18 0.000703814758066
19 0.000468159704215
20 0.00072609272473
21 0.00033593192353
22 0.312677160666
23 0.0523160805498
24 0.0224793952617
25 0.000308219448302
26 0.0025288038659
27 0.00140127596804
28 0.00058234496651
29 0.000731513803271
30 0.00137130373617
31 0.000314816894938
32 0.26403345201
33 0.00140934460488
34 0.000632323571606
35 0.00112988220689
36 0.0016409686927
37 0.00346523881152
38 0.00111166152605
39 0.000857839821804
40 0.00010766417525
41 0.000205017785703
42 0.000214545680474
43 0.0144187195324
44 0.000800355933155
45 0.00297921767497
46 0.000625
47 0.00272071711629
48 0.00075751199394
49 0.00174975436798
50 0.0023542686831
51 0.000129499867465
52 0.00207494839224
53 0.000683497799991
54 2.65703050271e-05
55 0.000205017785703
56 0.00031566635888
57 8.39752850239e-05
58 0.0132279912066
59 0.0342947091358
60 0.00129531457333
61 0.000333970281454
62 0.00030393569985
63 0.000660280894497
64 0.000361284708132
65 0.00905830893219
66 0.00109762960464
67 0.000422218052167
68 0.000220744635835
69 0.000535974607376
70 9.18273645546e-06
71 0.00596015572856
72 0.00362770877138
73 0.00631979834259
74 0.000353858844858
75 0.000577739561006
76 0.000969825372266
77 0.00755600558198
78 0.0001453778091
79 0.00219565734669
80 0.000871852894848
81 0.00397412536443
82 0.0018750423441
83 0.000654904683752
84 0.00156104731393
85 0.00368625865391
86 0.000415136473625
87 0.00136348484238
88 0.00146606445313
89 0.000630241067208
90 0.000685794882088
91 0.0102710201728
92 0.0032806125997
93 0.000443213296399
94 0.00418310529114
95 0.000308219448302
96 0.000350952367405
97 0.000765685474604
98 0.000158983998728
99 0.000749468692622
100 0.000214996431059
101 0.00321345163981
102 0.00301599814009
103 0.00220491493384
104 0.00224510023134
105 0.000183208756265
106 0.00030393569985
107 0.000155277996137
108 0.000219441356807
109 0.00237119671289
110 0.000686160048974
111 0.00308113310687
112 0.000361433590192
113 0.00488720233554
114 0.00327685449937
115 0.0200103461788
116 0.0031351708091
117 0.00108439198173
118 0.000144288432577
119 0.000786094855446
120 0.000363642499277
121 0.00302948633009
122 0.00129051607743
123 0.00126995237423
124 0.000765685474604
125 0.000455608740469
126 0.000592554052492
127 0.00153899819719
128 0.03377822442
129 0.00140338448877
130 0.00801801643949
131 0.00178115385606
132 0.000782211067326
133 0.0121248865468
134 0.00680315730437
135 0.000160699420596
136 0.000142570728447
137 0.000370963031902
138 5.60256732045e-07
139 0.000283799885209
140 8.18663899583e-06
141 2.34645537506e-05
142 0.00201711295783
143 0.00202499230532
144 0.0188400010307
145 0.00966835527841
146 0.00598522095693
147 0.00183509584971
148 4.32825484765e-05
149 0.00299980489074
150 0.000412656996699
151 0.00293946871825
152 0.000361983926755
153 0.000751189044803
154 0.000163432359353
155 0.00298323685518
156 0.00099957610033
157 1.12042856393e-05
158 0.00158379757273
159 4.10329149833e-05
160 0.017547907269
161 0.000432935208732
162 0.0020072707009
163 0.00324672689345
164 0.00409279789647
165 0.00168599696995
166 0.00203899038199
167 0.00344402587029
168 3.87628271518e-05
169 0.00148161495413
170 0.00370639939235
171 0.00120990429063
172 0.000126069559865
173 0.00117578442353
174 0.0013371574961
175 0.000665321747413
176 0.00129051607743
177 0.000128219961344
178 0.0101050270553
179 0.00220156345405
180 0.00204264981294
181 0.00427834240295
182 0.00168245695404
183 0.000741552820762
184 0.252616964105
185 0.000737264671853
186 0.00139059745302
187 0.00108423624468
188 0.00453933406958
189 0.0271087029661
190 0.00210396622193
191 0.000933948968147
192 0.000692942130882
193 7.94612132436e-06
194 0.00418389735059
195 0.00408666484824
196 0.00419590117706
197 0.0023507805326
198 0.0016409686927
199 0.00735315290956
200 0.00071640800984
201 0.00462338684394
202 0.00201913442384
203 0.00102645754283
204 0.00656665035869
205 0.00097531807515
206 4.71280679063e-05
207 4.03408754169e-05
208 0.0233079549484
209 0.0926321197184
210 0.000308712599419
211 0.000403963187853
212 0.000146923783287
213 0.00136760412958
214 0.0024251402405
215 0.0138487803396
216 0.000817479534043
217 0.000364346936033
218 0.000754049086501
219 0.00032425552752
220 4.10329149833e-05
221 0.0029704481732
222 0.000592554052492
223 0.00039745223578
224 0.000286108756118
225 0.00571789583945
226 0.00676683931931
227 0.259094252423
228 0.000190472855867
229 0.00549774246396
230 0.000285868937142
231 0.00293643247838
232 0.00121629665278
233 0.0967946609981
234 0.0043208076477
235 0.000361983926755
236 0.00305987800776
237 0.000626916436909
238 0.00124627311912
239 0.00286869695978
240 0.00105166700315
241 0.00201994697639
242 0.000385676529084
243 0.00120940058359
244 0.00206611570248
245 0.00280643551037
246 0.000445726482471
247 0.00117007142406
248 0.000608734999312
249 0.000434065009858
250 0.00146950491728
251 0.000754049086501
252 0.000733761700697
253 0.00237253089274
254 0.00499494312577
255 0.000352266681096
256 0.00377467860422
257 0.000984079309989
258 0.0033048218363
259 0.0158374586462
260 7.89041787653e-06
261 0.00106622240733
262 0.00229481157446
263 0.000653422574654
264 0.00103523395608
265 0.000703814758066
266 0.002542012951
267 0.00305610037503
268 0.000872835828127
269 0.000537765783627
270 0.000356122481921
271 0.000403963187853
272 0.045280128874
273 8.01374758398e-06
274 0.00204792197178
275 0.0035200105263
276 0.0230423905814
277 0.00133963011614
278 0.000427430620713
279 0.000205688476563
280 0.000316303142064
281 0.000380459685518
282 0.00175658934598
283 0.00155497319987
284 0.00331893996265
285 2.51114825819e-05
286 0.000420603232521
287 0.00158806716407
288 0.0515313931318
289 0.000267340678857
290 0.00185911401598
291 0.00071640800984
292 0.00145000310312
293 0.00162341868618
294 0.000566144308262
295 2.77008310249e-05
296 0.00097531807515
297 0.00217343416538
298 0.000179268570228
299 0.00233576758658
300 0.0218293343624
301 0.000639123847999
302 0.00350231185651
303 0.00132723428366
304 0.00504742821269
305 0.00110650426648
306 0.000691620870551
307 9.21231470563e-05
308 9.30924798149e-06
309 0.000316611998328
310 8.09374171656e-06
311 0.00124627311912
312 0.00127479526391
313 5.78293744307e-07
314 0.00664384214789
315 0.000749468692622
316 0.010915589361
317 0.00191368871442
318 0.000370963031902
319 0.00073572285695
320 0.0019239032077
321 0.00178918275423
322 0.000137593609182
323 0.157923215409
324 0.00031666764466
325 0.00117492767753
326 0.189739691591
327 0.000310395364233
328 0.000162796435776
329 0.00264991317106
330 0.00306535929085
331 0.00189035916824
332 0.00305884380354
333 0.00127004694361
334 0.00153476272572
335 0.00219833890164
336 0.000648835557771
337 0.00045132050808
338 0.00190326701173
339 0.00076416396058
340 0.00212785116336
341 0.00551203016408
342 0.000696104871929
343 0.000465834572742
344 0.000241475435122
345 0.000127016176996
346 0.00879452100988
347 0.0032025872199
348 0.290936764501
349 0.605845924961
350 0.000655593079041
351 0.00239979316958
352 0.00160948976308
353 0.0026114119117
354 0.00140338448877
355 0.00432244275659
356 0.00373713065148
357 0.000499518068955
358 0.000761823431685
359 0.000514141459781
360 0.000791015625
361 0.000749468692622
362 0.000296653808078
363 0.0281167478179
364 1.0174777236e-05
365 0.000662885249135
366 0.00361441095045
367 0.00142509158335
368 0.0736182798916
369 0.0105280855455
370 0.000660280894497
371 0.0598522323116
372 0.00849980540739
373 0.00155497319987
374 0.00872079819528
375 0.0133379119831
376 0.00172935581496
377 5.45101789347e-05
378 0.000689317243728
379 0.000860826991709
380 0.000342519920659
381 0.0213507868667
382 0.000707640870932
383 0.000361983926755
384 0.00284074344023
385 0.10644205775
386 0.00097531807515
387 0.00524974004088
388 0.0251807515124
389 0
390 0
391 0
392 0
393 0
394 0
395 0
396 0
397 0
398 0
