1 0.0599389198793
2 0.00171726101133
3 0.00171982816624
4 0.00229825078203
5 0.000114541700548
6 0.000281874212863
7 0.000330757798976
8 0.00120667332606
9 0.000594073791675
10 0.000629695137392
11 0.00123659709886
12 0.00163042721094
13 0.000423667726817
14 0.000245665533426
15 0.000629362988503
16 0.000148494549496
17 0.241208215534
18 0.00105581900949
19 0.0006708559826
20 0.000154930580278
21 0.00211997308628
22 0.000830489785882
23 0.000610500322915
24 8.49861631903e-05
25 0.0203008039333
26 0.00161844365174
27 0.00043207929228
28 0.00256558721703
29 0.0149548007973
30 1.11855572085e-05
31 0.000583648681641
32 0.000398723065459
33 0.00205029118697
34 0.00717157714096
35 0.0104596590119
36 0.000568299861496
37 0.0020444585168
38 0.000620260265483
39 0.000484029283682
40 0.0380476698757
41 0.00210480338125
42 0.00852112097304
43 0.00101150428205
44 0.000264909532335
45 0.00259522961908
46 0.00210227085195
47 0.000410144631172
48 0.000620682223632
49 0.0015004018882
50 0.000100024950044
51 0.0110068641134
52 0.00411519472314
53 0.017328861056
54 0.000319333578922
55 0.000301310088319
56 0.0030389631544
57 0.00056990480479
58 0.000750190359632
59 0.000873558970095
60 0.00581470834028
61 0.00603877055253
62 0.000420921503385
63 0.00129811851211
64 0.000740432227313
65 0.000944573478645
66 0.00068449161709
67 0.000698635719692
68 0.0390195995459
69 0.00113726305638
70 0.00241870464929
71 0.00139271645836
72 0.000332130554085
73 0.00129430892205
74 0.003832527242
75 0.000928968342368
76 0.016955582479
77 0.159207462389
78 0.011589855613
79 0.0115682489452
80 0.00031532060197
81 6.06554672412e-07
82 8.65051903114e-06
83 0.00177170318071
84 4.58601062935e-05
85 4.27807260681e-05
86 0.000361983926755
87 0.000329389396334
88 0.000421294161739
89 0.000750190359632
90 0.0011188034933
91 0.0122975523729
92 0.000885125722137
93 3.03747456115e-05
94 0.000989138835379
95 0.0013991026164
96 0.00256916598599
97 0.000519495116311
98 0.00188286847411
99 0.00236669101534
100 0.000527728378797
101 0.00081969983775
102 0.00123460311503
103 0.00634853193447
104 0.0343605834187
105 0.000365871720106
106 0.000597361773582
107 0.000321167508126
108 0.0118554244884
109 0.000755836874681
110 0.00161343839288
111 0.00150998540519
112 0.456395701122
113 0.00193218241719
114 0.000727414258539
115 0.000543408726256
116 0.000372396487408
117 0.000336919232104
118 5.57547847089e-05
119 0.0106262919979
120 0.00314389374708
121 0.000920008141665
122 0.000148494549496
123 3.9555397334e-07
124 0.199751573375
125 0.000319333578922
126 0.000293206980672
127 0.00176819697438
128 0.00126076454526
129 0.000321167508126
130 0.000364197890566
131 0.00945117013952
132 9.05878642835e-06
133 0.067388240852
134 0.0365416922034
135 0.0069442817132
136 0.00802102017851
137 0.000684056555578
138 0.00442049164947
139 0.00560590919884
140 0.00234367311253
141 0.000728271546386
142 0.00105581900949
143 0.00128505383115
144 0.000985400638018
145 0.0100238185255
146 0.000253555129174
147 0.000130799033927
148 8.87090559194e-06
149 0.00182488670284
150 0.0220910595391
151 0.0127628406833
152 0.000905906464875
153 0.0175734181343
154 0.00376549586777
155 0.00230169772685
156 0.00056990480479
157 0.000404934071671
158 0.000852529151204
159 0.00167879585744
160 0.0101233517918
161 0.00549743488082
162 0.000236164553841
163 0.00549070401535
164 0.000720743963769
165 0.000646869367405
166 0.00081231485117
167 0.00421019975535
168 0.00032866350694
169 0.000793102871654
170 0.00597632494828
171 0.403961868961
172 0.000151255560171
173 0.00547291442015
174 0.000263100422656
175 0.00121376740334
176 0.000828114486828
177 0.00107427285319
178 0.000131550211328
179 0.000362563101038
180 0.000808846871372
181 0.000793326383665
182 0.0190094695146
183 0.000225450675901
184 9.90093126219e-05
185 0.00123556788779
186 0.000517013976322
187 0.00277368646225
188 0.00204997873784
189 0.000325872620245
190 0.00552322185943
191 0.00112792851536
192 0.000314816894938
193 0.000495022608045
194 0.000733761700697
195 0.000965747721283
196 0.0113749959156
197 0.00134719241398
198 0.00129475361005
199 0.00728304712496
200 0.00120197809911
201 0.00418392768528
202 0.00210782426839
203 0.50024613225
204 0.000712273532022
205 0.00214481786701
206 0.000820227727115
207 0.0039555397334
208 0.00259522961908
209 0.00683893121264
210 0.000146479569533
211 0.459246727012
212 0.00331288114881
213 0.00038167850238
214 8.61248088433e-06
215 0.000540504019999
216 0.00197500469131
217 0.0157704474499
218 0.00931301752225
219 0.000126528859093
220 0.000192826620831
221 0.00153787004998
222 0.000396728172645
223 0.000361983926755
224 0.000607154426396
225 0.00207124331518
226 0.0336363336312
227 0.000146258217741
228 0.000379096670257
229 0.00124475930804
230 0.00152213170598
231 0.0421814690406
232 5.61096382331e-07
233 0.00748039529366
234 0.000175523882622
235 0.0207343414814
236 0.00292873566522
237 0.00742629307427
238 0.000439212548433
239 0.000759256993565
240 1.07851305405e-05
241 6.32891764749e-07
242 0.0035893569903
243 0.000284566393665
244 0.000128949000167
245 0.00070955586289
246 0.00130293405439
247 0.00205989221689
248 0.000901620315047
249 0.00117010176509
250 0.00189550650192
251 0.0053731944305
252 0.00186745364762
253 9.67471199592e-06
254 8.05931251042e-06
255 0.00180118061761
256 0.00380594648043
257 0.0121887813758
258 0.000154795391935
259 0.000292761905803
260 0.00183734164546
261 0.000950120643962
262 0.000605463487315
263 0.000830177336752
264 3.8366642052e-05
265 6.01467354795e-06
266 0.000436935828458
267 0.0010545706106
268 0.0011879112287
269 0.00301266540643
270 0.00109466704295
271 0.00262528492488
272 0.000590874005693
273 2.98808724318e-06
274 0.000946545404822
275 0.000361088659767
276 0.00576757072845
277 0.00122979921186
278 0.00108499904923
279 0.00118721224513
280 0.000322143064455
281 3.32840236686e-05
282 5.61096382331e-07
283 0.00190235719833
284 0.0012924104127
285 0.0178190015965
286 0.000557827119599
287 0.000150805395063
288 0.000173415299158
289 0.000698635719692
290 0.000784896768586
291 0.00142016520149
292 0.000414370982553
293 0.00068341980031
294 5.12642329447e-05
295 0.000453875236295
296 0.00068151664799
297 0.0143547480504
298 8.22188820801e-06
299 0.00871798785141
300 0.00432379416391
301 0.000336425034544
302 0.00233364186543
303 0.00112792851536
304 0.00256474762611
305 0.00130102289359
306 0.00645124319468
307 0.00312755406184
308 0.0414654592299
309 0.021827736837
310 0.000247221233337
311 0.00216333153056
312 0.000740432227313
313 0.000266288872954
314 0.190976906187
315 0.00141250823498
316 0.00085988279665
317 0.00138927128496
318 0.0234293107771
319 0.00623572546294
320 0.001192442296
321 0.00298669738261
322 0.000509476788735
323 0.000294415664986
324 0.0156063394404
325 0.00042889819258
326 0.000995730347818
327 0.000949725089989
328 0.0123623614958
329 0.000558431672419
330 0.00950423024378
331 0.114937889297
332 0.000665972944849
333 0.00120974865275
334 0.00145294977489
335 0.00096711708208
336 0.00254364062771
337 0.00168576351603
338 0.00169656449995
339 0.00085988279665
340 0.000463834859969
341 0.000486591695502
342 0.000665972944849
343 0.158475796085
344 0.00270293206952
345 0.000590874005693
346 0.0011430328714
347 0.00377303817107
348 0.000389732841434
349 0.00129430892205
350 0.000236616276335
351 0.00215133375341
352 0.00697325560852
353 0.000328187355598
354 0.000137799694149
355 0.00378888608618
356 0.0150675981412
357 0.00484139985179
358 0.000740432227313
359 0.00123556788779
360 0.0018722192172
361 0.00139271645836
362 0.000646964442834
363 0.433229207454
364 1.15387965602e-05
365 0.0818388589014
366 0.853141273351
367 7.57859596089e-06
368 0.0117827955654
369 9.05878642835e-06
370 0.010376598943
371 0.000792406773107
372 0.000352485132974
373 0.000946796304827
374 0.3541450482
375 0.000773991959084
376 0.00525861611103
377 0.000260266039079
378 4.79339135134e-06
379 0.0150151309507
380 0.000653308020376
381 0.000373260011132
382 0.187303226345
383 0.000357075726906
384 0.00377120765438
385 0.00128461259769
386 0.00253429956804
387 0.00123379709922
388 0.000433525866542
389 0
390 0
391 0
392 0
393 0
394 0
395 0
396 0
397 0
398 0
