1 0.0032875462231
2 0.000317968420903
3 0.00133860225887
4 0.000360336675528
5 0.000863640149938
6 0.00404248221296
7 0.00294269284156
8 0.000545393250009
9 0.00136660813247
10 0.000313037014999
11 0.00259869182182
12 0.000673375869345
13 0.000659339317584
14 0.0013812278014
15 0.0016
16 0.000476610592597
17 0.000707461234179
18 0.000758671598813
19 0.00251394697434
20 0.00133723233092
21 0.000685487603306
22 0.000969815974426
23 0.00809152306267
24 0.000804141608283
25 0.000346004287132
26 0.000317968420903
27 0.0013131298611
28 0.00160786561699
29 0.000339406630322
30 0.00208086835612
31 4.30305399961e-05
32 0.00205611560864
33 0.0214368666795
34 0.00258488787567
35 0.000417159516868
36 0.00035629921792
37 0.000598121455577
38 0.00143277748654
39 9.93566038919e-06
40 0.00422298343681
41 0.00348547373968
42 2.97881620373e-05
43 0.0394277190004
44 0.000367317119827
45 0.000296917608308
46 0.490559030454
47 0.000332025771575
48 0.00120940058359
49 0.0624807123169
50 0.00760441594486
51 0.00130518851876
52 0.00194518234291
53 0.00106471442427
54 0.000701723608614
55 0.205520564841
56 0.000718028096655
57 0.00254014508029
58 0.000470336122007
59 0.000496582118388
60 0.000729958949686
61 0.000946151339291
62 0.000219089073204
63 0.0093881048332
64 0.00233422944104
65 0.0826385912381
66 0.000148365039088
67 1.01137484548e-05
68 0.00425086738321
69 0.00152029771973
70 0.000646214654569
71 0.000375812893255
72 0.00346320302336
73 0.000322090402788
74 0.00226083999921
75 0.00220013427183
76 0.000630346586745
77 0.000738246572434
78 0.0306971747651
79 0.0043468835256
80 0.00260123113037
81 0.00150851708916
82 0.00160231891628
83 0.000659339317584
84 0.00165764676241
85 0.000796582417577
86 0.00748959720488
87 0.00173653496636
88 0.000192354019892
89 0.00394104937286
90 0.000375238036141
91 0.00160179747269
92 0.000146276196494
93 0.000361983926755
94 5.7134734853e-05
95 0.000379119719929
96 1.06622240733e-05
97 0.000374040660285
98 0.00305070370141
99 0.000708688016508
100 0.0047146481421
101 0.00338572738858
102 0.00296720874795
103 0.000578757158048
104 0.00258160707956
105 0.000778014373794
106 0.00150632483586
107 0.0008829799636
108 0.00119479710793
109 0.000878685127734
110 0.000442508768555
111 0.000828422658907
112 0.00630159399695
113 0.00123734249135
114 0.000669808634226
115 0.00251588674824
116 0.00121429846137
117 0.00080163905484
118 0.00126995041322
119 0.00598568354026
120 0.000462578640979
121 0.000951317445447
122 0.00130993538371
123 0.00033311596091
124 0.00130964874577
125 0.00948260110022
126 0.00205733929171
127 0.00130964874577
128 0.0003732800644
129 0.000862048379308
130 0.01189448901
131 0.0198645968155
132 0.000265841502498
133 0.00100195968458
134 0.0110459054231
135 0.00280703125
136 0.0129009957762
137 0.0016729329071
138 0.00229521850977
139 0.0143918205414
140 8.1235411897e-07
141 0.0013000296175
142 0.00357470358196
143 0.000520206430104
144 0.00402801107913
145 0.000830768698225
146 0.000373404280147
147 0.000746382066824
148 0.00426902850945
149 0.00239836229964
150 0.000453578813778
151 0.000216168164668
152 7.71604938272e-06
153 0.0048225308642
154 8.81829841012e-06
155 0.0026223426954
156 0.00201633718615
157 0.000667886659222
158 0.00124475930804
159 0.00122789521893
160 0.000162946064853
161 0.00373719318461
162 0.0018014525454
163 0.0018014525454
164 0.000581413867528
165 0.000507013502686
166 0.000501225217198
167 0.0036
168 0.000517013976322
169 0.00307274792159
170 0.00260852546344
171 0.00197530864198
172 0.000728271546386
173 0.00110809383861
174 0.000605505671078
175 0.00119937782275
176 0.00356690759514
177 0.00094674556213
178 0.00106470622166
179 0.00121247992334
180 0.00149097003715
181 0.0020515193815
182 0.00208086835612
183 0.000388732712727
184 8.24551431138e-06
185 0.00158046313873
186 0.000483667200101
187 0.00685653262422
188 0.00229447231858
189 4.12675559061e-05
190 0.00238996317446
191 0.000825094442498
192 0.00411414569014
193 0.000762970735341
194 0.00018993519715
195 0.00378132545965
196 0.395670649713
197 0.00127054712936
198 1.06622240733e-05
199 0.162901314098
200 9.93566038919e-06
201 0.00184702224957
202 0.00283976800554
203 8.59985724237e-06
204 0.000498122623492
205 0.000384115902984
206 0.000715343905999
207 0.000742675960049
208 0.00151918896775
209 0.00155165679826
210 0.000933218698889
211 0.000131173816067
212 0.00137064471879
213 0.00237229786238
214 0.000845258282884
215 0.00597475660293
216 0.00533645905482
217 0.00124475930804
218 0.0278025091455
219 0.00072017759431
220 0.00055652194553
221 0.00292314646439
222 0.000856646405949
223 0.000408604033506
224 0.000577213806313
225 0.000366859738829
226 0.000498521892288
227 0.00142359947438
228 0.000477189178999
229 0.00182819435353
230 0.000372683770367
231 0.000360336675528
232 0.000528898966994
233 0.00494826127953
234 6.19556042847e-05
235 0.000346702325607
236 0.00898454941785
237 1.19730367213e-05
238 0.000830768698225
239 0.00620001240002
240 0.00240145025082
241 0.0324664076136
242 0.000436174927049
243 0.0107158715682
244 5.61532759821e-06
245 0.0296645409256
246 0.0061098257984
247 0.000391188311168
248 0.0850301974107
249 0.016493291426
250 0.00576951343547
251 0.00043547816199
252 0.000616666271368
253 0.00756687362169
254 0.000407550177499
255 0.000339406630322
256 0.00221991760607
257 0.000380725758477
258 0.000825474365063
259 0.00146595146111
260 0.00160435949302
261 7.42451128154e-06
262 0.0308435759648
263 0.00150994798509
264 0.00180878236338
265 0.00073155821335
266 0.000288445918006
267 0.00119916683198
268 0.000726332199546
269 0.101928686608
270 0.000842650097707
271 0.00292334611923
272 0.000607350013297
273 0.00136104702191
274 0.000278892231133
275 0.000342935528121
276 7.44478297527e-06
277 0.00042368724283
278 0.0012792370398
279 0.00170971629643
280 0.000946151339291
281 0.000885125722137
282 0.00507563197871
283 0.0575559164257
284 0.4103791562
285 0.00739625588391
286 0.000639270427632
287 0.00149386469475
288 0.00457288050052
289 0.000206671624581
290 0.0502241237014
291 0.00108431891807
292 0.00296720874795
293 0.00675701869683
294 0.00436331371191
295 0.000310526985791
296 0.000498122623492
297 0.000148268616399
298 0.00173653496636
299 0.000679069088499
300 0.00349310420843
301 0.0110592100005
302 0.00480867195055
303 0.000608809925087
304 0.00326722327817
305 0.00122614670335
306 0.143049036676
307 0.00164988910071
308 0.000864466925313
309 0.00569224996553
310 0.00216019057775
311 4.00576830636e-05
312 0.000425475715888
313 0.00130102289359
314 8.43824444434e-06
315 0.00184876327776
316 0.00032866350694
317 0.000952687958738
318 0.00272230519656
319 0.000352796206284
320 0.000358157773943
321 0.00532091220495
322 0.0202147120022
323 0.000946151339291
324 0.000608809925087
325 0.000191863535284
326 0.000574634937804
327 0.0526617956003
328 1.25358603469e-05
329 0.00290909065385
330 0.000410897172502
331 0.000477846949847
332 0.00136699149402
333 0.00115603166267
334 0.0300805987334
335 0.000759876659045
336 0.000806058374548
337 0.000759256993565
338 0.000289891907855
339 0.000721676381194
340 0.0024216794006
341 0.000148268616399
342 0.00056065216351
343 0.0113886678166
344 0.000308219448302
345 0.00209878105707
346 0.0184898952639
347 0.00133714100239
348 0.000706915774476
349 0.000970564289221
350 0.0198364410806
351 0.00196983308358
352 0.0102338719859
353 0.0113492898759
354 0.000806680333171
355 0.000903007516701
356 0.00131769490181
357 0.00345017803045
358 0.0036020456754
359 0.00133869358739
360 0.000288445918006
361 1.00144207659e-05
362 0.00581221502212
363 0.000804221769592
364 8.98452415714e-05
365 0.00307274792159
366 1.02564036818e-05
367 0.0367101902842
368 0.00137589890438
369 0.00286697922923
370 0.000660863625854
371 0.000704336639244
372 0.000346004287132
373 6.06134984016e-05
374 0.0860592202962
375 0.000581559252555
376 0.00183488776707
377 0.00183755493935
378 0.00802579144081
379 0.0034686458569
380 0.00111262437088
381 0.00258546394714
382 0.00238771335041
383 2.90799170092e-05
384 0.192845387677
385 0.000361983926755
386 0.000609614077223
387 0.000475456572215
388 0.00151257667234
389 0
390 0
391 0
392 0
393 0
394 0
395 0
396 0
397 0
398 0
