1 0.00197471573741
2 0.000477768819612
3 0.00179641243805
4 0.000869220821911
5 0.000159472842585
6 0.000628971810331
7 0.0018499248468
8 0.000576940666578
9 0.0020404514393
10 0.00154459297115
11 0.000569011006137
12 0.000605523855089
13 0.00112484252907
14 0.001129476273
15 0.000671738917474
16 0.00365536136561
17 0.00079723183391
18 0.000585779425367
19 9.98751170899e-05
20 0.00128298023323
21 0.00163910242751
22 0.000905957336108
23 0.00921969068112
24 0.00483622389788
25 0.000663553881928
26 0.00118788339159
27 0.115230392247
28 0.00120174219482
29 0.000291208983215
30 8.95070344138e-06
31 0.0396798816499
32 0.00287369788986
33 0.0019084671924
34 0.00105907658858
35 0.00112616337989
36 0.00365753528697
37 0.00056990480479
38 0.00350779340604
39 0.000334504633904
40 0.00118860512738
41 0.000425124880434
42 0.00103316326531
43 0.000187233483741
44 0.00286575633738
45 0.00399324819131
46 0.0125780974567
47 0.00321215284926
48 0.00253855102596
49 0.0463017496968
50 0.000696888888889
51 0.0775120453669
52 0.0080938627161
53 0.00275549451993
54 0.0230050913571
55 0.00105302399018
56 0.000575232767318
57 0.000320248574381
58 0.000419226463453
59 0.0018082164794
60 0.00103316326531
61 0.000575248409801
62 0.000904794582236
63 0.000327761732928
64 0.00150994798509
65 0.00108439198173
66 0.0006977478617
67 0.0041361632228
68 0.00266202473171
69 0.00627181068353
70 0.000506007917444
71 0.000722849635148
72 4.94384765625e-05
73 0.00509736122272
74 0.00220979605962
75 0.00845439228191
76 0.00115939536258
77 0.00106676987448
78 0.00138795504144
79 9.96705266155e-06
80 0.000430908203125
81 0.109897529499
82 8.6137854135e-05
83 0.00366124727115
84 0.0030157769749
85 0.000218792928348
86 0.000605523855089
87 0.000353283080055
88 0.00432495285946
89 0.0151506873004
90 0.000727095212462
91 0.000685794882088
92 0.000905171422962
93 0.00188012720236
94 0.000313777777778
95 0.000607161981541
96 0.00105163064069
97 0.000904794582236
98 0.000645109605387
99 0.00125167798355
100 0.000771473520026
101 0.000331542297636
102 0.00118738885229
103 0.394296208011
104 0.00134517641364
105 1.09644313846e-05
106 0.0036239202
107 0.00137542332072
108 0.00194242926207
109 0.000503318268378
110 9.96705266155e-06
111 0.000702757455411
112 0.00133020773247
113 0.00879565671191
114 0.000780008197308
115 0.00146545410156
116 0.000569011006137
117 0.000393548492845
118 0.00156366202018
119 0.00246521109273
120 0.00192683665731
121 0.0013958707988
122 0.0007196146064
123 0.000403621619854
124 0.00027195573871
125 0.00118860512738
126 0.00112484252907
127 0.0019084671924
128 4.4181698339e-06
129 0.00523581043015
130 0.000540134808646
131 0.00213537227782
132 0.00378460535716
133 0.0022832216524
134 0.00247472737821
135 0.00116597263534
136 0.00199501542141
137 0.00109206989247
138 0.00800985524257
139 0.000381469726563
140 0.00308107920213
141 0.00696421400491
142 0.000198723049157
143 0.00185715111574
144 0.00575948864471
145 0.00105206863762
146 0.00048516369423
147 0.00100075493867
148 0.00137815081256
149 0.000554903478969
150 0.000730453990151
151 0.00308689017219
152 0.000637132901941
153 0.00450872382844
154 0.0186712218558
155 0.00248141389971
156 0.00326761090877
157 0.000826899975754
158 0.00201826683758
159 0.000351211200996
160 0.000804784354752
161 0.000684025190269
162 0.000576
163 0.118432269569
164 0.00125167798355
165 0.00371732766436
166 0.000899743552613
167 0.00134316493517
168 0.000544387735912
169 0.00108439198173
170 0.000875013213894
171 0.00133317489966
172 0.000804784354752
173 0.000274110784615
174 9.62973083097e-06
175 8.30215700417e-05
176 0.650209160727
177 0.0018944244556
178 9.12733545696e-06
179 3.27361478607e-05
180 0.000861308059243
181 0.00121456711634
182 0.000414460630882
183 0.00174240183267
184 0.000391989629955
185 1.09644313846e-05
186 0.000511714335823
187 0.000178637215648
188 0.000943713621435
189 0.00171721498104
190 0.00111999868872
191 0.00499494099072
192 0.000895251811003
193 0.000255589296239
194 0.00334744897959
195 0.258847592061
196 3.04866573827e-05
197 0.00274110079974
198 0.581686074379
199 0.00155610609678
200 0.000838890986297
201 0.00181448799583
202 0.000823686455248
203 0.00123792561627
204 0.00109701850747
205 0.00509411764706
206 0.001463351513
207 0.0015921919596
208 0.00595935887295
209 0.000150632593063
210 0.000154075693295
211 0.00159133691708
212 0.0215417373555
213 0.000219503778901
214 0.00121456711634
215 0.00023226962243
216 0.0177724040068
217 0.00106711111111
218 0.000807331265585
219 0.00121246422698
220 0.00291733857874
221 0.00208909709865
222 0.0662970044198
223 0.000124318615013
224 0.00109256562665
225 0.00157626732509
226 0.000565244280404
227 0.141685782793
228 0.000448442906574
229 0.0137357825855
230 0.000869307994615
231 0.000683965645323
232 0.000658795624981
233 0.00044097272395
234 0.00223648309803
235 0.000582193503871
236 0.000483250178477
237 0.00121246422698
238 0.000669387755102
239 0.000319243003335
240 0.000396171056729
241 0.000277777777778
242 0.00209878105707
243 0.000448442906574
244 0.00193147267953
245 0.00079704074324
246 0.00752302483404
247 8.19836350417e-06
248 0.00114618121556
249 4.10913872452e-05
250 0.00392677353148
251 0.00397185439918
252 2.96800708218e-05
253 0.0139520622473
254 0.000347582969844
255 4.29678817736e-05
256 1.32767296628e-05
257 0.00276819089431
258 0.000724670245362
259 0.00123026692334
260 0.000609663161103
261 0.0010404479189
262 0.000483406161062
263 0.000425985961547
264 0.000728271546386
265 0.000953653316835
266 0.0014533054286
267 0.000351152983433
268 0.00137200978428
269 0.000402177072478
270 0.000316161785803
271 0.00590716476723
272 0.00293421704094
273 0.0024658129509
274 0.0214473393499
275 0.000817335007993
276 0.0794536948172
277 0.00105442011066
278 0.000487002667183
279 0.000357871756546
280 0.00435761094929
281 0.000133024776147
282 0.00218460494478
283 0.00932977777778
284 0.000205017785703
285 0.0014533054286
286 0.000629362988503
287 0.000282276130188
288 0.00205831168413
289 0.00324672689345
290 0.00110777648255
291 0.00103396045918
292 0.00290705418509
293 0.00122295782008
294 0.00201857445331
295 0.00068762934202
296 0.000429958660917
297 0.0026800400586
298 0.000858456030895
299 0.000860088701206
300 0.000853928199792
301 0.276325630978
302 0.00316896886046
303 0.000791015625
304 0.00284546895785
305 0.001707766916
306 0.000609663161103
307 0.000281874212863
308 0.00392182585233
309 0.0016366167424
310 0.000448442906574
311 0.0427489965609
312 0.000212992980774
313 0.00130194494633
314 0.000607161981541
315 7.24622101611e-05
316 2.3387956242e-05
317 0.002469419248
318 0.00485619589894
319 0.000822256859754
320 0.000816666525002
321 4.94384765625e-05
322 0.00213489938093
323 0.00177925198809
324 0.00221358135097
325 0.136051202596
326 0.000357616136556
327 0.00141111292162
328 0.000725006978752
329 0.000328949667439
330 0.00181801961029
331 0.000477557380526
332 0.00299573573986
333 8.81829841012e-06
334 0.00459015430263
335 0.00227433752146
336 0.00831560152841
337 0.00213961284825
338 0.0159975943694
339 0.324592699193
340 0.00222847616196
341 0.653895710029
342 0.00934543978082
343 0.00213170214743
344 0.00288496118591
345 0.0137416725808
346 0.00247914655578
347 0.0218214097944
348 0.000523778365771
349 0.000143856107928
350 0.000575413359063
351 0.000573893234186
352 0.00090945599728
353 0.0421187817507
354 0.00218288463408
355 0.00242166144311
356 0.00115963658965
357 0.0007052457597
358 0.0106621658395
359 0.0656231178594
360 0.000912621004955
361 0.00242166144311
362 9.62973083097e-06
363 0.000103462393239
364 5.79239198275e-06
365 0.00151404467905
366 0.000888359055416
367 0.00218448131553
368 0.00229481157446
369 3.59520479574e-05
370 0.00171376105953
371 0.000637824100211
372 0.000651361944025
373 0.000607630470724
374 0.00101383629118
375 0.0153149730417
376 0.0136129848635
377 0.000508230064535
378 0.00703534018372
379 0.00224053982422
380 0.0272766653296
381 0.000333970281454
382 0.0168496089704
383 0.000747680664063
384 5.79239198275e-06
385 2.93239844127e-05
386 0.00246979562648
387 0.000952118851081
388 0.000201998590211
