1 0.00129621161775
2 0.000439446833424
3 0.000313462761015
4 0.00164848210752
5 0.000490934838089
6 0.00038163484987
7 0.000376196764708
8 0.00134316493517
9 0.00110960093648
10 0.000173365380554
11 0.000825472974996
12 0.00157822481304
13 0.000156862605885
14 0.000304360042834
15 0.000746636394408
16 0.000162136824553
17 0.0106363337962
18 0.000134425540853
19 0.00341368110146
20 0.00268621768164
21 0.0005752695639
22 0.000393770835413
23 0.000255182761894
24 0.0076874947443
25 0.00224639390608
26 0.635037554031
27 0.000957643710487
28 0.00103648460339
29 0.0105733114506
30 0.00148373957544
31 0
32 0.00523093726742
33 0.00121865344402
34 0.00235434637286
35 0.00129621161775
36 0.000342043431826
37 0.000185976829448
38 0.014710295414
39 0.000503180897624
40 0.000319198577445
41 0.000778193307538
42 0.000606331674654
43 0.00116922954055
44 0.00049936019475
45 0.00137107163594
46 0.000650033304175
47 0.0114468631525
48 0.00320342573819
49 1.07851305405e-05
50 0.000222846764863
51 0.00251656710699
52 0.000324545468012
53 0.00174527355412
54 0.000812512293239
55 0.00156450271606
56 0.00604507112424
57 0.00243346001977
58 0.00245560029114
59 0.0590106308894
60 9.04873734767e-05
61 0.00344517958412
62 0.00334284905152
63 0.000947067447516
64 0.000438074634938
65 0.00122850751431
66 0.00131158537951
67 0.000935517844498
68 0.00229860278096
69 0.0050947599884
70 0.000955029757585
71 0.000413102884395
72 0.00182482218029
73 0.251701106866
74 0.00190644237039
75 0.00280855132846
76 3.35847490411e-05
77 0.00223519311123
78 0.000872442549799
79 0.00636363877268
80 0.0903352646454
81 0.00688402617561
82 0.0281799255051
83 0.00295437099502
84 0.0347924773315
85 0.000743939613877
86 0.0113531776726
87 0.000737654384181
88 0.00965420497566
89 0.00143613448344
90 0.000682514376726
91 0.000326574115257
92 0.000163316967612
93 0.0092204280306
94 0.00228882683414
95 0.00817854486839
96 0.000441027963955
97 0.0172481263749
98 0.000708300559136
99 0.00200268612069
100 0.000688488639937
101 8.49985975231e-06
102 0.000309087060676
103 1.050726446e-05
104 0.00228871646008
105 0.000554431631375
106 0.00159678678805
107 0.00365939157386
108 0.000855901663036
109 6.41644689016e-06
110 0.0100327240203
111 0.00221127979438
112 0.000995518301822
113 0.00138637392485
114 0.00212915376014
115 0.00609631245364
116 0.00187191783151
117 0.00152929059642
118 0.000445403105583
119 0.000375587552805
120 0.000327606560298
121 5.75079504742e-06
122 0.000941553103581
123 0.000830768698225
124 0.0101198464467
125 7.91262875331e-06
126 0.00249342972553
127 0.00136923664796
128 0.00972626763371
129 0.000563905848609
130 0.000819830246914
131 4.35617812306e-05
132 0.00143472815026
133 0.000727272343158
134 0.000885657772915
135 0.00889731043626
136 0.000173190429025
137 0.00133455822707
138 0.00179879415796
139 0.000376581208965
140 0.00153173452827
141 0.00377341547489
142 0.00233684884475
143 0.000147721439899
144 0.000836999459013
145 0.000554431631375
146 0.00189293021068
147 0.00014619757312
148 0.0180033147518
149 0.000691639698411
150 7.79161709656e-06
151 0.00187509149363
152 0.00144779797563
153 0.000171662080081
154 0.000734867179562
155 0.00107882103904
156 0.747769119884
157 0.00302798986886
158 0.00152748843255
159 0.00138453217956
160 0.00109536375563
161 0.00108877778911
162 0.00109536375563
163 0.000206097989992
164 0.00210396622193
165 0.000324883081077
166 1.02073104758e-05
167 0.011400130966
168 0.000427566423059
169 0.000505525135426
170 0.00174561487228
171 0.000389542936288
172 0.00904556784838
173 0.00992937043877
174 0.00931661785084
175 0.00940073130194
176 0.000908782508777
177 0.000265254803764
178 0.000607133220108
179 0.000421294161739
180 0.000914875781131
181 0.000195659473154
182 0.00276099341837
183 0.000384596692468
184 0.00155136007355
185 0.000777593312698
186 0.00182044444444
187 0.00111414072419
188 0.000673677556921
189 0.293898698936
190 0.000716727685898
191 0.0659891626632
192 0.000394301616132
193 0.0305030779262
194 1.43601108033e-05
195 0.00445610402727
196 0.00519812929723
197 0.00161844365174
198 0.00172460805115
199 7.5060987052e-06
200 0.0240433832842
201 0.00100581387925
202 0.0440716423273
203 0.00203420705904
204 0.00545357761804
205 0.016374779295
206 0.000328446937886
207 0.00152929059642
208 0.000274474206232
209 0.00377303817107
210 0.00117183842577
211 0.00127551020408
212 0.000658058406696
213 0.00158871728751
214 0.000359790089827
215 0.00096250136303
216 0.0014024126565
217 0.00253429956804
218 1.0094121373e-05
219 0.00126076454526
220 0.003480042143
221 0.00181701501925
222 4.15042152398e-05
223 0.000153598679051
224 9.59991744071e-06
225 5.53240898846e-05
226 0.00200524328204
227 0.00367636565097
228 0.000705188293874
229 0.00135530190606
230 0.0020544262453
231 0.00031566635888
232 0.00118738885229
233 0.000970736917052
234 0.000856371847695
235 0.000252913436529
236 0.000358700642792
237 0.000288054406795
238 0.000826792148537
239 0.000949482478733
240 0.000354391965452
241 0.00329185469018
242 0.000309087060676
243 0.00798976311601
244 0.011693856018
245 0.00386267271458
246 0.00156807899475
247 0.00037946870082
248 0.000673677556921
249 0.00586690810321
250 0.00275709880352
251 0.0034293371991
252 0.013934444984
253 0.00793819539704
254 0.000190196160287
255 0.00421938660027
256 0.00148370512223
257 0.00536703833407
258 0.00209577958293
259 0.00119241483124
260 0.000793102871654
261 0.000352796206284
262 0.000295225611412
263 0.000830768698225
264 0.000931291350858
265 0.000290317898098
266 0.002916
267 0.000681012216695
268 0.000826792148537
269 0.0744146008585
270 0.0041900647609
271 0.00101942726183
272 0.0100702934356
273 0.000638227146814
274 0.00478307197062
275 5.15920609372e-05
276 0.00225187208052
277 0.0174804430212
278 0.00264143833938
279 0.0023972681359
280 0.000382815467417
281 0.000707961121135
282 0.000601385413805
283 0.00229860278096
284 0.00138637392485
285 0.0166626238425
286 0.00315090069855
287 0.00129051607743
288 0.00183509584971
289 0.000333239209694
290 0.00319504998566
291 0.020989064139
292 0.00376898951258
293 0.000863338106493
294 0.00997782677244
295 0.00114902721478
296 0.00226495265577
297 0.000245365921068
298 0.0356770133266
299 0.000688488639937
300 0.00327879347492
301 0.000318931975274
302 0.0122354649921
303 0.000146842798845
304 0.000265008112493
305 0.00135444315886
306 0.000640922929018
307 0.000729174515235
308 0.00154543643487
309 0.00223591511497
310 0.000169172745276
311 2.4346433518e-05
312 0.00521300662898
313 0.00226490987999
314 0.000823818733062
315 0.0274795892602
316 5.02280100516e-07
317 5.98140143039e-07
318 0.00154733675616
319 0.00370445968788
320 0.0643167818115
321 0.000762167125803
322 8.95070344138e-06
323 0.0110273762283
324 0.00165250218278
325 0.00106892258941
326 0.000926879259643
327 0.00257298886788
328 0.00292311111111
329 0.000832519128829
330 0.000443732129596
331 0.000777593312698
332 1.050726446e-05
333 0.017207866765
334 0.0106412983233
335 0.00135973395244
336 0.00123595721761
337 0.00448491367466
338 0.00141479957324
339 0.00145527079914
340 0.0014346093467
341 0.0017843564441
342 0.0420983080463
343 0.000948879089955
344 0.00329596201959
345 0.00227964986278
346 0.000920972412742
347 0.00045404499377
348 0.000306441496009
349 0.000257595665784
350 0.00197882133726
351 0.000894278982483
352 0.00126076454526
353 0.000337414519406
354 0.00134541437932
355 0.000443732129596
356 0.000326574115257
357 0.00189293021068
358 0.00394233502017
359 0.00158687955792
360 0.000570867649209
361 0.00173837388195
362 0.00152382058354
363 0.000359790089827
364 3.92585473709e-07
365 0.00467848514394
366 0.00204215318036
367 0.00550436615477
368 0.000810389928112
369 0.000118792180505
370 0.000784759867667
371 0.00106711111111
372 0.000612179827824
373 0.00048034789903
374 0.00521001752502
375 0.000896294150745
376 0.00245305212462
377 0.00186466233604
378 0.000375596769868
379 0.00043910278737
380 0.00012186183377
381 0.000598934949472
382 0.000995518301822
383 0.000380725758477
384 0.12668192586
385 0.000483269131421
386 9.18273645546e-06
387 0.00217649533783
388 0.00010050188127
