1 0.0341150825644
2 0.0057240674125
3 0.00710403652759
4 0.0191239637188
5 0.0268475778752
6 0.00645579662899
7 0.00362954340835
8 0.0153612648818
9 0.0159529071812
10 0.00389239860976
11 0.0057240674125
12 0.00886778001555
13 0.00955430997854
14 0.0158835499993
15 0.0306635437858
16 0.00955430997854
17 0.0174875332199
18 0.00514039605241
19 0.0074646581184
20 0.0680193959322
21 0.0166167131522
22 0.00946899829948
23 0.00776158500759
24 0.0190383607225
25 0.047779371845
26 0.0608491750135
27 0.00514039605241
28 0.014568537857
29 0.0190383607225
30 0.0116523294489
31 0.0130788448447
32 0.0159529071812
33 0.00710403652759
34 0.00567032630224
35 0.00633899955373
36 0.0108432944693
37 0.0304010439048
38 0.0100438831691
39 0.0108432944693
40 0.0405863690299
41 0.00567032630224
42 0.00389239860976
43 0.0191239637188
44 0.0153612648818
45 0.00645579662899
46 0.00362954340835
47 0.0268475778752
48 0.047779371845
49 0.0074646581184
50 0.0604422720566
51 0.0210837644433
52 0.00812550368231
53 0.0141167619295
54 0.00418950345881
55 0.00812550368231
56 0.688036327431
57 0.0604422720566
58 0.0608491750135
59 0.0680193959322
60 0.0166167131522
61 0.00946899829948
62 0.00776158500759
