1 0.289665752034
2 0.0147535675362
3 0.00627968959689
4 0.00655118510979
5 0.0679060384559
6 0.02095903912
7 0.00752360809507
8 0.0136057511611
9 0.00809579764001
10 0.0214404351605
11 0.0120798101035
12 0.014005073672
13 0.0188877772768
14 0.208444032551
15 0.00925557297749
16 0.0146992248287
17 0.0147554354989
18 0.00835999893275
19 0.00621714271943
20 0.00463176683085
21 0.0205894208573
22 0.00647279501718
23 0.00768420490194
24 0.108099552981
25 0.0187161862169
26 0.00561661228774
27 0.0169587331133
28 0.037852703935
29 0.0271017378648
30 0.0221411678037
31 0.0129312205786
32 0.00864077508815
33 0.017604327326
34 0.0188965420083
35 0.00680766048531
36 0.00909604480788
37 0.0205894208573
38 0.00917504319203
39 0.101392165421
40 0.0114625458938
41 0.0341650855514
42 0.0103280511878
43 0.0155126025254
44 0.0107799601529
45 0.0303722136285
46 0.00904646354464
47 0.0119681750136
48 0.0147193987889
49 0.0206291141541
50 0.0157985512897
51 0.00622398115653
52 0.0051403803788
53 0.0197393377188
54 0.0185060616272
55 0.00526936836678
56 0.00485723097879
57 0.0105313339577
58 0.14847436816
59 0.0769463695001
60 0.0910136351282
61 0.01265709168
62 0.0165655848678
