1 0.04683515065
2 0.011143482446
3 0.0154491722279
4 0.00919740931384
5 0.0961867147433
6 0.00708905300386
7 0.0265390599536
8 0.0135773539921
9 0.015160044335
10 0.00897531142859
11 0.0117212063692
12 0.0119375064759
13 0.0193413457804
14 0.131840966214
15 0.00690803748783
16 0.0101329174206
17 0.0183534357873
18 0.0105578925498
19 0.00998025213613
20 0.0124636168407
21 0.0219078582157
22 0.0101329174206
23 0.00854575441037
24 0.117096880511
25 0.0234795127141
26 0.00524906152902
27 0.0147641721427
28 0.00810538931628
29 0.0132765624756
30 0.00542369942903
31 0.0150054287161
32 0.0109387388316
33 0.0133687035355
34 0.00942507485472
35 0.0104705208784
36 0.0106373542569
37 0.0219078582157
38 0.00889340056242
39 0.127502486336
40 0.00720773723134
41 0.0184636077869
42 0.00553219904929
43 0.0113568752872
44 0.00914981620502
45 0.0144707905529
46 0.00992588122296
47 0.0110151368992
48 0.0188600400267
49 0.0356407111482
50 0.0109645278501
51 0.00500715229631
52 0.00571591704801
53 0.0269738327095
54 0.0237773534457
55 0.00487635156995
56 0.00798469094904
57 0.00779717955055
58 0.0991335159385
59 0.0975866928917
60 0.117470419091
61 0.0104703244398
62 0.0141219397455
