1 0.0313706407825
2 0.0200456486228
3 0.0100825387087
4 0.0126289235833
5 0.025922877585
6 0.0229849217023
7 0.007164316818
8 0.010660720367
9 0.00869502520728
10 0.00883725621916
11 0.0106527763121
12 0.0389151505136
13 0.012414929776
14 0.108108575094
15 0.00673550969371
16 0.0095474974832
17 0.019444665512
18 0.00916323698475
19 0.00625682050527
20 0.00771805513487
21 0.0106761419679
22 0.00951155780294
23 0.00803628257888
24 0.114383880075
25 0.0182266616041
26 0.00631889926727
27 0.00959184379336
28 0.00421486414724
29 0.0122847068363
30 0.00761586231024
31 0.00695455619687
32 0.00936908625166
33 0.0142323941342
34 0.00807462331033
35 0.0115171248994
36 0.00698195708383
37 0.0098154883424
38 0.00837589204436
39 0.121991205384
40 0.0125079570914
41 0.0223509427297
42 0.00708949521008
43 0.00982153305488
44 0.0108881119162
45 0.0223613227646
46 0.00721550336475
47 0.0119851728289
48 0.00861944139757
49 0.0358868980796
50 0.0122787877476
51 0.00825694679975
52 0.00888007758213
53 0.0156171183679
54 0.010169790269
55 0.00865164585322
56 0.00746063596184
57 0.0100714432299
58 0.151598090174
59 0.0691066561801
60 0.105393787894
61 0.0151480160725
62 0.00465380070018
