1 0.0765095836061
2 0.00652995215133
3 0.0050442340167
4 0.0164323480162
5 0.027997787895
6 0.00548165618295
7 0.0089338089618
8 0.0171045471075
9 0.00677830012719
10 0.00559250090865
11 0.00652995215133
12 0.0104224823737
13 0.00913388238734
14 0.0125564240143
15 0.0220714806228
16 0.00913388238734
17 0.0176715999842
18 0.0114032346095
19 0.0069905847421
20 0.054938643758
21 0.0150746031042
22 0.00812680266215
23 0.00419044518478
24 0.00862155297468
25 0.0458006126772
26 0.061645902663
27 0.0114032346095
28 0.0263445946519
29 0.00862155297468
30 0.00519128909932
31 0.0382146250708
32 0.00677830012719
33 0.0050442340167
34 0.00461767659621
35 0.0099688230899
36 0.00795140106237
37 0.0313161282137
38 0.00344450073888
39 0.00795140106237
40 0.0820430815908
41 0.00461767659621
42 0.00559250090865
43 0.0164323480162
44 0.0171045471075
45 0.00548165618295
46 0.0089338089618
47 0.027997787895
48 0.0458006126772
49 0.0069905847421
50 0.0588730212919
51 0.0247629417819
52 0.00533506286642
53 0.0272412377145
54 0.0129256284995
55 0.00533506286642
56 0.654389503716
57 0.0588730212919
58 0.061645902663
59 0.054938643758
60 0.0150746031042
61 0.00812680266215
62 0.00419044518478
