1 0.0308608313946
2 0.00568717110274
3 0.00536664587379
4 0.0202160652674
5 0.0276240977476
6 0.00629659003273
7 0.00393350604572
8 0.0188239793435
9 0.0147199359676
10 0.00601116980411
11 0.00568717110274
12 0.0476443033552
13 0.010191314524
14 0.00468047436066
15 0.0347026290502
16 0.010191314524
17 0.0175514145666
18 0.00448149234746
19 0.013359508131
20 0.0623832361845
21 0.0136303534142
22 0.0033148919044
23 0.00373918410088
24 0.0148295530363
25 0.0475259323961
26 0.0600272604885
27 0.00448149234746
28 0.0198755835056
29 0.0148295530363
30 0.00698483432319
31 0.0155981953112
32 0.0147199359676
33 0.00536663714267
34 0.00630707181007
35 0.0100098031201
36 0.0115078153825
37 0.0354176067178
38 0.00922234508801
39 0.0115078153825
40 0.0275900607135
41 0.00630707181007
42 0.00601116980411
43 0.0202160652674
44 0.0188239793435
45 0.00629659003273
46 0.00393350604572
47 0.0276240977476
48 0.0475259323961
49 0.013359508131
50 0.0608794866348
51 0.0306348058272
52 0.0176335941322
53 0.0126417837967
54 0.00371094164706
55 0.0176335941322
56 0.682577982665
57 0.0608794866348
58 0.0600272604885
59 0.0623832361845
60 0.0136303534142
61 0.0033148919044
62 0.00373918410088
