1 0.0876758079428
2 0.00690671495768
3 0.00398994163511
4 0.0163226820846
5 0.0336681104883
6 0.00589197801068
7 0.00829521174389
8 0.0148407362584
9 0.00590718197606
10 0.00775493372541
11 0.00690671495768
12 0.0248783546116
13 0.00947678836358
14 0.0129592751896
15 0.0363215419501
16 0.00947678836358
17 0.0155755267314
18 0.0107442943194
19 0.00758443911289
20 0.0560564435022
21 0.0153579565495
22 0.0055414284414
23 0.00794276339368
24 0.00557226228326
25 0.0452218168541
26 0.061610250886
27 0.0107442943194
28 0.0376912288774
29 0.00557226228326
30 0.00944435171325
31 0.0590568707076
32 0.00590718197606
33 0.00398994163511
34 0.00570328148539
35 0.00768569229009
36 0.0143056513596
37 0.0208562831825
38 0.00350618878367
39 0.0143056513596
40 0.0733369743008
41 0.00570328148539
42 0.00775493372541
43 0.0163226820846
44 0.0148407362584
45 0.00589197801068
46 0.00829521174389
47 0.0336681104883
48 0.0452218168541
49 0.00758443911289
50 0.0582933469268
51 0.0233117632455
52 0.0119984759438
53 0.0333859462488
54 0.00842766096137
55 0.0119984759438
56 0.615683448461
57 0.0582933469268
58 0.061610250886
59 0.0560564435022
60 0.0153579565495
61 0.0055414284414
62 0.00794276339368
