1 0.0385247008266
2 0.0110264251413
3 0.00812557947184
4 0.0186139340954
5 0.0592787431003
6 0.0150935795644
7 0.012637078852
8 0.0113901099155
9 0.0177910959996
10 0.0183947058732
11 0.0131690158164
12 0.011101666924
13 0.0165666536736
14 0.112251131122
15 0.00704073336164
16 0.00777739506392
17 0.0106307384488
18 0.0105001967271
19 0.00823856407375
20 0.00550502400771
21 0.019047710167
22 0.0095215585981
23 0.00730985401775
24 0.0996200236814
25 0.0211384197925
26 0.00599066414899
27 0.00819961067784
28 0.0099501342918
29 0.0148614128605
30 0.00804659396386
31 0.0140544739818
32 0.0128235567303
33 0.0145702781631
34 0.00926902729082
35 0.00726308243327
36 0.00907089240638
37 0.019047710167
38 0.00750667136297
39 0.104603565321
40 0.00791881911757
41 0.0179936158984
42 0.0054389226865
43 0.0098886030755
44 0.00819961067784
45 0.0150878652663
46 0.00618508568716
47 0.0113865962133
48 0.0140544739818
49 0.0436587558799
50 0.00925399442921
51 0.00522299665125
52 0.00635728017601
53 0.0363007826388
54 0.034139517088
55 0.00536859131458
56 0.00616104975088
57 0.0116338203811
58 0.0836092243696
59 0.115774496205
60 0.106295742125
61 0.00554036568214
62 0.0233971688961
