1 0.0992751873727
2 0.00529097714985
3 0.00605937272039
4 0.0197419984254
5 0.0268854587888
6 0.00746401961008
7 0.00328425134008
8 0.019779122347
9 0.00960733571841
10 0.00539270257712
11 0.00529097714985
12 0.00776650571221
13 0.00925175684036
14 0.00412180794883
15 0.029218643537
16 0.00925175684036
17 0.0178235756959
18 0.00614838644782
19 0.00492783347298
20 0.0610826032012
21 0.0137874608313
22 0.00402857728297
23 0.0034265940863
24 0.00651051802929
25 0.0446174334441
26 0.0594267214407
27 0.00614838644782
28 0.0200615857625
29 0.00651051802929
30 0.0141397715134
31 0.0207909916446
32 0.00960733571841
33 0.00605937272039
34 0.00593094037956
35 0.01942492994
36 0.0105371225206
37 0.0304484181677
38 0.0106711314124
39 0.0105371225206
40 0.047738355151
41 0.00593094037956
42 0.00539270257712
43 0.0197419984254
44 0.019779122347
45 0.00746401961008
46 0.00328425134008
47 0.0268854587888
48 0.0446174334441
49 0.00492783347298
50 0.061224507807
51 0.036743482844
52 0.00818670553078
53 0.0330144254956
54 0.00285508695446
55 0.00818670553078
56 0.611189845016
57 0.061224507807
58 0.0594267214407
59 0.0610826032012
60 0.0137874608313
61 0.00402857728297
62 0.0034265940863
