1 0.0838706532394
2 0.0142593767956
3 0.00960578821456
4 0.0112692529203
5 0.0336119991455
6 0.00740598731209
7 0.00653469083578
8 0.0223842441485
9 0.0143383080842
10 0.0200116515961
11 0.00816580259516
12 0.00816043017211
13 0.0096691875509
14 0.126407214774
15 0.00801495427984
16 0.00876639810954
17 0.0125824279089
18 0.00784675666242
19 0.00664346261546
20 0.00749924598687
21 0.00888932066677
22 0.0101887892219
23 0.00953039098555
24 0.0664198527112
25 0.0184378755888
26 0.00355049288571
27 0.00954345075231
28 0.00838043617092
29 0.0120758053856
30 0.00891691561474
31 0.0100873021922
32 0.00926379866752
33 0.0143383080842
34 0.00980715237557
35 0.00765749578908
36 0.00779803416583
37 0.0184003711418
38 0.00979557102675
39 0.101937303375
40 0.00876639810954
41 0.0161808739108
42 0.00592785556489
43 0.00774554207234
44 0.0126278981736
45 0.0154293176713
46 0.00562153642983
47 0.00767967540245
48 0.00842296413981
49 0.0145394364142
50 0.00790109920922
51 0.0111455286281
52 0.00985916676221
53 0.0230202198731
54 0.0121711846577
55 0.0154870435075
56 0.00485071117524
57 0.00840475695747
58 0.111325527448
59 0.0651939507099
60 0.0975404126486
61 0.00605412118136
62 0.0154705671061
