1 0.0589566653804
2 0.0121098144892
3 0.0110118565433
4 0.0110118565433
5 0.0427034580714
6 0.00664856316781
7 0.010032627152
8 0.0151249672899
9 0.0160205435433
10 0.0164798004623
11 0.00803269256374
12 0.0082069992973
13 0.00839421061607
14 0.105986584531
15 0.00942531599512
16 0.00751141499427
17 0.0135425919118
18 0.00863857145075
19 0.00783950554612
20 0.0116750074263
21 0.0131386055503
22 0.00655701531648
23 0.00849208816652
24 0.0716847885624
25 0.0143579270176
26 0.00451702461925
27 0.0100327127735
28 0.00807982789116
29 0.0089057799167
30 0.00800328078787
31 0.0105729346952
32 0.0074751226357
33 0.0135081338657
34 0.00729920075765
35 0.00708134472669
36 0.00653220697332
37 0.00974047521722
38 0.00985882665533
39 0.08323474609
40 0.00897658713002
41 0.0162213891659
42 0.00594332128088
43 0.00724882771867
44 0.012383451714
45 0.0113355426899
46 0.0062433578189
47 0.00984440265146
48 0.0113797230014
49 0.0176957203855
50 0.0152925690467
51 0.0166306831877
52 0.0123079251707
53 0.0238014359219
54 0.0136852025841
55 0.0171403669356
56 0.00724247895231
57 0.0100811497572
58 0.103469529742
59 0.0811358183394
60 0.0915530992585
61 0.00660245843808
62 0.0144626448276
