1 0.227447365146
2 0.0100256849492
3 0.0147590108124
4 0.0195465587977
5 0.0529124635636
6 0.0189511155101
7 0.00964895218218
8 0.0158542341263
9 0.0130275538966
10 0.00681701027792
11 0.0071628897395
12 0.00861540302363
13 0.0179442381547
14 0.0845788031952
15 0.0092103309782
16 0.00762451032646
17 0.0251663705275
18 0.00755002883901
19 0.0103561796868
20 0.0203508545555
21 0.0127042267381
22 0.0115345362364
23 0.00869823925579
24 0.162947946325
25 0.0118778969998
26 0.0111461056225
27 0.00580343255334
28 0.00616624669226
29 0.0207459078398
30 0.00534260512785
31 0.005747124847
32 0.00964045237582
33 0.0226621288327
34 0.00821307641573
35 0.0146041256559
36 0.0158304373515
37 0.0161392633166
38 0.0102363211338
39 0.0938955389941
40 0.0079663294639
41 0.0220253020648
42 0.00809669488935
43 0.00604928260608
44 0.00913873833267
45 0.020739854216
46 0.00556787911768
47 0.0100678521532
48 0.0131845649991
49 0.0240126998248
50 0.0524745731046
51 0.00896738752363
52 0.00924008087739
53 0.0154055137799
54 0.0124309907751
55 0.00557249749216
56 0.00477165152028
57 0.0223346289813
58 0.166891868339
59 0.0768737199558
60 0.0659299228666
61 0.0170081458584
62 0.00569726745786
