1 0.13673037706
2 0.00612275484904
3 0.00526871733914
4 0.0162580007293
5 0.0269082291443
6 0.00702356060341
7 0.00945860525199
8 0.0194426361286
9 0.00633082259423
10 0.00427134835271
11 0.00612275484904
12 0.00778587533228
13 0.0103812897028
14 0.0284344711877
15 0.0290520015055
16 0.0103812897028
17 0.0169401098229
18 0.00854271312011
19 0.00735486340906
20 0.0676649111905
21 0.0155200306575
22 0.00702356060341
23 0.00728902485588
24 0.00643774485609
25 0.0446155545833
26 0.0611689575025
27 0.00854271312011
28 0.0179845575067
29 0.00643774485609
30 0.0130121550037
31 0.0484973539529
32 0.00633082259423
33 0.00526871733914
34 0.0048602919008
35 0.0107186418461
36 0.00915489482532
37 0.0160070320306
38 0.00292146151407
39 0.00915489482532
40 0.0778846934825
41 0.0048602919008
42 0.00427132639182
43 0.0162580007293
44 0.0194426361286
45 0.00702356060341
46 0.00945860525199
47 0.0269082291443
48 0.0446155545833
49 0.00735486340906
50 0.0586569218816
51 0.010144631213
52 0.00506873655909
53 0.034182317399
54 0.00821843456162
55 0.00506873655909
56 0.717421407329
57 0.0586569218816
58 0.0611689575025
59 0.0676649111905
60 0.0155200306575
61 0.00702356060341
62 0.00728902485588
