1 0.130951658668
2 0.0045223943105
3 0.00566237078047
4 0.0159207914019
5 0.0271637389728
6 0.00718361216978
7 0.00718310662009
8 0.0113977560102
9 0.0186368888985
10 0.00637783131716
11 0.0045223943105
12 0.00721223579717
13 0.00977224086481
14 0.0209665627135
15 0.0244174077151
16 0.00977224086481
17 0.0307346686679
18 0.0083249849936
19 0.00580167636928
20 0.062973867516
21 0.0276776618424
22 0.00609077054314
23 0.0050423334215
24 0.00442247658689
25 0.0470511016659
26 0.0605078805328
27 0.0083249849936
28 0.0131053100254
29 0.00442247658689
30 0.0118215220328
31 0.0332903162432
32 0.0186368888985
33 0.00566237078047
34 0.00832810341379
35 0.00610955091327
36 0.0111755562029
37 0.0214225656933
38 0.0279542937829
39 0.0111755562029
40 0.0480739046358
41 0.00832810341379
42 0.00637783131716
43 0.0159207914019
44 0.0113977560102
45 0.00718361216978
46 0.00718310662009
47 0.0271637389728
48 0.0470511016659
49 0.00580167636928
50 0.0612895672701
51 0.0270157439026
52 0.00892857561002
53 0.0311344513011
54 0.00561877248871
55 0.00892857561002
56 0.65145963732
57 0.0612895672701
58 0.0605078805328
59 0.062973867516
60 0.0276776618424
61 0.00609077054314
62 0.0050423334215
