1 0.0332765006837
2 0.00528232205011
3 0.00680054246542
4 0.0131174660008
5 0.0264502150772
6 0.0132232647249
7 0.00493041921348
8 0.017420320672
9 0.00660504803762
10 0.00449152773158
11 0.00528232205011
12 0.01986553102
13 0.00571505639712
14 0.00620464365417
15 0.0214013325056
16 0.00571505639712
17 0.0170581519204
18 0.00638787434003
19 0.0215228226182
20 0.0543077936657
21 0.0153500512831
22 0.00791548084151
23 0.00897877237452
24 0.00729581069494
25 0.0412315433221
26 0.0587268393327
27 0.00638787434003
28 0.0253373736935
29 0.00729581069494
30 0.00892058887231
31 0.038498747821
32 0.00660504803762
33 0.00680054246542
34 0.00533614720865
35 0.0140300205069
36 0.0150002493003
37 0.0587335828611
38 0.0246150579388
39 0.0150002493003
40 0.0677849005633
41 0.00533614720865
42 0.00449152773158
43 0.0131174660008
44 0.017420320672
45 0.0132232647249
46 0.00493041921348
47 0.0264502150772
48 0.0412315433221
49 0.0215228226182
50 0.0616928083538
51 0.0251562174787
52 0.0107505271658
53 0.0457114299965
54 0.0160887080124
55 0.0107505271658
56 0.622200354442
57 0.0616928083538
58 0.0587268393327
59 0.0543077936657
60 0.0153500512831
61 0.00791548084151
62 0.00897877237452
