1 0.147355635517
2 0.0136135062682
3 0.0133928364258
4 0.0131138666963
5 0.0646428691094
6 0.0195263532708
7 0.00952272109702
8 0.0254819774461
9 0.0160790746147
10 0.0287967289215
11 0.0102569425882
12 0.0128393622441
13 0.0209973698547
14 0.129844124603
15 0.00743044541962
16 0.00625725734381
17 0.0140272368416
18 0.0115442320946
19 0.0097898834369
20 0.0120337206228
21 0.0248615205416
22 0.00637194521222
23 0.0109541334732
24 0.125767941549
25 0.0215588858255
26 0.00435883364513
27 0.00978280441554
28 0.0109849074453
29 0.0180226599782
30 0.0073823892765
31 0.0157275742349
32 0.00696596484849
33 0.0148384467705
34 0.0102307533669
35 0.0112444550887
36 0.0082155856352
37 0.0248615205416
38 0.00832661265951
39 0.1744101757
40 0.00823651049598
41 0.0196623433867
42 0.00696017051444
43 0.0109666096389
44 0.00897177289867
45 0.0418989528093
46 0.00600310300235
47 0.00891894766235
48 0.0218536152581
49 0.0289895898513
50 0.021934461247
51 0.00475679378504
52 0.00544737689349
53 0.0142308744571
54 0.0348905987829
55 0.00535036042717
56 0.0123416911302
57 0.0144940668522
58 0.0705462574395
59 0.105140145936
60 0.132145223222
61 0.0140339535949
62 0.0268461515842
