1 0.0298146268845
2 0.00589301678819
3 0.00628054756409
4 0.0195772869178
5 0.0273963439994
6 0.00543626538153
7 0.00464469881124
8 0.0195475539636
9 0.0140666841459
10 0.0055780070413
11 0.00589301678819
12 0.00754780458763
13 0.0096696241291
14 0.00780162964912
15 0.023001301794
16 0.0096696241291
17 0.0169368838699
18 0.00378732381388
19 0.00722647113629
20 0.0615236947339
21 0.0187385412509
22 0.00337800183728
23 0.00511602286069
24 0.013243687502
25 0.0480667473218
26 0.0610673603773
27 0.00378732381388
28 0.0392762458608
29 0.013243687502
30 0.0150862156096
31 0.0185161259267
32 0.0140666841459
33 0.00628054756409
34 0.00677043208244
35 0.00872827948879
36 0.0110222786486
37 0.023001301794
38 0.00830138515924
39 0.0110222786486
40 0.0399800074975
41 0.00677043208244
42 0.0055780070413
43 0.0195772869178
44 0.0195475539636
45 0.00543626538153
46 0.00464469881124
47 0.0273963439994
48 0.0480667473218
49 0.00722647113629
50 0.0600932501836
51 0.0293954653581
52 0.0068359074561
53 0.0168215457476
54 0.00376860486203
55 0.0068359074561
56 0.700205946578
57 0.0600932501836
58 0.0610673603773
59 0.0615236947339
60 0.0187385412509
61 0.00337800183728
62 0.00511602286069
