1 0.0489423382387
2 0.00522569065335
3 0.00639401031391
4 0.0153152735125
5 0.0270913876169
6 0.00852810170228
7 0.00501123368781
8 0.0182100179347
9 0.00628647371081
10 0.00551077228205
11 0.00522569065335
12 0.00712845943788
13 0.0087764780456
14 0.00271608614419
15 0.0266209788083
16 0.0087764780456
17 0.0170704335438
18 0.00647640693787
19 0.00710359373064
20 0.0587324739581
21 0.0152035996334
22 0.00400031594895
23 0.00625453063546
24 0.00575170527318
25 0.0456856946126
26 0.0588480316068
27 0.00647640693787
28 0.0154841173044
29 0.00575170527318
30 0.00709500862287
31 0.0277666744418
32 0.00628647371081
33 0.00639401031391
34 0.00490357617455
35 0.00593065145642
36 0.0129759742476
37 0.0236767202354
38 0.0103225205751
39 0.0129759742476
40 0.0216157994306
41 0.00490357617455
42 0.00551077228205
43 0.0153152735125
44 0.0182100179347
45 0.00852810170228
46 0.00501123368781
47 0.0270913876169
48 0.0456856946126
49 0.00710359373064
50 0.0615804439557
51 0.0164340471051
52 0.00864377999602
53 0.0390104813941
54 0.00465661145894
55 0.00864377999602
56 0.690171989154
57 0.0615804439557
58 0.0588480316068
59 0.0587324739581
60 0.0152035996334
61 0.00400031594895
62 0.00625453063546
