1 0.0580939525672
2 0.00542242498942
3 0.00620979540965
4 0.0140816519722
5 0.0260278743584
6 0.00533750551774
7 0.00543045069669
8 0.0193940599174
9 0.00663087511936
10 0.00426007743002
11 0.00542242498942
12 0.00549527260077
13 0.0085120319388
14 0.00401637303575
15 0.0127420679886
16 0.0085120319388
17 0.0162303069194
18 0.0067502352012
19 0.0111186924267
20 0.0704226022572
21 0.0158050823343
22 0.00599376127066
23 0.00483884443528
24 0.00478954426956
25 0.0440365357686
26 0.0591603074204
27 0.0067502352012
28 0.0141020789288
29 0.00478954426956
30 0.00793179403266
31 0.0297121200294
32 0.00663087511936
33 0.00620979540965
34 0.00381254775926
35 0.0063173612612
36 0.0125162167572
37 0.014546767992
38 0.0367047944156
39 0.0125162167572
40 0.0670969979734
41 0.00381254775926
42 0.00426007743002
43 0.0140816519722
44 0.0193940599174
45 0.00533750551774
46 0.00543045069669
47 0.0260278743584
48 0.0440365357686
49 0.0111186924267
50 0.060514463812
51 0.0141020789288
52 0.00622772726273
53 0.0364809462514
54 0.0236408965231
55 0.00622772726273
56 0.695184496635
57 0.060514463812
58 0.0591603074204
59 0.0704226022572
60 0.0158050823343
61 0.00599376127066
62 0.00483884443528
