1 0.0341757942393
2 0.00548262922738
3 0.00579499777919
4 0.0176175074482
5 0.0271837308158
6 0.00453020740601
7 0.00453241034622
8 0.0188672693522
9 0.0115870074539
10 0.00600764780635
11 0.00548262922738
12 0.0112745729603
13 0.00874749485615
14 0.00591010714503
15 0.0277857927077
16 0.00874749485615
17 0.0183506605695
18 0.00758179541914
19 0.00437954811176
20 0.0517863370974
21 0.0151105561482
22 0.00360527748085
23 0.0032112946931
24 0.0074621532448
25 0.0460752067753
26 0.0583419351417
27 0.00758179541914
28 0.0106743928427
29 0.0074621532448
30 0.0059534318017
31 0.0154293208969
32 0.0115870074539
33 0.00579499777919
34 0.00567695409171
35 0.0127045699515
36 0.00874749485615
37 0.0247463253098
38 0.0051871700196
39 0.00874749485615
40 0.0764493447793
41 0.00567695409171
42 0.00600764780635
43 0.0176175074482
44 0.0188672693522
45 0.00453020740601
46 0.00453241034622
47 0.0271837308158
48 0.0460752067753
49 0.00437954811176
50 0.0602483578325
51 0.0122246436743
52 0.00646351409585
53 0.0192699508747
54 0.00796460378759
55 0.00646351409585
56 0.676306623662
57 0.0602483578325
58 0.0583419351417
59 0.0517863370974
60 0.0151105561482
61 0.00360527748085
62 0.0032112946931
