1 0.0389505040522
2 0.00895151449009
3 0.00627678814967
4 0.0141771595012
5 0.0264546588111
6 0.00556593373811
7 0.00647411483317
8 0.0123680569102
9 0.00757308150634
10 0.00853445994251
11 0.00895151449009
12 0.0165762884005
13 0.0102408528892
14 0.00687298420895
15 0.0260947026413
16 0.0102408528892
17 0.0201357005917
18 0.00698775897417
19 0.0165634599511
20 0.0551477484491
21 0.0163092843683
22 0.00647297431991
23 0.00428333689292
24 0.00649417295528
25 0.0423808999055
26 0.0580256846381
27 0.00698775897417
28 0.0265292902074
29 0.00649417295528
30 0.0125977649257
31 0.0440845657172
32 0.00757308150634
33 0.00627678814967
34 0.00406962241702
35 0.030704207931
36 0.0153792137739
37 0.028581487444
38 0.0202704028883
39 0.0153792137739
40 0.0274123519966
41 0.00406962241702
42 0.00853445994251
43 0.0141771595012
44 0.0123680569102
45 0.00556593373811
46 0.00647411483317
47 0.0264546588111
48 0.0423808999055
49 0.0165634599511
50 0.0614046064715
51 0.0265304393189
52 0.00604726787186
53 0.0546193662416
54 0.018087550897
55 0.00604726787186
56 0.652969426502
57 0.0614046064715
58 0.0580256846381
59 0.0551477484491
60 0.0163092843683
61 0.00647297431991
62 0.00428333689292
