1 0.278240050198
2 0.00579414632282
3 0.00508324337449
4 0.0234742425331
5 0.0264503208952
6 0.00758700055559
7 0.00930542837606
8 0.00999642321719
9 0.00640176721353
10 0.00494262791761
11 0.00579414632282
12 0.0182532649116
13 0.00666464355988
14 0.0309591109095
15 0.0190158624565
16 0.00666464355988
17 0.0103312047371
18 0.00628064416621
19 0.00441622685376
20 0.0656299396697
21 0.0178795102041
22 0.00963806156197
23 0.0112324488688
24 0.00630027910882
25 0.0424270492161
26 0.060628396053
27 0.00628064416621
28 0.0269020004897
29 0.00630027910882
30 0.0211461583738
31 0.0879418133885
32 0.00640176721353
33 0.00508324337449
34 0.022568031626
35 0.00963267835643
36 0.00688247980061
37 0.0136378665154
38 0.00977023752575
39 0.00688247980061
40 0.0299121899179
41 0.022568031626
42 0.00494262791761
43 0.0234742425331
44 0.00999642321719
45 0.00758700055559
46 0.00930542837606
47 0.0264503208952
48 0.0424270492161
49 0.00441622685376
50 0.0564927378908
51 0.0189975862785
52 0.0111575300682
53 0.0440903733086
54 0.0226025756629
55 0.0111575300682
56 0.741611639058
57 0.0564927378908
58 0.060628396053
59 0.0656299396697
60 0.0178795102041
61 0.00963806156197
62 0.0112324488688
