1 0.0324530528748
2 0.00478484999868
3 0.00624784175651
4 0.0172606604779
5 0.0353879664418
6 0.00756599858544
7 0.00378336437494
8 0.0175286394362
9 0.00660331729963
10 0.00619313874954
11 0.00478484999868
12 0.0112910905773
13 0.00818817996221
14 0.00413609247666
15 0.0279782161704
16 0.00818817996221
17 0.0173692175198
18 0.00684989410873
19 0.0098112596075
20 0.0485917194001
21 0.0151906256189
22 0.00388684497138
23 0.00421307095162
24 0.00577220254907
25 0.0452898025376
26 0.0579297310121
27 0.00684989410873
28 0.0141311077015
29 0.00577220254907
30 0.010348339788
31 0.0247946401694
32 0.00660331729963
33 0.00624784175651
34 0.00649685865841
35 0.0187642803813
36 0.00940587352525
37 0.0192469578676
38 0.0113186272093
39 0.00940587352525
40 0.0285964129599
41 0.00649685865841
42 0.00619313874954
43 0.0172606604779
44 0.0175286394362
45 0.00756599858544
46 0.00378336437494
47 0.0353879664418
48 0.0452898025376
49 0.0098112596075
50 0.0617910964659
51 0.0137639548859
52 0.00691559215882
53 0.0324728677746
54 0.00577853397523
55 0.00691559215882
56 0.653823783402
57 0.0617910964659
58 0.0579297310121
59 0.0485917194001
60 0.0151906256189
61 0.00388684497138
62 0.00421307095162
