1 0.0619663614081
2 0.00542497850591
3 0.0067935333394
4 0.0162695373625
5 0.0348847222293
6 0.00637636197772
7 0.0058000892639
8 0.0204775009868
9 0.00590126206665
10 0.00528961746166
11 0.00542497850591
12 0.0240623432738
13 0.0115764326479
14 0.0367962839143
15 0.0152737986987
16 0.0115764326479
17 0.0150825971613
18 0.00735444782892
19 0.00768287859887
20 0.0688700972932
21 0.0161861165557
22 0.00771071420747
23 0.0098945984521
24 0.0124876488453
25 0.0423607663976
26 0.0610932748329
27 0.00735444782892
28 0.0193528702738
29 0.0124876488453
30 0.0193054567088
31 0.0403267756559
32 0.00590126206665
33 0.0067935333394
34 0.00422548724744
35 0.00642824014697
36 0.00956860887386
37 0.0113531822729
38 0.00445951566575
39 0.00956860887386
40 0.0814455685488
41 0.00422548724744
42 0.00528961746166
43 0.0162695373625
44 0.0204774888041
45 0.00637636197772
46 0.0058000892639
47 0.0348847222293
48 0.0423607663976
49 0.00768287859887
50 0.0575165219563
51 0.0141122276375
52 0.00714766352858
53 0.0347387124928
54 0.0058279559539
55 0.00714766352858
56 0.740134254198
57 0.0575165219563
58 0.0610932748329
59 0.0688700972932
60 0.0161861165557
61 0.00771071420747
62 0.0098945984521
