1 0.0497417688292
2 0.00633788597727
3 0.00553415695755
4 0.0179003153975
5 0.026935607584
6 0.00418081088567
7 0.00739991608499
8 0.020273216117
9 0.00903808102791
10 0.00512960601932
11 0.00633788597727
12 0.0157235092983
13 0.0105182660144
14 0.0103370286721
15 0.0245387038908
16 0.0105182660144
17 0.0236060214864
18 0.0074057221691
19 0.00605924074866
20 0.0598586631546
21 0.0138467795291
22 0.00959294244812
23 0.0126687706636
24 0.00856751585581
25 0.0467866111362
26 0.0613551064869
27 0.0074057221691
28 0.0220280862042
29 0.00856751585581
30 0.00418066450898
31 0.0289456556011
32 0.00903808102791
33 0.00553415695755
34 0.00522180813115
35 0.00537406489668
36 0.00928111333868
37 0.024552250355
38 0.00386877508908
39 0.00928111333868
40 0.0523725009805
41 0.00522180813115
42 0.00512960601932
43 0.0179003153975
44 0.020273216117
45 0.00418081088567
46 0.00739991608499
47 0.026935607584
48 0.0467866111362
49 0.00605924074866
50 0.0590243092911
51 0.0237543110609
52 0.00546427146418
53 0.0207119488163
54 0.00624607645855
55 0.00546427146418
56 0.638034679341
57 0.0590243092911
58 0.0613551064869
59 0.0598586631546
60 0.0138467795291
61 0.00959294244812
62 0.0126687706636
