1 0.0762439502688
2 0.00476445056302
3 0.00622120509164
4 0.0174589018862
5 0.0322658849318
6 0.00860179783624
7 0.00412652099002
8 0.0145066052338
9 0.00654846945513
10 0.00623573178882
11 0.00476445056302
12 0.0183265430494
13 0.00804964922768
14 0.00406503242864
15 0.0337472815168
16 0.00804964922768
17 0.0176371356336
18 0.00670974335548
19 0.00975590023035
20 0.0457159503812
21 0.0152035996334
22 0.00474892264638
23 0.00412605930525
24 0.00598555242911
25 0.0437702563736
26 0.0576196429026
27 0.00670974335548
28 0.0118051524196
29 0.00598555242911
30 0.0116290792226
31 0.0257585423875
32 0.00654846945513
33 0.00622120509164
34 0.0078430823069
35 0.0136414177596
36 0.00924674138913
37 0.0185176972536
38 0.0142117586159
39 0.00924674138913
40 0.0759220115787
41 0.0078430823069
42 0.00623573178882
43 0.0174589018862
44 0.0145066052338
45 0.00860179783624
46 0.00412652099002
47 0.0322658849318
48 0.0437702563736
49 0.00975590023035
50 0.0620591183415
51 0.01161580738
52 0.00693065497533
53 0.0321436640224
54 0.0063912981088
55 0.00693065497533
56 0.661545758113
57 0.0620591183415
58 0.0576196429026
59 0.0457159503812
60 0.0152035996334
61 0.00474892264638
62 0.00412605930525
