1 0.145162463512
2 0.00489821579846
3 0.0043863226264
4 0.0201205445149
5 0.0275988925796
6 0.0075706652058
7 0.00666780204119
8 0.0122245171171
9 0.0206473161552
10 0.00605571556832
11 0.00489821579846
12 0.033728263568
13 0.00985552932083
14 0.00701201230995
15 0.04312330024
16 0.00985552932083
17 0.0331337075768
18 0.00551821289344
19 0.00628294165171
20 0.0629340624915
21 0.0215470078276
22 0.00986383997515
23 0.00400725910596
24 0.00630303743336
25 0.0461002913243
26 0.0607610662483
27 0.00551821289344
28 0.0144823368203
29 0.00630303743336
30 0.0107564178909
31 0.0373035440197
32 0.0206473161552
33 0.0043863226264
34 0.00564697533034
35 0.0046531656943
36 0.0099879312062
37 0.0254314463504
38 0.0323079630509
39 0.0099879312062
40 0.0239130321686
41 0.00564697533034
42 0.00605571556832
43 0.0201205445149
44 0.0122245171171
45 0.0075706652058
46 0.00666780204119
47 0.0275988925796
48 0.0461002913243
49 0.00628294165171
50 0.0597883810764
51 0.0375654431217
52 0.0131984544734
53 0.0547214326686
54 0.00618273781893
55 0.0131984544734
56 0.696704163022
57 0.0597883810764
58 0.0607610662483
59 0.0629340624915
60 0.0215470078276
61 0.00986383997515
62 0.00400725910596
