1 0.0975800913469
2 0.00531189874705
3 0.00981745480646
4 0.0192922621014
5 0.027647820618
6 0.0045429169107
7 0.00454588178303
8 0.0187216276144
9 0.0136436466347
10 0.00704734271168
11 0.00531189874705
12 0.0112416657259
13 0.0104869507953
14 0.00539798020182
15 0.0263898258808
16 0.0104869507953
17 0.0182415794852
18 0.00596338308566
19 0.00728917885191
20 0.0542352433739
21 0.0138277559633
22 0.00436584826242
23 0.00321839522039
24 0.005813046685
25 0.0468933899004
26 0.0605047300759
27 0.00596338308566
28 0.0171705570764
29 0.005813046685
30 0.00612510336498
31 0.0170901385432
32 0.0136436466347
33 0.00981745480646
34 0.00619682514157
35 0.0206745517835
36 0.00920770528817
37 0.0296278687744
38 0.005301602005
39 0.00920770528817
40 0.0307830214113
41 0.00619682514157
42 0.00704734271168
43 0.0192922621014
44 0.0187216276144
45 0.0045429169107
46 0.00454588178303
47 0.027647820618
48 0.0468933899004
49 0.00728917885191
50 0.0596232171525
51 0.0247863604828
52 0.00745394878017
53 0.0148957619352
54 0.00819893375263
55 0.00745394878017
56 0.704897674857
57 0.0596232171525
58 0.0605047300759
59 0.0542352433739
60 0.0138277559633
61 0.00436584826242
62 0.00321839522039
