1 0.0242902108174
2 0.0166228178933
3 0.00778614162431
4 0.0148985169785
5 0.0504991395448
6 0.0178423684498
7 0.00930915568052
8 0.00801089185881
9 0.00864310298327
10 0.00571578277586
11 0.00531101166822
12 0.00828884498438
13 0.0123407941928
14 0.0888428581566
15 0.00856770863976
16 0.0088851981619
17 0.0244697294961
18 0.00882687991267
19 0.00600909039777
20 0.01989512264
21 0.0284568542974
22 0.00785183495851
23 0.00456036517274
24 0.0951853801854
25 0.0152520472461
26 0.00704107454632
27 0.00785966025268
28 0.00465368594152
29 0.0152520381654
30 0.00586405527045
31 0.00767315664916
32 0.0068193032768
33 0.0138406525607
34 0.00882687991267
35 0.00503491234012
36 0.00981198843471
37 0.0109918775825
38 0.00801911806987
39 0.0864320489009
40 0.0100731477176
41 0.0162761438578
42 0.0046597201376
43 0.00984952166358
44 0.00909649699168
45 0.0284898042813
46 0.00533887895887
47 0.0101855023443
48 0.0108518655392
49 0.0233365538007
50 0.0133620733392
51 0.00783548278948
52 0.00583233067425
53 0.01722000301
54 0.0125461446091
55 0.00984952166358
56 0.00595302324949
57 0.0199081306729
58 0.107741872974
59 0.0791984557967
60 0.0831754473931
61 0.00734128503786
62 0.00690287568157
