1 0.0517759257715
2 0.00636664698321
3 0.00846145124335
4 0.0179984071772
5 0.0275043467935
6 0.00716566084177
7 0.00827021142138
8 0.0175391622183
9 0.0172748616227
10 0.00577219444108
11 0.00636664698321
12 0.00473480725746
13 0.0116692550344
14 0.00965852645278
15 0.0321550060063
16 0.0116692550344
17 0.0165532358868
18 0.00844814265953
19 0.00580302635718
20 0.06542303473
21 0.0246842022146
22 0.00629819447603
23 0.0045673510442
24 0.00778015195333
25 0.0475033644613
26 0.0610563548801
27 0.00844814265953
28 0.0162476679995
29 0.00778015195333
30 0.00385295136066
31 0.0164790361238
32 0.0172748616227
33 0.00846145124335
34 0.00490795354567
35 0.00507712217773
36 0.0103234494283
37 0.0239571729938
38 0.0372262296233
39 0.0103234494283
40 0.0643877692609
41 0.00490795354567
42 0.00577219444108
43 0.0179984071772
44 0.0175391622183
45 0.00716566084177
46 0.00827021142138
47 0.0275043467935
48 0.0475033644613
49 0.00580302635718
50 0.0603119116646
51 0.0277510887451
52 0.00666389004581
53 0.015838271989
54 0.00656383963312
55 0.00666389004581
56 0.672373872819
57 0.0603119116646
58 0.0610563548801
59 0.06542303473
60 0.0246842022146
61 0.00629819447603
62 0.0045673510442
