1 0.30156223443
2 0.00576612061377
3 0.00698668732868
4 0.0207837291523
5 0.0257320477458
6 0.00832613769164
7 0.00541266254261
8 0.0116278566557
9 0.00783454796554
10 0.0110440806965
11 0.00576612061377
12 0.00578605826397
13 0.00579927379432
14 0.0117093847587
15 0.0116670106472
16 0.00579927379432
17 0.0126565369471
18 0.00837800453818
19 0.0191445392794
20 0.0642715347963
21 0.0171040590166
22 0.00585398438541
23 0.00359639985537
24 0.00792997218776
25 0.044128091235
26 0.0577993380258
27 0.00837800453818
28 0.0220854477433
29 0.00792997218776
30 0.0109497612631
31 0.0369660546792
32 0.00783454796554
33 0.00698668732868
34 0.00384234761291
35 0.0167348967255
36 0.00970094774791
37 0.0503114639258
38 0.0208999867429
39 0.00970094774791
40 0.0289920637519
41 0.00384234761291
42 0.0110440806965
43 0.0207837291523
44 0.0116278566557
45 0.00832613769164
46 0.00541266254261
47 0.0257320477458
48 0.044128091235
49 0.0191445392794
50 0.0611686398558
51 0.034047703823
52 0.00837186968092
53 0.0699684840653
54 0.0232565048186
55 0.00837186968092
56 0.699117974549
57 0.0611686398558
58 0.0577993380258
59 0.0642715347963
60 0.0171040590166
61 0.00585398438541
62 0.00359639985537
