1 0.0356983584277
2 0.00544604552469
3 0.00629227998483
4 0.0195002634242
5 0.0297452107142
6 0.0110649667143
7 0.00675016041191
8 0.0200801550451
9 0.00880194955556
10 0.00624522169091
11 0.00544604552469
12 0.0234019731498
13 0.0085791655887
14 0.00317355136486
15 0.0283524926445
16 0.0085791655887
17 0.0164497331336
18 0.00642345866283
19 0.00627716162803
20 0.0508990979846
21 0.0137614812955
22 0.0046800215502
23 0.00348979649209
24 0.00965873151774
25 0.0455518397139
26 0.0581827875626
27 0.00642345866283
28 0.0121633633598
29 0.00965873151774
30 0.0121954210983
31 0.0248370238111
32 0.00880194955556
33 0.00629227998483
34 0.00684443651959
35 0.0145967670372
36 0.0111706470181
37 0.0286182574132
38 0.00798418659333
39 0.0111706470181
40 0.0280777810571
41 0.00684443651959
42 0.00624522169091
43 0.0195002634242
44 0.0200801550451
45 0.0110649547335
46 0.00675016041191
47 0.0297452107142
48 0.0455518397139
49 0.00627716162803
50 0.0622390387594
51 0.010447107898
52 0.00954552174207
53 0.0330337833976
54 0.00648336138965
55 0.00954552174207
56 0.618191467136
57 0.0622390387594
58 0.0581827875626
59 0.0508990979846
60 0.0137614812955
61 0.0046800215502
62 0.00348979649209
