1 0.350580229198
2 0.0157962491878
3 0.0120248757364
4 0.0136858183989
5 0.0689244827842
6 0.0236517900493
7 0.0169063173457
8 0.00842500052045
9 0.00881616680401
10 0.0370632898309
11 0.0117407014709
12 0.0196682266036
13 0.0223554817392
14 0.230609313844
15 0.0107898840635
16 0.0143791159517
17 0.0106679866491
18 0.00999054476609
19 0.00700267392301
20 0.00928024564659
21 0.0206322080993
22 0.00840638694737
23 0.00814918470116
24 0.136754198524
25 0.0475082776145
26 0.0113754077777
27 0.00842688177285
28 0.0307045935869
29 0.04135757007
30 0.0115141080554
31 0.0122023270812
32 0.0103872249038
33 0.00857109333466
34 0.0115760929529
35 0.00560997652603
36 0.0120814621452
37 0.0228239095259
38 0.0104776573824
39 0.134765584859
40 0.0119886225527
41 0.0563031195934
42 0.0060992133667
43 0.0161340415184
44 0.00963163673816
45 0.017341121539
46 0.0141355469109
47 0.0103595963664
48 0.0147524623844
49 0.0240918264509
50 0.00941193719293
51 0.00556564221193
52 0.00878360176186
53 0.0261800771104
54 0.0186674058377
55 0.00475603257368
56 0.00549653471195
57 0.016386536569
58 0.173209550308
59 0.111309086906
60 0.0815432850825
61 0.0149641223463
62 0.0111352965432
