1 0.104563613562
2 0.00560245471727
3 0.00560245471727
4 0.0198220953637
5 0.0276763284222
6 0.00707962133172
7 0.00359208791093
8 0.0206666035959
9 0.0144137841164
10 0.00627141492271
11 0.00560245471727
12 0.0183317719034
13 0.0102153034867
14 0.00583359190235
15 0.0309603525939
16 0.0102153034867
17 0.0159504313864
18 0.00496105860113
19 0.0116349173136
20 0.0608555046969
21 0.0129127702476
22 0.00434455820463
23 0.00380208802531
24 0.0134331373188
25 0.0469381515157
26 0.0594754786628
27 0.00496105860113
28 0.0316509924187
29 0.0134331373188
30 0.00719746247007
31 0.028037064833
32 0.0144137841164
33 0.00560245471727
34 0.0062693727205
35 0.0169776025788
36 0.0101707131317
37 0.0360425789435
38 0.0109525687995
39 0.0101707131317
40 0.024443792111
41 0.0062693727205
42 0.00627141492271
43 0.0198220953637
44 0.0206666035959
45 0.00707962133172
46 0.00359208791093
47 0.0276763284222
48 0.0469381515157
49 0.0116349173136
50 0.060801077972
51 0.031322745168
52 0.0180295299726
53 0.0117184073505
54 0.00530217069075
55 0.0180295299726
56 0.682928087091
57 0.060801077972
58 0.0594754786628
59 0.0608555046969
60 0.0129127702476
61 0.00434455820463
62 0.00380208802531
