1 0.0311633867564
2 0.005474167615
3 0.00544691455756
4 0.0221962944958
5 0.0270255878732
6 0.00572857719703
7 0.0117744182378
8 0.0175450003103
9 0.00889951337235
10 0.00646328416952
11 0.005474167615
12 0.020727175925
13 0.0121155671722
14 0.034525221206
15 0.0306910930724
16 0.0121155671722
17 0.0156708771468
18 0.00721896420104
19 0.0067502352012
20 0.0672934770169
21 0.0134041536647
22 0.00805023053254
23 0.00735590687826
24 0.0123397811191
25 0.0450950354531
26 0.0604208587738
27 0.00721896420104
28 0.0230380956221
29 0.0123397811191
30 0.010321054722
31 0.0350266091565
32 0.00889951337235
33 0.00544691455756
34 0.00722401119611
35 0.0136069053498
36 0.00991931776117
37 0.0428046693491
38 0.0147824521834
39 0.00991931776117
40 0.0259190000386
41 0.00722401119611
42 0.00646328416952
43 0.0221962944958
44 0.0175450003103
45 0.00572857719703
46 0.0117744182378
47 0.0270255878732
48 0.0450950354531
49 0.0067502352012
50 0.0593112332148
51 0.023609255016
52 0.0144448177792
53 0.0286559247212
54 0.00690218864287
55 0.0144448177792
56 0.68769063812
57 0.0593112332148
58 0.0604208587738
59 0.0672934770169
60 0.0134041536647
61 0.00805023053254
62 0.00735590687826
