1 0.244538804701
2 0.00908999678427
3 0.015801960769
4 0.0223535007559
5 0.0675060813475
6 0.0189161610837
7 0.0184770451518
8 0.00938553317272
9 0.00937645651966
10 0.0106849241155
11 0.0119055269266
12 0.0117985357827
13 0.0172932886038
14 0.13215176513
15 0.0070662937263
16 0.00747073250064
17 0.0116112276113
18 0.0183729523482
19 0.00808900143438
20 0.0158885083308
21 0.021725708302
22 0.00770178230412
23 0.00814622504887
24 0.109179915843
25 0.0171920095643
26 0.00430181031487
27 0.0087565863814
28 0.0134354533942
29 0.0172378183768
30 0.00799558818046
31 0.0114527333694
32 0.00847495980752
33 0.011338595117
34 0.0104112316433
35 0.00903186301965
36 0.00832114815223
37 0.021725708302
38 0.00755495651822
39 0.114915208428
40 0.00824885748636
41 0.0154547602206
42 0.00568622171937
43 0.0133449106252
44 0.00936229734923
45 0.0137154923837
46 0.00790253900869
47 0.0141896460131
48 0.00963708284843
49 0.0205567879396
50 0.0189183543246
51 0.00475612695924
52 0.005503279339
53 0.0204520932523
54 0.0449834811453
55 0.00815994634042
56 0.0074842256812
57 0.0120249277244
58 0.0744998438063
59 0.131711869045
60 0.113901101143
61 0.0114303656979
62 0.0372880487185
