1 0.0598081302312
2 0.0125609231472
3 0.0150566207127
4 0.0104070811999
5 0.059496386108
6 0.0200947994042
7 0.0058222512572
8 0.00843605897095
9 0.0159841718788
10 0.0226850304445
11 0.0085408111462
12 0.0117579906978
13 0.00799874070147
14 0.0699124326472
15 0.0100355897576
16 0.00901291062735
17 0.026106494159
18 0.0115020458007
19 0.00733730665459
20 0.0147502963909
21 0.0248756348046
22 0.0117932556711
23 0.00967633297039
24 0.123875414853
25 0.0183554684446
26 0.00826371568832
27 0.00909514941333
28 0.00833414199981
29 0.0242400840537
30 0.00657514228553
31 0.0119155148884
32 0.00656230211702
33 0.0238621742104
34 0.0166285096953
35 0.0105773574153
36 0.00513325379337
37 0.0072813192104
38 0.0117932556711
39 0.109495020018
40 0.0118003002788
41 0.0244064926666
42 0.00835949667384
43 0.00598171878881
44 0.00598857106624
45 0.0307581793301
46 0.00768504636798
47 0.0125212163735
48 0.011819794006
49 0.0169070136487
50 0.020601199753
51 0.00781442660974
52 0.0159427832308
53 0.022052372968
54 0.0122278432045
55 0.0122687885435
56 0.00517940546783
57 0.00689070966518
58 0.155564721379
59 0.089200009186
60 0.107474457321
61 0.00498462448599
62 0.0199400461801
