1 0.0328885956792
2 0.00496116820843
3 0.00647807013852
4 0.0187323411083
5 0.0356554346081
6 0.00544866867243
7 0.00465783856276
8 0.0168537242828
9 0.00896944960565
10 0.00714947587379
11 0.00496116820843
12 0.0126086565785
13 0.00964098439497
14 0.00764573296842
15 0.0380723254373
16 0.00964098439497
17 0.0169082549761
18 0.00516601731338
19 0.0038096519505
20 0.0459248698947
21 0.013693340715
22 0.00319902833625
23 0.00293274954827
24 0.0156359537379
25 0.0450435456246
26 0.0577936675769
27 0.00516601731338
28 0.00847721963187
29 0.0156359537379
30 0.00803484734694
31 0.0195656024095
32 0.00896944960565
33 0.00647807013852
34 0.00646766551951
35 0.00908358997547
36 0.00967663216079
37 0.0187876965681
38 0.00687319861985
39 0.00967663216079
40 0.0591017835207
41 0.00646766551951
42 0.00714947587379
43 0.0187323411083
44 0.0168537242828
45 0.00544866867243
46 0.00465783856276
47 0.0356554346081
48 0.0450435456246
49 0.0038096519505
50 0.0611693664882
51 0.00882934783623
52 0.0114844089201
53 0.0199172915059
54 0.00695759673469
55 0.0114844089201
56 0.655589817603
57 0.0611693664882
58 0.0577936675769
59 0.0459248698947
60 0.013693340715
61 0.00319902833625
62 0.00293274954827
