1 0.101262807376
2 0.0345406394683
3 0.00695002594681
4 0.0189432194736
5 0.0326742918939
6 0.0119271303824
7 0.00930505372037
8 0.0175189844845
9 0.0128066278044
10 0.0105691297643
11 0.0195679059831
12 0.00892393875406
13 0.00982663237235
14 0.139849823114
15 0.00530149620734
16 0.00741403571593
17 0.0104343515704
18 0.0083198470977
19 0.0065158753575
20 0.00676134293439
21 0.0123162298495
22 0.0124849436616
23 0.011922757959
24 0.10453897073
25 0.0184501887845
26 0.00658325747183
27 0.00558519812795
28 0.00738820152448
29 0.0137489543077
30 0.00759421564385
31 0.00897875708812
32 0.00772182152131
33 0.0110244398409
34 0.00766211372644
35 0.00749752194911
36 0.00766692398282
37 0.0109699982568
38 0.0112957442493
39 0.0925104293138
40 0.00933931293546
41 0.0273748084311
42 0.00491735000853
43 0.00639585362533
44 0.00794374710049
45 0.0155710598423
46 0.00578826805655
47 0.00860189437264
48 0.0101268282112
49 0.0208575144339
50 0.0166427264941
51 0.0122186865494
52 0.00613358148561
53 0.0307905290838
54 0.0155399971075
55 0.00906617718556
56 0.00695018256778
57 0.00881958531849
58 0.124975071219
59 0.116341720766
60 0.117668902077
61 0.00834056214133
62 0.0121634828439
