1 0.0323866454534
2 0.00689187295737
3 0.00625688481076
4 0.0107138088862
5 0.029842877621
6 0.00658650187591
7 0.00750626970791
8 0.0148602896778
9 0.00659763968312
10 0.00864411046489
11 0.00689187295737
12 0.0191493741959
13 0.00867746896784
14 0.0273332821361
15 0.0232145735412
16 0.00867746896784
17 0.0236436440966
18 0.0129379753535
19 0.00654248064187
20 0.042787863635
21 0.017326806624
22 0.00887411615886
23 0.00680860117622
24 0.0061540592199
25 0.0421102803019
26 0.0614903182422
27 0.0129379753535
28 0.0249123345469
29 0.0061540592199
30 0.0100737753367
31 0.0590347000718
32 0.00659763968312
33 0.00625688481076
34 0.0050882253821
35 0.0213035324766
36 0.00455229942718
37 0.0375090404253
38 0.00320268153586
39 0.00455229942718
40 0.0592622765288
41 0.0050882253821
42 0.00864411046489
43 0.0107138088862
44 0.0148602896778
45 0.00658650187591
46 0.00750626970791
47 0.029842877621
48 0.0421102803019
49 0.00654248064187
50 0.0580117678824
51 0.0205416648732
52 0.00444852910195
53 0.0309419754077
54 0.0243260190712
55 0.00444852910195
56 0.690339810316
57 0.0580117678824
58 0.0614903182422
59 0.042787863635
60 0.017326806624
61 0.00887411615886
62 0.00680860117622
