1 0.0349787392495
2 0.00621828876655
3 0.0058292588818
4 0.0178375245592
5 0.0273933228786
6 0.00294648469104
7 0.00782488725251
8 0.016804883013
9 0.0124408897348
10 0.00605011705484
11 0.00621828876655
12 0.00618221119733
13 0.0119738505035
14 0.0132220486491
15 0.0200558121586
16 0.0119738505035
17 0.0175894722167
18 0.00733946106321
19 0.00659141563234
20 0.0647675584785
21 0.0142232480632
22 0.00575679387665
23 0.00454427642489
24 0.0188491338216
25 0.0442419214241
26 0.0608534010209
27 0.00733946106321
28 0.0196715268846
29 0.0188491338216
30 0.00535420976333
31 0.0220778345372
32 0.0124408897348
33 0.0058292588818
34 0.00339833008672
35 0.030524507861
36 0.00801047202672
37 0.0292322918296
38 0.00355199165789
39 0.00801047202672
40 0.0215600834598
41 0.00339833008672
42 0.00605011705484
43 0.0178375245592
44 0.016804883013
45 0.00294648469104
46 0.00782488725251
47 0.0273933228786
48 0.0442419214241
49 0.00659141563234
50 0.0603439508988
51 0.0126689157485
52 0.0175869586088
53 0.0132875262147
54 0.00587502866727
55 0.0175869586088
56 0.584568023175
57 0.0603439508988
58 0.0608534010209
59 0.0647675584785
60 0.0142232480632
61 0.00575679387665
62 0.00454427642489
