1 0.370633603218
2 0.0040195960155
3 0.00757441073799
4 0.0112195191953
5 0.0245287520362
6 0.00933908132689
7 0.013728942672
8 0.0143597376299
9 0.00661100733991
10 0.00979863804578
11 0.0040195960155
12 0.0102440220582
13 0.0120800564838
14 0.0255454739239
15 0.0184882929764
16 0.0120800564838
17 0.0270905871807
18 0.00546721786279
19 0.00623542988147
20 0.0701851641145
21 0.0156823577853
22 0.00534077808494
23 0.00772633016343
24 0.0127651205225
25 0.0369848830725
26 0.0585188879474
27 0.00546721786279
28 0.0379756185715
29 0.0127651205225
30 0.0221797086887
31 0.0207225777074
32 0.00661100733991
33 0.00757441073799
34 0.00384474788397
35 0.00655702298451
36 0.00736791092974
37 0.0215761070325
38 0.0281386420724
39 0.00736791092974
40 0.0186504876155
41 0.00384474788397
42 0.00979863804578
43 0.0112195191953
44 0.0143597307453
45 0.00933908132689
46 0.013728942672
47 0.0245287520362
48 0.0369848830725
49 0.00623542988147
50 0.0570065358373
51 0.0619096900056
52 0.00813935578997
53 0.0165537914264
54 0.00505111332292
55 0.00813935578997
56 0.525626243827
57 0.0570065358373
58 0.0585188879474
59 0.0701851641145
60 0.0156823577853
61 0.00534077808494
62 0.00772633016343
