1 0.0542238400765
2 0.00584581003711
3 0.00581894992313
4 0.0208353277752
5 0.0316026909292
6 0.0124784061821
7 0.00461094038101
8 0.0162902016812
9 0.00928370036865
10 0.00647902667346
11 0.00584581003711
12 0.0264732743503
13 0.00675035443845
14 0.00827019972896
15 0.0506253950617
16 0.00675035443845
17 0.0163439744552
18 0.0066585155954
19 0.0138922698966
20 0.0440500841465
21 0.0127690591159
22 0.00464842225736
23 0.0114014938272
24 0.0103957405367
25 0.0441073383509
26 0.0582444797735
27 0.0066585155954
28 0.021319455245
29 0.0103957405367
30 0.0160366231673
31 0.0207231581291
32 0.00928370036865
33 0.00581894992313
34 0.00818868519251
35 0.0080172543987
36 0.0103944620717
37 0.0418407405826
38 0.0110924497871
39 0.0103944620717
40 0.0262342693568
41 0.00818868519251
42 0.00647902667346
43 0.0208353277752
44 0.0162902016812
45 0.0124784061821
46 0.00461094038101
47 0.0316026909292
48 0.0441073383509
49 0.0138922698966
50 0.062117670318
51 0.0122936086443
52 0.00534434959794
53 0.0203215671041
54 0.00775055366412
55 0.00534434959794
56 0.657178708908
57 0.062117670318
58 0.0582444797735
59 0.0440500841465
60 0.0127690591159
61 0.00464842225736
62 0.0114014938272
