1 0.086706933726
2 0.00522185731645
3 0.00538744006972
4 0.0218900410924
5 0.0327137996219
6 0.00498581470806
7 0.0105167825399
8 0.0200553834567
9 0.00965160967919
10 0.00637002291185
11 0.00522185731645
12 0.0167909171825
13 0.011380727507
14 0.018617009316
15 0.0490488210833
16 0.011380727507
17 0.0136812542606
18 0.0101358922771
19 0.00668030114491
20 0.0639522624675
21 0.0121007902428
22 0.0063064182342
23 0.00663634010489
24 0.0149277077488
25 0.0454402320667
26 0.0609051231164
27 0.0101358922771
28 0.0251244935795
29 0.0149277077488
30 0.00633595856837
31 0.0547793833969
32 0.00965160967919
33 0.00538742993232
34 0.00626794919477
35 0.00568249920148
36 0.00892781887719
37 0.0148013036276
38 0.0155540547015
39 0.00892781887719
40 0.0206348077964
41 0.00626794919477
42 0.00637002291185
43 0.0218900410924
44 0.0200553834567
45 0.00498581470806
46 0.0105167825399
47 0.0327137996219
48 0.0454402320667
49 0.00668030114491
50 0.058957873737
51 0.0338463695882
52 0.0133226802951
53 0.0263466813082
54 0.0121092328218
55 0.0133226802951
56 0.705203558973
57 0.058957873737
58 0.0609051231164
59 0.0639522624675
60 0.0121007902428
61 0.0063064182342
62 0.00663634010489
