1 0.148037339619
2 0.00512747561041
3 0.00512775020049
4 0.0197860493224
5 0.0276699283826
6 0.00792484774429
7 0.00899442107822
8 0.0177915549187
9 0.0200638913269
10 0.00609090041368
11 0.00512747561041
12 0.00746827139419
13 0.0104789081876
14 0.0139108618648
15 0.0335995828625
16 0.0104789081876
17 0.0232039697002
18 0.00476305352112
19 0.00640670238094
20 0.0605131484699
21 0.0237609490518
22 0.00595916682534
23 0.00403511698779
24 0.00417600964054
25 0.0462317403478
26 0.0611278180947
27 0.00476305352112
28 0.0277992091206
29 0.00417600964054
30 0.0108208506272
31 0.0164669251217
32 0.0200638913269
33 0.00512775020049
34 0.00643775502664
35 0.00769578646926
36 0.0105195735935
37 0.0160454915366
38 0.0276559837655
39 0.0105195735935
40 0.0255836356446
41 0.00643775502664
42 0.00609090041368
43 0.0197860493224
44 0.0177915549187
45 0.00792484774429
46 0.00899442107822
47 0.0276699283826
48 0.0462317403478
49 0.00640670238094
50 0.059197354705
51 0.0263999766423
52 0.0046071555349
53 0.0428383235843
54 0.00603590479913
55 0.0046071555349
56 0.690042046191
57 0.059197354705
58 0.0611278180947
59 0.0605131484699
60 0.0237609490518
61 0.00595915378498
62 0.00403511698779
