1 0.167961574125
2 0.0148224136877
3 0.0102561233893
4 0.0113441548912
5 0.0862755029944
6 0.0211820132719
7 0.0103401862887
8 0.017397371802
9 0.0109984166587
10 0.0108879281073
11 0.00921656251202
12 0.0089900113646
13 0.017207285389
14 0.120430809563
15 0.00819847199067
16 0.00675513259908
17 0.0140014417616
18 0.0109179300124
19 0.00939123071509
20 0.0106276377045
21 0.022432890513
22 0.00877276753255
23 0.0116356368504
24 0.122437686827
25 0.0169347630441
26 0.00397440335079
27 0.00811341677655
28 0.00860449576137
29 0.0148306492057
30 0.00916747605257
31 0.0188880504785
32 0.00906263601911
33 0.0168188668336
34 0.0106912998065
35 0.0143344051511
36 0.0089900113646
37 0.0202203103933
38 0.00716979816503
39 0.111340280202
40 0.00994587207239
41 0.0206482243636
42 0.00574511038139
43 0.00949916601313
44 0.00765109774287
45 0.0182301526168
46 0.00386054443856
47 0.00559112530674
48 0.0188880504785
49 0.0226053690302
50 0.0189315064088
51 0.00734288736517
52 0.00576383348179
53 0.0155708874865
54 0.0321185243089
55 0.0117478478255
56 0.00446018794494
57 0.0132259773892
58 0.0711572340579
59 0.109146033413
60 0.127069651911
61 0.0104101414651
62 0.021370612964
