1 0.0928433892715
2 0.00736209626627
3 0.00560432293571
4 0.0152755644345
5 0.032516439685
6 0.00567261012305
7 0.0097411641322
8 0.0122144343523
9 0.00611365796818
10 0.00345457622335
11 0.00736209626627
12 0.00496993288015
13 0.00770656726566
14 0.00609832157287
15 0.0283047389044
16 0.00770656726566
17 0.0126316519234
18 0.00373149607911
19 0.0100671167277
20 0.06188376868
21 0.0152661068722
22 0.00577715728437
23 0.00985929272978
24 0.00495472496541
25 0.046557518024
26 0.0610653863197
27 0.00373149607911
28 0.0222870360139
29 0.00495472496541
30 0.00463659390718
31 0.0155213901858
32 0.00611365796818
33 0.00560432293571
34 0.00676784342722
35 0.0140982031593
36 0.00693803280993
37 0.0148011097315
38 0.00916343077418
39 0.00693803280993
40 0.060595240441
41 0.00676784342722
42 0.00345457622335
43 0.0152755644345
44 0.0122144193927
45 0.00567261012305
46 0.0097411641322
47 0.032516439685
48 0.046557518024
49 0.0100671167277
50 0.0580071907815
51 0.0116985466454
52 0.00762350088688
53 0.0473642752914
54 0.00691346111876
55 0.00762350088688
56 0.628125633607
57 0.0580071907815
58 0.0610653863197
59 0.06188376868
60 0.0152661068722
61 0.00577715728437
62 0.00985929272978
