1 0.11245277401
2 0.00466795902288
3 0.00662595896062
4 0.0198671258576
5 0.0376586629267
6 0.00606202783003
7 0.00410069273804
8 0.0211037992024
9 0.00931572099713
10 0.00868205177312
11 0.00466795902288
12 0.0128869099061
13 0.00919233653934
14 0.00615133575317
15 0.0148738617967
16 0.00919233653934
17 0.0167547188358
18 0.0073125394756
19 0.00530890374779
20 0.0470813353577
21 0.0152191904028
22 0.0055854216989
23 0.00325981456199
24 0.00694455040826
25 0.0447872071078
26 0.0581994883156
27 0.0073125394756
28 0.0146167162415
29 0.00694455040826
30 0.00680761145421
31 0.0220025368391
32 0.00931572099713
33 0.00662595896062
34 0.00682318421596
35 0.0144240300334
36 0.00972625408997
37 0.0200553043035
38 0.00539681323219
39 0.00972625408997
40 0.0826124939826
41 0.00682318421596
42 0.00868205177312
43 0.0198671258576
44 0.0211037992024
45 0.00606202783003
46 0.00410069273804
47 0.0376586629267
48 0.0447872071078
49 0.00530890374779
50 0.060029730185
51 0.0230548091764
52 0.00526946477885
53 0.0174211299176
54 0.00916867966181
55 0.00526946477885
56 0.658288789404
57 0.060029730185
58 0.0581994883156
59 0.0470813353577
60 0.0152191904028
61 0.0055854216989
62 0.00325981456199
