1 0.208679593261
2 0.010518239311
3 0.0106722534552
4 0.00967463877017
5 0.0285520034174
6 0.0195007198999
7 0.00860693031782
8 0.0159165719022
9 0.00951056443751
10 0.0130464755296
11 0.0103699968711
12 0.00886195624678
13 0.0122142967553
14 0.0837483639157
15 0.00786226992627
16 0.00765466837526
17 0.016632156016
18 0.00869938471526
19 0.00546489892607
20 0.0128561227941
21 0.0136701006093
22 0.0094359266324
23 0.00668459537158
24 0.159097296948
25 0.0104187028248
26 0.00742395085139
27 0.00754282052851
28 0.00476227214599
29 0.017777792191
30 0.0055059897607
31 0.00761508452321
32 0.00858881974496
33 0.0180319922885
34 0.0186316675957
35 0.0099281872496
36 0.0171468516335
37 0.0122142967553
38 0.0106699618655
39 0.0820263239808
40 0.00834960256236
41 0.0188879545639
42 0.0073364543833
43 0.0101048174184
44 0.00742129567375
45 0.0146742466322
46 0.00573449561948
47 0.0102892338342
48 0.0140819822863
49 0.0191636089174
50 0.0092245057786
51 0.00918076695951
52 0.00709154855259
53 0.0156089014527
54 0.00766952119073
55 0.00889998495501
56 0.0081077678106
57 0.0273980204314
58 0.142546843679
59 0.0777300537187
60 0.0807726609093
61 0.00890214315276
62 0.00868880128063
