1 0.110816165977
2 0.0112277490571
3 0.0124074171689
4 0.0114935642895
5 0.0956908282513
6 0.0182144930693
7 0.00856515509023
8 0.0199443750308
9 0.0156630498222
10 0.0142633819409
11 0.00891468548713
12 0.00957601600966
13 0.0190869663027
14 0.125208187629
15 0.00780145049099
16 0.00740046984969
17 0.0159782523447
18 0.0108761180556
19 0.0100718044064
20 0.00918883466655
21 0.0219121214817
22 0.00859022594105
23 0.0154868732678
24 0.132087051948
25 0.0337528088251
26 0.00494521680886
27 0.00821817534371
28 0.00798430842234
29 0.0154413459962
30 0.00804589832208
31 0.0184009415712
32 0.0109922856567
33 0.0145783842517
34 0.0106076024935
35 0.0137123860889
36 0.00851821912292
37 0.0219121214817
38 0.00801077777778
39 0.121266584051
40 0.0115137062232
41 0.0191529759116
42 0.00867376513032
43 0.00907597245812
44 0.00907762293866
45 0.0225163298552
46 0.00445680781687
47 0.00499748008918
48 0.0205322661807
49 0.0429010037462
50 0.0203260203808
51 0.00635094570407
52 0.00464880813741
53 0.0258952315776
54 0.0253376014648
55 0.0117231882939
56 0.00724307596577
57 0.0118480179885
58 0.0718950171353
59 0.106280524013
60 0.126836950197
61 0.0112813771901
62 0.0275222026836
