1 0.0630733054779
2 0.00679333715735
3 0.00560816289295
4 0.0179412717972
5 0.0344409838534
6 0.00783454796554
7 0.00835836230515
8 0.0128676314502
9 0.00586827444152
10 0.0051815093766
11 0.00679333715735
12 0.0101054642755
13 0.00948071193518
14 0.00913846607726
15 0.0175088177237
16 0.00948070783708
17 0.0144191991979
18 0.004439655965
19 0.00676110310005
20 0.0650690220356
21 0.0141074872286
22 0.00594512582013
23 0.00784636417457
24 0.00893315595258
25 0.0450216602335
26 0.0611925545054
27 0.004439655965
28 0.0216170112096
29 0.00893315595258
30 0.00812891641076
31 0.0407034589608
32 0.00586827444152
33 0.00560816289295
34 0.00796732288111
35 0.0233921085806
36 0.0104914627173
37 0.0222700680063
38 0.00573261530439
39 0.0104914627173
40 0.0366725052688
41 0.00796732288111
42 0.0051815093766
43 0.0179412717972
44 0.0128676314502
45 0.00783454796554
46 0.00835836230515
47 0.0344409838534
48 0.0450216602335
49 0.00676110310005
50 0.0587662324913
51 0.0165783964828
52 0.0111268100063
53 0.032072619528
54 0.00706447043026
55 0.0111268100063
56 0.727408686526
57 0.0587662324913
58 0.0611925545054
59 0.0650690220356
60 0.0141074872286
61 0.00594512582013
62 0.00784636417457
