1 0.0360405086307
2 0.00523762787273
3 0.00593552575306
4 0.0191856780776
5 0.0353423516406
6 0.0036643574771
7 0.0071718253926
8 0.0163287813812
9 0.0125639673066
10 0.00718696287636
11 0.00523762787273
12 0.0150654532416
13 0.0101801884445
14 0.00821526109916
15 0.0340871873457
16 0.0101801884445
17 0.0157806142936
18 0.00603142852166
19 0.00606367735285
20 0.0476189246653
21 0.014295387197
22 0.00612339499465
23 0.003756049282
24 0.0137994192071
25 0.0464245291476
26 0.0604181109386
27 0.00603142852166
28 0.0104241436035
29 0.0137994192071
30 0.00886395067219
31 0.0210289933103
32 0.0125639673066
33 0.00593552575306
34 0.00707451465238
35 0.0153242370618
36 0.00890472186104
37 0.0213003178784
38 0.00367836283746
39 0.00890472186104
40 0.0334407680659
41 0.00707451465238
42 0.00718696287636
43 0.0191856780776
44 0.0163287813812
45 0.0036643574771
46 0.0071718253926
47 0.0353423516406
48 0.0464245291476
49 0.00606367735285
50 0.0595947871934
51 0.024472572517
52 0.0170191950211
53 0.0173125378374
54 0.00810333298851
55 0.0170191950211
56 0.640651220132
57 0.0595947871934
58 0.0604181109386
59 0.0476189246653
60 0.014295387197
61 0.00612339499465
62 0.003756049282
