1 0.0511114926413
2 0.00450915154538
3 0.00513088911232
4 0.0213612700859
5 0.0270393619873
6 0.00585694907215
7 0.00928326440248
8 0.0134962321764
9 0.0179515582641
10 0.00723068912367
11 0.00450915154538
12 0.0170686774986
13 0.0105290758679
14 0.0132532452346
15 0.0364657042604
16 0.0105290758679
17 0.0237065088757
18 0.00619929116077
19 0.00581149729079
20 0.0658598476154
21 0.0221547892264
22 0.00840531263292
23 0.00380158968819
24 0.00698254362582
25 0.0473325643561
26 0.0601099948369
27 0.00619929116077
28 0.0157933524408
29 0.00698254362582
30 0.00231581580187
31 0.0245969935237
32 0.0179515582641
33 0.00513088911232
34 0.00514870777976
35 0.0190980728777
36 0.00793231334654
37 0.0305984886414
38 0.0272272555357
39 0.00793231334654
40 0.038210962114
41 0.00514870777976
42 0.00723068912367
43 0.0213612700859
44 0.0134962321764
45 0.00585694907215
46 0.00928326440248
47 0.0270393619873
48 0.0473325643561
49 0.00581149729079
50 0.0607891683183
51 0.0189359254372
52 0.015830100795
53 0.0405297084133
54 0.00924907864125
55 0.015830100795
56 0.676862239783
57 0.0607891683183
58 0.0601099948369
59 0.0658598476154
60 0.0221547892264
61 0.00840531263292
62 0.00380158968819
