1 0.00050453312926
2 0.000548973244362
3 0.000167311124331
4 0.000441317155464
5 0.000756944993964
6 0.000736174823632
7 0.000492950414709
8 0.000167301781699
9 0.0027429477581
10 0.00062096999194
11 0.00133231144897
12 0.00278217160266
13 0.00175696511169
14 0.00603928663825
15 0.0291980162496
16 0.000983379669536
17 0.0263614581164
18 0.00247142188085
19 0.00300930612245
20 0.00573463817249
21 0.00237374841121
22 0.00109971544757
23 0.00557852543871
24 0.00336598510707
25 0.000767336017956
26 0.00413679210576
27 0.00935188587663
28 0.0444251874359
29 0.00313050149152
30 0.0275099922485
31 0.00724309642372
32 0.00142077563267
33 0.000226981745702
34 0.000489785564086
35 0.000452693526483
36 0.000486299755088
37 0.00125882618223
38 0.0436696617943
39 0.023596036431
40 0.00125954370559
41 0.00142304435534
42 0.0433842559122
43 0.000510017144736
44 0.000450025826446
45 0.00111111111111
46 0.0034729641274
47 0.000291224210054
48 0.00139113633619
49 0.00297182857425
50 0.000328712455367
51 0.000768623309599
52 0.0146923783287
53 0.000983379669536
54 0.000610971387979
55 0.00054692100973
56 0.000756944993964
57 0.000517355371901
58 0.0016955017301
59 0.000867885814085
60 0.000610500322915
61 0.0106429286581
62 0.00822553567559
63 0.00228713570788
64 0.00108153658309
65 0.000617874020307
66 0.00490091449355
67 0.000168335998653
68 0.000477560027385
69 0.00785841752875
70 0.00234745538879
71 0.0054420854609
72 0.00124458989426
73 0.00546948032634
74 0.00222106059982
75 0.00294465339332
76 0.00905820495544
77 0.000477560027385
78 0.000523166218697
79 0.00138064941104
80 0.000189410988088
81 0.00150041400428
82 0.00150058973794
83 0.000229134239547
84 0.000245774841331
85 0.000294415664986
86 0.00718168126444
87 0.00683414487574
88 0.0138733984457
89 0.0138056054522
90 0.00141297554403
91 0.000226981745702
92 0.00390711114358
93 0.00196735171696
94 0.00192156126853
95 0.00112749378172
96 0.000382664619258
97 0.000223032991754
98 0.0407727388875
99 0.0046277014207
100 0.00221070513862
101 0.0230621977948
102 0.0173064659466
103 0.105393782638
104 0.000224859440891
105 0.000603850947594
106 0.00173906745134
107 0.000526891675785
108 0.000999074205747
109 0.000948366007811
110 0.00232597340195
111 0.00131726378609
112 0.000197329727955
113 0.00116545288375
114 0.00111243382206
115 0.00142077563267
116 0.000226981745702
117 0.00383782066718
118 0.00680275582425
119 0.000593457981768
120 0.265616225961
121 0.00122397980433
122 0.000393051849513
123 0.00196950168127
124 0.000195362168531
125 0.00081566119811
126 0.00132620027435
127 0.00360929967257
128 0.00384523093604
129 0.000121573418948
130 0.00326430248707
131 0.0020684365287
132 0.00160786561699
133 0.0028349866141
134 0.0002260598521
135 0.000385648127531
136 0.000301493630335
137 0.000599554315304
138 0.00474260460387
139 0.000563026959417
140 0.0018937716263
141 0.000523166218697
142 0.08258961956
143 0.00122360181401
144 0.00181784744228
145 0.0298282991076
146 0.00200979534575
147 0.00126259372826
148 0.00398538431283
149 0.000658247205946
150 0.00711315880685
151 0.168503678541
152 0.00175696511169
153 0.00219616405473
154 0.00176978761812
155 0.000215125949128
156 0.000376161360585
157 0.000718489493672
158 0.000613900072784
159 0.00055940976452
160 0.0020684365287
161 0.000514460392954
162 0.00051223412437
163 0.00055940976452
164 0.000554154652594
165 0.0395660628761
166 0.0015737745497
167 0.0019240968284
168 0.0021257121239
169 0.0287908740941
170 0.000663117758662
171 0.00140495867769
172 0.000517469351325
173 0.000720154554642
174 0.00102462053695
175 0.00165755782617
176 0.00259782152766
177 0.00124980142276
178 0.00482865155384
179 0.00168696182795
180 0.00228566233193
181 0.000440612175983
182 0.000301493630335
183 0.000500030401848
184 0.00126076454526
185 0.000162738752567
186 0.000651577285843
187 0.00365461363247
188 0.000338566396025
189 0.000756944993964
190 0.000291208983215
191 0.00145415015043
192 0.00300901313589
193 0.0027053311195
194 0.000528879167625
195 0.010746700374
196 0.000428274021486
197 0.00054692100973
198 0.00055940976452
199 0.00127874084712
200 0.000442059176612
201 0.000655424476486
202 0.00885796240057
203 0.189836754518
204 0.000963139120095
205 0.00196660219731
206 0.00279180916127
207 0.00290754945877
208 0.00113497047939
209 0.000555041300038
210 0.000187331557098
211 0.000120592656378
212 0.000726922787796
213 0.000756944993964
214 0.000492950414709
215 0.00058347107438
216 0.00104058272633
217 0.000724718907056
218 0.00890642535562
219 0.00736431769026
220 0.00881180556851
221 0.00260483397302
222 0.000615500093826
223 0.00536039434636
224 0.000623475323701
225 0.000758671598813
226 0.00194123037158
227 0.00925144259569
228 0.00143613448344
229 0.001653877873
230 0.00142663273863
231 0.000954485260771
232 0.0356712777374
233 0.000775189625379
234 0.00282671132032
235 0.182346341631
236 0.182605385255
237 0.0010488473597
238 0.00063013344867
239 0.000914358387599
240 0.000222766763199
241 0.00150041400428
242 0.00152722126775
243 0.000218413279527
244 0.00107589516827
245 0.000452693526483
246 0.000560304820143
247 0.000458493183115
248 0.0018231660226
249 0.00180003452466
250 0.000345544364446
251 0.00227024221453
252 0.000786694927833
253 0.00174791808816
254 0.000164629272242
255 0.00181077410593
256 0.000741552820762
257 0.0018029145799
258 0.00140128306948
259 0.000441353011793
260 0.00212709297052
261 0.00414490702948
262 0.00220525099769
263 0.00719801389167
264 0.00104484089888
265 0.00120314546422
266 0.000603850947594
267 0.0133150065813
268 0.004615756625
269 0.00177672453843
270 0.00050453312926
271 0.000767017675951
272 0.0305354750783
273 0.000793441853037
274 0.000253459072795
275 0.00108417407513
276 0.00121094687221
277 0.336130778594
278 0.0174498122353
279 0.0321192292907
280 0.000337077292717
281 0.00055652194553
282 0.000954889572473
283 0.000202020034757
284 0.000756628297111
285 0.00143151609317
286 0.00415591407362
287 0.000606438712877
288 0.000311272186859
289 0.00345017803045
290 0.000359244746836
291 0.0594393538569
292 0.0181880629309
293 0.000245774841331
294 0.00166736111111
295 0.000460498443515
296 8.01960347516e-05
297 0.000261139902797
298 0.000663629423599
299 0.000500030401848
300 0.0002260598521
301 0.000206656769745
302 0.00251649710065
303 0.00103766308992
304 0.00360428694931
305 0.000791937376331
306 0.0114834200996
307 0.00301792259942
308 0.00192906736724
309 0.00239775796764
310 0.000272044263297
311 0.00764096043816
312 0.00137103779469
313 0.000456252579604
314 0.000629615914647
315 0.000938705296514
316 0.00510806981529
317 0.00293436207606
318 0.00179519513053
319 0.00194028377274
320 0.000311272186859
321 0.000756944993964
322 0.00117104483222
323 0.00110417465387
324 0.000206656769745
325 0.00129131474189
326 0.000924488677867
327 0.000610500322915
328 0.00055940976452
329 0.00299730491358
330 0.0026694796903
331 0.0021190155564
332 0.00112775673869
333 0.006119287794
334 0.000187331557098
335 0.00113389003565
336 0.0103747810708
337 0.00326505940017
338 0.000358625170561
339 0.000120097579283
340 0.000183105129547
341 0.000138816287489
342 0.00148985981408
343 0.00611343628628
344 0.00265986211738
345 0.000214288883178
346 0.00254133827206
347 0.000225613053706
348 0.00594611044627
349 0.000177186663381
350 0.00027353203885
351 0.00177672453843
352 0.000468282620634
353 0.00118388270687
354 0.000415813970817
355 0.0002055472052
356 0.000437742162027
357 0.00991218117826
358 0.00359402905816
359 0.000513283385896
360 0.0011390353247
361 0.00050635126519
362 0.0176048119506
363 0.000554154652594
364 0.000623751872503
365 0.00565927688545
366 0.00105163064069
367 0.0903928085135
368 0.000775189625379
369 0.0016618171046
370 0.000622301148222
371 0.000477560027385
372 0.00108366102127
373 0.0341439219107
374 0.0176698497212
375 0.00223784919135
376 0.000227681938377
377 0.000201912489865
378 0.000122115630226
379 0.000194247835958
380 0.000358625170561
381 0.000195608587217
382 0.000142945981743
383 0.000238913155946
384 0.00093703949952
385 0.008462066682
386 0.00051652892562
387 0.0418757502958
388 8.68203954535e-05
389 0.155195655187
390 0.00267538644471
391 0.0106976368802
392 0.000527505165289
393 0.00188346638247
394 0.00124762501669
395 0.000897007483368
396 0.00960331708531
397 0.000372383439917
398 0.000775787765522
399 0.00071170407428
400 0.000134950640622
401 0.129785651754
402 0.0171852972065
403 0.00051652892562
404 0.000121573418948
405 0.000780120835265
406 0.000435538752363
407 0.0005683410117
408 0.000437634925784
409 0.00129131474189
410 0.000359244746836
411 0.0002260598521
412 0.000906030133891
413 0.000823864934872
414 0.000214288883178
415 0.00113709688732
416 0.00197034250091
417 0.0329842877622
418 0.00823337540766
419 0.0300728380977
420 0.000648656593097
421 0.00124917242973
422 0.00278635374653
423 0.00257508609351
424 0.00107580930388
425 0.000415405259804
426 0.00607280852751
427 0.000834078773821
428 0.00510806981529
429 0.36825827641
430 0.000241419594023
431 0.00122070529475
432 0.0211417079413
