1 0.0007546309145
2 0.105558046772
3 0.00209797605452
4 0.000250955788648
5 0.00127046368003
6 0.000102458042375
7 0.000243455129519
8 0.000687486108378
9 0.000524124837312
10 0.000889591165591
11 0.000314370504502
12 0.000131361125794
13 0.00173611111111
14 0.0226233933053
15 0.00439211487732
16 0.00170121529549
17 0.0121900722671
18 0.0018926786046
19 0.000270404730393
20 0.000818924226761
21 0.00729007394566
22 0.00339613633733
23 0.00257298886788
24 0.00183923816703
25 0.000781147829586
26 0.000620667003115
27 0.000720725122768
28 0.000272
29 0.00100959032912
30 0.0142626001495
31 0.00112482853224
32 0.000176408124658
33 0.00104195416964
34 0.000702476327645
35 0.00086872947685
36 9.61923082783e-05
37 0.000235076283705
38 0.00200246033235
39 0.0010270159519
40 0.000464476813317
41 0.0013350921522
42 0.000901431363741
43 0.00200612281048
44 0.00584499995324
45 0.550585004829
46 0.00145410805573
47 0.000487657057122
48 0.00201616486532
49 0.00120696898191
50 0.00149646838136
51 0.000642729617139
52 0.00836314208879
53 0.0235355642384
54 0.00843810320271
55 0.00871630454159
56 0.293108632073
57 0.00185204530686
58 0.000164214616429
59 0.000128766158644
60 0.00163476864651
61 0.000372683770367
62 0.000253753831467
63 0.000419226463453
64 0.000271229219502
65 0.000998981747771
66 0.00115976572853
67 0.000343194885667
68 0.000735975158567
69 7.72942598669e-05
70 0.000355354219203
71 0.000411346954969
72 0.00194875422954
73 0.000281151828713
74 0.0201357151084
75 0.00137595055337
76 0.00105099471333
77 0.000521256854528
78 0.000488162896609
79 0.000956173220423
80 0.0013135263121
81 0.0120906378947
82 0.00576770902365
83 0.578660705208
84 0.00110299209106
85 0.000546791146034
86 0.00842023290905
87 0.0026172507238
88 0.000465814398841
89 0.00177796177968
90 0.000204957561728
91 0.000754049086501
92 0.000782434348868
93 0.00136892394761
94 0.00221559665621
95 0.00187014985298
96 0.0688808648103
97 0.00759340133956
98 0.000585862593401
99 0.00084440762383
100 0.00332840236686
101 0.000828753464055
102 0.000399360767182
103 0.0026172507238
104 0.00113892129926
105 0.00182379917205
106 0.0149971411054
107 0.0290169847702
108 0.334125756938
109 0.000452202514321
110 0.000503830771617
111 0.000256512769025
112 0.00920421414383
113 0.00178447128095
114 0.000612685030879
115 0.000355998576006
116 0.00056242090956
117 0.000597212308498
118 0.00298150239801
119 0.00145929744765
120 0.00251176007785
121 0.000330466274332
122 0.00186082276048
123 0.00300345527823
124 0.00032827549448
125 0.00703205037529
126 0.0222214318935
127 0.000691331085102
128 0.000195732458823
129 0.00191940018393
130 0.0152319556894
131 0.000237559868568
132 0.0014452710269
133 0.000709285226801
134 0.00103012052431
135 0.0106094205426
136 0.00116219008264
137 0.00196638070474
138 0.000256512769025
139 0.000192901234568
140 0.000566893424036
141 0.000513983855374
142 0.000442840299743
143 0.000429958660917
144 0.000869978756957
145 0.00171461149047
146 0.000702840261839
147 0.000702304866496
148 0.00189622019063
149 0.00229346412921
150 0.0010418619831
151 0.00114926711286
152 0.00493746973308
153 0.00220533255646
154 0.00170121529549
155 0.000274334660533
156 0.000723070819282
157 0.00578588709006
158 0.00146283788723
159 0.000550003696025
160 0.00270637485927
161 0.000356475754096
162 0.00951447932113
163 0.000766863993865
164 0.0189804093769
165 0.000223843380608
166 0.000792094032187
167 0.0026172507238
168 0.00342133962906
169 0.00104195416964
170 0.000702304866496
171 0.000693534344131
172 0.00230324785767
173 0.000944245128074
174 0.00233307226771
175 0.00202458679794
176 0.00191064910344
177 0.00202458679794
178 0.0385110165584
179 0.132927992378
180 0.000341921676412
181 0.000304403354991
182 0.00321977866802
183 0.0197319331919
184 0.000355998576006
185 0.00159759402472
186 0.00104584749266
187 0.00198080706282
188 0.0172989946166
189 0.0270968986371
190 0.0124247109174
191 0.00112482853224
192 0.00017171515943
193 0.000821182502804
194 0.00625901297869
195 0.000471565193888
196 0.000257514772029
197 0.00176905082061
198 0.00149568084002
199 0.00120768573009
200 0.028507247787
201 0.000374664497003
202 0.000593275116687
203 0.0619712294242
204 0.00178083958076
205 0.0017521708882
206 0.00117327478709
207 0.000521786183617
208 0.00066016779881
209 0.00143229826628
210 0.00409770452548
211 0.000704711916639
212 0.0068244139212
213 0.0536528440505
214 0.000474237880756
215 0.000287883371249
216 9.61923082783e-05
217 0.00097822036046
218 0.000466662395602
219 0.000576737988393
220 0.000411346954969
221 0.000273988876694
222 0.000355998576006
223 0.000222766763199
224 0.00128491317527
225 0.00330818369297
226 0.00370456924761
227 0.000969321624826
228 0.00118647231573
229 0.000520715173122
230 0.00128010408305
231 0.00145584492526
232 0.0173605436887
233 0.00644456518631
234 0.000322016876742
235 0.000338628277284
236 0.00364867593005
237 0.00100781053162
238 0.00165515368261
239 0.00630232096806
240 0.00151779011781
241 0.00291662694667
242 0.00378804910842
243 0.000658812913998
244 0.000566893424036
245 0.000465814398841
246 0.00185073701883
247 0.00107710547649
248 8.4814544274e-05
249 0.00424199132891
250 0.000448105446023
251 0.000353283080055
252 0.0033067459933
253 0.00882154631324
254 0.094224147169
255 0.000279762976394
256 0.00256001046905
257 0.00041765511711
258 0.000181387386775
259 0.000224617532441
260 0.0037638092106
261 0.0175610543029
262 0.00130716207462
263 0.00239625751838
264 0.000736107536872
265 0.000232199546485
266 0.016481928389
267 0.00922749197029
268 0.00067706809446
269 8.11622433244e-05
270 0.00163495084654
271 0.000203631681629
272 0.000828114486828
273 0.000340029780455
274 0.000455742058731
275 0.00086872947685
276 0.000811168082038
277 0.001610500382
278 0.00104584749266
279 0.00066016779881
280 0.00440087172274
281 0.020526416551
282 0.00263751068407
283 0.00178433412604
284 0.0015447185903
285 0.00979383133823
286 0.0008378466808
287 0.0240314569857
288 0.000726772554967
289 0.00022685098309
290 0.00213027816409
291 0.00154613904412
292 0.00121897294887
293 0.000544734350635
294 0.000135680512252
295 0.000232199546485
296 0.00136667566395
297 0.000200023266801
298 0.00313647718388
299 0.00514912965939
300 0.000640274385746
301 0.00589718942559
302 0.0015710724147
303 0.000106803320321
304 0.000465814398841
305 0.000693534344131
306 0.000695973591197
307 0.000235076283705
308 0.00111111111111
309 0.000630405911533
310 0.00430164716687
311 0.000670024883848
312 0.0243042901684
313 0.00526247937222
314 0.00222074805086
315 0.0045539654231
316 0.000793949712991
317 0.00060690904755
318 0.000256512769025
319 0.00309357344106
320 0.000492076001729
321 0.000884167109917
322 0.00148299760446
323 0.0309781708016
324 0.018948377129
325 0.000138577471685
326 0.000553451882462
327 0.000831101371642
328 0.000199618278139
329 0.000763358334482
330 0.000334459077995
331 0.00104195416964
332 0.000738198647205
333 0.00658685150179
334 0.000197329727955
335 0.000451923966866
336 0.00194875422954
337 0.00217439846686
338 0.00114579491834
339 0.010594721748
340 0.00155398268766
341 0.000521786183617
342 0.000560304820143
343 0.00304866573827
344 0.0898431530764
345 0.00108087821355
346 0.000225281513892
347 0.000291793938991
348 0.0556856867115
349 0.00134212372208
350 0.000291606048496
351 0.000738395157286
352 0.000419226463453
353 0.00022464043154
354 0.000943517105616
355 0.000249768551437
356 0.000275312774828
357 0.000738198647205
358 0.000245343568358
359 0.00375018187646
360 0.241528110083
361 0.000707333635129
362 0.174505739934
363 0.00185939936184
364 0.0012357557867
365 0.0638606367684
366 0.0022233958029
367 0.00332088480322
368 0.00215439180099
369 0.000284244633977
370 0.003266848726
371 0.000611298469954
372 0.00196638070474
373 0.110717045523
374 7.77022392634e-05
375 0.0396287012786
376 0.00146472570693
377 0.0002632561776
378 6.44575499287e-05
379 0.000341395580854
380 0.0003735083736
381 0.000340029780455
382 0.000343194885667
383 0.000148947967704
384 0.000640274385746
385 0.000998981747771
386 0.000605195588211
387 0.0172431384553
388 0.000565643568651
389 0.0012383794429
390 0.0409601972543
391 0.012960647277
392 0.00164910201242
393 0.0004860197394
394 0.000553881445835
395 0.00320824287784
396 0.00512351511932
397 0.000833905920306
398 0.00594549870489
399 0.000423213902494
400 0.000835349127204
401 0.00146361130278
402 0.000354242332095
403 0.00482399871234
404 0.000782434348868
405 0.00297686706485
406 0.0009765625
407 0.000229357604765
408 0.000272
409 0.000483006606867
410 0.000938705296514
411 0.000557827119599
412 0.000139679482445
413 0.000497357638339
414 9.18892788588e-05
415 0.00835502074261
416 0.00109899153772
417 0.000657462195924
418 0.00165554381716
419 0.00123933498259
420 0.00048893041704
421 0.00484140680879
422 0.0170893499573
423 0.000717761983124
424 0.0005789604834
425 0.00227863334533
426 0.0015416462795
427 0.000561977033015
428 0.00100458833082
429 0.00200094983959
430 0.0955555204255
431 0.000561977033015
432 0.057161496228
