1 0.000500262236199
2 0.000559874224823
3 0.00100424892208
4 0.000880812359102
5 0.000551924269111
6 0.00323197744338
7 0.00134116068455
8 0.0002055472052
9 0.000474729011942
10 0.00120377485976
11 0.0186295885352
12 0.00238689466778
13 0.00164807746033
14 0.00165132888793
15 0.00263224348137
16 0.0116742127016
17 0.000476505416982
18 0.00075908892008
19 0.000434413904033
20 0.00797209624591
21 0.00164534998465
22 0.00143601108033
23 0.000832410346272
24 0.000593781871775
25 0.000527830935998
26 0.000403144527313
27 0.000786057183598
28 0.000230593532096
29 0.000248652699522
30 0.00486299412639
31 0.00119134181306
32 0.00262208
33 0.0020515193815
34 0.0004
35 0.000610035968734
36 0.000922929017786
37 0.000741520074068
38 0.00477655534718
39 0.0215574673474
40 0.00783241157993
41 0.000220744673998
42 0.00308736025951
43 0.000342428039432
44 0.00250039248436
45 0.000460133151671
46 0.00108036534794
47 0.467561609706
48 0.00262984878369
49 0.0018476557727
50 0.00017408
51 0.000584207018051
52 0.00342426532903
53 0.0086358780257
54 0.000412442975634
55 0.000348629984406
56 0.00239447461062
57 0.000223600314438
58 0.000466082609227
59 0.00106719016077
60 0.00119226105829
61 0.00126392436334
62 0.00102687320465
63 0.000497265832277
64 0.000776320981901
65 0.00109081727127
66 0.000968887288602
67 0.000466888631747
68 0.00136321315911
69 0.00586316951738
70 0.00506872770511
71 0.00534343910046
72 0.456691551088
73 0.0246437813792
74 0.00156359391741
75 0.00175403748678
76 0.000911111111111
77 0.00170408291453
78 0.00115356040512
79 0.000409112807784
80 0.00565533912142
81 0.0153094274593
82 0.0209031317725
83 0.0017154387357
84 0.0145590378367
85 0.00466469134673
86 0.000891754604534
87 0.00240882231172
88 0.00179434638953
89 0.00112356043819
90 0.00112023724208
91 0.000449119227293
92 0.000977996374368
93 0.000281680287351
94 0.000166295581157
95 0.0113697066789
96 0.0195522597634
97 0.00243489364282
98 0.000570661399204
99 0.00313352364041
100 0.00408814699014
101 0.00847718159876
102 0.00303938505504
103 0.000191653168914
104 0.00109160568364
105 0.00224334114486
106 0.00165081172358
107 0.000220593625957
108 0.000422700449217
109 0.00100249928642
110 0.00118539943233
111 0.00264838697209
112 0.0004
113 0.000483458375007
114 0.00133594216049
115 0.00244301665151
116 0.000467635653558
117 0.000492076001729
118 0.00019090743674
119 0.000943517105616
120 0.016325900755
121 0.0191117847236
122 0.0210684366339
123 0.00279179075266
124 0.00117431297768
125 0.00111342954785
126 0.00105722069405
127 0.00271220322182
128 0.000658677859742
129 0.00137106734145
130 0.000515624577601
131 0.0026281845858
132 0.000848990898713
133 0.000522711294438
134 0.0010294832566
135 0.00102036879719
136 0.00280689443445
137 0.000470950279707
138 0.000902067880608
139 0.000649113554302
140 0.000224438552932
141 0.00323197744338
142 0.000419187474407
143 0.0004254541179
144 0.000941909066529
145 0.000282864562504
146 0.561158728061
147 0.074085595645
148 0.00982723523661
149 0.000696915396701
150 0.00106414750053
151 0.000890277578527
152 0.000574528266331
153 0.000597212308498
154 0.000833352152932
155 0.0013493000506
156 0.00125315999687
157 0.00226510668077
158 0.0132332986339
159 0.0215882050727
160 0.00713082708682
161 0.0124026598302
162 0.00233626684601
163 0.000235326777889
164 0.000635121292924
165 0.00322565660653
166 0.000445043293954
167 0.000252843711371
168 0.000491150595446
169 0.00179124868378
170 0.00526795005203
171 0.00305570296777
172 0.000752900059488
173 0.00644680057542
174 0.000506782660153
175 0.00561242062546
176 0.00195624338228
177 0.000401283078567
178 0.000442095717613
179 0.00157164776238
180 0.00517175192395
181 0.00922806699864
182 0.00115356040512
183 0.13728939613
184 0.00365923042165
185 0.00695626980534
186 0.231203846945
187 0.00166736111111
188 7.48890532544e-05
189 0.000541840489096
190 0.000641572458167
191 0.000604676162322
192 0.00105342942665
193 0.000222804809116
194 0.00151585420634
195 0.000300853629885
196 0.0241290022595
197 0.000681012216695
198 0.00342544589774
199 0.00588994403964
200 0.0167517920541
201 0.212083271984
202 0.0009
203 0.00050060238381
204 0.00106912962454
205 0.000575851936319
206 0.000515591061218
207 0.011336070108
208 0.00108849660252
209 0.000752900059488
210 0.00030450747153
211 0.000409112807784
212 0.00259876012341
213 0.0265724681183
214 0.00297689779051
215 0.00201443842843
216 0.000255509186884
217 0.0010294832566
218 0.002289062958
219 0.000395876289653
220 0.000639589699536
221 0.00165149927532
222 0.000236686390533
223 0.00130381113249
224 0.00132414115855
225 0.0004254541179
226 0.00100424892208
227 0.000617413383955
228 0.0066628754941
229 0.00204581303834
230 0.00651709313743
231 0.230366979345
232 0.000175721711722
233 0.000356056126732
234 0.000955165464944
235 0.00817408812866
236 0.00257841202432
237 0.000374586405504
238 0.00187103044382
239 0.00132526289992
240 0.00076637406979
241 0.00061955743171
242 0.00125820147465
243 0.45839938802
244 0.0565998361841
245 0.00306257891042
246 0.00213439194745
247 0.0057306314962
248 0.00360590936943
249 9.26873502789e-05
250 0.000232642463974
251 0.000445043293954
252 0.000604676162322
253 0.001253668078
254 0.00082944
255 0.000696915396701
256 0.0140132600424
257 0.000407127991675
258 0.00359703777783
259 0.00183857157838
260 0.00111777888203
261 0.00366614783276
262 0.00464436122003
263 0.00372232572287
264 0.011553627066
265 0.00276317897773
266 0.000762166434567
267 0.00399398398608
268 0.0019879301309
269 0.0164567529167
270 0.088690838369
271 0.160934235316
272 0.00447761417313
273 0.00129122347318
274 0.00100249928642
275 0.000526891675785
276 0.00216981511472
277 0.0005789604834
278 0.000501824231446
279 0.00112023724208
280 0.00053385768123
281 0.000776320981901
282 0.000255701059687
283 0.000877164245662
284 0.00669664980004
285 0.00507138170735
286 0.00111548983429
287 0.00469482813283
288 0.00200412835429
289 0.00166483427692
290 0.000778434944506
291 0.000150133906197
292 0.000720957950897
293 0.0013281672007
294 0.00315126679232
295 0.000234027777778
296 0.00218193185939
297 0.00125899615298
298 0.0106473908022
299 0.0345838668674
300 0.000541840489096
301 0.000238057820153
302 0.000343444145816
303 0.000274110784615
304 0.00191854041626
305 0.000966468898494
306 0.00133594216049
307 0.000421986794852
308 0.000526049995792
309 0.0011070072878
310 0.00469758761697
311 0.00691633213488
312 0.00340705428996
313 0.0046277014207
314 0.00212608692041
315 0.00154038404255
316 0.00763737703129
317 0.000465278672147
318 0.000401283078567
319 0.000721293242155
320 7.3207698247e-05
321 0.000232642463974
322 0.000621542191972
323 0.000519476302952
324 0.0404635792538
325 0.0113423561219
326 0.000427918973281
327 0.00412068703603
328 0.00357879238781
329 0.00041024
330 0.000176013244997
331 0.00191107527845
332 0.0011070072878
333 0.000592640532544
334 0.00049442356901
335 0.0005789604834
336 0.000899083373536
337 0.00107451427569
338 0.00824618649106
339 0.00131847441736
340 0.000262784182003
341 0.00064171557049
342 0.0100557878974
343 0.000354701873277
344 0.000443586764507
345 0.000686894106208
346 0.000709771511911
347 0.000418540612502
348 0.00398365170725
349 0.00539323668347
350 0.436277963066
351 0.00377809189165
352 0.000249471578268
353 0.000479588002531
354 0.000492486150494
355 0.00106719016077
356 0.00109081727127
357 0.000571542049511
358 0.00179050295161
359 0.000313037014999
360 0.00241252107864
361 0.00635120946181
362 0.0232609949157
363 0.000577847633136
364 0.000527344529981
365 0.00198594447648
366 0.000650534873083
367 0.0647396060979
368 0.00019311106429
369 0.00174331036693
370 0.00139542125223
371 0.00151241272586
372 0.00134316493517
373 0.000519548149335
374 0.00484139985179
375 0.00394383291142
376 0.000478014324024
377 0.00237649284877
378 0.0019771015247
379 0.000649113554302
380 0.00102218197994
381 0.00141012517822
382 0.00053385768123
383 0.00291844604104
384 0.001128168951
385 0.00123734249135
386 0.000696915396701
387 0.000884191435227
388 0.0326752490548
389 0.00713951234926
390 0.00649812617659
391 0.0011070072878
392 0.00563543115214
393 0.000512792743121
394 0.00154806822062
395 0.00120476851592
396 0.00108171222452
397 0.00706045073319
398 0.000529823849922
399 0.00361523045652
400 0.00200246033235
401 0.0009765625
402 0.000244618161561
403 0.0588014074372
404 0.00155900890927
405 0.000628766942754
406 0.00407047961885
407 0.00218272187969
408 0.00120053245838
409 0.00114197384067
410 0.000946758743595
411 0.0021205004006
412 0.000253038806827
413 0.000223600314438
414 0.00526795005203
415 0.136231531558
416 0.0160824792473
417 0.000648987129648
418 0.00177318402654
419 0.000751753656823
420 0.00121057674441
421 0.00156865350597
422 0.00143680125359
423 0.000771604479586
424 0.000338587027417
425 0.00264012163051
426 0.00123026692334
427 0.000418540612502
428 0.00106305337025
429 0.00867909975585
430 0.00397090570082
431 0.00668570309194
432 0.128587784735
