1 0.00334267202839
2 0.00105721533349
3 0.000845597542547
4 0.000764509758118
5 0.0025
6 0.000226789262975
7 0.00270738317139
8 0.000250955788648
9 0.000197038992598
10 0.0324366075842
11 0.000743844067414
12 0.00390336246749
13 0.287400294318
14 0.00103065399434
15 0.000279964976619
16 0.110810386091
17 0.143236510874
18 0.100551899609
19 0.000886742285058
20 0.000211570247934
21 0.0015776657854
22 0.000407792024762
23 0.00144108342459
24 0.00139784315224
25 0.000407127991675
26 0.00407131273837
27 0.00317621970663
28 0.00212859072316
29 0.00203807842175
30 0.000647933884298
31 0.00124080407168
32 0.00203126306924
33 0.00084015963033
34 0.00163534029959
35 0.000707961121135
36 0.00159759402472
37 0.000413113887236
38 0.000439095192856
39 0.000202271604938
40 0.000765099657622
41 0.000421986794852
42 0.00379965831384
43 0.00613283997525
44 0.00045130245978
45 0.00475015520564
46 0.00246072566999
47 0.000717000204904
48 0.00131158537951
49 0.000872730655046
50 0.0017872132964
51 0.00140296095729
52 0.0153822516025
53 0.000453875163617
54 0.000309192466347
55 0.828630621635
56 0.000318422499275
57 0.00948216366619
58 0.000501920949583
59 0.00270689839374
60 0.00251954177064
61 0.00161652143141
62 0.000875031817804
63 0.00044962702539
64 0.000222766763199
65 0.00131158537951
66 0.000206350123971
67 0.00051652892562
68 0.000381469726563
69 0.000895516818925
70 0.000176013244997
71 0.000250955788648
72 0.00521225918807
73 0.000630241067208
74 0.00627770413388
75 0.00144175468866
76 0.00110860371165
77 0.115605280671
78 0.00092271826207
79 0.000431865749868
80 0.0010615530802
81 0.00362664429003
82 0.000354107471367
83 0.000389638352055
84 0.000598381593208
85 0.000503627731274
86 0.000532872249633
87 0.0915957448252
88 0.00333832670353
89 0.00105802113786
90 0.000983379669536
91 0.000502724768244
92 0.000845597542547
93 0.0010209348982
94 0.000297450133211
95 0.00621972340363
96 0.00204708203419
97 0.000408444492002
98 8.67703566802e-05
99 0.000260145681582
100 0.000192603977562
101 0.00167642721396
102 0.00199235929965
103 0.00101232175408
104 0.00307928764743
105 0.00167011122789
106 0.000796922254119
107 0.0221220575503
108 0.00122118361559
109 0.00855808566401
110 0.000755285290819
111 0.00263389146559
112 0.000247026991559
113 0.00191630751496
114 0.000736806441327
115 0.0243518094355
116 0.00290762485137
117 0.0077879076542
118 0.00119676318642
119 0.000409584402821
120 0.0361824540005
121 0.000564739984675
122 0.000469792420536
123 0.000413113887236
124 0.000176892211146
125 0.00163534029959
126 0.000598381593208
127 0.0114897069872
128 0.00222291941384
129 0.00654342779482
130 0.00092054941579
131 0.000290362680145
132 0.00805490323879
133 0.0104464922451
134 0.000595701253183
135 0.000274010249772
136 0.028192499432
137 0.00021324187702
138 0.000429719836418
139 0.002992183505
140 0.00282545440051
141 0.0244934130902
142 0.00118906064209
143 0.000188063320993
144 0.00356426821118
145 0.000595972682973
146 0.000474996661365
147 0.0151855643473
148 0.000948366007811
149 0.000856632956573
150 0.00220288163709
151 0.000211755011987
152 0.000514670931771
153 0.00051652892562
154 0.00280325657502
155 0.00129721061111
156 0.0313777152589
157 0.000616925533459
158 0.000884043484536
159 0.00419818318421
160 0.000495587683734
161 0.0026940435801
162 0.000592569276089
163 0.000442921513064
164 0.000585327783559
165 0.0051427755115
166 0.00448021447683
167 0.0346863430544
168 0.00143235809949
169 0.00149097003715
170 0.000136594454799
171 0.0001841672296
172 0.0222190837549
173 0.006103515625
174 0.00249251684131
175 0.00254352905963
176 0.000211017404378
177 0.00131158537951
178 0.000415136473625
179 0.000525920237345
180 0.000552620031054
181 0.00015600614518
182 0.012858642316
183 0.00258429577187
184 0.0428972443229
185 0.000610630343665
186 0.000456570969391
187 0.014214633097
188 0.171437303924
189 0.000744485294118
190 0.000512792743121
191 0.00110089405169
192 0.00107313499153
193 0.000667886659222
194 0.000911992859638
195 0.0050947599884
196 0.000660280894497
197 0.00622374504281
198 0.012360892417
199 0.0197495670566
200 0.000804004082864
201 0.00019458668951
202 0.00107645452636
203 0.00494320930799
204 0.000391235351563
205 0.000337910899654
206 0.000985855219902
207 0.00019458668951
208 0.00175696511169
209 0.00285872017834
210 0.103281407641
211 0.032705048522
212 0.00157041666267
213 0.00117104483222
214 0.00084553348895
215 0.000737085645257
216 0.00249609832287
217 0.000746185468038
218 0.0011312577078
219 0.000490642956595
220 0.000219590178769
221 0.0277113506993
222 0.000214732845603
223 0.0127357517735
224 0.00195603731384
225 0.000875031817804
226 0.00691737320975
227 0.000506469135802
228 0.000974305857195
229 0.000124435336256
230 0.000211570247934
231 0.000500030401848
232 0.000636403718227
233 0.00864240687108
234 0.00117104483222
235 0.000856632956573
236 0.0642339016954
237 0.00229176097782
238 0.000518937883912
239 0.0173648714937
240 0.00283259827021
241 0.00394540271182
242 0.00122125825912
243 0.011565327766
244 0.000542850914031
245 0.00212049065783
246 0.00242232177802
247 0.0269928336827
248 0.00165345597121
249 0.000856632956573
250 0.00254415003841
251 0.0010209348982
252 0.000583444187729
253 0.00280629911244
254 0.000158179012346
255 0.000167031613343
256 0.0428601510007
257 0.00490915179444
258 0.00453418964254
259 0.213019587585
260 0.00144207659029
261 0.00044527819085
262 0.00405592179366
263 0.000118524729906
264 0.00165905546469
265 0.00621355640311
266 0.000904516931426
267 0.000408964237176
268 0.000722722831003
269 0.000772476925132
270 0.00248011936318
271 0.00158564671864
272 0.160274010043
273 0.00443428583289
274 0.000313415979896
275 0.000281874212863
276 0.00109761926195
277 0.000867869654306
278 0.000995482690046
279 0.00401428222656
280 0.000223167401806
281 0.00127046368003
282 0.00163534029959
283 0.00105376048577
284 0.000250955788648
285 0.0558041851406
286 0.000383877394711
287 0.00108369066439
288 0.000453469685902
289 0.000178670011146
290 0.00103686304127
291 0.000538826083321
292 0.000904516931426
293 0.00227641413102
294 0.000393999511014
295 0.000431865749868
296 0.0264129875773
297 0.00126451942912
298 0.00096104923964
299 0.0150394093015
300 0.0787552636517
301 0.000855087772245
302 0.0060351138084
303 0.000388111733953
304 0.00516848292215
305 0.000437903317565
306 0.000538826083321
307 0.000274906708905
308 0.000469560378122
309 0.00015625
310 0.00296199883092
311 0.000211570247934
312 0.00469030771842
313 0.0431938641447
314 0.00308125335848
315 0.00502688152936
316 0.0112482103725
317 0.00551519244987
318 0.00203578781003
319 0.000540691809124
320 0.00295953852192
321 0.00103480151056
322 0.000791015625
323 0.000647933884298
324 0.00156152445369
325 0.000573428164589
326 0.00485227653441
327 0.177480063081
328 0.00108069891325
329 0.000583444187729
330 0.010822896624
331 0.0017728531856
332 0.000245097100578
333 0.000158179012346
334 0.00200472845741
335 0.00149097003715
336 0.000157105733381
337 0.00313521614698
338 0.000369277089955
339 0.000216757077777
340 0.000480074599752
341 0.000340164681788
342 0.00962445348801
343 0.00788720663535
344 0.015247889589
345 0.0118261682911
346 0.0273721274538
347 0.00707167080927
348 0.000292805739555
349 0.00131685099533
350 0.000175199482646
351 0.00110657894706
352 0.00188353276771
353 0.0228226329385
354 0.00810149913016
355 0.000436206081899
356 0.00158701830921
357 0.000821714854155
358 0.00257668103662
359 0.000221159608125
360 0.000791625976563
361 0.0022151763042
362 0.0157615218503
363 0.00141634871083
364 0.000167031613343
365 0.000166493236212
366 0.0143640673877
367 0.000524691358025
368 0.0036236258595
369 0.0110827797094
370 0.000453042827043
371 0.001024
372 0.00402056190058
373 0.00704234113622
374 0.000425662049861
375 0.00467582731644
376 0.0131070399161
377 0.00283113524573
378 0.00484268771105
379 0.00188267739155
380 0.000238978739294
381 0.00147624675374
382 0.000333482555661
383 0.00118906064209
384 0.00169466556086
385 0.000503627731274
386 0.000764509758118
387 0.0033434128993
388 0.000284167326491
389 0.00113955263873
390 0.000293206980672
391 0.00121028950057
392 0.00133509483094
393 0.00427786705625
394 0.00360618641279
395 0.00272504348497
396 0.00202926742347
397 0.00425804460529
398 0.000378670562454
399 9.49758318522e-05
400 0.00133055476848
401 0.000299716843387
402 0.000649113554302
403 0.0188515135764
404 0.00268065790959
405 0.00203126306924
406 0.000493827160494
407 0.0197235084435
408 0.000284854635119
409 0.00094674556213
410 0.000267646923524
411 0.00127046368003
412 0.00282022214735
413 0.000274906708905
414 0.000791625976563
415 0.000136594454799
416 0.000263786821102
417 0.0201242433064
418 0.00308953695521
419 0.00663546053748
420 0.00504916183713
421 0.00692090776108
422 0.000527797110881
423 0.00129811851211
424 0.000553647683144
425 0.0025540856988
426 0.00346993209349
427 0.00945526847917
428 0.00112272962398
429 0.000489331274168
430 0.0279154202266
431 0.0312576305435
432 0.0596305600692
