1 0.000773948150193
2 0.000136169122822
3 0.000698817815852
4 0.00545459702528
5 0.000323482221417
6 0.000507264020778
7 0.0007645905193
8 0.000551174677752
9 0.000557549095768
10 0.000612437506377
11 0.000776390073709
12 0.000458868924751
13 0.00323383196298
14 0.000866034997398
15 0.0109955700149
16 0.000708300559136
17 0.00032394816622
18 0.00394745057549
19 0.000251952632905
20 0.00146088526848
21 0.0189093224392
22 0.000836115546523
23 0.00117104483222
24 0.00180386825139
25 0.00138102629657
26 0.00236469067752
27 0.00266576945395
28 0.00188155748516
29 0.0652633257104
30 0.0421601950894
31 5.88881412855e-05
32 6.79265789156e-05
33 0.000600979922546
34 0.00176124697662
35 0.000715643129717
36 0.000447915791831
37 0.00034091231408
38 0.000752900059488
39 0.00064337904474
40 0.0199654444871
41 0.0245660059126
42 0.0368871926879
43 0.0194077824845
44 0.000983857649139
45 0.00586780212664
46 0.00964093011263
47 0.000272745169338
48 0.000380280421825
49 0.00144854259123
50 0.00166643738324
51 0.00174739848009
52 0.00039345283181
53 0.000474237880756
54 0.00381155655116
55 0.00720047839266
56 0.00620774718677
57 0.00118360522417
58 0.00995309714579
59 0.000461290017832
60 0.197008132935
61 0.000374416509312
62 0.000612437506377
63 0.00339829662144
64 0.000250924920929
65 0.000426860576835
66 0.00490969337053
67 0.000523166218697
68 0.000460498443515
69 0.00249027237354
70 0.000596046447754
71 0.0010288683339
72 0.000205996986852
73 0.000877147896468
74 0.000219478737997
75 0.00202864352524
76 0.000625938555743
77 0.00325910792234
78 0.000712165780764
79 0.0779065938777
80 0.00302384832489
81 0.000824156956114
82 0.0010324106423
83 0.000415136473625
84 0.000717474489796
85 8.73438728273e-05
86 0.000212744520042
87 0.00484243809119
88 0.000218393905525
89 0.00124150252086
90 0.0536795388909
91 0.00216189638217
92 0.0577156015837
93 0.00405239506839
94 0.00051841234767
95 0.00123508988923
96 0.00143045348313
97 0.0014741588623
98 0.000701070414828
99 0.0026940435801
100 0.00131837610101
101 0.000699024988012
102 0.00942793275761
103 0.00233358937798
104 0.00195594298788
105 0.000148365039088
106 0.00051841234767
107 0.000887786960514
108 0.00201347797502
109 0.000844851037989
110 0.000447915791831
111 0.00736797509624
112 0.000592098898146
113 0.0009765625
114 0.00325886730638
115 0.00963991149122
116 0.00145407197687
117 0.0333341694678
118 0.000784326530612
119 0.285944510714
120 0.0013532676821
121 0.000731028581469
122 0.000495492881884
123 0.000895516818925
124 0.00126995041322
125 0.00142598660081
126 0.00477534576122
127 0.000380280421825
128 0.0279908535299
129 0.0302443661539
130 0.11438943688
131 0.000931485205401
132 0.0212963507442
133 0.00077438726338
134 0.0342120641596
135 0.00321559953574
136 0.000670772734331
137 0.000340130341306
138 0.000447915791831
139 0.000861760701491
140 0.000380280421825
141 0.000164726188133
142 0.00094674556213
143 0.0037311226163
144 0.0128936011508
145 0.000183328387509
146 0.0012205700977
147 0.00182183224271
148 0.00211388558594
149 0.000315223784298
150 0.000374416509312
151 0.00138994050838
152 0.000917628345318
153 0.00276716952594
154 0.00382492908334
155 0.000363191581904
156 0.362053310787
157 0.0243886510393
158 0.000679690847248
159 0.000141995610859
160 0.00202458679794
161 0.00164040302397
162 0.00126046006792
163 0.00108036534794
164 0.000817279348192
165 0.00290863614532
166 0.00129859589319
167 0.000507264020778
168 0.000870733673744
169 0.347869278406
170 0.00688442998436
171 0.000420585864015
172 0.000896393323756
173 0.000323335001291
174 0.000852469497576
175 0.000619824038842
176 0.000158983998728
177 0.0004581359073
178 0.0776748642055
179 0.000749910565513
180 0.00155940072392
181 0.00161303849938
182 0.00658787811149
183 0.0861297071379
184 0.00351740167571
185 0.0131601713782
186 0.00161287721166
187 0.000670772734331
188 0.000129132231405
189 0.000501824231446
190 0.00109282152858
191 0.000523166218697
192 0.00426703954214
193 0.000132498317892
194 0.000441147036758
195 0.000272544817089
196 0.00094674556213
197 0.000410440017967
198 0.00124447927535
199 0.0577526977514
200 0.00939660184415
201 0.0221863351081
202 0.00094674556213
203 0.000447347551112
204 0.0107851134659
205 0.0028174808346
206 0.0446769907982
207 0.00262446251008
208 0.00857636843139
209 0.0285889784723
210 0.0014351568793
211 0.00745128290799
212 0.00240214249916
213 0.00134704044789
214 0.00173994490358
215 0.000155036412361
216 0.00109282152858
217 0.0101756869672
218 0.00118494015923
219 0.00151057686805
220 0.00104058272633
221 0.00139968874626
222 0.0012426893018
223 0.000432556735067
224 0.00126995041322
225 0.0101100408163
226 0.000706915774476
227 0.154023857147
228 0.00255575510204
229 0.000442095717613
230 0.00167302409101
231 0.00128298023323
232 0.015664936086
233 0.00285382950759
234 0.000789157931372
235 0.00505122239356
236 0.00230917854792
237 0.000352830307785
238 0.000457250958729
239 0.00273689863853
240 0.00172507900029
241 0.0750862377677
242 0.0112329876785
243 0.000390696127422
244 0.000449583453031
245 0.000441147036758
246 0.000625
247 0.00176812684762
248 0.000323482221417
249 0.000558129535071
250 0.002089501093
251 0.000956530980976
252 0.000259399414063
253 0.000625
254 0.000961718896603
255 0.0055337124539
256 0.00062747618747
257 0.000788549482697
258 0.406399619208
259 0.000262204474043
260 0.000527016555066
261 0.000530780162049
262 0.00796820934256
263 0.000336778073116
264 0.000902880583115
265 0.000476033057851
266 0.000612437506377
267 0.0015416462795
268 0.000283430325921
269 0.00046202808186
270 0.00752946691301
271 0.000341243844437
272 0.00104072998135
273 0.0012493496358
274 0.00192780796752
275 0.000212744520042
276 0.000214202903309
277 0.00622185694446
278 0.000947476075681
279 0.01992454452
280 0.00353079463447
281 0.0366318041066
282 0.000378506866115
283 0.000241623491595
284 0.0019140625
285 0.000949990617377
286 0.00142811379331
287 0.000121226996803
288 0.00298756681832
289 0.00171658762671
290 0.00254680731352
291 0.00816107052843
292 0.000216836734694
293 0.000673852458048
294 0.00108682526265
295 0.000214288883178
296 0.00176124697662
297 0.00106484863242
298 0.00034091231408
299 0.00102713122292
300 0.00126046006792
301 0.000349639669321
302 0.000419914001612
303 0.00599467417374
304 0.0173037250574
305 0.00070627449214
306 0.000860826991709
307 0.000833661372617
308 0.00104479134782
309 0.00152685250897
310 0.0013980840152
311 0.00159171946439
312 0.00208590534979
313 0.00131008051523
314 0.00229072570801
315 0.00178960523903
316 0.000470591682063
317 0.0095677056916
318 0.00237493156279
319 0.00106719016077
320 0.000160994037561
321 0.00780505301638
322 0.000456169902703
323 0.00757486436841
324 0.000986534531508
325 0.000147450385016
326 0.00268973432995
327 0.000270583625596
328 0.00480932750047
329 0.00161314162859
330 0.0010324106423
331 0.000637332331436
332 0.000138408304498
333 0.000460498443515
334 0.000144288432577
335 0.00286516613687
336 9.07029478458e-05
337 0.0010950084941
338 0.00789920611746
339 0.00154202265798
340 0.00295466132055
341 0.00093910176918
342 0.000900595336514
343 0.0847628951026
344 0.000905577798249
345 0.000279068265136
346 0.00249220577247
347 0.00678161443488
348 0.00136255833692
349 0.000938574810852
350 0.00227289935683
351 0.000818924226761
352 0.00221624161647
353 0.000472287203669
354 0.0963986430761
355 0.000670772734331
356 0.00226298262465
357 0.000212744520042
358 0.00156152445369
359 0.0007196146064
360 0.00180920259452
361 0.000211626443918
362 0.00126795164173
363 0.00014183271045
364 0.00142181417634
365 0.000363088377454
366 0.0161520269052
367 0.00106762069638
368 0.00467594565752
369 0.0814141820795
370 0.00716550707395
371 0.00399599182527
372 0.00646022297808
373 0.000883724133511
374 0.000927619881986
375 0.00589958494671
376 0.000137328579734
377 0.000567974765563
378 0.00167023058642
379 0.34150158916
380 0.00301682698415
381 0.00034091231408
382 0.000390858849674
383 0.00066180268595
384 0.0010324106423
385 0.00108682526265
386 0.00346465340195
387 0.000514670931771
388 0.00219647201338
389 9.99840275126e-05
390 0.000168389036558
391 0.00454570487419
392 0.000469319284292
393 0.00107062835951
394 0.000194028487947
395 0.000533543278475
396 0.0130131151974
397 0.00131632395967
398 0.000225721731694
399 0.00236062760219
400 0.0013101699955
401 0.013819144859
402 0.00420454691205
403 0.00319815209925
404 0.000295505592166
405 0.0121784483221
406 0.00198578176394
407 0.29817224097
408 0.00113343263782
409 0.000895516818925
410 0.000619108030488
411 0.000555986865184
412 0.00357876110829
413 0.000666510344823
414 0.00278817044004
415 0.000817279348192
416 0.0002055472052
417 0.000218393905525
418 0.000715343905999
419 0.000108790067467
420 0.131221446723
421 0.000564432467844
422 0.000235985298643
423 0.255501089384
424 0.000159422507907
425 0.000428324938434
426 0.346584329371
427 0.00185689439602
428 0.00145679675925
429 0.00276716952594
430 0.00048212949665
431 0.00941187150241
432 0.00342783888228
