1 0.000608657943719
2 0.0135049660975
3 0.00054359474587
4 0.000318645259969
5 0.000561532759821
6 0.00168416061323
7 0.000579084331837
8 0.000419561499416
9 0.000230003818423
10 0.00111870842992
11 0.000818589978762
12 0.00955421496615
13 0.0040935738191
14 0.00491388575226
15 0.00143391565877
16 0.00203520134189
17 0.00823297141085
18 0.000494696402544
19 0.000948157854544
20 0.00207717459464
21 0.000700692041522
22 0.0010986878843
23 0.0081881174197
24 0.00091421159863
25 0.00354725346021
26 0.000495587683734
27 0.000516162268009
28 0.000571101724357
29 0.0047960869222
30 0.00106510222222
31 0.000938208935109
32 0.000866091316542
33 0.00175469354957
34 0.000153598679051
35 0.00966172417002
36 0.000515591061218
37 0.00623526616193
38 0.0026130714818
39 0.00369880946363
40 0.00525358672736
41 0.00110405056018
42 0.0114873824116
43 0.00301005127969
44 0.229621022907
45 0.0121853760221
46 0.000609663161103
47 0.000538720538721
48 0.0157466435524
49 0.00250521648267
50 0.00108766386239
51 0.000877211301677
52 0.028893587769
53 0.00170408291453
54 0.000409112807784
55 0.000289998021927
56 0.00128857225782
57 0.000560304820143
58 0.00056060878784
59 0.000774236155248
60 0.000201540023753
61 0.000415813970817
62 0.00193371757003
63 0.00050453312926
64 0.000826792148537
65 0.0017688500445
66 0.000819809396449
67 0.104671368538
68 0.00894362333993
69 0.0327104636374
70 0.000374996775028
71 0.000150907943219
72 0.00019090743674
73 0.000505340382267
74 0.0856596544505
75 0.00093432320319
76 0.000214681533363
77 0.000537542433147
78 0.00221690286882
79 0.00162154857889
80 0.00149804461815
81 0.0157475065505
82 0.000117827048304
83 0.0020800995252
84 0.000526147311692
85 0.00106912962454
86 0.000870733673744
87 0.00161314162859
88 0.00038087437788
89 8.03112433257e-05
90 0.00067785871199
91 0.0115887906688
92 0.233845395997
93 0.0222288052282
94 0.00316144551861
95 0.000624653444023
96 0.00821909951721
97 0.00107385239787
98 0.00281785886584
99 0.00209563080301
100 0.000187421467124
101 0.00065992656305
102 0.00157674637302
103 5.83706376956e-05
104 0.00089567044522
105 0.00918923513369
106 0.0103613832585
107 0.000804449975992
108 0.00050453312926
109 0.000198150008116
110 0.000513631228779
111 0.0016955017301
112 0.00179167501904
113 0.00165128044091
114 0.000609061470382
115 0.000870733673744
116 0.00272640904385
117 0.000603850947594
118 0.000290197241097
119 0.0512394974158
120 0.000339142569825
121 0.0110377370812
122 0.00190046351997
123 0.0137276385225
124 0.0401982232857
125 0.00275095434546
126 0.00298197998812
127 0.000349152896337
128 0.000556836788456
129 0.000196983687288
130 0.0132497825106
131 0.0281036703983
132 0.000777593312698
133 0.000491935880533
134 0.00107237377988
135 0.000307113148402
136 0.00193821446936
137 0.000373260011132
138 0.00472119598042
139 0.000826792148537
140 0.00541246872425
141 0.00112986371019
142 0.00026506355191
143 0.00030256484509
144 0.00360116433908
145 0.000983272602967
146 0.000566860651842
147 0.00245757886482
148 0.000153598679051
149 0.00256745059749
150 0.006330210081
151 0.00302303935651
152 0.000276623977248
153 0.0277556421101
154 0.000162020291776
155 0.000603045101982
156 0.00020777534291
157 0.14465644993
158 7.90904404068e-05
159 0.000497483138266
160 0.000496790614234
161 0.00650755555556
162 0.00100954139735
163 0.00129919982699
164 0.000947343296301
165 0.000163316967612
166 0.000214681533363
167 0.000789781109972
168 0.0007196146064
169 0.000576806450888
170 0.000609061470382
171 0.000211955446303
172 0.011123256236
173 0.000189269456863
174 0.000206656769745
175 0.0301528190148
176 0.000362775022212
177 0.00639369935824
178 0.00031533038325
179 0.00325381868677
180 0.000388111733953
181 0.00317397341797
182 0.00235598089918
183 0.000453413367984
184 0.229674061995
185 0.243337835163
186 0.0309401323821
187 0.167414817908
188 0.00131656278109
189 0.00115999208771
190 0.000176838877394
191 0.367965355238
192 0.00026506355191
193 0.000909067952829
194 0.000329380443182
195 0.000301633745029
196 0.000855241754275
197 0.0002044465528
198 0.000926766178157
199 0.00781716043848
200 0.00901622452903
201 0.0934582945685
202 0.00682891924026
203 0.00135718638473
204 0.00162456328944
205 0.00114082160299
206 0.00107279135695
207 0.0014073613732
208 0.00108682526265
209 0.000205916065073
210 0.00543218626247
211 0.000876589297286
212 0.000462246927534
213 0.000462246927534
214 0.0177892084479
215 0.0371770845495
216 0.00103686304127
217 0.00114462629968
218 0.00129865916955
219 0.0168699777183
220 0.00211568655335
221 0.000870733673744
222 0.000500830450491
223 0.00038087437788
224 0.000468259186208
225 0.00222714209871
226 0.0430892606552
227 0.000398047394342
228 0.00686510531338
229 0.0001424140437
230 0.000777593312698
231 0.00223763905808
232 0.00253792613366
233 0.00227166923365
234 0.00097599330932
235 0.000678561031748
236 0.000361519497516
237 0.000494857576824
238 0.000653964132452
239 0.00296935131342
240 0.0217851384037
241 0.00214902855138
242 0.000421040153307
243 0.000790999907981
244 0.00094674556213
245 0.00134121365347
246 0.00637956904735
247 0.000368121502478
248 0.00436504874005
249 0.000676432069363
250 0.000331858661304
251 0.00184516007133
252 0.00934112286109
253 0.000576444444444
254 0.000332975908736
255 0.0148347082084
256 0.00262193239991
257 0.000492610088472
258 0.00407805271361
259 0.000707096000854
260 0.00128214037342
261 0.000743286119659
262 0.00158212105026
263 0.00324210686288
264 0.000337910899654
265 0.00203204383324
266 0.00354725346021
267 0.0053641310653
268 0.00273002458286
269 0.00965498907154
270 0.00104619989683
271 0.000561532759821
272 0.000899900599215
273 0.000909067952829
274 0.00054359474587
275 0.000318645259969
276 0.000308219448302
277 0.000576806450888
278 0.00144763787868
279 0.000553112519016
280 0.000412442975634
281 0.0245755988161
282 0.00745923809902
283 0.00105186267348
284 0.000761213071179
285 0.00115755319022
286 0.257468124262
287 0.00149804461815
288 0.00120053245838
289 0.00193026296139
290 0.000446591577354
291 0.0030453755025
292 0.00176696816416
293 0.00105603025524
294 0.00520240197711
295 0.0207125122083
296 0.0111832535414
297 0.00116439433077
298 0.000226554887789
299 0.0007196146064
300 0.000870733673744
301 0.000436012550264
302 0.00153173452827
303 0.000230902270838
304 0.000235778677503
305 0.0223191803258
306 0.0016729329071
307 0.000445085367373
308 0.0012736528906
309 0.000492950414709
310 0.00151656865191
311 0.0595700618531
312 0.00190384964583
313 0.000969131487046
314 0.00135854195491
315 0.00360274306963
316 0.00347762528771
317 0.000357061363076
318 0.0168253966975
319 0.00295266866291
320 0.0140664036741
321 0.00158280123385
322 0.00221134611205
323 0.000733761700697
324 0.000475893885101
325 0.00227433752146
326 0.000259680096563
327 7.16833824645e-05
328 0.000419914001612
329 0.0012664234717
330 0.00258475232864
331 0.0016729329071
332 0.000916729680043
333 0.0307394656815
334 0.000547945205479
335 0.00302714256521
336 7.57618580584e-05
337 0.000889591165591
338 0.000418907976831
339 0.00100518546834
340 0.00042829810096
341 0.000206656769745
342 0.00247495059928
343 0.00229997328583
344 0.00200305982116
345 0.00435300480091
346 0.000421603986456
347 0.00628882959221
348 0.00295592437845
349 0.00549389096914
350 0.00108993328777
351 0.00259209561151
352 0.0184563240547
353 0.00351467143067
354 0.000516162268009
355 0.000909067952829
356 0.0005789604834
357 0.000846965269849
358 0.000774236155248
359 0.00112986371019
360 0.00171562620356
361 0.00184516007133
362 0.00235792033269
363 0.00188799792358
364 0.000365354382616
365 0.000518243338337
366 0.0547460666091
367 0.000730090452186
368 0.00149097003715
369 0.0726397800714
370 0.00237201193855
371 0.000859673116339
372 0.00116439433077
373 0.00110554910166
374 0.00374968658108
375 0.00836980862781
376 0.00436310582294
377 0.0029101286829
378 0.000286407493757
379 0.00126016178713
380 0.012557017468
381 0.0377925688889
382 0.000374996775028
383 0.00084833631822
384 0.00054359474587
385 0.000515591061218
386 0.000398723065459
387 0.000304173892936
388 0.000772833468827
389 0.000777459481397
390 0.00746125934296
391 0.00296419295459
392 0.00756599278586
393 0.00193902172237
394 0.00303352579238
395 0.000570661399204
396 0.000469864186527
397 0.000770393857988
398 0.00142423043654
399 0.00295168064199
400 0.000945129266117
401 0.00660232720539
402 0.000292408888889
403 0.0558178565544
404 0.00203676444444
405 0.000163316967612
406 0.00990659465993
407 0.000403113976861
408 0.000922929017786
409 0.000774236155248
410 0.000408451615475
411 0.00322464038004
412 0.00377245884004
413 0.00114693411943
414 0.000418235857292
415 0.00019090743674
416 0.00046208363492
417 0.00259127608426
418 0.0016955017301
419 0.000445085367373
420 0.000388111733953
421 0.422308832327
422 0.000187829794173
423 0.000351443423443
424 0.00299129965382
425 0.00587478721549
426 0.0117401872111
427 0.000507264020778
428 0.09367375541
429 0.138659189429
430 0.00108989307298
431 0.0207509535641
432 0.354970542189
