1 8.78145140191e-05
2 0.00144137651457
3 0.00490451232555
4 0.0670829537515
5 0.000942635848216
6 0.00109422238902
7 0.000672707189662
8 0.00212608692041
9 0.00105566343886
10 0.000521256854528
11 0.000360884507719
12 0.000181554103123
13 0.00275535050622
14 0.00191208276149
15 0.0610180374473
16 0.00261036243416
17 0.00252421944505
18 0.00186963022783
19 0.000915856901284
20 0.0112774815795
21 0.000115171662652
22 0.000299804839501
23 0.000324934182661
24 0.00062883882399
25 0.00152992753545
26 0.00172144188144
27 0.00048244420529
28 0.000899195161401
29 0.00324114019938
30 0.00636208663927
31 0.000385071309045
32 0.00312571089906
33 0.000655593079041
34 0.00169265573525
35 0.00157850530289
36 0.000981972907032
37 0.00158186983471
38 0.00617469846311
39 0.064829284032
40 0.00716995695908
41 0.000157725208185
42 0.0610936367165
43 0.00270800926895
44 0.000944927520184
45 0.00136660839275
46 0.000906703887453
47 0.195257186825
48 0.000570328719723
49 0.00172954984463
50 0.000636523956416
51 0.000992767417634
52 0.0010427304488
53 0.00100424892208
54 0.000924237395378
55 0.00188366763661
56 0.00369405370988
57 0.000785568368969
58 0.000177878798785
59 0.00020657084985
60 0.000357616136556
61 0.000899888449883
62 0.00053385768123
63 0.0351405380066
64 0.00742296578309
65 0.00253346115647
66 0.000769214533464
67 0.000729927418089
68 0.000316361761627
69 0.000741552820762
70 0.000153361002214
71 0.00357786600322
72 0.000177121166048
73 0.602383106536
74 0.00111019718056
75 0.000584365627424
76 0.000847058823529
77 0.0227197073031
78 0.0281840584429
79 0.0263861886125
80 0.000360884507719
81 0.000563667863446
82 0.00106566025485
83 0.00367698808612
84 0.000789403774935
85 0.000378670562454
86 0.00134668798923
87 0.000537826869658
88 0.000177186663381
89 0.000839994625811
90 0.00903211592245
91 0.00685209488063
92 0.0013015666418
93 0.000465073758812
94 0.0101877842437
95 0.00196166233642
96 0.278819796981
97 0.00150516967168
98 0.000994237480724
99 0.00143826103615
100 0.000872162862955
101 0.00516993747323
102 0.000978959132544
103 0.0148056430389
104 0.00218409382628
105 0.000598381593208
106 0.000503627731274
107 0.000598381593208
108 0.00105948484185
109 0.00167450500716
110 0.000921690474765
111 0.000465867061454
112 0.000228413352029
113 0.000789403774935
114 0.000521256854528
115 0.000844233125597
116 0.000901501877086
117 0.00100497214361
118 0.0012822258533
119 0.00174275689339
120 0.00189331692193
121 0.0026986001012
122 0.104670456894
123 0.00966348516495
124 0.00152685250897
125 0.000443947913981
126 0.00150728742147
127 0.000952515402039
128 0.00125549447907
129 0.000521256854528
130 0.000204137691741
131 0.00212608692041
132 0.00503707031901
133 0.00189708641975
134 0.00192430474475
135 0.000563162644935
136 0.00120749541599
137 0.00189708641975
138 0.000913653408118
139 0.000232071658571
140 0.000561532759821
141 0.000262330363882
142 0.00104889110294
143 0.000785975136348
144 0.000776390073709
145 0.000220761301842
146 0.0245578880489
147 0.00072189898913
148 0.00136667566395
149 0.00186636653631
150 0.000399673669196
151 0.00566674841409
152 0.000569969698736
153 0.0175178030218
154 0.000240836681684
155 0.000434752062638
156 0.00183780614475
157 0.0035087713361
158 0.000506469135802
159 0.0123509474645
160 0.0210657407968
161 0.0213877606104
162 0.000324415118471
163 0.00303576710717
164 0.00161314162859
165 0.000446591577354
166 0.00116882168164
167 0.00128668592562
168 0.00157236325891
169 0.000953252385338
170 0.000556247775009
171 0.00109769298281
172 0.0108487549468
173 0.00231954286085
174 0.0716269875625
175 0.00349160194292
176 0.000825472974996
177 0.0849695783927
178 0.00157295392534
179 0.000898501872919
180 0.000358188322374
181 0.000270682168908
182 0.000442508768555
183 0.00111019718056
184 0.00020777534291
185 0.000204137691741
186 0.000197347991259
187 0.0163168223506
188 0.00725256772331
189 0.00672572535809
190 0.00838911805838
191 0.00253767141008
192 0.000298912055769
193 0.00174500283081
194 0.00176601772932
195 0.000564569732028
196 0.000981564092333
197 0.000748330115206
198 0.00301274827959
199 0.000432584627396
200 0.00100249928642
201 0.00174792501202
202 0.00386223626672
203 0.00437340169845
204 0.0129827912194
205 0.00141231200924
206 0.00119789791116
207 0.000384467512495
208 0.000776390073709
209 0.00225948641713
210 0.00219866761292
211 0.0202651942098
212 0.00391893150888
213 0.000773991959084
214 0.000553899164053
215 0.226831476931
216 0.000559874224823
217 0.000225704776389
218 0.000183046526793
219 0.000546772643899
220 0.000519357924031
221 0.000228269582811
222 0.000521256854528
223 0.000419914001612
224 0.000595476659101
225 0.0219624457246
226 0.00193473629246
227 0.0111777166464
228 0.000775138381698
229 0.00220066575374
230 0.000230374316092
231 0.000467696746926
232 0.000440612175983
233 0.00399203175615
234 0.00330532554334
235 0.0501340356762
236 0.003499543872
237 0.00017920391297
238 0.0388945416113
239 0.00126544704651
240 0.000233997144689
241 0.000647463365773
242 0.000231757892669
243 0.000271586923676
244 0.00137801907196
245 0.00481368624274
246 0.000789403774935
247 0.000202687451343
248 5.60629677105e-05
249 0.000126962637199
250 0.000239923592973
251 0.000178074444856
252 0.000901501877086
253 0.00588332913498
254 0.000579455784193
255 0.00864880476503
256 0.0628241952213
257 0.0474923071715
258 9.0379874379e-05
259 0.000378707090448
260 0.000336919232104
261 0.00576059764535
262 0.00106102168625
263 0.000376745688824
264 0.00119764984183
265 0.000556539424119
266 0.00310255786808
267 0.00475430223486
268 0.00902993757196
269 0.00801469508056
270 0.00282287251399
271 0.00017906862021
272 0.00061026574388
273 0.00018261504748
274 0.000399673669196
275 0.000992001984004
276 0.00117876956942
277 0.00275194840097
278 0.000529823849922
279 0.000186056111907
280 0.00161314162859
281 0.000926052294802
282 6.27353184708e-05
283 0.00143314455705
284 0.000331808570915
285 0.011553203744
286 0.0173599430241
287 0.00812187620146
288 0.000407134030477
289 0.00176581027159
290 0.00130633217602
291 0.00260811565329
292 0.00109769298281
293 0.00397185439918
294 0.000625888546923
295 0.0217466921117
296 0.00341610892183
297 0.00795176749167
298 0.000558709950024
299 0.00391833429286
300 0.000249964848693
301 0.000178074444856
302 0.000921690474765
303 0.000451409552778
304 0.000981564092333
305 0.000227839088644
306 0.00116439433077
307 0.00708346891319
308 0.0123334947752
309 0.000491502602433
310 0.00145139229025
311 0.00871454004095
312 0.00204567800454
313 0.000491502602433
314 0.0158789672264
315 0.00157446872266
316 0.000751136723083
317 0.00152455522043
318 0.000752900059488
319 0.00144515606702
320 0.0020636877097
321 0.00179866185157
322 0.00553760424226
323 0.171926559433
324 0.00193473629246
325 0.000735268372956
326 0.00272506017152
327 0.00237400177776
328 0.000324415118471
329 0.00148681276432
330 0.000921690474765
331 0.00185725369343
332 0.00025396422279
333 0.00119362955486
334 0.000427853603315
335 0.00327504965022
336 0.000999859394773
337 0.00226478875259
338 0.000369254183354
339 0.000198024550403
340 0.00725388194493
341 0.00283725202576
342 0.00511900846623
343 0.000668402003866
344 0.00458885185826
345 0.0165471442054
346 0.000269097760418
347 0.00285052231546
348 0.0100833577818
349 0.000504031484117
350 0.00318795266117
351 0.00203964486508
352 0.000247875041558
353 0.000210401084803
354 0.000529823849922
355 0.000953252385338
356 0.000433305301369
357 0.000411773697082
358 0.000235778677503
359 0.00143835846217
360 0.000411773697082
361 0.00770719810558
362 0.00379189490392
363 0.00756097703307
364 0.00743799741635
365 0.000144072027009
366 0.000553899164053
367 0.00179210058509
368 0.00204567800454
369 0.00212477097506
370 0.000594430839002
371 0.334594663176
372 0.00252421944505
373 0.395258529071
374 0.000593306742169
375 0.00119362955486
376 0.0165833059931
377 0.00539070771367
378 0.00134415237843
379 0.00212198501669
380 0.000459708904966
381 0.000772649616112
382 0.000655593079041
383 0.00167014352383
384 0.000921690474765
385 0.000981564092333
386 0.000532872249633
387 0.0028491911177
388 0.000570473044872
389 0.00515480888671
390 0.00209186144423
391 0.000507264020778
392 0.00135123803456
393 0.00341008664565
394 0.00101827684248
395 0.000891596408996
396 0.00314220375714
397 0.00138848328008
398 0.000455710097285
399 0.001476970396
400 0.000676132173533
401 0.00114590145914
402 0.012534742145
403 0.000767895467744
404 0.0149626744477
405 0.00183780614475
406 0.000941909066529
407 0.0011867860168
408 0.0183168608426
409 0.000432584627396
410 0.00194951708465
411 0.000623503492018
412 0.0016618171046
413 9.82727036817e-05
414 0.000255509186884
415 0.000235778677503
416 8.20204983098e-05
417 0.00286239051596
418 0.0139297278739
419 0.000957845744403
420 0.00150685754606
421 0.000218668106232
422 0.00323059983784
423 0.00343196540383
424 0.0158051830199
425 0.000675528537822
426 0.00235058282662
427 0.003954925543
428 0.00107694059127
429 0.000638443671539
430 0.000385071309045
431 0.000726485553247
432 0.0612844244911
