1 0.000507264020778
2 0.00183077035841
3 0.00318678197197
4 0.0396768084838
5 0.00050453312926
6 0.00123669415331
7 0.000883627966757
8 0.00039745223578
9 0.000262650831544
10 0.000489466677109
11 0.000259447772623
12 0.00131481894013
13 0.000781483009706
14 0.00246955791512
15 0.000994506248035
16 0.00169218086055
17 0.000470070195147
18 0.00532256295442
19 0.000179496811562
20 0.00130971626943
21 0.000211955446303
22 0.00269606812391
23 0.00200405047268
24 0.000399704152494
25 0.00276541751714
26 0.00100959032912
27 0.00251939443237
28 0.00122920074307
29 0.00252756970101
30 0.000309909251552
31 0.00100160678153
32 0.000865247033078
33 0.00133838914764
34 0.00120688421688
35 0.000643225550486
36 0.000213897309239
37 0.000309958341599
38 0.000195651178338
39 0.000399110017827
40 0.00251197314698
41 0.000771604938272
42 0.00840839678833
43 0.00142990443663
44 0.000589046284092
45 0.000882266444466
46 0.000858027556191
47 0.0134491296191
48 0.00172800658398
49 0.00653376952867
50 0.000364663724839
51 0.00233258626717
52 0.000885125722137
53 0.00636496036577
54 0.000905214861157
55 0.000554154652594
56 0.000521138579573
57 0.00833821727316
58 0.00124558800566
59 0.000234426867517
60 0.000663629423599
61 0.000139316782673
62 0.00205847050754
63 0.000899256659127
64 0.00202458679794
65 0.0575529081576
66 0.00301217327748
67 0.0664631772268
68 0.0928578473211
69 0.000600730488274
70 0.00432923329531
71 0.000631120984821
72 0.00038898999363
73 0.000931485205401
74 0.0011137333315
75 0.0128320839262
76 0.013728440899
77 0.00546269048663
78 0.00278550127958
79 0.00142811379331
80 0.00677519630442
81 0.000726771424823
82 0.000490249823792
83 0.000413786437206
84 0.00119867089863
85 0.000284167326491
86 0.000322090402788
87 0.000618796564441
88 0.000430407388156
89 0.000961480680248
90 0.232106385806
91 0.00102748844859
92 0.000988539501535
93 0.0829633532769
94 0.00695324130151
95 0.00069106513593
96 0.00076158600138
97 0.150721426404
98 0.00503468788068
99 0.00188373021661
100 0.00412153065254
101 0.000153349404631
102 0.00113602191854
103 0.00592312303908
104 0.00177761050881
105 0.00039745223578
106 0.0026645421436
107 0.000842872008325
108 0.00568406470916
109 0.00035012894267
110 0.00211085166371
111 0.000642729617139
112 0.000224438552932
113 0.000187014072809
114 0.000404514014537
115 0.460026346868
116 0.000849271372949
117 0.000213897309239
118 9.68792866941e-05
119 0.000973180467908
120 0.00069106513593
121 0.000698992599193
122 0.000253459072795
123 0.000659848067057
124 0.00185502413063
125 0.000988539501535
126 0.00369851833816
127 0.00242779826629
128 0.0388028314039
129 0.0019077795733
130 0.0006428744821
131 0.000258143284805
132 0.000908591622838
133 0.000157340747126
134 0.000676132173533
135 0.000448865268601
136 0.00039745223578
137 0.00107302444691
138 0.00113622017422
139 0.000114423147401
140 0.000522944388693
141 0.00112164240378
142 0.00549628360345
143 0.116325624082
144 0.0208775908711
145 0.000704032931065
146 0.00367897153352
147 0.00140903211496
148 0.000224438552932
149 0.000914301904896
150 0.000427589877682
151 0.00661440786431
152 0.00241907329807
153 0.000885351539325
154 0.00373938677321
155 0.26734146397
156 0.0161230372518
157 0.0265062903027
158 0.0117095950431
159 0.00173845660874
160 0.000309113678003
161 0.000190663992919
162 0.000126958936719
163 0.000555041300038
164 0.00032797722477
165 0.00122901917925
166 0.00132066499606
167 0.00020777534291
168 0.000259447772623
169 0.000401925131492
170 0.000554154652594
171 0.0036787493608
172 0.00451240205825
173 0.00977357001972
174 0.0197432451087
175 0.000243189737393
176 0.00451717722059
177 0.00160019490996
178 0.000697757208971
179 0.0250921986474
180 0.0016575050664
181 0.00348147323176
182 0.0005683410117
183 0.000643903081272
184 0.000881973496995
185 0.000572331219523
186 0.000796696149844
187 0.00173250100945
188 0.000748685641778
189 0.00104058272633
190 0.00303875375486
191 0.000819983083845
192 0.0027429477581
193 0.000243664485425
194 0.000480659029373
195 0.000554154652594
196 0.000254449147298
197 0.000218312850348
198 0.137887908015
199 0.00455839381657
200 0.00226767669121
201 0.000840921161793
202 0.00424011802685
203 0.12201595922
204 0.00244480852394
205 0.00138695134007
206 0.0072554408551
207 0.00168522205085
208 0.00476102028911
209 0.0206446352634
210 0.000295471595247
211 0.000289748337682
212 0.000517469351325
213 0.000650664550684
214 0.000867885814085
215 0.00421417080506
216 0.0011099546073
217 0.000819983083845
218 0.00109282152858
219 0.00191630751496
220 0.00199880787469
221 0.00215173138156
222 0.00517479627345
223 0.000990865916248
224 0.00151676725783
225 0.00216271020777
226 0.00195760468689
227 0.00352647896045
228 0.000985398190451
229 0.000808607174143
230 0.00313436117605
231 0.000217028282084
232 0.010909789589
233 0.0186477417957
234 0.0367318055541
235 0.00163473266237
236 0.00187369676235
237 0.000326571837387
238 0.00278839765165
239 0.00557804833565
240 0.000932346599849
241 0.00148161495413
242 0.0020313429875
243 0.000501997024043
244 0.000527016555066
245 0.00024037216015
246 0.000453289365549
247 0.000624227686517
248 0.000283060279677
249 0.0621572357367
250 0.000561973095428
251 0.010944942297
252 0.000166493236212
253 0.00267157833695
254 0.000739764463071
255 0.00314119659381
256 0.00165357557497
257 0.0018247239512
258 0.00113078985929
259 0.00214554754369
260 0.00257245184737
261 0.00412498881097
262 0.000263321387868
263 0.00679571504906
264 0.0034860025844
265 0.0120686837105
266 0.00112310131268
267 0.000164365548981
268 0.00019032337721
269 0.000208526111379
270 0.000671304397658
271 0.000485411527217
272 0.000289723856949
273 0.00166181255139
274 0.00120284673728
275 0.0740855229124
276 0.000166493236212
277 0.00685725567547
278 0.000509096951609
279 0.000809251375669
280 0.0016917678313
281 0.000372383439917
282 0.00085385393827
283 0.000232093434504
284 0.000760998810939
285 0.00488871517136
286 0.00131906715139
287 0.0010632582435
288 0.00168959541697
289 0.0243130610749
290 0.0158217290485
291 0.0277830991274
292 0.0050919327637
293 0.00703125662161
294 0.00165375468854
295 0.000932346599849
296 0.000689669861625
297 0.000427968465725
298 0.000517469351325
299 0.000203228964363
300 0.000808607174143
301 0.000309958341599
302 0.000493370289226
303 0.000480659029373
304 0.00113078985929
305 0.000542935243661
306 0.00901060231896
307 0.00169837629939
308 0.0772938434977
309 0.000501824231446
310 0.000492932546256
311 0.0122458610013
312 0.000257971645959
313 0.000855936191434
314 0.000517449177369
315 0.002441377566
316 0.000860912904729
317 0.00107896053038
318 0.00113622017422
319 0.0228592104933
320 0.00185034912758
321 0.000878728401055
322 0.000932346599849
323 0.00119073596509
324 0.00100781053162
325 0.000273516760003
326 0.00051841234767
327 0.000199777747256
328 0.0004860197394
329 0.0010085881632
330 0.000756216303213
331 0.000233742327709
332 0.00150755598866
333 0.0158711000812
334 0.0035860016494
335 0.173597031984
336 0.000904737760755
337 0.000317968420903
338 0.00216134500023
339 0.00063272048262
340 0.000352266681096
341 0.000918702610986
342 0.000483667200101
343 0.00103978802065
344 0.0254033329308
345 0.00281380162633
346 0.000584533379257
347 0.00530660193089
348 0.000824156956114
349 0.000517469351325
350 0.0027429477581
351 0.000427589877682
352 0.00123669415331
353 0.000200485550944
354 0.000891067052796
355 0.000342065120555
356 0.00512989655262
357 0.00172966678758
358 0.00503468788068
359 0.00131964675012
360 0.000667886659222
361 0.000908773785233
362 0.00117702115765
363 0.000631120984821
364 0.000559085935527
365 0.00210419998317
366 0.0247788680569
367 0.000224438552932
368 0.00507784688248
369 0.0492879114819
370 0.177127462554
371 0.000853277835588
372 0.011428346596
373 0.00156152445369
374 0.000650664550684
375 0.000682900218211
376 0.000322605747433
377 0.000667886659222
378 0.00168416061323
379 0.000213897309239
380 0.000351196574966
381 0.000517469351325
382 0.000648783139371
383 0.00393790849673
384 0.00185579985126
385 0.00203458601434
386 0.0874470951243
387 0.00201148675276
388 0.000279527937864
389 0.000160738997541
390 0.00178433412604
391 0.00199465397672
392 0.000570115270181
393 0.00217706099089
394 0.00136974664996
395 0.014719477187
396 0.000517469351325
397 0.00429177504075
398 0.00694023640686
399 0.00176903286618
400 0.0427161372145
401 0.00827609539006
402 0.000354359290803
403 0.000879270118745
404 0.0244800743989
405 0.0049618147448
406 0.003449837498
407 0.000141334974901
408 0.000214532020482
409 0.000663117758662
410 0.000319790585774
411 0.00434376450321
412 0.000882266444466
413 0.000522210227634
414 0.00122201623521
415 0.0133985052156
416 0.00348211107156
417 0.000904516931426
418 0.00107385239787
419 0.00218474826396
420 0.000886063791908
421 0.00188428572906
422 0.00612265616179
423 0.00246639207176
424 0.00222761723271
425 0.0898216781227
426 0.0111161987585
427 0.000639719920439
428 0.000647261230427
429 0.0852954875357
430 0.00362519117275
431 0.00667868434241
432 0.0688623441189
