1 0.00172436081586
2 0.000128384126799
3 0.000766937647557
4 0.00100073819886
5 0.000417556661657
6 0.000555849051553
7 0.000185167031555
8 0.000277038515889
9 0.000214151475952
10 0.000918982190026
11 0.000221959461389
12 0.000608657943719
13 0.012162006518
14 0.00270686131698
15 0.00841853281084
16 0.0005789604834
17 0.000117827048304
18 0.0647028392345
19 0.00024026230991
20 0.00100426502678
21 0.00663327827801
22 0.000717851138422
23 0.000368571245501
24 0.00161578937805
25 0.000813741175052
26 0.000203354717353
27 0.00450457549493
28 0.000830795847751
29 0.0145025071215
30 0.0148595987099
31 0.00128313655603
32 0.000160940652496
33 0.000492485178657
34 0.000166762098883
35 0.000223600314438
36 0.000253459072795
37 0.00266819358213
38 0.000655856816258
39 0.00738166324329
40 0.0188355890958
41 0.275983100585
42 0.00152698912429
43 0.457408453117
44 0.000723524445214
45 0.000545899205171
46 0.000567129318908
47 0.00547618976453
48 0.00152141888186
49 0.00041253722378
50 0.000869307994615
51 0.000264129875773
52 0.00160115021403
53 0.00202087366383
54 0.000525830752604
55 0.00208745760835
56 0.000220703163728
57 0.00102359390595
58 0.00975603590888
59 0.00358179593264
60 0.00393219684834
61 0.00311001890359
62 0.0402788728206
63 0.000392920601175
64 0.000426141925758
65 0.000539688205054
66 0.00476029474503
67 0.000527008188896
68 0.00181604287936
69 0.000844233125597
70 0.00111730976637
71 0.00236713095899
72 0.00209931305474
73 0.0588360444275
74 0.128277661821
75 0.0462511047437
76 0.000142570728447
77 0.00112009820611
78 0.000293388899626
79 0.00703026572365
80 0.000723582774571
81 0.0273526624459
82 0.0015390237123
83 0.000517510320886
84 0.00156404609148
85 0.000553112519016
86 0.000174075561979
87 0.00121079889479
88 0.000931485205401
89 0.000268851081706
90 9.60372268013e-05
91 0.00062237965402
92 0.000564348474984
93 0.000344464781645
94 0.187806905123
95 0.000991092247062
96 0.000183629348604
97 0.00147964085626
98 0.00260292718529
99 0.0005789604834
100 0.00356362070077
101 0.00543851863454
102 0.000442695372638
103 0.0067664976124
104 0.0155073613952
105 0.000703275235799
106 0.000952639384274
107 0.000267699672462
108 0.00412961088605
109 0.000407134030477
110 0.000374416509312
111 0.00277464478653
112 0.000931485205401
113 0.000287273771905
114 0.00162712323663
115 0.00216189638217
116 0.011256955156
117 0.00462739747404
118 0.0152325074006
119 0.000139153135358
120 0.057068331405
121 0.00112775673869
122 0.00432263044094
123 0.00360969053531
124 0.000484309908748
125 0.00124080407168
126 0.00021750739906
127 0.00210580962165
128 0.00093703949952
129 0.00466668512111
130 0.00565235126158
131 0.0716621319553
132 0.000809428852973
133 0.00275379070947
134 0.000777593312698
135 0.0174746117331
136 0.00865229178604
137 0.000475894605716
138 6.37730498241e-05
139 0.00181559961773
140 0.000425475715888
141 0.00190724482955
142 0.000918273645546
143 0.000780610055485
144 0.000698078565029
145 0.00311882288802
146 0.00235164696143
147 0.000934772566566
148 0.00072310046963
149 0.000797904426953
150 0.00266819358213
151 0.00150058973794
152 0.00274744255088
153 0.00210010272623
154 0.00210356876418
155 0.00432964966153
156 0.00110414664481
157 0.339749133462
158 0.020060034874
159 0.000528595454079
160 0.000461860223235
161 0.000375596769868
162 0.000878384229761
163 0.000538826083321
164 0.00164539968848
165 0.000407134030477
166 0.000287273771905
167 0.000844884540046
168 0.000223600314438
169 0.000993740051098
170 0.374175434391
171 0.00161239133245
172 0.000232093434504
173 0.000452258465713
174 0.000585535515795
175 0.000487804878049
176 0.00252421944505
177 0.000220703163728
178 0.00084015963033
179 0.0689906434253
180 0.000713533644852
181 0.00216464138488
182 0.00233816738013
183 0.016377572408
184 0.075545565977
185 0.012578587276
186 0.0261146500886
187 0.00165101498745
188 0.000407134030477
189 0.000531862285424
190 0.000599339003757
191 0.000504673147373
192 0.00300243948208
193 0.000813741175052
194 0.00047258979206
195 0.000579886820173
196 0.000779190152787
197 0.0061247637051
198 0.00415066631255
199 0.00323059983784
200 0.0144707741714
201 0.00517571554267
202 0.0086714996943
203 0.00265531932549
204 0.000193813969546
205 0.00918610449138
206 0.00212997837794
207 0.0534016984276
208 0.00243384267982
209 0.000636439396581
210 0.024498951125
211 0.000630470694594
212 0.00682856839197
213 0.00289390706973
214 0.0066570231635
215 0.000992614111259
216 0.000201554330308
217 0.000202798255935
218 0.0196881645647
219 0.00232694215388
220 0.000484309908748
221 0.000198373338623
222 0.00106427116264
223 0.00155665416867
224 0.000978260131144
225 0.000443586764507
226 0.0116451274116
227 0.0040557834393
228 0.0686440260781
229 0.00110780982061
230 0.00051963223364
231 8.74559379078e-05
232 0.000543864167966
233 0.0242493232956
234 0.0138667845512
235 0.00170266590093
236 0.00187240636611
237 0.00060546996094
238 0.00228713570788
239 0.000174274853228
240 0.00175086951845
241 0.00278644641181
242 0.0805087531501
243 0.00183816542272
244 0.00221260425646
245 0.00109684665051
246 0.000315426011304
247 0.000277038515889
248 0.00156469750593
249 0.000426156477034
250 0.00018765246763
251 0.00170121529549
252 0.000692582904277
253 0.000388732712727
254 0.00105125187943
255 0.000978260131144
256 0.0121939075784
257 0.000274749971688
258 0.000287273771905
259 0.0889059568949
260 0.000245097100578
261 0.000155271730816
262 0.0111149205969
263 0.0255727151631
264 0.000654661508176
265 0.00107558920892
266 0.000922833656639
267 0.000904281447586
268 0.00242575485151
269 0.000190578144111
270 0.000335943263951
271 0.00617322267139
272 0.000315426011304
273 0.00024202815283
274 0.000555849051553
275 0.000882266444466
276 0.000277038515889
277 0.00297182857425
278 0.00072189898913
279 0.000583444187729
280 0.0112470856049
281 0.00688095222989
282 0.0700808770088
283 0.000760956373861
284 0.000510017144736
285 0.000588107925603
286 0.000383289084942
287 0.00134215711977
288 0.0007196146064
289 0.00301568514795
290 0.00187369676235
291 0.00121272120599
292 0.00855843174087
293 0.000482609085097
294 0.000573428164589
295 0.000166275328715
296 0.00018765246763
297 0.000407134030477
298 0.000776390073709
299 0.00214902855138
300 0.00114167966139
301 0.0002539149105
302 0.00119530148105
303 0.000964380036526
304 0.0100834316944
305 0.000689526489677
306 0.00103393060214
307 0.0008
308 0.000886100594916
309 0.000162293803796
310 0.000553112519016
311 0.000574345649653
312 0.00291991177282
313 0.000624132847832
314 0.00148976388043
315 0.00245757886482
316 0.000954465233306
317 0.000631838191633
318 0.00717711288297
319 0.00122617012836
320 0.000670846494622
321 0.000615118732678
322 0.00357279516558
323 0.000244300756511
324 0.00647035481659
325 0.000374996775028
326 0.00040379652735
327 0.000438116220683
328 0.000475065159937
329 0.000376763218762
330 0.000407134030477
331 0.000780008197308
332 0.000813741175052
333 0.00018765246763
334 0.000528957682539
335 0.000553482152787
336 0.0119815526693
337 0.00200780703306
338 0.00499969033055
339 0.00454126554895
340 0.00916704391127
341 0.000595690893421
342 0.00222289353607
343 0.00161836497909
344 0.00189003160011
345 0.00104391970781
346 0.00100426502678
347 0.00388561769094
348 0.00348530235695
349 0.000763629746958
350 0.0040557834393
351 0.00301568514795
352 0.00202810197922
353 0.000465278672147
354 0.0362113713223
355 0.000514655748828
356 0.00215568849914
357 0.00124080407168
358 0.000851088421257
359 0.000949990617377
360 0.000426156477034
361 0.000869307994615
362 0.00111817188811
363 0.000287273771905
364 0.00106427116264
365 0.00115537999867
366 0.237892832951
367 0.000695568168096
368 0.00102510197047
369 0.0355104630668
370 0.001610500382
371 0.00523700315371
372 0.00212288507243
373 0.000951605018739
374 0.00178741454692
375 0.000553112519016
376 0.000872835828127
377 0.00181310249615
378 0.00745636988836
379 0.308345821712
380 0.0286145278604
381 0.00089621905407
382 0.000500926112196
383 0.000842415094136
384 0.000528957682539
385 0.00144058761095
386 0.000226129232857
387 0.000222351734387
388 0.000460157035514
389 6.63619490162e-05
390 0.000316987910433
391 0.00795158136351
392 0.000239181983422
393 0.00223703433163
394 0.00547618976453
395 0.00161836497909
396 0.000813741175052
397 0.0344841122054
398 0.000347036364969
399 0.00163661034225
400 0.000405400746912
401 0.0111294465149
402 0.0056759369423
403 0.00263406835587
404 0.00154468559346
405 0.00388262184076
406 0.0012849504263
407 0.455810863941
408 0.000474729011942
409 0.000453465053444
410 0.000567667082697
411 0.00125550251101
412 0.00127551020408
413 0.000964801854564
414 0.000203354717353
415 0.00648979345781
416 0.000985750933324
417 0.000918273645546
418 0.000877914951989
419 0.000573428164589
420 0.179034643496
421 0.000474284428001
422 0.000110153043996
423 0.210202189329
424 8.20942323301e-05
425 0.00113197659184
426 0.113639838268
427 0.000472379942791
428 0.00256469363474
429 0.00332230612598
430 0.000823787362399
431 0.00641484081786
432 0.00263062795475
