1 0.00144354175721
2 0.014636446358
3 0.000304455065805
4 0.000701143072044
5 0.000457352434322
6 0.000485411527217
7 0.00657595514054
8 0.00021080299472
9 0.00118451791218
10 0.00264435768539
11 0.0471546833441
12 0.00547851395309
13 0.00743111471349
14 0.0166566331694
15 0.130019611764
16 0.00242335175135
17 0.000528957682539
18 0.000472287203669
19 0.0192920524691
20 0.000186704318704
21 0.000539828084189
22 0.000849710698422
23 0.0076165547925
24 0.00430231605173
25 0.00578402792894
26 0.000347591623153
27 0.013396027306
28 0.000347036364969
29 0.0165515981437
30 0.000670772734331
31 0.00137174211248
32 0.000737115441933
33 0.000891754604534
34 0.000490165037865
35 0.000175721711722
36 0.000163961637025
37 0.00946996139324
38 0.00155433183988
39 0.000790235096428
40 0.015441717128
41 0.403906153698
42 0.000436156354801
43 0.000471013063167
44 0.000634826265028
45 0.00960331708531
46 0.000429694498194
47 0.000301890432099
48 0.000453465053444
49 0.000217028282084
50 0.000574162679426
51 0.00677360305124
52 0.0144006665658
53 0.00118000116543
54 0.041778617136
55 0.0658321939597
56 0.0524111022588
57 0.000415136473625
58 0.000736848769209
59 0.000739546531361
60 0.000522944388693
61 0.000351114507054
62 0.000462879301815
63 0.000615559696229
64 0.000991142558157
65 0.000571237419067
66 0.00102567229614
67 0.000617410834844
68 0.00297689779051
69 0.001360113081
70 0.000131172839506
71 0.00443622540886
72 0.0012083657222
73 0.00144092668185
74 0.000735975158567
75 0.000433305301369
76 0.00701209170659
77 0.00148000178888
78 0.000669454993054
79 0.00371113475855
80 0.00701209170659
81 0.000428061831153
82 0.0054034736381
83 0.00200030732155
84 0.0021999610786
85 0.000187331557098
86 0.000290881402733
87 0.000701314249552
88 0.000654032177243
89 0.00611618789225
90 0.00165974648025
91 0.000246712018141
92 0.00160853528197
93 0.00264266270968
94 0.00383101761373
95 0.000565396676375
96 0.00175596002852
97 0.00344340760031
98 0.00136348484238
99 0.00142949340802
100 0.00472000466173
101 0.000221113583284
102 0.000898501872919
103 0.00018488663284
104 0.0109469795989
105 0.0276009500703
106 0.00181553992597
107 0.000765692762277
108 0.000277777777778
109 0.00240037677687
110 0.000941909066529
111 0.000381469726563
112 0.00171451391836
113 0.000188944391304
114 0.000347036364969
115 0.00107385239787
116 0.000248969247938
117 0.00431671593658
118 0.00202087366383
119 0.00063358015295
120 0.0033388625466
121 0.00214171439187
122 0.0025
123 0.00185028452932
124 0.000626817151622
125 0.000217375527335
126 0.000988618827161
127 0.00120284673728
128 0.00339746716169
129 0.00583719135802
130 0.00140455348876
131 0.00058780413936
132 0.00798697596698
133 0.00155744574144
134 0.000931457592414
135 0.00086166345671
136 0.000174274853228
137 0.00023397884685
138 0.000220931033378
139 0.000517469351325
140 0.000891067052796
141 0.000463619908698
142 0.000526049995792
143 0.000988618827161
144 0.000644296673082
145 0.0570902934852
146 0.0268912704071
147 0.00807159503946
148 0.00195418463055
149 0.000354926291747
150 0.00220156345405
151 0.000687502222222
152 0.00875980370367
153 0.000237599355512
154 0.00175436559876
155 0.000539828084189
156 0.00049575617284
157 0.0052918351186
158 0.00691516444838
159 0.000342868469762
160 0.00186624
161 0.00128002128882
162 0.00089161013799
163 0.00133317489966
164 0.000199039779417
165 0.000277777777778
166 0.00651040025773
167 0.00202317889155
168 0.000615559696229
169 0.000538826083321
170 0.000351260743833
171 0.000195304965086
172 0.000935902118335
173 0.000546513779224
174 0.000191862654417
175 0.00188700895327
176 0.00105442011066
177 0.00204708203419
178 0.044213920989
179 0.0272079923478
180 0.00213097048646
181 0.000138408304498
182 0.000158983998728
183 0.000364197890566
184 0.000635121292924
185 0.00560129431107
186 0.000580635796197
187 0.000445403105583
188 0.000361455768183
189 0.131346932165
190 0.046809708699
191 0.00896430914558
192 0.00102081887668
193 0.00429883320802
194 0.00388064783165
195 0.000909067952829
196 0.0038477228519
197 0.000882266444466
198 0.000891067052796
199 0.000409472486245
200 0.000553486466832
201 0.000297330532283
202 0.00097167623037
203 0.000982269220234
204 0.0144331306134
205 0.00164719513682
206 0.00718186573292
207 0.124591811371
208 0.00138680883279
209 0.0147709766392
210 0.00238112950607
211 0.00164590605736
212 0.000394301616132
213 0.00199775867756
214 0.000756355045664
215 0.00793719008264
216 0.000565143600256
217 0.00117633181154
218 0.0112683125
219 0.00592696825757
220 0.00187779333485
221 0.000830602196692
222 0.0017720917325
223 0.000425475715888
224 0.000176013244997
225 0.000538826083321
226 0.000615559696229
227 0.00052533504271
228 0.000425475715888
229 0.000596046447754
230 0.00299730491358
231 0.0520808373526
232 0.00467706322004
233 0.00054966690323
234 0.0057476084295
235 0.00270018203577
236 0.000455585769751
237 0.0031640625
238 0.000262178069719
239 0.00306676127148
240 0.000565396676375
241 0.000761391888838
242 0.00326530612245
243 0.00244242035748
244 0.234533798206
245 0.00384345416465
246 0.0008326935727
247 0.00059488399762
248 0.000678168402778
249 0.000679091759094
250 0.000347036364969
251 0.000948366007811
252 0.000526049995792
253 0.00177819712585
254 0.000323482221417
255 0.00171177507823
256 0.000372683770367
257 0.000237701122019
258 0.000617260136569
259 0.0296962963694
260 0.00221016331129
261 0.00124065232385
262 0.00274610772171
263 0.403421010362
264 0.00176253228475
265 0.000676216858867
266 0.000234087364322
267 0.000394301616132
268 0.000512154670711
269 0.00176905082061
270 0.000484226922549
271 0.000415136473625
272 0.00128021638427
273 0.00258527333654
274 0.00207364939068
275 0.00435926508224
276 0.00181553992597
277 0.00302311026086
278 0.000207028621707
279 0.00354953680222
280 0.000201197122881
281 0.00124897959184
282 0.000445837518262
283 0.000480074599752
284 0.00109684665051
285 0.00026178512814
286 0.011569850864
287 0.00183067786472
288 0.000936810785949
289 0.000499709092692
290 0.0176575948482
291 0.00195310186344
292 0.000246910556355
293 0.000512783843437
294 0.007119140625
295 0.00160786561699
296 0.170377765034
297 0.00199516540096
298 0.00671778125
299 0.000352796206284
300 0.00855766443154
301 0.000678168402778
302 0.00133317489966
303 0.00114263043047
304 0.0010131640974
305 0.00114263043047
306 0.000615559696229
307 0.000698672724647
308 0.00380647995863
309 0.00683236050016
310 0.00592877414403
311 0.00422980467432
312 0.000225704776389
313 0.00211774559721
314 0.000245155147442
315 0.000397396447482
316 0.000801496637995
317 0.000251809030314
318 0.000499043367347
319 0.00831957461936
320 0.00111938751537
321 0.00128001674008
322 0.274493136693
323 0.00461481979268
324 0.00371254503796
325 0.0035893569903
326 0.00112370357249
327 0.00163450751016
328 0.00174203134931
329 0.000670772734331
330 0.0007196146064
331 0.000509096951609
332 0.000604279848282
333 0.00171272941015
334 0.000189595362023
335 0.000323188450911
336 0.00155884793443
337 0.00244615206602
338 0.100252762607
339 0.000562818877551
340 0.000619749412398
341 0.00476029474503
342 0.00185654449216
343 0.0025
344 0.000297119178294
345 0.00371519274376
346 0.00199792843544
347 0.00619719699362
348 0.00295740436814
349 0.00391228514781
350 0.000604279848282
351 0.000860826991709
352 0.00061603466513
353 0.00024162292433
354 0.000410997196284
355 0.000596046447754
356 0.000598985847936
357 0.00279057837654
358 0.000195304965086
359 0.000248000496001
360 0.0018123476658
361 0.000630758701074
362 0.00170867178261
363 0.000716668285399
364 0.000874081863745
365 0.00517571554267
366 0.00142305358817
367 6.66993850481e-05
368 0.0502314033262
369 0.0869600800397
370 0.00701441321628
371 0.00176905082061
372 0.000117566681492
373 0.000301408179012
374 0.000253038806827
375 0.00132013143728
376 0.00486259743691
377 0.000385306502999
378 0.000941909066529
379 0.000365338162489
380 0.00171177507823
381 7.51779210799e-05
382 0.000216661066768
383 0.000195304965086
384 0.00048176203114
385 0.00531885642565
386 0.027527669041
387 0.00309847608025
388 0.00174203134931
389 0.00275331235033
390 0.000513834652805
391 0.0189678564638
392 0.00856061678153
393 0.000186056111907
394 0.000544198390375
395 0.000571237419067
396 0.000820372752571
397 0.000323252672787
398 0.00174203134931
399 0.00152698912429
400 0.00039745223578
401 0.138694258144
402 0.00189293021068
403 0.0543391200951
404 0.000906355733465
405 0.000247513025856
406 0.000286884643914
407 0.00521943940582
408 0.000571237419067
409 0.000409302014768
410 0.000701143072044
411 0.000221846050139
412 0.00297255411833
413 0.000959826520244
414 0.000596046447754
415 0.000221846050139
416 0.00022329801092
417 0.00354911724762
418 0.00130194494633
419 0.395710775311
420 0.00475137496591
421 0.00488095301591
422 0.000201352367575
423 0.000758247511356
424 0.000154463922168
425 0.00288878612575
426 0.00151474908853
427 0.00276716952594
428 0.00176905082061
429 0.000801486916229
430 0.000632002746481
431 0.0121587344378
432 0.0231829090649
