1 0.000130433303608
2 0.185452742421
3 0.00230722832415
4 0.000345691582342
5 0.00539285834644
6 0.000222351734387
7 0.000395557352968
8 0.000270012991985
9 0.00130299418265
10 0.0017720917325
11 0.000949252473239
12 0.000502724768244
13 0.00128853445807
14 0.0484844005506
15 0.0199178205975
16 0.0896627596765
17 0.000411763815959
18 0.000827002937889
19 0.00224296939237
20 0.000443716796418
21 0.00097482123225
22 0.00121513842336
23 0.00145242454159
24 0.000187331557098
25 0.000966468898494
26 0.000310380524681
27 0.0890864231408
28 0.217861931844
29 0.000309594860725
30 0.000403285407149
31 0.000496471477912
32 0.000108960473499
33 0.00129342014642
34 0.000573562701081
35 0.00151957312716
36 0.00068151664799
37 0.00206247418791
38 0.00117743175702
39 0.000492364509506
40 0.000569920622812
41 0.0152578497015
42 0.00503328446359
43 0.00124570789996
44 0.00127100751404
45 0.00256514630746
46 0.00114712540216
47 0.01489679894
48 0.00223703433163
49 0.00107302444691
50 0.001024
51 0.00509331058478
52 0.00873310657596
53 0.0941888410909
54 0.000548142476452
55 0.000433305301369
56 0.000338796454058
57 0.00151218979255
58 0.00191317308006
59 0.00515646220009
60 9.17202125871e-05
61 0.000734327874848
62 0.00157720646453
63 0.0323220188437
64 0.0116483007848
65 0.000611059278989
66 0.000396190244733
67 0.241095224876
68 0.00210429808946
69 0.0468890539448
70 0.00341541575308
71 0.00701589342598
72 0.000403219302914
73 0.000359662781074
74 0.00255811581367
75 0.00183139146851
76 0.0127534864158
77 0.000189130760279
78 0.00260863482286
79 0.00217332606946
80 0.0511388746776
81 0.00104619989683
82 0.000571565635084
83 0.000988539501535
84 0.000140445054774
85 0.000224438552932
86 0.000700019592385
87 0.000208150219411
88 0.00120842712542
89 0.000230440465346
90 0.000270073219851
91 0.00186348003937
92 0.00395901664151
93 0.0237589973703
94 0.0370216542169
95 0.0163736865931
96 0.000966468898494
97 0.00133518918732
98 0.00158318751054
99 0.00170748159266
100 0.00692839720672
101 0.000403219302914
102 0.00490260282669
103 0.00043302482542
104 0.00165289080164
105 0.00156653429911
106 0.000948366007811
107 0.000633863033821
108 0.00805983730218
109 0.000241309420059
110 8.08382426764e-05
111 7.98777968323e-05
112 0.00130618856198
113 0.000763791267712
114 0.00138443131907
115 0.00197434015366
116 0.000208928465812
117 0.000315812458005
118 0.00331842365155
119 0.00122004632828
120 0.00327114484479
121 0.000900674133382
122 0.000541840489096
123 0.0026891063527
124 0.00105823783529
125 0.000945028661342
126 0.00114286888833
127 0.00569988985421
128 0.00157713686986
129 0.00252115102596
130 0.00107385239787
131 0.0034730978841
132 0.000502724768244
133 0.0043722547227
134 0.0188779007653
135 0.000212341697606
136 0.000662043433592
137 0.00031887755102
138 0.000203354717353
139 0.00427329744506
140 0.000480074599752
141 0.000616341024941
142 0.00209255266931
143 0.00151957312716
144 0.000673677556921
145 0.000495661243077
146 0.000221668380157
147 0.0190627244623
148 0.000876869863665
149 0.00189787654321
150 0.116843520572
151 0.000218698128036
152 0.00042163036107
153 0.0603002799857
154 0.000761796049795
155 0.00296577097291
156 0.000978472646243
157 0.000842378938881
158 0.000162020291776
159 0.00104619989683
160 0.0104562489816
161 0.0511230817893
162 0.000433998589851
163 0.00219467248331
164 0.000196638556059
165 0.000491203913284
166 0.000433305301369
167 0.000513722979199
168 0.000924392920152
169 0.00117327433164
170 0.000502724768244
171 0.000682514376726
172 0.00148547920751
173 0.000688079178684
174 0.0373742177554
175 0.0285433262975
176 0.011112139683
177 0.000854807698528
178 0.000808191376311
179 0.00107302444691
180 0.000766739814096
181 0.000421986794852
182 0.000337077292717
183 0.000168116231359
184 0.0335865804426
185 0.561226916603
186 0.000736158453618
187 0.000502724768244
188 0.000836115546523
189 0.000843522372529
190 0.00275817474835
191 0.001024
192 0.000271873554666
193 0.00191317308006
194 0.000491203913284
195 0.000520188896709
196 0.0249226151802
197 0.000531591364038
198 0.00331842365155
199 0.00106818958756
200 0.00235467111068
201 0.0235176433362
202 0.00157713686986
203 0.00765396136885
204 0.00359101684692
205 0.00535430141734
206 0.000239905012609
207 0.00104700714984
208 0.00203026240727
209 0.00531927911348
210 0.00111408054229
211 0.000797092900989
212 0.00134719241398
213 0.000646023767871
214 0.00136638588954
215 0.00231556334445
216 0.0121554866105
217 0.00429224841278
218 0.000491203913284
219 8.14371364158e-05
220 0.000817623831211
221 0.0016644426928
222 0.00054794568587
223 0.00038628317709
224 0.00101856043459
225 0.00369096849537
226 0.00112685185185
227 0.00287369788986
228 0.0586540353138
229 0.000501134608417
230 0.00148406762104
231 0.000493827160494
232 0.806050908996
233 0.000927194407175
234 0.00722423432488
235 0.000567974765563
236 0.00120377485976
237 0.000192076830732
238 0.000433181307423
239 0.000196638556059
240 9.41541896188e-05
241 0.000223182955099
242 0.000203910954854
243 0.000778449884109
244 0.00119420251995
245 0.000806680333171
246 0.000224588352772
247 0.000136994438347
248 0.0177870556342
249 0.00297028118967
250 0.102739335877
251 0.00892312537575
252 0.0280034350964
253 0.00174769402397
254 0.00044979662878
255 0.00244332636102
256 0.00293789583214
257 0.0184090554374
258 0.000882482427503
259 0.0294375427431
260 0.000515998795848
261 0.00164426699765
262 0.0268206356681
263 0.00365231332497
264 0.00789910343753
265 0.00977848756395
266 0.0350876859012
267 0.000476676283464
268 0.00069397845198
269 0.00157265357371
270 0.00208714473447
271 0.000343556364917
272 0.00118775919993
273 0.000180172064321
274 0.000239034164293
275 0.000168389036558
276 0.00107694059127
277 0.00306090751004
278 0.00735829226458
279 0.00054794568587
280 0.000618113000214
281 0.00111356389427
282 0.0107978626453
283 0.000595337674628
284 0.000610371258207
285 0.000988539501535
286 0.00277660027869
287 0.000347554136423
288 0.000809741143132
289 0.0315149930306
290 0.207318783901
291 0.00607209094392
292 0.287457965354
293 0.00157930498741
294 0.000827717952584
295 0.00111967922724
296 0.000639144813376
297 0.000147945684937
298 0.000207401478222
299 0.000289681893071
300 9.79083936942e-05
301 0.00058570559719
302 0.000693534344131
303 0.00058570559719
304 0.0319592235173
305 0.00221507352941
306 0.0135368549448
307 0.000309554015244
308 0.000403864453799
309 0.00233294184286
310 0.0473065447149
311 0.00177115454768
312 0.00962531094936
313 0.00120375180102
314 0.00315577263048
315 0.00204792197178
316 0.00254754251709
317 0.000576552547331
318 0.000806058374548
319 0.00891046893083
320 0.0116752604596
321 0.00219986570635
322 0.000491203913284
323 0.00101856043459
324 0.000754243223401
325 0.00214091901691
326 0.00050465441926
327 0.000230440465346
328 0.00033499421252
329 0.000531181501768
330 0.000255488766977
331 0.00084507985747
332 0.00146132675527
333 0.00316846161313
334 0.00228662817435
335 0.001225
336 0.00105376048577
337 0.00046202808186
338 0.000237599355512
339 0.000158221589336
340 0.00018077819363
341 0.000359662781074
342 0.000606663592904
343 0.000331542297636
344 0.00117743175702
345 0.00107136334865
346 0.00987503786874
347 0.00159800187344
348 0.00946413979758
349 0.000498049635367
350 0.00117775247387
351 0.00125797762625
352 0.00130299418265
353 0.00157265357371
354 0.000526640070769
355 0.0042260434031
356 0.000293333355493
357 0.000565815167649
358 0.00236773568141
359 0.00257822649627
360 0.0582065011919
361 0.000800996796013
362 0.000232642463974
363 0.00847864916563
364 0.00106652953536
365 7.86236016404e-05
366 0.00133660122789
367 0.000383214155505
368 0.00110292615841
369 0.00177282979653
370 0.00098097285894
371 0.000944768553039
372 0.000473837106317
373 0.000316675979149
374 0.00194236048781
375 0.00333854875283
376 0.000411832130145
377 0.000657462195924
378 0.00991112369848
379 0.00477598482001
380 0.001024
381 0.000412275503105
382 0.000560073984578
383 0.000203354717353
384 0.00105490259627
385 0.00665333014168
386 0.00190724482955
387 0.0174738657365
388 0.0584011337198
389 0.000972005041735
390 0.00398635981022
391 0.00705545626167
392 0.000778449884109
393 0.000196638556059
394 0.00789759050727
395 0.000581195849983
396 0.0026946326423
397 0.00122551020408
398 0.000248489407654
399 0.00236544476435
400 0.000411096721996
401 0.0109047922294
402 0.00136066117012
403 0.000563237292363
404 0.000524963358378
405 0.000501072579142
406 0.000673677556921
407 0.000224438552932
408 0.000353858844858
409 0.00429224841278
410 0.00026470357898
411 0.000623267499101
412 0.00112565565533
413 0.00326638514748
414 0.000645426198427
415 0.0213505067483
416 0.00718931555001
417 0.00659892055996
418 0.000562442391541
419 0.0216566520471
420 0.000294087576064
421 0.000854807698528
422 0.00239620519341
423 0.00428509217593
424 0.000255474568922
425 0.00399136111044
426 0.00083477400555
427 0.000699060884246
428 0.00102860298023
429 0.00101215522731
430 0.0979560805823
431 0.00215005919052
432 0.00157026530962
