1 0.00101137484548
2 0.00315423070725
3 0.000921373301218
4 0.000784
5 0.00133746938776
6 0.000867591836735
7 0.00110534660145
8 0.00124142001498
9 0.00016948692468
10 0.000264392887831
11 0.00133746938776
12 0.000958697965091
13 0.00208608148781
14 0.0157963749293
15 0.00309716446125
16 0.00785268639053
17 0.0271584364666
18 0.00232122683191
19 0.000930767020971
20 0.00339578696755
21 0.00209878105707
22 0.00128513016925
23 0.000906219551156
24 0.00123026692334
25 0.00308641975309
26 0.000511865031429
27 0.0115159229441
28 0.000336588951901
29 0.00108423624468
30 0.000606403656975
31 0.0044967874216
32 0.000859425564197
33 0.000784
34 0.00090925443787
35 0.00027304398406
36 0.00111111111111
37 0.000526049995792
38 0.00175696511169
39 0.00622976687789
40 0.00964949185776
41 0.000655820828911
42 0.00153977822796
43 0.0110459054231
44 0.00974081698396
45 0.0127940602447
46 0.00210198785476
47 0.0336284482033
48 0.0217555732039
49 0.0154948034765
50 0.0157392777292
51 0.000399099284446
52 0.00990736489109
53 0.000690720570265
54 0.019241488758
55 0.00179050295161
56 0.000368121502478
57 0.000538826083321
58 0.0017069577903
59 0.0015921919596
60 0.00329175510204
61 0.00101255747217
62 0.000170426211419
63 0.00117104483222
64 0.000525920237345
65 0.000720084033244
66 0.00126307463843
67 0.0365547337346
68 0.000245343568358
69 0.259232497288
70 0.00085868961449
71 0.000570213436993
72 0.00607841788501
73 0.000716273673155
74 0.00386439228441
75 0.0013143363058
76 0.00386439228441
77 0.00279009072617
78 0.00435501949431
79 0.00158960197717
80 0.000456290933376
81 0.000583708518539
82 0.00908049249526
83 0.00217032806946
84 0.000687751296544
85 0.000930767020971
86 0.000821534342164
87 0.0081591532391
88 0.000462879301815
89 0.00187369676235
90 0.0015921919596
91 0.000335312137903
92 0.000238057820153
93 0.000720084033244
94 0.00606601331361
95 0.000606138545953
96 0.000491903210394
97 0.00299379846447
98 0.000928001985996
99 0.000183855214019
100 0.00429629413966
101 0.000246372851893
102 0.000368121502478
103 0.000206837115771
104 0.000515591061218
105 0.00565937900311
106 0.0049316085854
107 0.00430821761299
108 0.000850916022732
109 0.000259621986331
110 0.00199213142918
111 0.0055373341409
112 0.00681954094077
113 0.00128458372345
114 0.00030071168432
115 0.00142359947438
116 0.00755433042422
117 0.000490792899408
118 0.00042491286825
119 0.000788549482697
120 0.000512792743121
121 0.00181581664292
122 0.000295428599609
123 0.00180125958991
124 0.00183795399913
125 0.00142071005917
126 0.00108682526265
127 0.000578074484693
128 0.000226730506864
129 0.00247945888216
130 0.000670700359225
131 0.000572338548789
132 0.00188366763661
133 0.000990021774701
134 0.00272238372767
135 0.00365231332497
136 0.00829120141573
137 0.000620146516056
138 0.0195600678588
139 0.000539688205054
140 0.00136391836735
141 0.00101255747217
142 0.000954109911977
143 0.000542935243661
144 0.000633842740067
145 0.00171904370551
146 0.196751989638
147 0.0344080412807
148 0.000304510165517
149 0.00149897597057
150 0.000118504982833
151 0.00172487852023
152 0.000205179335556
153 0.00100503992263
154 0.000283036469589
155 0.00568071889554
156 0.00109638795894
157 0.00136069562906
158 0.0029550243751
159 0.00160975864878
160 0.00129152987244
161 0.00119822485207
162 0.00116741703708
163 0.00208644443846
164 0.000540139525198
165 0.000250459583552
166 0.000462879301815
167 0.000921373301218
168 0.00152786766968
169 0.000484309908748
170 0.002343056671
171 0.000784
172 0.000247026991559
173 0.0023679708266
174 0.00229988898916
175 0.00478820370651
176 0.0700592064818
177 0.00484649405992
178 0.000261139902797
179 0.00032825941607
180 0.000526049995792
181 0.00404928740241
182 0.0029550243751
183 0.00199135366736
184 0.026286776683
185 0.00581900275802
186 0.00208644443846
187 0.000958277489657
188 0.000966468898494
189 0.0439632813384
190 0.000649113554302
191 0.000882160933872
192 0.000366994025337
193 0.00133779591837
194 0.000323017281166
195 0.000948366007811
196 0.000722896861499
197 0.000283145340237
198 0.000165498039578
199 0.00132907162088
200 0.00806476119377
201 0.160096037114
202 0.000448865268601
203 0.0015291050427
204 0.00673417745785
205 0.00827480347689
206 0.000527124114952
207 0.000526049995792
208 0.00101675687507
209 0.0205123843404
210 0.000162912288531
211 0.000594150156961
212 0.00182467961081
213 0.000465278672147
214 0.0013593841384
215 0.00249660319611
216 0.0196341087051
217 0.00274331934767
218 0.000633842740067
219 0.000246146207438
220 0.000490792899408
221 0.00133746938776
222 0.000287673469388
223 0.00172264639038
224 0.000577847633136
225 0.000261832196982
226 0.00486457360988
227 0.0239340209292
228 0.0133233421677
229 0.000565643568651
230 0.00341595479672
231 0.00209929345479
232 0.0056519602496
233 0.00623557762852
234 0.00210178898367
235 0.00109081727127
236 0.000267091665273
237 0.00465221384334
238 0.00266856583195
239 0.00448022841477
240 0.000706582868778
241 0.01765354544
242 0.0021174428815
243 0.00305526472001
244 0.00177819712585
245 0.000828980088043
246 0.00101215522731
247 0.00107366086575
248 0.00090925443787
249 0.000262251128497
250 0.00020777534291
251 0.000260670962986
252 0.000296980628201
253 0.000919821514881
254 0.155140844946
255 0.00982905937035
256 0.000789603173459
257 0.000181999664438
258 0.000611473592657
259 0.000175430902153
260 0.000586904423339
261 0.00332732603045
262 0.00111730976637
263 0.00509777429963
264 0.00196479734994
265 0.00036916985217
266 0.00057764682646
267 0.00109501149354
268 0.00649192932319
269 0.0110303990401
270 0.00102085853413
271 0.000354425019009
272 0.000412118471296
273 0.000276623977248
274 0.000353858844858
275 0.000423510204082
276 0.000428408163265
277 0.000506775510204
278 0.00100585456792
279 0.000846965269849
280 0.00744445875435
281 0.000190578144111
282 0.00042084186456
283 0.0625232062801
284 0.00298197998812
285 0.00430776236508
286 0.000205179335556
287 0.00126288317318
288 0.000807189684409
289 0.000490334141142
290 0.000207625675822
291 0.000936500718642
292 0.0342168969261
293 0.00571443236027
294 0.00519943664806
295 0.0907198763239
296 0.00188354794206
297 0.00503093405764
298 0.00128569387787
299 0.000250459583552
300 0.00214576207699
301 0.000526874287466
302 0.00021226385646
303 0.00257653348393
304 0.000920531253704
305 0.00249220577247
306 0.000305772044552
307 0.00112482853224
308 0.000233196159122
309 9.61652604281e-05
310 0.00156152445369
311 0.000313685329607
312 0.00218625439888
313 0.000247026991559
314 0.00101675687507
315 0.00982541334258
316 0.494020578406
317 0.00296570390373
318 0.000244565032786
319 0.00249708941495
320 0.000512792743121
321 0.00157956408737
322 0.00345410628019
323 0.00103759765625
324 0.00124627311912
325 0.00159285509661
326 0.0108645036193
327 0.00130676903114
328 0.00026924273647
329 0.0486971955112
330 0.00015576286078
331 0.00809012008505
332 0.000490792899408
333 0.000283145340237
334 0.00020144507215
335 0.000859425564197
336 0.000496786389414
337 0.000230137353948
338 0.00912238788099
339 0.0589590162116
340 0.0176307651418
341 0.00310926275992
342 0.00187892388986
343 0.00120536704922
344 0.00279300466887
345 0.000305772044552
346 0.0005558075581
347 0.000583708518539
348 0.00516548140534
349 0.00110705069619
350 0.000672707189662
351 0.00865976657345
352 0.000887601057276
353 0.00213096226903
354 0.0460597607971
355 0.000275731539603
356 0.00271620919055
357 0.000423510204082
358 0.00133779591837
359 0.000287084283762
360 0.000654773191805
361 0.000785400032589
362 0.000172247682066
363 0.00872945427109
364 0.00379596145639
365 0.00328286936889
366 0.00113419741985
367 0.000568549795467
368 0.00108003262139
369 0.00211997308628
370 0.0210912630132
371 0.0047521955636
372 0.00057401327664
373 0.000319717996047
374 0.00202004438896
375 0.00813755355743
376 0.00145904541919
377 0.000589450125205
378 0.0105741242466
379 0.00052286845933
380 0.00303378263565
381 0.00111730976637
382 0.0218559524563
383 0.00153965810067
384 8.35918367347e-05
385 0.00090925443787
386 0.00250194095127
387 0.000784
388 0.000979962192817
389 0.000860088701206
390 0.000959826520244
391 0.000401926934185
392 0.0381342223831
393 0.00188700895327
394 0.00116379355134
395 0.00702160434619
396 0.00569065179943
397 0.000700692041522
398 0.000217753795031
399 0.000336588951901
400 0.000162278388576
401 0.000583708518539
402 0.000183208756265
403 0.161700465578
404 0.0699382859999
405 0.00124329019951
406 0.00105186267348
407 0.152714317989
408 0.000669808634226
409 0.000423183673469
410 0.00418931515171
411 0.00512008515526
412 0.000525920237345
413 0.000423183673469
414 0.000635902604721
415 0.000426178690929
416 0.0291689431039
417 0.000364247161217
418 0.119142052075
419 0.00524474095052
420 0.000243313163475
421 0.00124508874744
422 0.000920241870961
423 0.60201900519
424 0.00446478154866
425 0.00777542429368
426 0.000817623831211
427 0.00055197360166
428 0.00610999634772
429 0.000807794739321
430 0.0022202801864
431 0.00120784411873
432 0.0455550246625
