1 0.00047258979206
2 0.0972550878981
3 0.00304169026138
4 0.000162537102586
5 0.000505440970964
6 0.000291582049025
7 0.00339578696755
8 0.00282360660477
9 7.91258332336e-05
10 0.000645490448807
11 0.000550883701938
12 0.00125221370427
13 0.000711870236876
14 0.0341155020861
15 0.00262197230766
16 0.00373651374875
17 0.024610449647
18 0.00113899102055
19 0.00266819358213
20 0.00184359565988
21 0.00409735738658
22 0.00150080167806
23 0.000668846611177
24 0.000439734853625
25 0.000544041986581
26 0.000247350855164
27 0.000791015625
28 0.000366432228213
29 0.00115949951732
30 0.00198947375749
31 0.00108171222452
32 0.000209719049916
33 0.000678162490217
34 0.000432584627396
35 0.000372683770367
36 0.000236282316529
37 0.000610472203972
38 0.000263500527001
39 0.00273172848759
40 0.000635330403563
41 0.000575232767318
42 0.00104512826794
43 0.000532872249633
44 0.0124740176649
45 0.439964185002
46 0.00316254096231
47 0.00073399967792
48 0.00180596780651
49 0.00198749146192
50 0.00222626505362
51 0.000768987111699
52 0.00178536004761
53 0.0419638670214
54 0.0100448940321
55 0.00273399119997
56 0.192508575837
57 0.000744804418742
58 0.000207028621707
59 0.000283417791835
60 0.00451945484076
61 0.00060546996094
62 0.00117930254856
63 0.000365902825696
64 0.000372683770367
65 0.00106332703214
66 0.00119362955486
67 0.00116085110905
68 0.00158960197717
69 0.0175533010839
70 0.00116994638566
71 0.000527985780709
72 0.000555083468107
73 0.00136967077701
74 0.000611187815463
75 0.0107015457788
76 0.000510939834995
77 0.000467413159468
78 0.000425070823033
79 0.00160346528876
80 0.00225290255703
81 0.00105140894444
82 0.0026529865086
83 0.558796503312
84 0.00368596359542
85 0.000522566852962
86 0.0025498081464
87 0.000447347551112
88 0.000216262975779
89 0.00171272941015
90 0.00027145767114
91 0.000409928362576
92 0.000503627731274
93 0.0012287516509
94 0.000575631536872
95 0.00160126449573
96 0.000212752956749
97 0.000352663713108
98 0.00288389532768
99 0.00313098842109
100 0.000479112796986
101 0.000273386103413
102 0.00133923882217
103 0.000610035968734
104 0.00264049546508
105 0.00193473629246
106 0.00574679460261
107 0.0450885714452
108 0.487457688698
109 0.00193473629246
110 0.000522327146915
111 0.000683938867878
112 0.0201222229004
113 0.000243664486328
114 0.0003732800644
115 0.000220293885812
116 0.000134006093555
117 0.00111764804416
118 0.00188805749512
119 0.000867226027326
120 0.0151745583013
121 0.000284509416552
122 0.00101182171385
123 0.00426016553675
124 0.000352663713108
125 0.00419904
126 0.00512805500395
127 0.000161194641938
128 0.000198684146783
129 0.000721764312765
130 0.00163132562185
131 0.00127100254201
132 0.0100619109613
133 0.000405822810618
134 0.000152533463146
135 0.0104672742031
136 0.00143229826628
137 0.000609061470382
138 0.000606438712877
139 0.000134796057056
140 0.000858027556191
141 0.000927619881986
142 0.00045423855446
143 0.000227907885832
144 0.000682397476626
145 0.00211997308628
146 0.00157655709343
147 0.000576941560938
148 0.00649316496989
149 0.00550570516951
150 0.000503627731274
151 0.00307096964856
152 0.0028697371429
153 0.00174500283081
154 0.000602205577929
155 0.00113389003565
156 0.00296090575797
157 0.00467047072277
158 0.00164255668411
159 0.000571419501278
160 0.00356426821118
161 0.000415136473625
162 0.00441468144044
163 0.000552836858674
164 0.0118223505935
165 0.000673569634688
166 0.000532872249633
167 0.000332591162314
168 0.00174357501265
169 0.000388771752302
170 0.0030528263188
171 0.00051361321151
172 0.000177186663381
173 0.000607739049557
174 0.00244242035748
175 0.00830786891882
176 0.000236282316529
177 0.00207988407034
178 0.442398922379
179 0.016400657164
180 0.000403864453799
181 0.00107256490162
182 0.00229004232569
183 0.00470592355017
184 0.000512792743121
185 0.00112638393695
186 0.000525920237345
187 0.00338603596908
188 0.019481690287
189 0.0239613981289
190 0.00654365715992
191 0.000897007483368
192 0.000282091225121
193 0.000836760697408
194 0.000527985780709
195 0.00282360660477
196 0.000512792743121
197 0.000563667863446
198 0.00835536364214
199 0.00270293206952
200 0.0640961793574
201 0.00137802378968
202 0.00093855922947
203 0.0688456536551
204 0.00242740166682
205 0.00125195532075
206 0.000836115546523
207 0.000941909066529
208 0.000306066332654
209 0.000927619881986
210 0.00122944
211 0.000575631536872
212 0.00300345758138
213 0.0372980530022
214 0.00423283495427
215 0.000166225023229
216 0.000214288883178
217 0.0016904913601
218 0.00233977054462
219 0.000670772734331
220 0.00117930254856
221 0.000409928362576
222 0.000768637686004
223 0.00119362955486
224 0.000272366035261
225 0.00296041302417
226 0.0158416826744
227 0.00183717198651
228 0.0102408528892
229 0.000316611998328
230 0.00051913088085
231 0.00212408657438
232 0.00187609830169
233 0.00290102137536
234 0.000812453100581
235 0.00013149788887
236 0.00197434015366
237 0.000594150156961
238 0.00116737457895
239 0.00277894736842
240 0.00211440167129
241 0.00482354521905
242 0.00364443162954
243 0.000643635827273
244 0.0012258482377
245 0.000527985780709
246 0.000610035968734
247 0.000700749084396
248 0.000162191976864
249 0.00200695834684
250 0.000564083790643
251 0.000985095115646
252 0.000968140266791
253 0.0101588382788
254 0.0752583948365
255 0.000747708202693
256 0.00755433042422
257 0.000439212548433
258 7.81608840478e-05
259 7.8492502433e-05
260 0.00389134540309
261 0.00664008418012
262 0.000677285376961
263 0.000372112223814
264 0.000517326405565
265 0.00275131817259
266 0.00470426742495
267 0.00492036626117
268 0.00076061789018
269 0.000419982718314
270 0.00374745817172
271 0.000228826019158
272 0.00172705894794
273 0.000195071200988
274 0.000496471477912
275 0.00413362906714
276 0.00757776512603
277 0.00125057414477
278 0.00266929737369
279 0.000593701325949
280 0.000236282316529
281 0.0617299096585
282 0.0039354368
283 0.00028999624812
284 0.00198947375749
285 0.00908396627704
286 0.00665280204433
287 0.0154496435359
288 0.001255635652
289 0.000267690715715
290 0.00281011005729
291 0.0019220303997
292 0.00030904911053
293 0.00175065640561
294 0.000248000496001
295 0.000186018050001
296 0.000459991649322
297 0.00143079785309
298 0.00173291338086
299 0.00550358324417
300 0.000229303922775
301 0.00156763470462
302 0.00146562708844
303 0.000107524668721
304 0.00233515788818
305 0.00323059983784
306 0.0004332767628
307 0.00111764804416
308 0.000490334141142
309 0.000941909066529
310 0.00126217928019
311 0.0011650048
312 0.0034169429328
313 0.00290532879819
314 0.00171545728587
315 0.00388610294289
316 0.000405169574812
317 0.000643635827273
318 0.00312427299251
319 0.000881483472185
320 0.000237270080547
321 0.00631970656401
322 0.000381469726563
323 0.0338144873197
324 0.0142057478694
325 0.000550003696025
326 0.000423289923074
327 0.000575232767318
328 0.000212341697606
329 0.00111718274523
330 0.000372683770367
331 0.000438462259495
332 0.000492950414709
333 0.00045423855446
334 0.000363642499277
335 0.000249937999876
336 0.0107294219771
337 0.00709450383557
338 0.000516520601195
339 0.00233659787698
340 0.00283483611349
341 0.000333227040816
342 0.00117578442353
343 0.00157353363027
344 0.140343677476
345 0.00018113562286
346 0.000379874137801
347 0.00108384561974
348 0.0961853560558
349 0.000540319880171
350 0.000627940019464
351 0.00142752991955
352 0.000342935528121
353 0.00185238305509
354 0.000926052294802
355 0.0019140625
356 0.000245308254172
357 0.000372683770367
358 0.000711870236876
359 0.0103306681739
360 0.474096750097
361 0.000550883701938
362 0.26803265199
363 0.00638216757299
364 0.00393868244196
365 0.0335590812803
366 0.00182226999785
367 0.0107234146722
368 0.00166204564774
369 0.00115949951732
370 0.00426336682304
371 0.00109455863519
372 0.00133848899465
373 0.111132934532
374 0.00107497984413
375 0.0270448275021
376 0.00356877862036
377 0.000681539381742
378 0.000342935528121
379 0.0019140625
380 0.000216836734694
381 0.000432584627396
382 0.000432584627396
383 0.000513722979199
384 0.000298256617947
385 0.00190586444167
386 0.00106568971785
387 0.00204708203419
388 0.000909107305504
389 0.00022236101619
390 0.0575091638772
391 0.0185005304648
392 0.00073369409937
393 0.000550003696025
394 0.000545363597515
395 0.00526970778038
396 0.00340323253472
397 0.000936356485756
398 0.00272841611022
399 0.000102943424271
400 0.000814268060954
401 0.00892999936327
402 0.00126980775585
403 0.00157938199079
404 0.000282465927547
405 0.00750989128094
406 9.36000710203e-05
407 0.00017199677506
408 0.000319513353667
409 0.000291582049025
410 0.000671290305885
411 0.000700749084396
412 0.000868620488983
413 0.00119617922743
414 0.000510939834995
415 0.0110184792253
416 0.0006801408
417 0.00142289829151
418 0.0010322944
419 0.000503627731274
420 0.000235778677503
421 0.00140885863103
422 0.0132892351811
423 0.00127813901322
424 0.00108065889062
425 0.0100686327194
426 0.000613900072784
427 0.00042576396735
428 0.00127645429363
429 0.00142349091887
430 0.0838303146579
431 0.000295736403304
432 0.0260944355504
