1 0.000871862853845
2 0.0070504997952
3 0.000802785798764
4 0.00327699924155
5 0.00121775882429
6 0.000285693011933
7 0.000646864725973
8 0.00102036879719
9 0.000913653408118
10 0.000713827865509
11 0.0168582332256
12 0.00124447927535
13 7.85369163089e-05
14 0.00242366863905
15 0.0103593704517
16 0.0120110584238
17 0.000247602453378
18 0.0277147548774
19 0.00217718053206
20 0.00296766099742
21 0.00199187300253
22 0.00349397359944
23 0.00331502809422
24 0.0572785144245
25 0.00155529047946
26 0.00100909151088
27 0.000185815250289
28 0.00209245215695
29 0.00143263109577
30 0.000363088377454
31 0.000683855324662
32 0.00322830578512
33 0.00047839601852
34 0.000297613837293
35 0.00199187300253
36 0.00296172890925
37 0.00359775105425
38 0.0107095771329
39 0.198148191616
40 0.0018066157889
41 0.0836816948647
42 0.00102163875038
43 0.000616647742161
44 0.00198572073182
45 0.000953987919586
46 0.00082426035503
47 0.00331966820553
48 0.00164534998465
49 0.00334121157946
50 0.0364913027031
51 0.0225166764936
52 0.0110373669722
53 0.000545899205171
54 0.414211539875
55 0.000223600314438
56 0.000384672974894
57 0.0016575050664
58 0.000459708904966
59 0.00049771551399
60 0.000524849626738
61 0.000646365986785
62 0.000515479198026
63 0.000383865134973
64 0.00105838757876
65 0.032450301127
66 0.0759134233921
67 0.000526790236792
68 0.00225098375112
69 0.116969145306
70 0.00191653669054
71 0.000238057820153
72 0.00315632666506
73 0.000281201309501
74 0.000849164007096
75 0.00193701954308
76 0.00598140143039
77 0.00043235206112
78 0.000411664352311
79 0.000788414157803
80 0.00101137484548
81 0.000735434206706
82 0.000760455833328
83 0.00387652594818
84 0.000508274728438
85 0.000521256854528
86 0.00297304400462
87 0.000775439049587
88 0.00121775882429
89 0.0016575050664
90 0.00109308695988
91 0.000992001984004
92 0.00053385768123
93 0.00325718522703
94 0.00332286821932
95 0.00437217825906
96 0.0684137539574
97 0.00134978204447
98 0.000572331219523
99 0.0276784377981
100 0.000992001984004
101 0.00075060987052
102 0.00287171474966
103 0.000515612322842
104 0.000359819538431
105 0.00262709861522
106 0.000312288691674
107 0.000205179335556
108 0.00238214382519
109 0.000241599548306
110 0.00395400367937
111 0.000563026959417
112 0.000407953409376
113 0.000551037051731
114 0.00212325671488
115 0.000238057820153
116 0.000581195849983
117 0.00176299243184
118 0.0272423912873
119 0.00438311399066
120 0.0201054505751
121 0.000568786592549
122 0.00217777777778
123 0.00183990004575
124 0.000251479289941
125 0.00217342874686
126 0.000524877919076
127 0.00051671007978
128 0.000725566397717
129 0.00157218934911
130 0.000692534901069
131 0.000964224500057
132 0.00266737989562
133 0.000721764312765
134 0.00263491224344
135 0.00151537997112
136 0.00334206777951
137 0.00581809522618
138 0.000588811742874
139 0.00346176177777
140 0.00440087172274
141 0.000415136473625
142 0.00100426502678
143 0.00093783261604
144 0.000220203089776
145 0.00108881852268
146 0.000545899205171
147 0.000713827865509
148 0.000527830935998
149 0.00042300151581
150 0.000646365986785
151 0.000865800294451
152 0.00160200187656
153 0.00485227653441
154 0.00207380356822
155 0.00493844475535
156 0.00202278697179
157 0.00112270874801
158 0.000784759867667
159 0.00151474908853
160 0.00111034152059
161 0.00242882767684
162 0.00175783491792
163 0.00157659497635
164 0.038722535577
165 0.0107540717365
166 0.00190384964583
167 0.00210716094717
168 0.000445837518262
169 0.000775116219008
170 0.00183780614475
171 0.000220203089776
172 0.00053091959158
173 0.000418388429752
174 0.00108881852268
175 0.000185668990012
176 0.000202341651911
177 0.0444748434361
178 0.00531833309889
179 0.0089060752253
180 0.00281001149095
181 0.00350925537751
182 0.00236705173642
183 0.00109969884064
184 0.000154231383365
185 0.00315041631987
186 0.00100888380573
187 0.000970649986105
188 0.0139390319564
189 0.00196166233642
190 0.00526670943258
191 0.000226129232857
192 0.000297613837293
193 0.00187369676235
194 0.00120374040311
195 0.00564445168649
196 0.00114263043047
197 0.00228625817965
198 0.00204283571132
199 0.000427155351937
200 0.00725269492235
201 0.00051841234767
202 0.00113197659184
203 0.000720324519737
204 0.0129247273098
205 0.00147342467464
206 0.020882436099
207 0.000539828084189
208 0.00129475603075
209 0.00229138008099
210 0.0124011688092
211 0.00289715149864
212 0.00109308695988
213 0.00044726419832
214 0.000135997756037
215 0.284312075121
216 0.00174744045869
217 0.00243089936784
218 0.000225704776389
219 0.00282331046479
220 0.0891826721301
221 0.000951619405106
222 0.000297265160523
223 0.0016575050664
224 0.000221113583284
225 0.000285693011933
226 0.000581195849983
227 0.000234426867517
228 0.00482541488542
229 0.00322617895821
230 0.018388016564
231 0.0306516345467
232 0.00128366780063
233 0.0037156607661
234 0.00216027984308
235 0.00214070339137
236 0.00419474348305
237 0.000484309908748
238 0.000992001984004
239 0.00102906169411
240 0.000855241754275
241 0.046776020255
242 0.0235966719073
243 0.00175987598025
244 0.000685736939524
245 0.00122004632828
246 0.00195061417143
247 0.000713827865509
248 0.000775116219008
249 0.000869307994615
250 0.000915189605254
251 0.000550003696025
252 0.00990630844252
253 0.000296537232798
254 0.017725489221
255 0.000791217453315
256 0.0165285981693
257 0.00990563187454
258 0.000587730359162
259 0.000759876659045
260 0.000634960857782
261 0.00279421433268
262 0.000598947868617
263 0.00174773220502
264 0.00391113739395
265 0.00409385055188
266 0.0265845495963
267 0.0104838681268
268 0.00104033766569
269 0.000312709470459
270 0.00274744255088
271 0.000223182955099
272 0.000492076001729
273 0.000541840489096
274 0.00424177373893
275 0.000555711605616
276 0.000713827865509
277 0.000551037051731
278 0.00484465946174
279 0.000372831245466
280 0.00112330428306
281 0.000244616299822
282 0.00103952186803
283 0.000433228345215
284 0.000543864167966
285 0.0289298687585
286 0.00123773336333
287 0.00364339034557
288 0.00129288266493
289 0.00079598274388
290 0.0321111575114
291 0.0266562889775
292 0.139836564188
293 0.00407441842632
294 0.0337883240909
295 0.00174975907326
296 0.000416493127863
297 0.000779400276426
298 0.000136220065368
299 0.000463677025582
300 0.000888118942152
301 0.00132231404959
302 0.000225704776389
303 0.00143506656864
304 0.00547953860393
305 0.000827717952584
306 0.0233737177911
307 0.00206036464896
308 0.00233952143489
309 0.00133894333816
310 0.00811444354283
311 0.0008829799636
312 0.00112167440737
313 0.000683855324662
314 0.000683246999576
315 0.0124339409585
316 0.000918656100209
317 0.0938040789883
318 0.000617416652609
319 0.000751336300503
320 0.00244617197752
321 0.000339335180055
322 0.00164534998465
323 0.000390063373406
324 0.000220203089776
325 0.00121775882429
326 0.000524444962415
327 0.000775439049587
328 0.000514655748828
329 0.000392961388526
330 0.00486749594375
331 0.000913653408118
332 0.00247824573616
333 0.00197948444954
334 0.00491176862902
335 0.00156152445369
336 0.00112377213157
337 0.00129267867259
338 0.00270298628512
339 0.348319210573
340 0.000326271662289
341 0.000403867826015
342 0.000131123503407
343 0.000232199546485
344 0.0089280098727
345 0.0176870203865
346 0.0016618171046
347 0.0552087588256
348 0.000494437388623
349 0.00389262355867
350 0.000209659916873
351 0.000143907884218
352 0.00730204044176
353 0.00101666336044
354 0.000238057820153
355 0.000971599039165
356 0.000413102884395
357 0.000256449439939
358 0.000228517467724
359 0.0002601374287
360 0.03350708776
361 0.00642458766568
362 0.0211361040825
363 0.00170795161718
364 0.00625193616662
365 0.0167789739322
366 0.00114048766408
367 0.000884380704323
368 0.00109267184907
369 0.00252774256453
370 0.00365675298902
371 0.00285891756355
372 0.000953252385338
373 0.00123387959701
374 0.0645992282777
375 0.0357811911901
376 0.00648566527924
377 0.000463493220417
378 0.000199777747256
379 0.000527830935998
380 0.000385306502999
381 0.00211809142562
382 0.000343974726095
383 0.000445837518262
384 0.00122951318962
385 0.000915189605254
386 0.131541877334
387 0.00403654813726
388 0.00579447406856
389 0.00689573131536
390 0.00107678037311
391 0.00116759938454
392 0.000942257971847
393 0.00368704744553
394 0.00113285003057
395 0.00840242365544
396 0.00475299548339
397 0.00115755319022
398 0.000125906932818
399 0.00165351056732
400 0.0353890960195
401 0.000636163752255
402 0.0271578195043
403 0.00281098967704
404 0.00047839601852
405 0.0011810073849
406 0.00228530636526
407 0.000259845330161
408 0.000252915201782
409 0.000886650370361
410 0.00165790973072
411 0.000403867826015
412 0.000646365986785
413 0.000529415299561
414 0.030149384765
415 0.00042829810096
416 0.00675548883468
417 0.00229059924259
418 0.00684905454184
419 0.000541840489096
420 0.00038557379437
421 0.0149853624772
422 0.00111699519512
423 0.00101870045721
424 0.00219843577256
425 0.00502201004402
426 0.0026638917794
427 0.00624890936669
428 0.000299325918033
429 0.00112330428306
430 0.00185684876746
431 0.00161420395421
432 0.000451891847688
