1 0.0011451282062
2 0.00273091752021
3 0.000439102267339
4 0.00211377420456
5 0.000130612244898
6 0.00090368474538
7 0.000219885745305
8 0.00333386225325
9 0.00672965172033
10 0.00201212771059
11 0.000190578144111
12 6.5505149837e-05
13 0.000909067952829
14 0.0129329814144
15 0.00272363331983
16 0.00314789754193
17 0.000798284661496
18 0.00136143217448
19 0.000596000692521
20 0.000854512776185
21 0.00120277082761
22 0.00452249466233
23 0.0015564994386
24 0.00653594771242
25 0.00186052494545
26 0.00103339642142
27 0.00169850287051
28 0.00726768823801
29 0.000975665748393
30 0.00190961010488
31 0.00649035691058
32 0.00276099341837
33 0.00309778777202
34 0.00218746166442
35 0.00160523731237
36 0.00241252107864
37 0.000596246586976
38 0.00566689929658
39 0.000661552463138
40 0.00471112170484
41 0.000567877898208
42 0.000525926230865
43 0.000814080557427
44 0.000596000692521
45 0.000801614849096
46 0.00130657646677
47 0.00127400562125
48 0.000184793648296
49 0.00048516369423
50 0.0221810407771
51 0.000871642258595
52 0.0312794464457
53 0.000519668849825
54 0.00118703843048
55 0.000573246949475
56 0.000178074444856
57 0.000234476727009
58 0.00222842208041
59 0.000410440017967
60 0.000203132968591
61 0.000203132968591
62 0.000208345556273
63 0.00765439627109
64 0.00385373086126
65 0.0514097099503
66 0.0830689418283
67 0.000537826869658
68 0.000269110539124
69 0.0037010391817
70 0.0029842808986
71 0.00236868742393
72 0.00324516686745
73 0.000317210044363
74 0.00072609272473
75 0.000771473520026
76 0.0017229159412
77 0.000956797528662
78 0.0013917934543
79 0.00206245134782
80 0.00127400562125
81 0.00267538644471
82 0.865966518557
83 0.00856361071406
84 0.000524124837312
85 0.0015416462795
86 0.00187701157243
87 0.000134128055864
88 0.00092961035722
89 0.000448865268601
90 0.000552034320121
91 0.000848415206358
92 0.000656198171848
93 0.000925198235882
94 0.000282655916395
95 0.000499137091796
96 0.00101131485577
97 0.111057485428
98 0.0304175594423
99 0.000709770793951
100 0.00078479442344
101 0.00177235573037
102 0.00120516771452
103 0.00440528711028
104 0.00267848888755
105 0.00167410005422
106 0.000648195755118
107 0.00211604231323
108 0.00676289819945
109 0.0118535910651
110 0.000443548844222
111 0.000179870142189
112 0.000443639655953
113 0.00161349026046
114 0.0013504789671
115 0.00241252107864
116 0.00107890670787
117 0.00170408291453
118 0.000998981747771
119 0.00215310060836
120 0.0114457836035
121 0.00264321689898
122 0.00293881087709
123 0.000350160457528
124 0.000241717407985
125 0.000765517349123
126 0.0638717098063
127 0.00519361016743
128 0.000857469307958
129 0.00145855376458
130 0.00126294986498
131 0.000195608587217
132 0.0125781242418
133 0.000674292547481
134 0.00388712980979
135 0.00104245007943
136 0.00232140146516
137 0.00042829810096
138 0.00178741454692
139 0.00090368474538
140 0.000550003696025
141 0.0015416462795
142 0.00031887755102
143 0.000363966323005
144 0.000567226841717
145 0.00104245007943
146 0.000985095115646
147 0.0054610405774
148 0.000166851864512
149 0.00556047398874
150 0.00134134733842
151 0.110348635116
152 0.00737335749933
153 0.00167879585744
154 0.0082142863113
155 0.0320268310617
156 0.000275509106436
157 0.00058928135411
158 0.000372176973329
159 0.00185712992304
160 0.104484173321
161 0.0719614724745
162 0.00519064189554
163 0.00042300151581
164 0.000125678517287
165 0.00334744897959
166 0.00211289419865
167 0.000763336747538
168 0.000945129266117
169 0.0025998325972
170 0.000277199977044
171 0.000985095115646
172 0.436862311003
173 0.0229605252033
174 0.00632947712219
175 0.00771980800567
176 0.000458092328226
177 0.00355298131528
178 0.00308689017219
179 0.002953981569
180 0.00072609272473
181 0.00414626531371
182 0.00459747069247
183 0.0292470228196
184 0.00883317315846
185 0.000211955446303
186 0.00194170203406
187 0.00178741454692
188 0.000229568411387
189 0.000973180467908
190 0.00691240552779
191 0.000346535876446
192 0.000370963031902
193 0.00543218626247
194 0.000319333578922
195 0.00210218743188
196 0.000451878218098
197 0.00085385393827
198 0.00125057414477
199 0.00156279865198
200 0.00582267214281
201 0.00580635397962
202 0.00206611570248
203 0.000291973821611
204 0.001129476273
205 0.000606403656975
206 0.000609663161103
207 0.000116401255133
208 0.000652804313344
209 0.00142418846879
210 0.00120516771452
211 0.000650770512287
212 0.0053856767095
213 0.00250654390646
214 0.00175096864811
215 0.00102669954247
216 0.0014649369437
217 0.00272507843915
218 0.00060309324111
219 0.00115024758378
220 0.00018077819363
221 0.000260378943782
222 0.000449583453031
223 0.00157740307705
224 0.000262748678333
225 0.000311201974404
226 0.0196062010381
227 0.000998981747771
228 0.00419203589593
229 0.11878312457
230 0.00290327038124
231 0.000877164245662
232 0.00101967527013
233 0.00329542604434
234 0.00244901809046
235 0.00329405409345
236 0.0127192422233
237 0.00178283125846
238 0.000535974607376
239 0.0135150010254
240 0.00112248317519
241 0.00298377116185
242 0.00283870865688
243 0.198589679205
244 0.000263321387868
245 0.000460356219477
246 0.0195262977224
247 0.00104245007943
248 0.00209795918367
249 0.00100603543636
250 0.000207576839958
251 0.000113354459031
252 0.000763336747538
253 0.092654226523
254 0.0084879994045
255 0.00287310365339
256 0.00113856425963
257 0.000986307014499
258 0.000592623372655
259 0.00210498814684
260 0.00111081815864
261 0.00111523779692
262 0.001779872063
263 0.00158411920497
264 0.00058928135411
265 0.00209422579718
266 0.000577067895427
267 0.328228851683
268 0.00111372365661
269 0.00352413549032
270 0.000153719023261
271 0.00198264497231
272 0.00090368474538
273 0.000448865268601
274 0.00136541343759
275 0.000198373338623
276 0.000261726309935
277 0.000463619908698
278 6.46881670967e-05
279 0.000518380259821
280 0.000965884699881
281 0.00111654253074
282 0.154718734146
283 0.000188674659742
284 0.00566276206035
285 0.000524124837312
286 0.000536830432874
287 0.00100426502678
288 0.00189925016676
289 0.000421276197693
290 0.00270841590699
291 0.000366994025337
292 0.0128878977808
293 0.000413993424623
294 0.00331245794731
295 0.00626453062217
296 0.00691785317568
297 0.000567644027627
298 0.000520306089829
299 0.000834308084297
300 0.000550003696025
301 0.00031887755102
302 0.000368121502478
303 0.000584742508044
304 8.7525555301e-05
305 0.000415813970817
306 0.00023708716671
307 0.000465278672147
308 0.00173611111111
309 0.00118693983143
310 0.000207028621707
311 0.0143603547422
312 0.00232254318479
313 0.135877597742
314 0.000779667406805
315 0.00165905546469
316 0.00206228779093
317 0.000878728401055
318 0.0109381959087
319 0.00122723363555
320 0.000309242421726
321 0.0473353712367
322 0.00181656858307
323 0.0630031232693
324 0.00182544137619
325 0.00292184075968
326 0.00194170203406
327 0.000873595573782
328 0.000313037014999
329 0.000500232402589
330 0.00500859223999
331 0.000198373338623
332 0.000368121502478
333 0.000661224489796
334 0.000866467120715
335 0.000201792241533
336 0.000331600598128
337 0.000250514844847
338 0.0152466175661
339 0.000229568411387
340 0.00508801779695
341 0.000813999157511
342 0.00125550656071
343 0.000185667324129
344 0.000477189178999
345 0.000422315103727
346 0.00194530029743
347 0.00198791026005
348 0.00185286606315
349 0.723446997623
350 0.0020515193815
351 0.00177235573037
352 0.00265531932549
353 0.00657754755194
354 0.0029416834243
355 0.000596246586976
356 0.000635330403563
357 0.00333352890036
358 0.0029416834243
359 0.00103400424715
360 0.000349508802571
361 0.000604279848282
362 0.00112025124031
363 0.000610500322915
364 0.00223365189065
365 0.00310895326409
366 0.000370963031902
367 0.00141132409972
368 0.000477560027385
369 0.00225430141738
370 0.00983740108288
371 0.00532868800372
372 0.0047181876808
373 0.030861746182
374 0.00203638780644
375 0.00127802465836
376 0.0029776110586
377 0.00129490440003
378 0.00141101862862
379 0.00169477155943
380 0.0107632326982
381 0.00199651887618
382 0.0114710630797
383 0.0289506388496
384 0.000247513025856
385 0.00925187992982
386 0.00151993590348
387 0.000571058986015
388 0.00241252107864
389 0.00232140146516
390 0.000421294161739
391 0.00194413722375
392 0.00140332488379
393 0.00208852460263
394 0.00114693411943
395 0.0010553198335
396 0.000985095115646
397 0.00120086266052
398 0.0290196307094
399 0.000728883373995
400 0.00092961035722
401 0.00158510084396
402 0.00285628482562
403 0.00623187994763
404 0.00346586848286
405 0.000296725543174
406 0.00348273630184
407 0.000190578144111
408 0.00054794568587
409 0.000198360463259
410 0.000278084204306
411 0.01026980239
412 0.000149203694357
413 7.62528955177e-05
414 0.000937109537693
415 0.000432025345487
416 7.63450275119e-05
417 0.00104245007943
418 0.00907888601686
419 0.00265531932549
420 0.0060753192456
421 0.000930767020971
422 0.00206318400267
423 0.000998981747771
424 0.00165630070308
425 0.00321368154216
426 0.00109171645927
427 0.000935517844498
428 0.00121229204953
429 0.000537770611189
430 0.00162722151686
431 0.0497170988724
432 0.00767115696718
