1 0.00115172731255
2 0.000692520775623
3 0.000414460630882
4 0.000554678204435
5 9.89680561201e-05
6 0.000453417836125
7 0.000224859440891
8 0.00198356488645
9 0.001610500382
10 0.000205916065073
11 0.00197351819689
12 0.021457723795
13 0.516312965916
14 0.00549380518527
15 0.00350642077904
16 0.0119369716842
17 0.00108585096842
18 0.00219446566909
19 0.00360682626061
20 0.000240519306196
21 0.00192882366387
22 0.000292470402976
23 0.00037212974131
24 0.00127799366771
25 0.00028773340994
26 0.00143680125359
27 0.00208930858766
28 0.000662015004296
29 0.000726906212842
30 0.000198024550403
31 0.000486099078956
32 0.000721561294879
33 0.000540832882639
34 0.000895516818925
35 0.000554678204435
36 0.0343187537998
37 0.00253103276296
38 0.00215367426609
39 0.00106525596967
40 0.000987015121631
41 0.000263395792242
42 0.000752900059488
43 0.00217913952718
44 0.00558647333676
45 0.000260080024623
46 0.00239812611541
47 0.000393967374577
48 0.000486878052239
49 0.00429308540706
50 0.0247560299831
51 0.0230534631336
52 0.285194926907
53 0.00175997490148
54 0.000716635417978
55 0.00172763574577
56 0.000820227727115
57 0.000794736587134
58 0.000401926934185
59 0.00733253176834
60 0.000434752062638
61 0.00333040351058
62 0.000114730348802
63 0.000386386561993
64 0.00751163708087
65 0.0125266435683
66 0.0794346777931
67 0.000211262844781
68 0.0149455048504
69 6.30993955701e-05
70 0.133164452176
71 0.00168698520076
72 0.0296713940325
73 0.00225789038355
74 0.000368710496882
75 0.000921478617489
76 0.00796211902423
77 0.000440748107959
78 0.00286989795918
79 0.0028147019042
80 0.00261357469232
81 0.00185602508449
82 0.00169342970914
83 0.00375828522753
84 0.00194615957445
85 0.000238921583421
86 0.000578411969406
87 0.000707568844583
88 0.000762841442488
89 0.000546221092442
90 0.000469319284292
91 0.00206815579577
92 0.00361472708391
93 0.00419185836922
94 0.0122814297232
95 0.00036036575397
96 0.00767685580819
97 0.00329546140079
98 0.00549945441709
99 0.00106257230522
100 0.00312201809513
101 0.000233887571871
102 0.00237747820109
103 0.000462481211701
104 0.000542295133235
105 0.000859425564197
106 0.00101856043459
107 0.327786018876
108 0.00939622772644
109 0.000624239820766
110 0.00222919514463
111 0.00190067488808
112 0.000707568844583
113 0.000638643070904
114 0.000725745020809
115 0.000938705296514
116 0.00068793353052
117 0.00067806709638
118 0.00186935662618
119 0.00158468810569
120 0.000802492247547
121 0.00102417137337
122 0.000765611912891
123 0.000489383275444
124 0.0208357988166
125 0.00045118463957
126 0.000882978695992
127 0.0161269049595
128 0.0125182279154
129 0.00232257586777
130 0.000320355446375
131 0.000380645917593
132 0.00367655173059
133 0.0212419455901
134 0.00116754677818
135 0.000121931910785
136 0.000922225848184
137 0.000238057820153
138 0.00161314162859
139 0.00174145544977
140 0.001024
141 0.000405169574812
142 0.000387500775002
143 0.000901501877086
144 0.00190729743712
145 0.000589122443209
146 0.000515591061218
147 0.0737107996744
148 0.00659776462853
149 0.00194375982456
150 0.000368121502478
151 0.00205963065573
152 0.000246676600435
153 0.000169763074409
154 0.00110585082009
155 0.00140413537329
156 0.000230440465346
157 0.000901621058894
158 0.00112616337989
159 0.00051841234767
160 0.00112764002542
161 0.000514544935965
162 0.00212612129009
163 0.0090720889168
164 0.0111628323827
165 0.0168072438181
166 0.000384467512495
167 0.000692520775623
168 0.000973180467908
169 0.000332510303829
170 0.000529971617564
171 0.000132205374512
172 0.000414763866173
173 0.00161314162859
174 0.0192542327331
175 0.00317253426498
176 0.00118225630331
177 0.000551037051731
178 0.00210540448867
179 0.0377984658286
180 0.406451252947
181 0.00211686393793
182 0.000549851601553
183 0.0011840558326
184 0.00155302332818
185 0.00169822708465
186 0.0135282445233
187 0.000602205577929
188 9.6449704142e-05
189 0.000567031825751
190 0.00591715976331
191 0.00171309608594
192 0.00344114325319
193 0.000491357778239
194 0.000746636394408
195 0.000469319284292
196 0.000557269551196
197 0.000255318696243
198 0.000901501877086
199 0.00050817924661
200 0.000363088377454
201 0.00504847645429
202 0.00210893561554
203 0.000370986363277
204 0.203240207097
205 0.00175065640561
206 0.00111925748633
207 0.00137128666681
208 0.0691710069444
209 0.345476056039
210 0.00952622553856
211 0.00206992847399
212 0.00137074708383
213 0.0275223302617
214 0.000746060730265
215 0.00223276185687
216 0.000529932270416
217 0.000767455621302
218 0.0435967273441
219 0.00116705961972
220 0.0010131640974
221 0.000211186098675
222 0.00690985199788
223 0.00252917857752
224 0.00184749153586
225 0.000820227727115
226 0.00219027575946
227 0.000627612327352
228 0.000692520775623
229 0.000240395589847
230 0.000452693526483
231 0.0165790918595
232 0.00357194997861
233 0.000290527885261
234 0.271148346501
235 0.00067806709638
236 0.000384467512495
237 0.00185470810233
238 0.000270428056129
239 0.150205757355
240 0.000543864167966
241 0.000572151398938
242 0.514367399319
243 0.000455426872446
244 0.00618551322047
245 0.000615174555079
246 0.00108232875571
247 0.000469319284292
248 0.000264392887831
249 0.000414763866173
250 0.000813441626883
251 0.000205916065073
252 0.00119102238204
253 0.000334504633904
254 8.84867757882e-05
255 0.000266271604938
256 0.0476388375287
257 0.00361127642223
258 0.000456895619254
259 0.00968991502587
260 8.94209435027e-05
261 0.000581949699144
262 0.00060105759497
263 0.000548927332397
264 0.000645490448807
265 9.19415900487e-05
266 0.000459708904966
267 0.00155149864042
268 0.00060796064652
269 0.000731254704925
270 0.000989650296918
271 0.00286989795918
272 0.0108928973608
273 0.00200612281048
274 0.00191070164849
275 0.00289511515565
276 0.000194699110314
277 0.00198404915522
278 0.000912631529889
279 0.00053168370377
280 0.000513722979199
281 0.00180368787339
282 0.000264392887831
283 0.000176013244997
284 0.000267647929447
285 0.00103042326579
286 0.00288759595652
287 0.00252360333096
288 0.00112775673869
289 0.000540832882639
290 0.000217908149595
291 0.000609033864946
292 0.0033789775788
293 0.000488077507622
294 0.000221525148729
295 0.000336425034544
296 0.000615824926506
297 0.000996769150368
298 0.00459638035047
299 0.00125946367402
300 0.00632891764749
301 0.000480917205294
302 0.000725745020809
303 0.000635358569677
304 0.000491203913284
305 0.000490334141142
306 0.000721561294879
307 0.000428756316468
308 0.000114638327
309 0.000302667981941
310 0.000390228940268
311 0.0154667220639
312 0.000473009405618
313 0.00262832466797
314 0.00388479428864
315 0.00379820086879
316 0.000200926282049
317 0.000212639378468
318 0.00429408587059
319 0.00512914324311
320 0.0012240010731
321 0.00065608818962
322 0.00101457017075
323 0.120007846907
324 0.00428469122592
325 0.000554292285039
326 0.000508384349215
327 0.0464001828424
328 0.014159458737
329 0.00122636224621
330 0.00146605938434
331 0.000326204289901
332 0.000503778733464
333 0.00150815345461
334 0.000645490448807
335 0.000233532109297
336 0.000488601513023
337 0.000179870142189
338 0.000472463760092
339 0.000973180467908
340 0.00197024867371
341 0.0141544389083
342 0.0139551731769
343 0.0676200101259
344 0.037231526234
345 0.00041775147929
346 0.0014310843966
347 0.000302667981941
348 0.00107497984413
349 0.000240555640872
350 0.0387097040818
351 0.00116660485581
352 0.00147928994083
353 0.000162252226372
354 0.00312730700349
355 0.0121542803256
356 0.0522197921395
357 0.00019247327855
358 0.000797300558905
359 0.00152677263307
360 0.000889737364532
361 0.000591416978304
362 0.00116272931942
363 0.000165957457843
364 0.000506469135802
365 0.000414763866173
366 0.000360426032277
367 0.00424998190672
368 0.00171728429796
369 0.00282324813139
370 0.000493827160494
371 0.0369499346543
372 0.122699834604
373 0.00190373167652
374 0.000488601513023
375 0.00238118192132
376 0.00120439330959
377 0.00409284592958
378 0.00459638035047
379 0.00464685547034
380 0.00219528674679
381 0.000544387735912
382 0.00374457552947
383 0.000449225512898
384 0.000503778733464
385 0.00221050051843
386 0.000544387735912
387 0.00122254689415
388 0.000211186098675
389 0.000437720875442
390 0.000360426032277
391 6.28053438026e-05
392 0.0599013322482
393 0.00162460008438
394 0.000222766763199
395 0.000495631304708
396 0.00379580154732
397 0.00178959372663
398 0.0187550461303
399 0.000970756746125
400 0.000647278063314
401 0.000820227727115
402 0.000222501011045
403 0.000706223432515
404 0.000395557352968
405 0.00182819671732
406 0.00953105429474
407 0.00175908596244
408 0.0481597625953
409 0.000184132521995
410 0.00104245007943
411 0.00510576153877
412 0.000405169574812
413 0.00124135491142
414 0.00324508953272
415 0.000226586435672
416 0.0015296993954
417 0.000178074444856
418 0.000727311658282
419 0.160130841972
420 0.000662681042979
421 0.00541181953743
422 0.00761136154892
423 0.000551037051731
424 0.0562309410727
425 0.000706063868271
426 0.00111870842992
427 0.00110359092215
428 0.00188313702959
429 0.00615379461812
430 0.0035657122026
431 0.00105376048577
432 0.00341082894928
