1 0.000432922678856
2 0.000278452154088
3 0.000657390949509
4 0.000419226463453
5 0.00106912962454
6 0.00111460475614
7 0.00130416328283
8 0.00060184944576
9 0.00106912962454
10 0.00128825885256
11 0.00128673988025
12 0.00213374361853
13 0.0119258563157
14 0.00286144590087
15 0.000975027419044
16 0.000224859440891
17 0.00519396489799
18 0.0027808699609
19 0.0054390624864
20 0.0044035891512
21 0.00188458728999
22 0.00179981634527
23 0.000411397937183
24 0.00212822142892
25 0.00111101747318
26 0.0048192032341
27 0.0005098855359
28 0.000616102922651
29 0.00273399119997
30 0.000695086057763
31 0.00103559023122
32 0.000444630452883
33 0.00102582287458
34 0.000514544935965
35 0.000724183439721
36 0.0005098855359
37 0.00147928994083
38 0.00107777777778
39 0.00521175898653
40 0.00270841590699
41 0.00699807947648
42 0.003995530319
43 0.0245188089832
44 0.00863676766016
45 0.00121181862811
46 0.000274838351075
47 0.008265775283
48 0.00488553477906
49 0.126536967747
50 0.00313279551931
51 0.0547564536442
52 0.00902199525779
53 0.000561680638617
54 0.00022685098309
55 0.000555199734215
56 0.000602667657772
57 0.00563629008083
58 0.00102582287458
59 0.000641
60 0.00402174008588
61 0.00024177378851
62 0.00190809939936
63 0.000724183439721
64 0.015383690884
65 0.000480500740241
66 0.0246199855287
67 0.00177474081955
68 0.00543040183443
69 0.00127551020408
70 0.000341022567607
71 0.000658399753303
72 0.00165356209081
73 0.00446998679461
74 0.00142092769291
75 0.000935863131546
76 0.00101386949985
77 0.00312973739547
78 0.00117414054477
79 0.621100505303
80 0.201030114324
81 0.0001647032285
82 0.000632723922604
83 0.00128825885256
84 0.000756418749269
85 0.00123055413241
86 0.000219885745305
87 0.000360336675528
88 0.000215125949128
89 0.000964102067055
90 0.000549851601553
91 0.00583255287369
92 0.00321566311436
93 0.00292190123518
94 0.00160900941549
95 0.0026817743721
96 0.00694502098177
97 0.00267132386746
98 0.00846738599423
99 0.000534995734714
100 0.0026492890918
101 0.000602667657772
102 0.000207401478222
103 0.00101415805548
104 0.000759011894832
105 0.000206350123971
106 0.0101706105267
107 0.0100939035953
108 0.0129153004133
109 0.000213506807615
110 0.00138426937271
111 0.789166410904
112 0.000432922678856
113 0.000419903895495
114 0.00018662313889
115 0.000529804014831
116 0.000360336675528
117 0.000254470884455
118 0.00198069462078
119 0.000392628166762
120 0.000291696396171
121 0.00914121963347
122 0.0679308769637
123 0.000806933554088
124 0.00423981181602
125 0.000753503855277
126 0.000971496036431
127 0.0315372187233
128 0.00131448995397
129 0.0112773122406
130 0.00131448995397
131 0.0158622381714
132 0.00206228779093
133 0.00239952972484
134 0.00176124697662
135 0.000593699311313
136 7.13549788372e-05
137 0.0550552936977
138 0.12968573015
139 0.000529932270416
140 0.00140338448877
141 0.000419210277482
142 0.00072330966392
143 0.000211186098675
144 0.00274690259264
145 0.0009
146 0.000615118732678
147 0.00138426937271
148 0.000616647742161
149 0.000799770175933
150 0.00831058485134
151 0.00323496782701
152 0.000181529375718
153 0.003323183391
154 0.000847274452841
155 0.00375596854376
156 0.00102550704081
157 0.00124759691014
158 0.000175937218083
159 0.000222766763199
160 0.000770407813815
161 0.00782377195154
162 0.0656521662789
163 0.00539252722592
164 0.000615118732678
165 0.154576088832
166 0.000470950279707
167 0.00347381201903
168 0.000747194130375
169 0.000599538327428
170 0.000863640149938
171 0.000798483866436
172 0.00893364446239
173 0.00282321640747
174 0.00029662553691
175 0.00172728718074
176 0.0036673528629
177 0.0716986127616
178 0.000270219553387
179 0.0248195887363
180 0.000393675988914
181 0.00049166658486
182 0.00110905635221
183 0.00514826783964
184 0.000572179115021
185 0.0014392286072
186 0.000463677025582
187 0.000489464221149
188 0.00284444444444
189 0.00158468422692
190 0.00851912555906
191 0.000187037045904
192 0.00140338448877
193 0.000264564934606
194 0.00176558858838
195 0.000534601030004
196 0.000724183439721
197 0.000297444483217
198 0.000608809925087
199 0.00209712638658
200 0.000659531312492
201 0.000515591061218
202 0.000418525013555
203 0.0243446082889
204 0.00377286998361
205 0.00284444444444
206 0.00174180152158
207 0.0284615985521
208 0.000170419077746
209 0.0058749490123
210 0.00430166041076
211 0.00892919214847
212 0.00226549959301
213 0.000195608587217
214 0.000824486395974
215 0.000845794485634
216 5.27486040679e-05
217 0.00600768740422
218 0.0561012598558
219 0.000673677556921
220 0.00217649533783
221 0.00122576598404
222 0.00328875528321
223 0.00274690259264
224 0.000638972002168
225 0.00046113747724
226 0.000463677025582
227 0.0147882305371
228 0.000374664497003
229 0.00899448384776
230 0.0123016969023
231 0.001129476273
232 0.00019265006278
233 0.00109684665051
234 0.000849710698422
235 0.00204558514992
236 0.000239791513137
237 0.00030172105422
238 0.0162371418618
239 0.000529932270416
240 0.00342862213085
241 0.12768534564
242 0.0174377585332
243 0.000954734835111
244 0.00459638035047
245 0.00075751199394
246 0.0027429477581
247 0.000432584627396
248 0.00130237635804
249 0.000147593902296
250 0.00472000466173
251 0.000222766763199
252 0.000747194130375
253 0.00120716226418
254 0.000558352778899
255 0.00406294518436
256 0.000796213605263
257 0.0288612333059
258 0.0105192824158
259 0.00976716166299
260 0.0016638495776
261 0.000684954392061
262 0.000555199734215
263 0.00115240463456
264 0.000866435986159
265 0.00430231605173
266 0.00113700297869
267 0.000456947854149
268 0.000339907414659
269 0.00112994669211
270 0.0918887392873
271 0.0702768294046
272 0.000257397076478
273 0.000548973244362
274 0.00121223417789
275 0.000548320579896
276 0.000867885814085
277 0.000418540612502
278 0.00028502211871
279 0.00250252433384
280 0.000378358332136
281 0.000659531312492
282 0.000393675988914
283 0.000521256854528
284 0.000281554624077
285 0.000454774502394
286 0.0101361376085
287 0.000948678791244
288 0.611012580864
289 0.00462612974964
290 0.000289458969406
291 0.00128192298424
292 0.00125400948912
293 0.00176028694918
294 0.00133305733091
295 0.00218008254801
296 0.0146577500788
297 0.0746255088603
298 0.215621247433
299 0.000216661066768
300 0.00393631723995
301 0.00068057629914
302 0.000294348851428
303 0.000493739135373
304 0.000694550139446
305 0.00519322830258
306 0.000500615083088
307 0.000429008085258
308 0.00135188902848
309 0.00376052871607
310 0.000178944486889
311 0.000742820487125
312 0.00042724780578
313 0.000547817078256
314 0.000463635785343
315 0.000463493220417
316 0.000891686585758
317 0.00214946724442
318 0.000634260844051
319 0.0005098855359
320 0.000873240034828
321 0.00118196488826
322 0.00181543250075
323 0.00519629415061
324 0.0976390324163
325 0.100126532559
326 0.05499781397
327 0.000704832015036
328 0.000363642499277
329 0.00393631723995
330 0.000492950414709
331 0.00124080407168
332 0.00299259273446
333 0.000265798863611
334 0.00557658326805
335 0.000207401478222
336 0.000254470884455
337 0.00178126166148
338 0.000763336747538
339 0.00136340818591
340 0.038673509849
341 0.116008798501
342 0.000324883081077
343 0.00383464857378
344 0.00264824223179
345 0.00062865230095
346 0.00368596320235
347 0.000166486462219
348 0.000372683770367
349 0.00632891764749
350 0.00320846985183
351 0.000892669607225
352 0.00875736983424
353 0.0139184254478
354 0.00184649156752
355 0.000548092303218
356 0.000444696397077
357 0.000889591165591
358 0.0016618171046
359 0.000290019971935
360 0.00161858025667
361 0.000381172828161
362 0.001312
363 0.00168689615992
364 0.000355998576006
365 0.00301977837469
366 0.00292076212455
367 0.00176299243184
368 0.000745291490582
369 0.0175558168219
370 0.198754949266
371 0.0117620886412
372 0.00402366863905
373 0.00183679966791
374 0.00247076124567
375 0.00107932345236
376 0.00590596805668
377 0.00227730992478
378 0.0147700853639
379 0.00151957312716
380 0.00881007276448
381 0.00158954189504
382 0.00268366105051
383 0.000493739135373
384 0.00258094331501
385 0.000445930149633
386 0.000147593902296
387 0.000737959523161
388 0.000256884650292
389 0.000412080019536
390 0.000641
391 6.95732241005e-05
392 0.00128228581078
393 0.00675542188283
394 0.000368121502478
395 0.000578973490702
396 0.000543638755403
397 0.00343364713154
398 0.00343602506724
399 0.264799321987
400 0.00178126166148
401 0.00129577500084
402 0.00104058272633
403 0.000108849827636
404 0.00101205245005
405 0.000353858844858
406 0.0009
407 0.00022464043154
408 0.000464506806707
409 0.164843354284
410 0.000521256854528
411 0.000418008415682
412 0.000183233556936
413 0.000387840018386
414 0.00112952634609
415 0.0013593841384
416 0.000521256854528
417 0.00102582287458
418 0.00140815026277
419 0.0146269351435
420 0.000625
421 0.000429958660917
422 0.00865484707708
423 0.00922190107236
424 0.00312937567021
425 0.000570672023375
426 0.00129152987244
427 0.00140235187298
428 0.000755200745877
429 0.000528471396486
430 0.00429991937651
431 0.00530513026272
432 0.00224569660555
