1 0.00102414053772
2 0.0141529467091
3 0.00268181627758
4 0.000301408179012
5 0.000604316881967
6 0.000436935828458
7 0.000649444439249
8 0.0009
9 0.01
10 0.00029548428032
11 0.000301408179012
12 0.00297352961909
13 0.0211731800471
14 0.0101792740474
15 0.00285394968241
16 0.000435648705389
17 0.000947476075681
18 0.00100664767331
19 0.00123808896511
20 0.00606175975686
21 0.00293099910414
22 0.00656037805842
23 0.000437536620954
24 0.00031051271245
25 0.0187405588468
26 0.000511865031429
27 0.00168971823581
28 0.00175696511169
29 0.000555199734215
30 0.00064138778553
31 0.00365320500303
32 0.00222413459303
33 0.000574528266331
34 0.00927629459593
35 0.0267131124777
36 0.000187011469063
37 0.000211955446303
38 0.000784015670829
39 0.00460014110139
40 0.11168374478
41 0.0037632661282
42 0.000888521579431
43 0.000555199734215
44 0.000852572356554
45 0.00280643551037
46 0.00456330727359
47 0.000865051903114
48 0.0146519396923
49 0.072147395152
50 0.000970202312482
51 0.000443548844222
52 0.000519357924031
53 0.000452647045213
54 0.000495587683734
55 0.000600730488274
56 0.00132329590517
57 0.000545899205171
58 0.257566172303
59 0.00146265760366
60 0.00218870763654
61 0.000424074973741
62 0.000423553719008
63 0.00396961823656
64 0.000860200953958
65 0.00191908229054
66 0.000284130701896
67 0.00138639158897
68 0.000539438085328
69 0.000876471606648
70 0.000483458375007
71 0.00697883472057
72 0.000392661045414
73 0.00299616918155
74 0.0010270159519
75 0.000237142214
76 0.00123355145747
77 0.00011445502496
78 0.000520188896709
79 0.00166250924001
80 0.000173130193906
81 0.000262616373149
82 0.000198750131044
83 0.000523166218697
84 0.00110024285848
85 0.000891067052796
86 0.00075934754737
87 0.000366771109651
88 0.000286127547666
89 0.000177777777778
90 0.000846250009787
91 0.00107694059127
92 0.120398308776
93 0.0362784702425
94 0.207446666153
95 0.00422958290539
96 0.000516645085151
97 0.000186846673118
98 0.000555810731007
99 0.000447347551112
100 0.000187421467124
101 0.000863640149938
102 0.00103660791224
103 0.00495285109603
104 0.0038744126724
105 0.0090652983681
106 0.00139542125223
107 0.000992549750025
108 0.00205642129599
109 7.22259226862e-05
110 0.00326037794262
111 0.000247182617973
112 0.00642161436713
113 0.000308688950865
114 0.000510493312971
115 0.000308688950865
116 0.00073155821335
117 0.000557298786159
118 0.000162020291776
119 0.0518589324198
120 0.000406277005111
121 0.0159900104058
122 0.000483458375007
123 0.000519357924031
124 0.000517469351325
125 0.00239469648084
126 0.0035380868356
127 0.000843324737155
128 0.000575447511557
129 0.000333970281454
130 0.00286654240032
131 0.00626782538588
132 0.0076115171452
133 0.000888032390295
134 0.00104584749266
135 0.0224607161603
136 0.000291208983215
137 0.000953252385338
138 0.000966468898494
139 0.000565815167649
140 0.000571884391224
141 0.00390684537418
142 0.00107450707397
143 0.00197530864198
144 0.00183663866104
145 0.000649186392579
146 0.0399726655837
147 0.0525024809971
148 0.000517469351325
149 0.00107055751831
150 0.00340254801702
151 0.000740432227313
152 0.000526049995792
153 0.000450921968348
154 0.000269882376983
155 0.000500830450491
156 0.000906030133891
157 0.000489836098315
158 0.0072925903901
159 0.00200577210623
160 0.00192091679174
161 0.00190009513476
162 0.0104852598119
163 0.000939064088288
164 0.00350283111272
165 0.0011681694374
166 0.000466082609227
167 0.000885185438153
168 0.00123355145747
169 0.000262466178531
170 0.000517469351325
171 0.00106494700516
172 0.00132329590517
173 0.00372579219726
174 0.0212243563427
175 0.00273861233588
176 0.000341416435733
177 0.00446941533925
178 0.000339907414659
179 0.00322830578512
180 0.00195900450156
181 0.0048092071281
182 0.00137634568815
183 0.00389572551505
184 0.000903007516701
185 0.000554154652594
186 0.00108483747109
187 0.00101269510926
188 0.00133702526417
189 0.00415289933821
190 0.000300495505497
191 0.002992183505
192 0.000987654320988
193 0.000291674917588
194 0.000863640149938
195 0.000429719836418
196 0.000235326777889
197 0.000607860758066
198 0.000589122443209
199 0.000243054028834
200 0.00163124683583
201 0.000266012442316
202 0.00369355297405
203 0.000206073050992
204 0.00293384417749
205 0.000704832015036
206 0.314564240877
207 0.00064230388737
208 0.000498882438873
209 0.00149039592382
210 0.000215125949128
211 0.00546461871087
212 0.0116085956679
213 0.0235902340878
214 0.00517901444019
215 0.000956053953562
216 0.017714492776
217 0.0004860197394
218 0.00267417056678
219 0.000641591631819
220 0.00058570559719
221 0.000630715299045
222 0.000451923966866
223 0.000329415601812
224 0.000288494913023
225 0.00113197659184
226 0.000452560618688
227 0.00132329590517
228 0.00162540981307
229 0.000392141872413
230 0.00238941199435
231 0.000656392213739
232 0.00175696511169
233 0.000725441642645
234 0.00114817581155
235 0.00175204387296
236 0.000576
237 0.00328093632216
238 0.000354958992597
239 0.000187331557098
240 0.00720367580129
241 0.00373681957759
242 0.00761750371773
243 0.013249729778
244 0.00018662313889
245 0.000765184100177
246 0.000407792024762
247 0.000242536431736
248 0.000649444439249
249 0.000649444439249
250 0.000398518594618
251 0.000308688950865
252 0.000901670106962
253 0.000885868451609
254 0.00173437793207
255 0.0140242433518
256 0.0145807708886
257 0.00129068910837
258 0.0543627999256
259 0.000306495147078
260 0.000369670411596
261 0.000776390073709
262 0.000511770508548
263 0.00480110291454
264 0.00105376048577
265 0.000445837518262
266 0.000607692955138
267 0.000241304552738
268 0.00129800645392
269 0.0019779249739
270 0.0122488505311
271 0.00094674556213
272 0.116671896225
273 0.0111689387083
274 0.051994954736
275 0.00197375133733
276 0.00132329590517
277 0.00249490575782
278 0.000618760847535
279 0.00073212268728
280 0.000193048959913
281 0.0031640625
282 0.00141212773654
283 0.000782104139123
284 0.00211507023115
285 0.00734383406391
286 9.16826305466e-05
287 0.000882266444466
288 0.0023710854224
289 0.00284365746296
290 0.00758926624005
291 0.00803980918245
292 0.000924488677867
293 0.00142602309413
294 0.00120053245838
295 0.00440531434995
296 0.0732152906402
297 0.00214496803542
298 0.000555927947482
299 0.00228530636526
300 0.000306251993591
301 0.00231684299505
302 0.000247026991559
303 0.000565815167649
304 0.000608757961013
305 0.000308688950865
306 0.00363855697815
307 0.000424074973741
308 0.000523166218697
309 0.00188415516108
310 0.0319390532544
311 0.0156770775934
312 0.000426823658315
313 0.018420644313
314 0.000499137091796
315 0.00175663638442
316 0.000514655748828
317 0.0251339493947
318 0.000850366339393
319 0.00835343942168
320 0.00623994298396
321 0.0149418004295
322 0.000849710698422
323 0.00732934717148
324 0.00142567502893
325 0.330940125072
326 0.0982976602163
327 0.000516559885982
328 0.000416493127863
329 0.00595084481059
330 0.00156657384233
331 0.000171261974177
332 0.000493827160494
333 0.00119134181306
334 0.000600730488274
335 0.000246059207997
336 0.00119134181306
337 0.000427086284306
338 0.000768932715384
339 0.00269599567277
340 0.00024838921762
341 0.0271240286257
342 0.00238216458609
343 0.0770534092859
344 0.0015336383527
345 0.00292769908555
346 0.00107614751733
347 0.000641825319514
348 0.0634681625572
349 0.00604669499745
350 0.00311310544828
351 0.0938184993373
352 0.000527133452391
353 0.0564968013852
354 0.019875388048
355 0.000266271604938
356 0.000235326777889
357 0.00121598799024
358 0.000924488677867
359 0.000571884391224
360 0.00481140927003
361 0.000496380624028
362 0.000524968776233
363 0.000571565635084
364 0.0022147682492
365 0.0011698816119
366 0.00058570559719
367 0.00483022193223
368 0.00239644444444
369 0.00377005581291
370 0.00560788622657
371 0.00160986771004
372 0.00350742126224
373 0.00250230041503
374 0.00185090725776
375 0.0016318136375
376 0.000276126300013
377 6.07185022769e-05
378 0.000178989985084
379 0.000938906725085
380 0.000340627062579
381 0.000223600314438
382 0.0146923783287
383 0.0124948564
384 0.000484231908407
385 0.000473850311062
386 0.000247182617973
387 0.000308688950865
388 0.00730513551026
389 0.000410488182739
390 0.00125057414477
391 0.000211955446303
392 0.00192033996908
393 0.000372383439917
394 0.000387537877791
395 0.00292678256135
396 0.00754257331585
397 0.000740589796231
398 0.000467459768195
399 0.00051928717905
400 0.00107385239787
401 0.00789151058673
402 0.00255749385505
403 0.00143124407201
404 0.00183509584971
405 0.000873595573782
406 0.0032286286157
407 0.00209169498532
408 0.00981299092722
409 0.00453139442786
410 0.589440199791
411 0.00390095296879
412 0.0146448138915
413 0.00395447530864
414 0.0028349866141
415 0.000308688950865
416 0.00167011122789
417 0.00111860542643
418 0.00232111680038
419 0.000566590166384
420 0.00319762106946
421 0.118031766505
422 0.00306275052176
423 0.0042563066607
424 0.00990223554363
425 0.000476582435151
426 0.000274838351075
427 0.00154387735486
428 0.00376057285659
429 0.0842717681079
430 0.129637921718
431 0.00557774471158
432 0.0443760173186
