1 0.00161971419835
2 0.00313647718388
3 0.000228989789282
4 0.00100744072897
5 0.00117338739134
6 0.000621266807752
7 0.000495810374199
8 0.000244140625
9 0.000863640819528
10 0.000230902270838
11 0.00117775247387
12 0.00301940350027
13 0.00308219033289
14 0.000828964142043
15 0.00732420665476
16 0.00173611111111
17 0.000616341024941
18 0.00253257757076
19 0.000798205382223
20 0.00162644583312
21 0.000309124228395
22 0.000677580097967
23 0.000215296158863
24 0.000621910770031
25 0.00116439433077
26 0.00117462956624
27 0.00104716083184
28 0.00033035976865
29 0.000229134239547
30 0.00759040399051
31 0.00667478320304
32 0.000218668106232
33 0.000510939834995
34 0.00171217756978
35 0.000254979063828
36 0.000666766776126
37 0.000178348034919
38 0.00117775247387
39 0.0054192191507
40 0.0323464665354
41 0.000862941624499
42 0.02142886196
43 0.000432584627396
44 0.000221159608125
45 0.00223090644191
46 0.000257508751546
47 0.43185761282
48 0.00075060987052
49 0.00107183862269
50 0.00126863338291
51 0.000875731556239
52 0.00167481707624
53 0.00840704811401
54 0.00171344275018
55 0.00115215048844
56 0.00468885428896
57 0.000109343383922
58 0.00055940976452
59 0.000560304820143
60 0.00170415393859
61 0.00105948484185
62 0.00116882168164
63 0.00136052136522
64 0.00230515243214
65 0.00731682372708
66 0.00672134439181
67 0.000236977965978
68 0.00180606570288
69 0.00278839765165
70 0.0149175455976
71 0.00467377780352
72 0.0207520119627
73 0.000884964598084
74 0.000485939956141
75 0.00138020698656
76 0.00108923125758
77 0.000641066222407
78 0.00437217825906
79 0.000510252543154
80 0.000409112807784
81 0.00246336109806
82 0.00240736092685
83 0.0284764319929
84 0.00187208260468
85 0.0103242775292
86 0.0081018120122
87 0.00101215522731
88 0.000586841235503
89 0.0005890104424
90 0.00184425458241
91 0.000573428164589
92 0.000397323636986
93 0.000572331219523
94 0.000182923910084
95 0.00011043103264
96 0.00249281422115
97 0.0676391244127
98 0.00609556839265
99 0.00057753907747
100 0.00122397980433
101 0.00113726305638
102 0.0115116891001
103 0.00124785534223
104 0.00021876910473
105 0.000469056259582
106 0.000616341024941
107 0.000643136114617
108 0.000208150219411
109 0.00169052069727
110 0.00157164776238
111 0.00144058761095
112 0.00371291240588
113 0.000910374554102
114 0.0031407092973
115 0.000298945808259
116 0.000409112807784
117 0.00107302444691
118 0.000236977965978
119 0.00082944
120 0.000512815627699
121 0.00222857142857
122 0.00186699503313
123 0.0132587495298
124 0.00277365491651
125 0.000587242135497
126 0.000656115627519
127 0.00251550383882
128 0.00112076235453
129 0.00018261504748
130 0.00154632697821
131 0.00277464478653
132 0.00622997682215
133 0.00408581314879
134 0.000452782064472
135 0.000178348034919
136 0.00185406129904
137 0.00274902860255
138 0.00016893664282
139 0.000788549482697
140 0.000486878052239
141 0.000649444439249
142 0.000729364636733
143 0.0028535685587
144 0.000254470884455
145 0.00155900890927
146 0.00092062131576
147 0.522722844275
148 0.0786584693982
149 0.00378460535716
150 0.00440876108573
151 0.000406472127115
152 0.00703797126256
153 0.000438400826017
154 0.00105538665936
155 0.00113726305638
156 0.000533543278475
157 0.00233057090901
158 0.00334124093688
159 0.0115586862713
160 0.0129006443609
161 0.00908944299556
162 0.00453472187649
163 0.000456570969391
164 0.00324289839288
165 0.00240513204445
166 0.00157164776238
167 0.00180681791683
168 0.000424231854989
169 0.000285456546489
170 0.000468989699759
171 0.00300387172182
172 0.00378628013567
173 0.00417344972206
174 0.018526716821
175 0.0011867860168
176 0.00623236269246
177 0.000616341024941
178 0.000507264020778
179 0.000657653109715
180 0.000926052294802
181 0.00435128483142
182 0.00809528675861
183 0.00161066222407
184 0.158273566342
185 0.00339022925335
186 0.00294684077247
187 0.233555746522
188 0.00156910772601
189 0.000511757338731
190 0.00155305879784
191 0.000360742848878
192 0.00187222633136
193 0.000397323636986
194 0.00102582287458
195 0.00128925287945
196 0.00102582287458
197 0.00947286447817
198 0.00101281835048
199 0.000696710406543
200 0.00514191195531
201 0.00790208727603
202 0.00098690470728
203 0.000586841235503
204 0.00384077496899
205 0.00386546406081
206 0.00018261504748
207 0.0067668319737
208 0.00149680489724
209 0.000534985029954
210 0.000235952877507
211 0.00308106835443
212 0.00172355781325
213 0.0297247801394
214 0.00218965605279
215 0.00225704987677
216 0.000993740051098
217 0.000247182617973
218 0.00187103220023
219 0.000214681533363
220 0.000512373620483
221 0.00136052136522
222 0.000197061105812
223 0.00116882168164
224 0.00135123803456
225 0.000369822485207
226 0.000249078546737
227 0.00126392436334
228 0.0135613007841
229 0.000670941987906
230 0.091519313744
231 0.10213745143
232 0.000525643490586
233 0.000645918367347
234 0.000841514180098
235 0.00806586479026
236 0.00214201054118
237 0.000375015575727
238 0.000844572958916
239 0.00996702393012
240 0.00110944029494
241 0.00355885034018
242 0.00117414054477
243 0.456986848146
244 0.123129405109
245 0.00601165060403
246 0.00092054941579
247 0.00372318818322
248 0.00267529254067
249 0.000240370170062
250 8.03112433257e-05
251 0.000517469351325
252 0.00084833631822
253 0.000940305134821
254 0.000951619405106
255 0.000182923910084
256 0.0063293842644
257 0.00053828125
258 0.00278126497628
259 0.000756546398722
260 0.000609812004649
261 0.00426016553675
262 0.00300781469613
263 0.00340263633981
264 0.00666249015173
265 0.00198847496145
266 0.00086604965084
267 0.00256001046905
268 0.0140754926697
269 0.022247275659
270 0.0423027061954
271 0.0935538013292
272 0.00921062883246
273 0.00041775147929
274 0.000258856224186
275 0.00267682850718
276 0.000884501836212
277 0.00129083151063
278 0.00084833631822
279 0.00187222633136
280 0.00155343796258
281 0.00134668798923
282 0.000621266807752
283 0.000494204567594
284 0.00275703171456
285 0.00517197183494
286 0.0015921919596
287 0.00187478852688
288 0.00333040351058
289 0.00306607249878
290 0.000563825258892
291 0.000251508859089
292 0.000859425564197
293 0.000828921261764
294 0.00661221121616
295 0.000413102884395
296 0.000611305236816
297 0.00182076997372
298 0.0628740770001
299 0.0196796153904
300 0.000380280421825
301 0.000857421631205
302 0.000596046447754
303 0.000675528537822
304 0.00155305879784
305 0.00304399524376
306 0.000570946120801
307 0.00089402986722
308 0.000788549482697
309 0.00214902855138
310 0.0100257170282
311 0.0152506254075
312 0.00177776744442
313 0.00107302444691
314 0.00244577927457
315 0.00182706253775
316 0.00423914849666
317 0.000955949630294
318 0.000147035152458
319 0.000121290923558
320 0.000192566772152
321 0.000255393305691
322 0.000384467512495
323 0.000574993321458
324 0.0407077730137
325 0.0134088140981
326 0.000692942130882
327 0.000268744961032
328 0.00761318421311
329 0.000431148662818
330 0.00050817924661
331 0.000491397510253
332 7.50898560015e-05
333 0.00060309324111
334 0.000409112807784
335 0.000301125438711
336 0.000412442975634
337 0.0011854085411
338 0.00147386018543
339 0.00177266263545
340 0.00198419250602
341 0.00249609832287
342 0.000837244941701
343 0.000159616744624
344 0.00171272941015
345 0.00057978013752
346 0.000430827913345
347 0.000228284983658
348 0.00270481685469
349 0.00748009162909
350 0.448111913326
351 0.0056370089194
352 0.000453465053444
353 0.00016384
354 0.000685141810943
355 0.000178348034919
356 0.000910374554102
357 0.000338551988374
358 0.00048702552952
359 0.00100603543636
360 0.000612685030879
361 0.0105823217062
362 0.0447010331796
363 0.000459175904733
364 0.000168592264146
365 0.000747850836992
366 0.00017792601857
367 0.120764461844
368 0.000151479289941
369 0.00119937782275
370 0.00330835534676
371 0.000613673929242
372 0.0057132116305
373 0.000445837518262
374 0.00954826422533
375 0.00425807816865
376 0.0011867860168
377 0.00140553279996
378 0.000299070317134
379 0.000517469351325
380 0.000491397510253
381 0.00124508874744
382 0.00118906064209
383 0.000386891257558
384 0.00285385391555
385 0.00134406135637
386 0.000218668106232
387 0.00211783655805
388 0.00727178025905
389 0.00434934341823
390 0.0260856993149
391 0.000594950628621
392 0.00205086766821
393 0.000487738640762
394 0.00167987182376
395 0.0016618171046
396 0.00119456908106
397 0.00673513340824
398 0.00103376595642
399 0.000174092702671
400 0.000442186068586
401 0.000855241754275
402 0.000465219976219
403 0.056086903495
404 0.00258181602668
405 0.00051361321151
406 0.000530716566719
407 0.00262984878369
408 0.000865051903114
409 0.000187011469063
410 0.000431148662818
411 0.00154156907462
412 0.000229166478934
413 0.000476367419738
414 0.00037125071528
415 0.0239525636251
416 0.00235259833658
417 0.00102417839709
418 0.000569059204009
419 0.00187447714418
420 0.00334043445528
421 0.00213482555224
422 0.000909067952829
423 0.000878711788755
424 0.000609572491389
425 0.000921168499856
426 0.000596046447754
427 0.000464476813317
428 0.000989079318318
429 0.00871109301275
430 0.00906469949388
431 0.0169946254899
432 0.119347252314
