1 0.000640274385746
2 0.000375189453516
3 0.00428819499376
4 0.0114276716074
5 0.00186963022783
6 0.00109600952707
7 0.00259232466841
8 0.00170650341438
9 0.000534598549901
10 0.00102297676749
11 0.000418907976831
12 0.00024520372248
13 0.075438449458
14 0.0152327091413
15 0.0301273184027
16 0.00120126317308
17 0.00046208363492
18 0.0141504963107
19 0.0113453879363
20 0.0024640527453
21 0.00129158253874
22 0.009587303727
23 0.00112775673869
24 0.000769214533464
25 0.00276868336059
26 0.00251964628989
27 0.000630405911533
28 0.00156451638553
29 0.00117402414039
30 0.000693513907804
31 0.00216779390379
32 0.00168672971594
33 0.00161963852556
34 0.000442840299743
35 0.000970005966424
36 0.000553112519016
37 0.00021826447345
38 0.000118250251968
39 0.00113481732264
40 0.00062897168706
41 0.00839067613352
42 0.00159202990031
43 0.00839653058311
44 0.0103218747352
45 0.000531063051326
46 0.00128964373925
47 0.00084015963033
48 0.00389309732706
49 0.000237357130724
50 0.00190768902679
51 0.000449332158645
52 0.00972128919371
53 0.00317226080247
54 0.000153123876618
55 0.00107890670787
56 0.00402523400867
57 0.00199964036443
58 0.000264411782783
59 0.00102297676749
60 0.000504123281966
61 0.000613900072784
62 0.000158433668487
63 0.000567272199503
64 0.00191630751496
65 0.00055940976452
66 0.000301595213186
67 0.00166863806747
68 0.0260507352474
69 0.000526452405412
70 0.000554652741726
71 0.000183543990691
72 0.00131334416671
73 0.00040479385787
74 0.00056081418145
75 0.00456945788209
76 0.00330752679523
77 0.00786853653671
78 0.00175221353478
79 0.00512393904321
80 0.00528650836085
81 0.000248979766504
82 0.000246542387474
83 0.000769858238349
84 0.000300572675106
85 0.000164102458909
86 0.000230029295171
87 0.000229134239547
88 0.00231229793877
89 0.0101530416709
90 0.337529600115
91 0.0030674556213
92 0.000884406019416
93 0.0100343125241
94 0.00359161093799
95 0.225439652875
96 0.00103521353581
97 0.0502545753578
98 0.00677062294102
99 0.000655593079041
100 0.00477314663016
101 0.00107973919761
102 0.00406863217022
103 0.00257347976051
104 0.00181559961773
105 0.00113835091951
106 0.000210401084803
107 0.00124419511512
108 0.0016644426928
109 0.000262256388402
110 0.00219229024943
111 0.000323676242838
112 0.000623267499101
113 0.00051652892562
114 0.000963367792823
115 0.0454738502472
116 0.000849923579496
117 0.00143412345506
118 0.0010294832566
119 0.0285369813598
120 0.000303511326085
121 0.00138596433067
122 0.000929191452873
123 0.000599206482937
124 0.000267690715715
125 0.00163720805907
126 0.00187915844585
127 0.0160365896284
128 0.00225859748521
129 0.000396049100806
130 0.000222766763199
131 0.00270041131792
132 0.000630405911533
133 0.000484231908407
134 0.000535011048783
135 0.000599650199888
136 0.000540832882639
137 0.000487738640762
138 7.24995054818e-05
139 0.000165957457843
140 0.00265531932549
141 0.0116640448601
142 0.00215616126431
143 0.00243715204625
144 0.00199479468595
145 0.00277114588615
146 0.0156271402687
147 0.0238481399289
148 0.00207766360195
149 0.00203668226329
150 0.000758843521089
151 0.00568284023669
152 0.000988539501535
153 0.00284480277405
154 0.00880547973221
155 0.00965554448822
156 0.0159161502211
157 0.000309124228395
158 0.031640443905
159 0.000658706304428
160 0.000886925449975
161 0.00082086061888
162 0.00026092603802
163 0.000813478054049
164 0.000200485550944
165 0.000135334083553
166 0.00165081172358
167 0.000156093867109
168 0.000280628755656
169 0.00105216025234
170 0.00051652892562
171 0.0274143060455
172 0.000606331674654
173 0.027373826839
174 0.0115336299145
175 0.000326293060243
176 0.00228530636526
177 0.00189082068171
178 0.000605505671078
179 0.0172392296319
180 0.00221132410882
181 0.00112770237989
182 0.000816326530612
183 0.000438367675636
184 0.00155601715906
185 0.00148441314659
186 0.000246542387474
187 0.00185366738588
188 0.000438367675636
189 0.000485411527217
190 0.00056801095927
191 0.00056801095927
192 0.000291224210054
193 8.41658131454e-05
194 0.000599554315304
195 0.00250149787675
196 0.000520306089829
197 0.000448871693423
198 0.0506549863693
199 0.00122442075987
200 0.000577243718203
201 0.00288191138746
202 0.00704592612831
203 0.159760812873
204 0.000473912975974
205 0.00035072071426
206 0.00418685121107
207 0.00236150243674
208 0.00471550322959
209 0.011252779253
210 0.000199777747256
211 0.000630405911533
212 0.000434578007928
213 0.00026801218711
214 0.0006148823129
215 0.00163861097937
216 0.00126046006792
217 0.0016618171046
218 0.000246712018141
219 0.00289401378316
220 0.00134316493517
221 0.00173836286126
222 0.000988539501535
223 0.00222761723271
224 0.000895693642655
225 0.00239433187618
226 0.00117431297768
227 0.00643076510848
228 0.00357691370594
229 0.00170056140859
230 0.00163868775357
231 0.00073456612692
232 0.0334871989119
233 0.00505032989186
234 0.0196019023366
235 0.00351616008095
236 0.000958915959186
237 0.00106252741176
238 0.000726652981462
239 0.00171788007231
240 0.00124323582821
241 0.000292405321496
242 0.000200485550944
243 0.000200485550944
244 0.000599650199888
245 0.000267665426412
246 0.000567800453515
247 0.000273770731984
248 0.000199777747256
249 0.131936785281
250 0.000667767165059
251 0.0152861700846
252 0.000250404540514
253 0.00126767298635
254 0.00026092603802
255 0.00329716759954
256 0.00112839828983
257 0.000393675988914
258 0.00460566166559
259 0.00168925467421
260 0.00097486928402
261 0.00198356488645
262 0.000222390481341
263 0.00466690210076
264 0.0034956577335
265 0.0145490268484
266 0.000625967147732
267 0.00100249928642
268 0.000541198531999
269 0.000601910125669
270 0.000970005966424
271 0.00178770916678
272 0.000520188896709
273 0.00199599637364
274 0.000599650199888
275 0.00510115947188
276 0.000497265832277
277 0.0204035261442
278 0.00059488399762
279 0.00343364713154
280 0.00469821452815
281 0.000794450016025
282 0.000277023459653
283 0.000560922187579
284 0.00045652077206
285 0.00894971865471
286 0.00168134311374
287 0.000939826244862
288 0.000384467512495
289 0.0184180355864
290 0.013725891948
291 0.01
292 0.00113151304768
293 0.00290219818839
294 0.0013632103604
295 0.00282721274776
296 0.000280628755656
297 0.000371994894574
298 0.000405169574812
299 0.000519357924031
300 0.000636639687922
301 0.000958915959186
302 0.000195608587217
303 0.000154238384431
304 0.000480917205294
305 0.000463905325444
306 0.000917004832051
307 0.000601910125669
308 0.165507257691
309 0.000846965269849
310 0.000222766763199
311 0.00857609254754
312 0.000515591351192
313 0.00244381231001
314 0.000344209196581
315 0.00102194369754
316 0.000326293060243
317 0.00471969845235
318 0.00286183894091
319 0.0245077636384
320 0.000538995209206
321 0.00107107438017
322 0.000599554315304
323 0.000970005966424
324 0.000407641808162
325 0.000205530666715
326 0.000475062473969
327 0.00043987320391
328 0.000143211255062
329 0.000774964851295
330 0.000603753126337
331 0.000303089671868
332 0.00110925381888
333 0.024698179394
334 0.000339907414659
335 0.15335635378
336 0.000937109537693
337 0.000628486743585
338 0.000759833868422
339 0.000613900072784
340 0.000364346936033
341 0.00068436915315
342 0.00199880787469
343 0.000434755469555
344 0.00250376582665
345 0.000808709134817
346 0.00106252741176
347 0.00880718307192
348 0.000540832882639
349 0.000218578313355
350 0.000541198531999
351 0.000541198531999
352 0.00056801095927
353 0.000405683621204
354 0.00102697277049
355 0.000212729005683
356 0.000249346369936
357 0.00157956408737
358 0.000205916065073
359 0.0023390301769
360 0.0775817949389
361 0.00221192524908
362 0.000342019709086
363 0.00132239330811
364 0.00502280100516
365 0.000497764971104
366 0.00048152042531
367 0.00263657038821
368 0.0007692609429
369 0.00197752774406
370 0.011971805909
371 0.186788009512
372 0.00196440994877
373 0.00591498046681
374 0.000726598219811
375 6.73087869544e-05
376 0.00101137484548
377 0.000335644775945
378 0.00095817662537
379 7.16833824645e-05
380 0.000482921358288
381 0.000301633745029
382 0.000891754604534
383 0.00147246967935
384 0.00046208363492
385 0.00170320403641
386 0.0139538519014
387 0.00020585130738
388 0.000224859440891
389 0.000177186663381
390 0.000229134239547
391 0.00169265573525
392 0.000273770731984
393 0.00112147106544
394 0.00113078985929
395 0.00810846720203
396 0.000676601289719
397 0.00212559684102
398 0.00449690899247
399 0.010334704981
400 0.00814455339825
401 0.014605981302
402 0.000997229916898
403 0.000224859440891
404 0.0242864737426
405 0.00123614454741
406 0.00143972549981
407 0.000291224210054
408 0.00107890670787
409 0.00102297676749
410 0.00101137484548
411 0.000190008790679
412 0.0146184545299
413 0.00198429752066
414 0.00164508887761
415 0.0510565056966
416 0.0015391015775
417 0.000676601289719
418 0.0021571788006
419 0.000293333355493
420 0.00125404450816
421 0.00110190940239
422 0.00189503123793
423 0.000195608587217
424 0.000220593625957
425 0.0719132868192
426 0.00965692470413
427 0.00112147106544
428 0.00118703843048
429 0.0738225299199
430 0.00419672200895
431 0.00511870836174
432 0.0674577940462
