1 0.000977493020928
2 0.00102800004806
3 0.000280549043636
4 0.00156657384233
5 0.000348609044474
6 0.000982537325942
7 0.00168715979082
8 0.0013077163982
9 0.00109282152858
10 0.00123249909955
11 0.000620029840796
12 0.0404227715188
13 0.00956321233111
14 0.0350857734398
15 0.000808846871372
16 0.00337220236158
17 0.00274506072685
18 0.00119352079732
19 0.00133137614106
20 0.00248531573773
21 0.00147234764329
22 0.00108371734388
23 0.000811433451415
24 0.00188904602045
25 0.000735221460467
26 0.000615118732678
27 0.0244678670227
28 0.00185073701883
29 0.00167879585744
30 0.000450343910069
31 0.0025070073988
32 0.000290901744905
33 0.000524124837312
34 0.000494963877675
35 0.000433305301369
36 0.00299963852924
37 0.000561973095428
38 0.00287380509471
39 0.0276153639405
40 0.00118787263765
41 0.511649524736
42 0.000839455577137
43 0.00500408496732
44 0.00027454936187
45 0.000512092091739
46 0.000608444730929
47 0.000660378820758
48 0.00090754713678
49 0.00047916145215
50 0.144172741925
51 0.00453335187744
52 0.00050453312926
53 0.000536146988048
54 0.000735221460467
55 0.000749989787721
56 0.000333266131521
57 0.000219572817854
58 0.00074684149538
59 0.00130826105309
60 0.000238517613035
61 8.67590912422e-05
62 0.00193526292793
63 0.0230811857436
64 0.0752760855675
65 0.0116677724586
66 0.00249301944615
67 0.00122593305863
68 0.00171603234103
69 0.010615713636
70 0.00110089405169
71 0.00955085888894
72 0.000582318391199
73 0.00104619989683
74 0.00277684254448
75 0.000698005629798
76 0.642162574857
77 0.00343490453381
78 0.00406782813566
79 0.000456570969391
80 0.00466357930596
81 0.000618796564441
82 0.00334849530262
83 0.000596046447754
84 0.000424774478734
85 0.000191568587541
86 0.000238517613035
87 0.00306509740065
88 0.00316359907463
89 0.000582318391199
90 0.00156667842665
91 0.00713778400115
92 0.000804788491525
93 0.417730675384
94 0.00279415794598
95 0.000860503213958
96 0.00184043903906
97 0.000576931394126
98 0.000593275116687
99 0.179552407338
100 0.00620063240126
101 0.000655904556818
102 0.00182287413312
103 0.000582318391199
104 0.00053824131222
105 0.00010140434486
106 0.0013742501255
107 0.00390625
108 0.00179670382299
109 0.000903007516701
110 0.000820187998716
111 0.00333386225325
112 0.00423321230457
113 0.00885167008821
114 0.00413908740744
115 0.0008829799636
116 0.00101256388736
117 0.000520306089829
118 0.000607981330525
119 0.000387500775002
120 0.0010991153975
121 0.00188892198604
122 0.00214197298591
123 0.000977124328606
124 0.000799099980531
125 0.00181941992166
126 0.00133848899465
127 0.000214681533363
128 0.00331942436403
129 0.000467001611938
130 0.000733423464223
131 0.00094674556213
132 0.00165905546469
133 0.00050453312926
134 0.00485246686971
135 0.00680168427347
136 0.00103053838791
137 0.00090754713678
138 0.000407792024762
139 0.00047839601852
140 0.00590909246226
141 0.00493001868911
142 0.000255591054313
143 0.00564150753302
144 0.000224192682508
145 0.0761499489679
146 0.00980456497224
147 0.00410518049515
148 0.0529362342516
149 0.013530213148
150 0.000268883775578
151 0.000319333578922
152 0.00105757155133
153 0.00194519902035
154 0.000333266131521
155 0.00193821446936
156 0.000229357604765
157 0.00197422524222
158 0.000880812359102
159 0.00038517522981
160 0.000537826869658
161 0.00061808742128
162 0.000273205382146
163 0.000230320935586
164 0.025266327496
165 0.00565703137926
166 0.00936524453694
167 0.000986842776797
168 0.00033593192353
169 0.0101829965721
170 0.00267381074796
171 0.000400321164175
172 0.000980310098092
173 0.0017321828327
174 0.00505316510633
175 0.0133649637475
176 0.00249011837914
177 0.00144607799006
178 0.00161858025667
179 0.000629362988503
180 0.00624669096457
181 0.000387500775002
182 0.000389970418216
183 0.000452693526483
184 0.00256236766614
185 0.00105739994816
186 0.000253459072795
187 0.00125687225069
188 0.00156722630957
189 0.000278148518848
190 0.0543458526236
191 0.000505340382267
192 0.0173740677443
193 0.0011851986305
194 0.00411246399106
195 0.00541901023718
196 0.0805131698642
197 0.00954822682931
198 0.00210834802183
199 0.000541667501285
200 0.00309016095348
201 0.00122297771392
202 0.00111262437088
203 0.00882492620661
204 0.00241236594387
205 0.00701101519039
206 0.000167895362663
207 0.00189103177897
208 0.00105647799398
209 0.000301146710207
210 0.000258579328805
211 0.000957286046035
212 0.000587737759071
213 0.00104432246357
214 0.0012224027668
215 0.000755583634998
216 0.000207401478222
217 0.00105911594494
218 0.0863990097475
219 0.00084833631822
220 0.00197786770958
221 0.00139075425048
222 0.00291495052321
223 0.00739168276253
224 0.00108863693117
225 0.00454692402863
226 0.00025396422279
227 6.74316692418e-05
228 0.0018750423441
229 0.000473412760633
230 0.000903704281761
231 0.0183351083957
232 0.00536244743644
233 0.00748875562602
234 0.00202087366383
235 0.0002634498398
236 0.000531181501768
237 0.000198448855792
238 0.000880812359102
239 0.00147234764329
240 0.000596046447754
241 0.000659848067057
242 0.000993740051098
243 0.000467696746926
244 0.000938705296514
245 0.000465139568224
246 0.00893908765834
247 0.00104619989683
248 0.00785598416594
249 0.000977125265841
250 0.0151652830576
251 0.000168906226616
252 0.000901501877086
253 0.0885335360772
254 0.000593275116687
255 0.000292563505361
256 0.000219478737997
257 0.00324440348256
258 0.00917291344226
259 0.000853313110836
260 0.00496438867878
261 0.160262897267
262 0.00726087990488
263 0.00808558827815
264 0.0263743182654
265 0.00193821446936
266 0.000215865980955
267 0.000705872741384
268 0.00376518726677
269 0.00108682526265
270 0.000274716888984
271 0.014530393711
272 0.000727282793849
273 0.0014163297321
274 0.00645709814493
275 0.000474881133148
276 0.00078832329148
277 0.000805409470299
278 0.00111262437088
279 0.000686593965781
280 0.00306509740065
281 0.000666928772419
282 0.00036868719045
283 0.00288432671453
284 0.000230440465346
285 0.000963139120095
286 0.000370516165608
287 0.000306007617729
288 0.00195524399563
289 0.00168416061323
290 0.000568299861496
291 0.000456570969391
292 9.40565546968e-05
293 0.000512338519039
294 0.00031427952107
295 0.000282276130188
296 0.000319968379595
297 0.000167031613343
298 0.00521773459964
299 0.000173987626489
300 0.000212437588936
301 0.00108682526265
302 0.0234276443305
303 0.00969046439436
304 0.00212507096201
305 0.000634637756491
306 0.000433525866542
307 0.0069603365138
308 0.00152505515785
309 0.000713533644852
310 0.00033593192353
311 0.000556539424119
312 0.00082284408184
313 0.000214681533363
314 0.0008829799636
315 0.00276912533397
316 0.00220156345405
317 0.0196942747687
318 0.00411969527438
319 0.000571067705126
320 0.00185262193633
321 0.000407792024762
322 0.000563837059071
323 0.000339907414659
324 0.000568064061707
325 0.00278380202383
326 0.000611305236816
327 0.00301384545436
328 0.000229038398933
329 0.00120749541599
330 9.14679300266e-05
331 0.000479234206741
332 0.000597011124959
333 0.0034591030331
334 0.106926521455
335 0.000284182751789
336 0.00490912393643
337 0.00890835005195
338 0.00216672265628
339 0.000643247216971
340 0.00133393022264
341 0.00270078100553
342 0.000330715832433
343 0.00496243152969
344 0.0028682235339
345 0.00112248317519
346 0.00810855585874
347 0.00703492947424
348 0.0129513513754
349 0.000278148518848
350 0.00215044291684
351 0.00047839601852
352 0.00104619989683
353 0.0012224027668
354 0.000617416652609
355 0.00130826105309
356 0.000462879301815
357 0.000509096951609
358 0.000706417396277
359 0.000583250100625
360 0.000582318391199
361 0.00159945689991
362 0.0113054073838
363 0.00654418577997
364 0.00288504306139
365 0.000617042193459
366 0.0249927038197
367 0.000527016555066
368 0.000271456814913
369 0.000383877394711
370 0.000280228081291
371 0.00048176203114
372 0.068468094354
373 0.000266012442316
374 0.000320276646457
375 0.00014619757312
376 0.0015244202473
377 0.0039484287729
378 0.00256843443111
379 0.000117329821073
380 0.00672810801827
381 0.000958541347704
382 0.000846250009787
383 0.000244140625
384 0.000902197480386
385 0.000537826869658
386 0.000424774478734
387 0.0103443717364
388 0.00130953029327
389 0.000225143443143
390 0.000230440465346
391 0.000238517613035
392 0.00194990611826
393 0.00120855401662
394 0.00116618282548
395 0.000394928735899
396 0.000725006978752
397 0.00677445112065
398 0.00120113384811
399 0.000412019365082
400 0.000439606809699
401 0.000234875622182
402 0.00397383237013
403 0.000456570969391
404 0.0785509201102
405 0.00375456555171
406 0.00481018360436
407 0.00168134311374
408 0.000132483067604
409 0.0147528993776
410 0.000139431652619
411 0.000623751872503
412 0.00086824103185
413 0.000262492495874
414 0.00247971610814
415 0.00050453312926
416 0.00237716888196
417 0.000464476813317
418 0.000730176958873
419 0.00103921398892
420 0.000839455577137
421 0.00252360333096
422 0.00028636288581
423 0.000986842776797
424 0.00202087366383
425 0.00276817199803
426 0.00139075425048
427 0.000545979801562
428 0.00113622017422
429 0.00124807084426
430 0.00228558683682
431 0.567486773836
432 0.000984079309989
