1 0.000475894605716
2 0.00480183467844
3 0.000222804809116
4 0.00179359936772
5 0.000555711605616
6 0.000985855219902
7 0.00198791026005
8 0.00033632906685
9 0.000448205385636
10 0.000236782179366
11 0.00122397980433
12 0.00992062516041
13 0.00238302882792
14 0.0335976599713
15 0.224901047796
16 0.00158411920497
17 0.00144740710586
18 0.00132921006944
19 0.00155149864042
20 0.000538826083321
21 0.00114641911223
22 0.00142134063401
23 0.000387154565529
24 0.00482451935918
25 0.000252955428463
26 0.00351165980796
27 0.0210531318983
28 0.000668846611177
29 0.00100034747628
30 0.00101934636085
31 0.000612685030879
32 0.000613665326929
33 0.00134668798923
34 0.000436206081899
35 7.86236016404e-05
36 0.0399772149273
37 0.00100503992263
38 0.000524124837312
39 0.00406005941896
40 0.139824859376
41 0.0839983574509
42 0.000385082660515
43 0.00244571683522
44 0.00128485799403
45 0.00194951708465
46 0.000762870252268
47 0.00205551956637
48 0.000259912732696
49 0.000591212467217
50 0.198196517321
51 0.00510361427899
52 0.000985095115646
53 0.000616662067243
54 0.000624512004703
55 0.00134668798923
56 0.000520249979709
57 0.000778799351001
58 0.000295352467405
59 0.000295352467405
60 0.000259912732696
61 0.000448105446023
62 0.0678908017146
63 0.0590117434496
64 0.00319544969592
65 0.0284886247593
66 0.00392727221037
67 0.000764509758118
68 0.000524124837312
69 0.00102531197937
70 0.000263956822398
71 0.00982901751529
72 0.00104655085175
73 0.000505440970964
74 0.0010503210486
75 0.000756355045664
76 0.665472329149
77 0.00218086494953
78 0.00955380176396
79 0.000257542939752
80 0.00190342202177
81 0.00182895814869
82 0.000986815054412
83 0.000507264020778
84 0.000941379921004
85 0.000225202661697
86 0.000100793776971
87 0.00540696912117
88 0.000448228095581
89 0.00129766941087
90 0.00375435361999
91 0.00167889249383
92 0.000379400544001
93 0.0948195639643
94 0.00616860223772
95 0.000640850820005
96 0.00178626096793
97 0.000717474489796
98 0.000696588436632
99 0.173083793275
100 0.00227351578367
101 0.00174109004332
102 0.000364754555201
103 0.000385648127531
104 0.00361705178597
105 0.000210748779564
106 0.000252955428463
107 0.00295168064199
108 0.000789732556182
109 0.00152455522043
110 0.00095817662537
111 0.00279132935097
112 0.00349277282095
113 0.00401185688975
114 0.00302714256521
115 0.00469332365261
116 0.00195797190538
117 0.000448105446023
118 0.000366432228213
119 0.000439136089328
120 0.00160544614068
121 0.00238995116331
122 0.00226932336721
123 0.00112153915064
124 0.00275568061509
125 0.00464094400522
126 0.00046208363492
127 0.00188779487953
128 0.00288275302914
129 0.000524124837312
130 0.000515591061218
131 0.000987576485781
132 0.000131010299674
133 0.000475825264193
134 0.0150706679126
135 0.00171141441326
136 0.00271781855753
137 0.00817585486366
138 0.00408292419031
139 0.000396431411484
140 0.0380547365005
141 0.000638315868985
142 0.000482574488126
143 0.00180913964973
144 0.0212051910266
145 0.0657971473984
146 0.011506746391
147 0.00223894381444
148 0.113198264625
149 0.00497333298852
150 0.000910592594831
151 0.000385648127531
152 0.00131550953086
153 0.0007053758669
154 0.000514655748828
155 0.00106912962454
156 0.000264392887831
157 0.00215713376399
158 0.000180172064321
159 0.000932346599849
160 0.000212783397265
161 0.000231317497723
162 0.000486878052239
163 0.00132091359334
164 0.0209474074739
165 0.00163133984747
166 0.0158022068713
167 0.00154286479914
168 0.000605420402469
169 0.0164782587948
170 0.003766518408
171 0.0096356728999
172 0.000591839122216
173 0.00239911610903
174 0.00169385441251
175 0.0105658730756
176 0.00213821100447
177 0.00359856043188
178 0.000614712109829
179 0.00189450703381
180 0.00153974260273
181 0.000492950414709
182 0.00137331927026
183 0.000375578390722
184 0.00195464132291
185 0.000465416472444
186 0.00151474908853
187 0.000301146710207
188 0.00106995457024
189 0.000450346428631
190 0.0429877220566
191 0.00222761723271
192 0.00584971055366
193 0.00181693208478
194 0.00331893996265
195 0.0023886655241
196 0.11488016535
197 0.00173022100132
198 0.00246951219512
199 0.00112565565533
200 0.00183272792936
201 0.00111730976637
202 0.0036770567602
203 0.00306442377971
204 0.0148637330985
205 0.0265270272257
206 0.000296921127124
207 0.00124339506987
208 0.00724309642372
209 0.000232221081698
210 0.000175295291243
211 0.00118550217583
212 0.000778799351001
213 0.000195951009186
214 0.000590268038355
215 0.000510939834995
216 0.000264392887831
217 0.000500158213312
218 0.0515772711897
219 0.000980092615764
220 0.00176570325985
221 0.000436206081899
222 0.00167980395849
223 0.000828927544517
224 0.00142578710291
225 0.000765099657622
226 0.00045039072296
227 0.000153598679051
228 0.00129051607743
229 0.000311418685121
230 0.00105216025234
231 0.0121124780463
232 0.00659933608643
233 0.00228329611776
234 0.000990268472786
235 0.000384467512495
236 0.000612685030879
237 0.0001841672296
238 0.000517469351325
239 0.000986815054412
240 0.000507264020778
241 0.00808705553543
242 0.000211421188899
243 0.000510939834995
244 0.00104808239739
245 0.000264392887831
246 0.00795171425629
247 0.00209191349855
248 0.0285770612826
249 0.00164306868433
250 0.0028654021328
251 0.000329189368551
252 0.000778193307538
253 0.0677365006401
254 0.00033593192353
255 0.00157674637302
256 0.000225269883036
257 0.00108768670964
258 0.0105444267362
259 0.00333116488335
260 0.00236101549936
261 0.0887188208617
262 0.00106578379663
263 0.0026890859791
264 0.0130549125606
265 0.000912121075627
266 0.000160711734734
267 0.00104808239739
268 0.00235289899243
269 0.00340453435624
270 0.000106655978849
271 0.00107302444691
272 0.000483458375007
273 0.00506566493894
274 0.00449066076685
275 0.000213506807615
276 0.00102115611879
277 0.000251936084698
278 0.000912824872753
279 0.000229161260868
280 0.000908136387637
281 0.00145407197687
282 0.000784871837575
283 0.000644543955312
284 0.000248979766504
285 0.000564739984675
286 0.000466888631747
287 0.00088561958252
288 0.000641053360512
289 0.000645490448807
290 0.00036868719045
291 0.00047884098072
292 0.000520249979709
293 0.000248979766504
294 0.0036169576336
295 0.000726332199546
296 0.000257542939752
297 0.000505440970964
298 0.000507264020778
299 0.000985095115646
300 0.000775379285214
301 0.00066016779881
302 0.00792169851115
303 0.0164401880985
304 0.000927197858434
305 0.00274305272808
306 0.00112749378172
307 0.0153168244522
308 0.00337585075158
309 0.00403018468216
310 0.00462887369938
311 0.00312452370066
312 0.00013902095578
313 0.000176761896633
314 0.000570661399204
315 0.010746700374
316 0.00464351071639
317 0.0525009795043
318 0.00192420891679
319 0.000401500996031
320 0.0135179454273
321 0.0002260598521
322 0.000496708242412
323 0.000499137091796
324 0.000617733731623
325 0.000232119560643
326 0.00172728718074
327 0.0032878124737
328 0.000266012442316
329 0.000778799351001
330 0.00024823092893
331 0.000550032361086
332 0.00124664423144
333 0.0351377518585
334 0.0643968767849
335 0.000298256617947
336 0.000207471253409
337 0.0310265572372
338 0.0189350437621
339 0.00144299941005
340 0.00249624066363
341 0.00144828254189
342 0.000299359886472
343 0.0010482917452
344 0.000764509758118
345 0.000490945868868
346 0.00947991785106
347 0.00314681049863
348 0.0118052930057
349 0.000152997475542
350 0.00205389857406
351 0.00149522186624
352 0.0033789775788
353 0.000870267760476
354 0.00106719016077
355 0.000827717952584
356 0.000459576945441
357 0.00120179173021
358 0.000248489407654
359 0.00133848899465
360 0.000985095115646
361 0.00222761723271
362 0.000256155134238
363 0.0452577580209
364 0.0126274163744
365 0.00137954713909
366 0.0131801285954
367 0.000721075359874
368 0.000134036747012
369 0.000187331557098
370 0.000170750984531
371 0.000793133166803
372 0.00842488754951
373 0.000721075359874
374 0.000492950414709
375 4.75214500873e-05
376 0.000682506145715
377 0.0288660299765
378 0.00176985265595
379 0.00101642782728
380 0.0139324106423
381 0.00307480721171
382 0.000679544097221
383 0.00136673804146
384 0.00253933102653
385 0.000211955446303
386 0.000464699343827
387 0.000270404730393
388 0.000500158213312
389 0.00079598274388
390 0.000207028621707
391 0.000280917443321
392 0.00201047504061
393 0.000538505144743
394 0.0014164305949
395 0.000335615448573
396 0.000397080333803
397 0.00236121308635
398 0.000472468164554
399 0.00024974948908
400 0.00102115611879
401 0.000793133166803
402 0.000996033967852
403 0.000181789759083
404 0.379593922489
405 0.00552410518627
406 0.00562732510073
407 0.00107890670787
408 0.000508274728438
409 0.0346089041225
410 0.00194870546222
411 0.000507264020778
412 0.000489785564086
413 0.000778799351001
414 0.00191748505184
415 0.000117667336972
416 0.00251153153546
417 0.00034344930944
418 0.0006927852853
419 0.00577653365211
420 0.0030881973489
421 0.00331583610504
422 0.000505780786955
423 0.00321968026318
424 0.000607860758066
425 0.00495244191392
426 0.00128825234131
427 0.000534246481477
428 0.000932346599849
429 0.00134785161034
430 0.000521256854528
431 0.535039234614
432 8.36555621654e-05
