1 0.000818894869188
2 0.00126259372826
3 0.00202328081627
4 0.000564739984675
5 0.00148914776634
6 0.000837460324025
7 0.00125550251101
8 0.000572151398938
9 0.00428776167861
10 0.000453413367984
11 0.000444549281463
12 0.000800524718937
13 0.0196322242041
14 0.0101403491613
15 0.0584061871895
16 0.0264807192831
17 0.00106719016077
18 0.00129965342575
19 0.000885065316424
20 0.00330950937654
21 0.00022367992627
22 0.00106912962454
23 0.047550963396
24 0.000476121352881
25 0.0378243326672
26 0.000205179335556
27 0.000464476813317
28 0.000963139120095
29 0.00735388295166
30 0.00329545973949
31 0.000442095717613
32 0.000283126421408
33 0.0035060215085
34 0.000455742058731
35 8.14933616516e-05
36 0.00139856663418
37 0.0173524475173
38 0.00576222646028
39 0.0140614000656
40 0.0566841828449
41 0.000289625252727
42 0.00552768590683
43 0.000130195286681
44 0.0033034962211
45 0.000976712988571
46 0.00234367311253
47 0.00161712247325
48 0.000854759884029
49 0.00097486928402
50 0.000119913531791
51 0.00118451791218
52 0.00022397818189
53 0.000192566772152
54 0.000564739984675
55 0.000268195099363
56 0.000157725208185
57 0.259708211551
58 0.00110374057681
59 0.00253428673831
60 0.00189808805627
61 0.000819920007187
62 0.00153920052347
63 0.00394043282298
64 0.00567375601543
65 0.00142698431749
66 0.00129911472005
67 0.0113077471053
68 0.000419086615439
69 0.000605503069798
70 0.00715950537499
71 0.00185460548784
72 0.00111523779692
73 0.000994476387972
74 0.000917813876548
75 0.00255559798248
76 0.00115246875283
77 0.000281873445429
78 0.00225624142661
79 0.000306724151598
80 0.000667886659222
81 0.00404232457383
82 0.000364404387573
83 0.000741552820762
84 0.00128228581078
85 0.000377638077874
86 0.0024980305171
87 0.00169939798241
88 0.000263956822398
89 6.15863240266e-05
90 0.00752503991871
91 0.00087712294963
92 0.000371900826446
93 0.0226290767342
94 0.000834713014757
95 0.00162363998528
96 0.00134195494392
97 0.00501686633892
98 0.000345249156438
99 0.0523383107039
100 0.00157274713666
101 0.000109692318649
102 0.000342935528121
103 0.000464476813317
104 0.00182293443512
105 0.00131837610101
106 0.000550720409272
107 0.0019557468493
108 0.000513749820668
109 0.000525086093116
110 0.000257027080213
111 0.0269374917473
112 0.00150490487515
113 0.000348909084834
114 0.00266217696458
115 0.0957637966017
116 9.27898986597e-05
117 0.00276680815428
118 0.000461235241025
119 0.00028999624812
120 0.000927832518745
121 0.00192435775261
122 0.000639373463762
123 0.00227652404741
124 0.00178815899279
125 0.00039681909811
126 0.000885185438153
127 0.000232764913428
128 0.000920232543407
129 0.00017484613248
130 0.00144259629618
131 0.00201717073531
132 0.00328286936889
133 0.000507370727321
134 0.00251537669364
135 0.00033593192353
136 0.00106912962454
137 0.000452092140263
138 0.00228882683414
139 0.00123811781979
140 0.0134795268387
141 0.000300962489845
142 0.0176515096531
143 0.000482941415013
144 0.00390271800426
145 0.000447347551112
146 0.00195704816586
147 0.00139173535309
148 0.00223886911521
149 0.00226317277783
150 0.000872716753125
151 0.0282547306668
152 0.000265531525663
153 0.000201983049142
154 0.00133671840793
155 0.0990857154772
156 0.0204622604272
157 0.00422050590288
158 0.000284198061489
159 0.000437811624889
160 0.00097486928402
161 0.00224645699275
162 0.00355809011355
163 0.00352470217299
164 0.000208526111379
165 0.000445837518262
166 0.000499137091796
167 0.000575075916537
168 0.000470133721075
169 0.000158729678639
170 0.00141538801599
171 0.0004680106623
172 0.00396800793602
173 0.00184749153586
174 0.0021231206482
175 0.00255509641873
176 0.00382707149118
177 0.00718268578161
178 0.00262428473409
179 0.00594311955511
180 0.0351566311696
181 0.00178741454692
182 0.0289284329
183 0.0460013590591
184 0.0448204965869
185 0.00164274621206
186 0.00278110692849
187 0.00355609797155
188 0.0012392937164
189 0.00130964874577
190 0.807734834855
191 0.00130964874577
192 0.00308106835443
193 0.000537826869658
194 0.000220293885812
195 0.000107252021314
196 0.00137449988424
197 0.00214279644041
198 0.000227648148708
199 0.00099378806712
200 0.0098491620027
201 0.00125066013913
202 0.000462705970928
203 0.00613543177723
204 0.00122160429824
205 0.000470823368015
206 0.00143458823697
207 0.000898166072815
208 0.000172766283982
209 0.00121505082014
210 0.00158513572362
211 0.00512196313989
212 0.0103794529369
213 0.00704190913981
214 0.00259645421721
215 0.160498133279
216 0.415120393986
217 0.000734803017622
218 0.00040910513806
219 0.000650033304175
220 0.00496969779602
221 0.000394929134557
222 0.000147146648304
223 0.000589122443209
224 0.000494706247388
225 0.00186880911508
226 0.00033593192353
227 0.0711535249157
228 0.000447696860716
229 0.000836575145748
230 0.000223972190965
231 0.000800524718937
232 0.000828844478259
233 0.00405265638962
234 0.00139886884859
235 0.000375821130021
236 0.0159799607666
237 0.00323931599479
238 0.00597329060892
239 0.000456470081189
240 0.00259708811717
241 0.00156910772601
242 0.000447347551112
243 0.000161363501668
244 0.0165472676292
245 0.00130964874577
246 0.00360877914952
247 0.00047417022105
248 0.000438370810919
249 0.000455458060678
250 0.000537826869658
251 0.000523791957077
252 0.0002055472052
253 0.00329678680535
254 0.00463149038063
255 0.0021856389967
256 0.00150992041844
257 0.001096805599
258 0.0475723932813
259 0.0418833043455
260 0.0786976145593
261 0.000700894808072
262 0.00106719016077
263 0.00106240698823
264 8.00197327011e-05
265 0.000442095717613
266 0.00935435698649
267 0.0758927524028
268 0.000442095717613
269 0.00264780011359
270 0.000650033304175
271 0.000196983687288
272 0.000245774841331
273 0.00040526335786
274 0.000220293885812
275 0.000689268659527
276 0.00040526335786
277 0.000242919057593
278 0.000607529231966
279 0.000283258813972
280 0.000656303251027
281 0.436034623751
282 0.0017206057014
283 0.00134199448396
284 0.00149804461815
285 0.00134573667037
286 0.00796923764933
287 0.00127262419651
288 0.00634910556975
289 0.0360288190747
290 0.00212822142892
291 0.00245433886037
292 0.00050998835095
293 0.000421746300191
294 0.000880040385508
295 0.000837460324025
296 0.00308106835443
297 0.00100603543636
298 7.75342069804e-05
299 0.0002044465528
300 0.00327922900378
301 0.00157742827721
302 0.000370963031902
303 0.000370963031902
304 0.00708485081359
305 0.000997229916898
306 0.00286144590087
307 0.000503647606369
308 0.000274716888984
309 0.00127804474932
310 0.00286457295055
311 0.00068151664799
312 0.0025547423913
313 0.0189334808403
314 0.000538636877585
315 0.0168170334971
316 0.0870026287402
317 0.000232337207191
318 0.0077483716366
319 0.002576187517
320 0.00554783875882
321 0.012986651524
322 0.000161363501668
323 0.00352470217299
324 0.000434931293069
325 0.00136186556927
326 0.00122160429824
327 0.000271815188875
328 0.00215156279505
329 0.00047102009439
330 0.00595305922485
331 0.00388649527646
332 0.285015218109
333 0.00163991530633
334 0.00361164537669
335 0.00069831316157
336 0.00048146428373
337 0.00270293206952
338 0.000871632598381
339 0.00251862190959
340 0.00157236325891
341 0.00280136019223
342 0.000142519817844
343 0.00216234294486
344 0.000795779089604
345 0.00115349724475
346 0.00545909235891
347 0.090349882919
348 0.00124508874744
349 0.000846965269849
350 0.00147928994083
351 0.00241063288902
352 0.000419077196812
353 0.00143131987938
354 0.000476200617449
355 0.0005385282971
356 0.0033373914455
357 0.000654773191805
358 0.0271017078033
359 0.00102024021949
360 0.0634582909766
361 0.000808742716131
362 0.000274716888984
363 0.0104538435664
364 0.0245835422792
365 0.00393822661081
366 0.000546466520492
367 0.000205245172146
368 0.000278006700209
369 0.00153637588437
370 0.000470133721075
371 0.000297689323663
372 0.000963139120095
373 0.000165424261536
374 0.127984488097
375 0.00203346027507
376 0.00302361617039
377 0.000650033304175
378 0.00693932976381
379 0.00295669837273
380 0.00087936186555
381 0.000221572924276
382 0.00223420294156
383 0.00125855028169
384 0.00130119959358
385 0.000476200617449
386 0.0002055472052
387 0.000442095717613
388 0.00213581806479
389 0.000525086093116
390 0.0062895387754
391 0.000876429589684
392 0.000334659728599
393 0.00191861650866
394 0.00152662888462
395 0.00186699503313
396 0.000735056832443
397 0.00155482209336
398 0.00700066176212
399 0.00141397208786
400 0.00189808805627
401 0.00215392915908
402 0.000397077758543
403 0.0136519652926
404 0.000202489278118
405 0.000201197122881
406 0.00361949563701
407 0.000143586412413
408 0.00525852195539
409 0.000462634995446
410 0.000558820177049
411 0.00060546996094
412 0.00131726378609
413 0.00131726378609
414 0.000426883409603
415 0.000785865321947
416 0.00171272941015
417 0.00242249653123
418 0.000551778898158
419 0.342052207217
420 0.000548047044672
421 0.00178438972234
422 0.0195677269538
423 0.000200557987236
424 0.00132526289992
425 0.000924488677867
426 0.00145294977489
427 0.00177685062571
428 0.0125854914576
429 0.00162352909606
430 0.0182354144984
431 0.00154182407683
432 0.000536563614744
