1 0.000331668248834
2 0.0045035552758
3 0.000218712980488
4 0.000470669782927
5 0.00157800713436
6 0.00218551127678
7 0.000469319284292
8 0.000360336675528
9 0.000744929907039
10 0.000942635848216
11 0.00164534998465
12 0.0313028799539
13 0.0244867351149
14 0.00132987002587
15 0.000590190738916
16 0.00595947270544
17 0.00186242008213
18 0.00295168064199
19 0.00344678946663
20 0.000362937418735
21 0.00179359936772
22 0.0020136716158
23 0.00210178898367
24 0.000492950414709
25 0.00206228779093
26 0.00474362331049
27 0.000650033304175
28 0.0048045876251
29 0.00587076072265
30 0.00048133385797
31 0.000296446812224
32 0.000499137091796
33 0.00090754713678
34 0.000901471188966
35 0.00037125071528
36 0.00132588525042
37 0.000942635848216
38 0.0736626977011
39 0.00266664582916
40 0.0114155486194
41 0.00110292615841
42 0.000286715380172
43 0.000188296767474
44 0.00186709343088
45 0.00128569387787
46 0.00058928135411
47 0.000306066332654
48 0.000466888631747
49 0.000968140266791
50 0.00184112344727
51 0.00128539677074
52 0.00145633776846
53 0.0281852770679
54 0.00741883240932
55 0.00189538839799
56 0.0260806908566
57 0.00073046018992
58 0.000507264020778
59 0.000201912489865
60 0.00798866111772
61 0.00273846398646
62 0.000221113583284
63 0.000747312210751
64 0.000114693490607
65 0.000265072327951
66 0.000148847790682
67 0.00417882498346
68 0.0244191976714
69 0.0426120668272
70 0.0111489500823
71 0.00663049999681
72 0.00265796467764
73 0.00925977146708
74 0.003748194122
75 0.000352191131971
76 0.000662127057575
77 0.102115129454
78 0.000270633023731
79 0.0111149205969
80 0.00121229204953
81 0.000657165412524
82 0.00372170164692
83 0.0629608184439
84 0.000215717630351
85 0.000701723608614
86 0.00060546996094
87 0.00340435368503
88 0.000886650370361
89 0.00526795005203
90 0.000243664485425
91 0.00549705942426
92 0.000581083817645
93 0.00132231404959
94 0.000148268616399
95 0.0222685172756
96 0.00038206647223
97 0.000978186691423
98 0.00657752876827
99 0.000748330115206
100 0.0747287505273
101 0.00289702343226
102 0.000231757892669
103 0.000337127773992
104 0.000924860588551
105 0.000360336675528
106 0.00186376074178
107 0.000544369793066
108 0.000682900218211
109 0.0014193798475
110 0.0067927510458
111 0.000552946139254
112 0.0031525162261
113 0.00971968372537
114 0.00235639162633
115 0.000985195041585
116 0.000443305256111
117 0.000235035803537
118 0.00108286783905
119 0.000353400732161
120 0.00058780413936
121 0.000259647963805
122 0.00255330674823
123 0.00190313265995
124 0.00417676479105
125 0.00479778500968
126 0.00385578458412
127 0.00465257273736
128 0.000281213837518
129 0.00459783950617
130 0.00305980133702
131 0.000745987654321
132 0.000672464925438
133 0.000461920725468
134 0.000508761360656
135 0.000208827558555
136 0.000394350769263
137 0.000463497765327
138 0.0094408044748
139 0.000195181733306
140 0.00160523731237
141 0.0043470907069
142 0.00635593816885
143 0.000511806208513
144 0.000784336062656
145 0.000486591695502
146 0.000691509427418
147 0.000305296101497
148 0.0077908278407
149 0.000157231159285
150 0.000501824231446
151 0.00407250857161
152 0.00706254627001
153 0.000659770333319
154 0.00137876496796
155 0.000888586052659
156 0.000427024528086
157 0.00238289868415
158 0.00044962702539
159 0.00030489490195
160 0.00300317249953
161 8.33160831821e-05
162 0.00549407751848
163 0.00251968030767
164 0.00309911434494
165 0.00215830192422
166 0.00195616430737
167 0.000586841235503
168 0.00075060987052
169 0.000682426906619
170 0.000486878052239
171 0.00246337045848
172 0.00201580450783
173 0.000169046806232
174 0.000521256854528
175 8.84425270978e-05
176 0.00238963201899
177 0.015810357325
178 0.00346361336448
179 0.000217861957217
180 0.0539848945668
181 0.000188296767474
182 0.00087560885343
183 0.00445723836939
184 0.00560728668749
185 0.000531978737997
186 0.0391980099995
187 0.0111211472251
188 0.00118212936648
189 0.00277892473135
190 0.000229568411387
191 0.00265304934873
192 0.0219851594033
193 0.0010175414097
194 0.000499291319857
195 0.00986667931346
196 0.00120336193022
197 0.00584274885826
198 0.000897339247575
199 0.00128110658583
200 0.000223719775002
201 0.000219196824296
202 9.32778108269e-05
203 0.00157800713436
204 0.000258893515764
205 0.000230465162994
206 0.000466888631747
207 0.000930767020971
208 0.000764562753615
209 0.000596568652114
210 0.00294735461334
211 0.0015268397743
212 0.0015416462795
213 0.000353770108391
214 0.00606112120189
215 0.000936719359894
216 0.00312475141091
217 0.00829386477924
218 0.332167544418
219 0.00618215251487
220 0.00169972958356
221 0.000212772105314
222 0.000187974203478
223 0.000361983926755
224 0.000986696863295
225 0.000190395571775
226 0.00498728180737
227 0.000361983926755
228 0.00141374154503
229 0.0010413856451
230 0.000361983926755
231 0.000355081864954
232 0.0002044465528
233 0.000282214423904
234 0.00696372117201
235 0.000560204474633
236 0.00476328597672
237 0.0142203209086
238 0.0029416834243
239 0.000932346599849
240 0.000539828084189
241 0.00354974897542
242 0.000283036469589
243 0.00173022100132
244 0.0256799308646
245 0.00158538238624
246 0.00703078993816
247 0.00373496035331
248 0.0125436675337
249 0.000499137091796
250 0.000567974765563
251 0.000257027080213
252 0.00217348870392
253 0.00246337045848
254 0.00026929651545
255 0.000637690031629
256 0.00058780413936
257 0.000953252385338
258 0.00105267429592
259 0.00312535572235
260 0.00887306303044
261 0.00225633516257
262 0.000622678576614
263 0.0143588364914
264 0.000921373301218
265 0.000870349064828
266 0.000968283933902
267 0.000191237583564
268 0.000487786518123
269 0.000396813409371
270 0.000208827558555
271 0.00120269142704
272 0.000460088877009
273 0.0013386389144
274 0.00215091170244
275 0.000723015773257
276 0.00996235721703
277 0.000499342130376
278 0.00104601882083
279 0.00128110658583
280 0.000408897043663
281 0.000682426906619
282 0.00050453312926
283 0.000507264020778
284 0.00247570693172
285 0.0017133364431
286 0.00062750752005
287 0.0977147608105
288 0.00138637392485
289 0.000284182751789
290 0.00140948328979
291 0.00159356759023
292 0.000950723634828
293 0.00295022120621
294 0.000585106492469
295 0.0010085881632
296 0.00089759667123
297 0.00101371277688
298 0.00105186267348
299 0.0389470164938
300 0.0272275859868
301 0.00650215655378
302 0.000361983926755
303 0.00132352941176
304 0.000198723049157
305 0.00050453312926
306 0.00108286783905
307 0.00075125292885
308 0.00160523731237
309 0.000300989992203
310 0.000225308194198
311 0.0208616270408
312 0.00262289223514
313 0.000877164245662
314 0.0377936608395
315 0.00117327433164
316 0.000553336851594
317 0.0045237654321
318 0.0493805733555
319 0.000539828084189
320 0.0018400189752
321 0.0004860197394
322 0.00121229204953
323 0.00142618974326
324 0.00062469485711
325 0.00112484252907
326 0.000733224037537
327 0.000632568044079
328 0.00216679286101
329 0.0124776287478
330 0.710381963776
331 0.000199425250197
332 0.000417856443246
333 0.00189371831315
334 0.00153787004998
335 0.00058780413936
336 0.000616925533459
337 0.00776261910769
338 7.78831207204e-05
339 0.000522090865495
340 0.00644112027647
341 0.00102567229614
342 0.00456547067996
343 0.00642448317253
344 0.0222965023679
345 0.00050453312926
346 0.00141052050373
347 0.0233943704221
348 0.00102567229614
349 0.000513283357047
350 0.00300243948208
351 0.000781445001936
352 0.00121687398594
353 0.0782544063198
354 0.079228499444
355 0.0299093956327
356 0.0011141783591
357 0.00327114484479
358 0.00176191346335
359 0.00180368787339
360 0.000933066003089
361 0.000232199546485
362 0.000691509427418
363 0.000760998810939
364 0.00112900616479
365 0.00044962702539
366 0.000356536541288
367 0.0118831974552
368 0.00195084685138
369 0.00392625636933
370 0.00248022304754
371 0.00026929651545
372 0.000710255138535
373 0.00158982930219
374 0.0863246625188
375 0.000932346599849
376 0.00189371831315
377 0.000536830432874
378 0.000188385485082
379 0.00045039072296
380 0.000459708904966
381 0.663377186872
382 0.00351583313147
383 0.00230515243214
384 0.0114595096929
385 0.00060546996094
386 0.00331104830078
387 0.00115929004614
388 0.000539828084189
389 0.00075060987052
390 0.00058780413936
391 0.00105186267348
392 0.000624880632082
393 0.00193821446936
394 0.000499137091796
395 0.293794213473
396 0.000655402801117
397 0.303773386375
398 0.00888097667051
399 0.00295818612545
400 0.00186661330399
401 0.000157231159285
402 0.002469419248
403 0.000943857051698
404 0.000514731227686
405 0.00241063288902
406 0.00824924910898
407 0.0134119614455
408 0.000483250178477
409 0.00579174282808
410 0.00332043855015
411 0.00139059745302
412 0.000973180467908
413 0.00263406835587
414 0.00102218197994
415 0.00044962702539
416 0.00635593816885
417 0.00110377718168
418 0.000333482555661
419 8.14881957809e-05
420 0.00201157631589
421 0.000448865268601
422 0.00395302541955
423 0.00314150377229
424 0.00265540728655
425 0.00207380356822
426 0.0253100475665
427 0.00079598274388
428 0.000918751422419
429 0.00805991092395
430 0.00414559793368
431 0.003832590544
432 0.0133172546811
