1 0.000711111111111
2 0.000523045763998
3 0.000510833172168
4 0.000556247775009
5 0.00051652892562
6 0.000411664352311
7 0.000330203174916
8 0.000340409308152
9 0.000482532850389
10 0.00120767945736
11 0.000522210227634
12 0.0048934945308
13 0.00140015924665
14 0.0227811379453
15 0.00509698303144
16 0.211020618225
17 0.00270544704185
18 0.000401925131492
19 0.011159325564
20 0.000523073583642
21 0.00035858755662
22 0.00166597251145
23 0.000620029840796
24 0.00863488286083
25 0.000455014036273
26 0.0192657902855
27 0.000189424284487
28 0.00112147106544
29 0.419209432837
30 0.000335901140096
31 0.000284854635119
32 0.0131959584775
33 0.129389338357
34 0.000522210227634
35 0.000484688090737
36 0.000528921638337
37 0.000208903022484
38 0.000711111111111
39 0.000623622024987
40 0.000236686390533
41 0.000189269456863
42 0.000983476936693
43 0.00237423817262
44 0.000303152250712
45 0.00761844627916
46 0.00454376698222
47 0.158119555091
48 0.0012095868069
49 0.00804279835391
50 0.000523073583642
51 0.00559418965086
52 0.000612141300128
53 0.000967901234568
54 0.000226129232857
55 0.00047258979206
56 0.103285037908
57 0.00212683737024
58 0.000507161427214
59 0.000940305134821
60 0.00128588983792
61 0.000924391083327
62 0.000787780202341
63 0.000455014036273
64 0.000377888782608
65 0.000657996713096
66 0.000629515487439
67 0.00254818555174
68 0.00298343727962
69 0.0783454930687
70 0.00665302353307
71 0.00372214109477
72 0.0607351293955
73 0.271020999538
74 0.00107062799023
75 0.00131470499122
76 0.000268654336735
77 0.00195928186322
78 0.00136838924576
79 0.000453465053444
80 0.00198429752066
81 0.000868121874577
82 0.00992067341279
83 0.0246803690835
84 0.0177154741083
85 0.00828219173501
86 0.00554270410837
87 0.0012869754067
88 0.000928754683562
89 0.000195267062032
90 0.00297182857425
91 0.00073155821335
92 0.00027302460219
93 0.000541861081804
94 0.000544880261473
95 0.000473372781065
96 0.11516364214
97 0.00971307742841
98 0.000161505941968
99 0.00104781389887
100 0.0002044465528
101 0.00149568084002
102 0.00703214474978
103 9.28688232658e-05
104 0.000800996796013
105 0.000775787765522
106 0.00236150243674
107 0.00101251091647
108 0.000403108660616
109 0.287060938559
110 0.00378267028502
111 0.00166458564574
112 0.00779563153937
113 0.000295631838556
114 0.00772717027475
115 0.00479289940828
116 0.000541861081804
117 0.00135530190606
118 0.000141015089163
119 0.000139588194725
120 0.000446591577354
121 0.000619024548851
122 0.000249097668605
123 0.000957269045004
124 0.000187011469063
125 0.00635645447279
126 0.00405688558471
127 0.000332557012809
128 0.0206947223428
129 0.00580941403926
130 0.00244242035748
131 0.0005789604834
132 0.00175792868828
133 0.00103396045918
134 0.000653731921488
135 0.00499580816212
136 0.00500524398848
137 0.00196009789065
138 0.000762071017655
139 0.00120551001471
140 0.00148069577581
141 0.00174798192175
142 0.0017098399473
143 8.15711168419e-05
144 0.00025396422279
145 0.000653993762048
146 0.000335901140096
147 0.00190070947125
148 0.00265581808844
149 0.0217567327651
150 0.0210009380492
151 0.0185977463507
152 0.000712641511594
153 0.00138145457225
154 0.000340525631327
155 0.0284880215086
156 0.021760636804
157 0.000760998810939
158 0.000547796083346
159 0.0012450149601
160 0.000871316591668
161 0.00255598124324
162 0.00928183751362
163 0.0158142029234
164 0.00167248021658
165 0.0233621354394
166 0.00302773275294
167 0.000507370727321
168 0.0037872973608
169 0.00050635126519
170 0.000924391083327
171 0.00224746227709
172 0.000453465053444
173 0.00214091901691
174 0.0046021565112
175 0.000343597584003
176 0.00265543630857
177 0.00986300144601
178 0.0351477285558
179 0.0215408801435
180 0.0334802244615
181 0.00696054024239
182 0.00110255506349
183 0.000552910223336
184 0.000541698215251
185 0.000765833600236
186 0.0013143363058
187 0.000567390748496
188 0.00107286547441
189 0.000930742205034
190 0.00095817662537
191 0.0022892247718
192 0.000405026620091
193 0.0297084787657
194 0.00050635126519
195 0.00660726046419
196 0.000767149375124
197 7.85857163574e-05
198 0.00148092145722
199 0.000279212333794
200 5.68167470518e-05
201 0.000590174395182
202 0.000789725703723
203 0.00161805700387
204 0.00108816204805
205 0.000494706247388
206 0.340530211305
207 0.00172144188144
208 0.000448822414736
209 0.000754401355346
210 0.000389337994592
211 0.000499137091796
212 0.00241994421603
213 0.00158068090087
214 0.000925915357926
215 0.000935902118335
216 0.00144207659029
217 0.000223182955099
218 0.00375034359087
219 0.000244508356817
220 0.00127556573703
221 0.00148069577581
222 0.000330203174916
223 0.00113497047939
224 0.000992060491493
225 0.0010499699835
226 0.000461290017832
227 0.000267169311676
228 0.0005789604834
229 0.00148069577581
230 0.0915931169972
231 0.083449073186
232 0.0026520449624
233 0.0270441028076
234 0.00244795960867
235 0.000260145681582
236 0.000260145681582
237 0.00981135369595
238 0.00112147106544
239 0.00221748904144
240 0.0061251798108
241 0.000951913840189
242 0.00948886862487
243 0.00226344082269
244 0.00990296129417
245 0.00157236183147
246 0.00378034333962
247 0.0005789604834
248 0.00192439731429
249 0.000466082609227
250 0.00138088325109
251 0.000924391083327
252 0.000979962192817
253 0.00120749541599
254 0.000211570247934
255 0.000309581599973
256 0.000352796206284
257 0.000237142214
258 0.000193572778828
259 0.00267797836046
260 0.0363342143938
261 0.00112621863577
262 0.0638553947818
263 0.000674682560505
264 0.00362897372623
265 0.00140984424774
266 0.000415813970817
267 0.00137922809737
268 0.00043634547684
269 0.00473155560183
270 0.0365941713261
271 0.000529752066116
272 0.00066261517999
273 0.00138602542268
274 0.00757872061919
275 0.00766096813639
276 0.00216902642393
277 0.0005789604834
278 0.000193639654822
279 0.000767466772466
280 0.00051652892562
281 0.000411346954969
282 0.000353543468087
283 0.000189269456863
284 0.00171634075009
285 0.0269867367903
286 0.00175275141784
287 0.000753833443666
288 0.0729556970511
289 0.00054692100973
290 0.00148394545311
291 0.00485092028016
292 0.00106080324249
293 0.00049940617212
294 0.000127953996775
295 0.00035858755662
296 0.00219191101355
297 0.00125971700585
298 0.000784871837575
299 0.00135530190606
300 0.0935984947739
301 0.00579544490927
302 0.00635041199204
303 0.011293094372
304 0.00204215318036
305 0.00608171914151
306 0.000510017144736
307 0.00187116973036
308 0.000499220521542
309 0.000330203174916
310 0.00131742112483
311 0.00073212268728
312 0.000141050885517
313 0.000520124019603
314 0.0008233452111
315 0.00134974016317
316 0.0561518937406
317 0.000285255500497
318 0.00825844297305
319 0.00062564877803
320 0.0079160914882
321 0.000236686390533
322 0.00489160017768
323 0.00218497040891
324 0.000613209605997
325 0.00195895004869
326 0.00505310389205
327 0.00256501143175
328 0.00646853612478
329 0.0628309763225
330 9.01297868931e-05
331 0.000407207062278
332 0.00171562620356
333 0.000724414491605
334 0.000590892733564
335 0.00148069577581
336 0.00175364005468
337 0.000141050885517
338 0.000213897309239
339 0.000352796206284
340 0.000523045763998
341 0.00421250924556
342 0.000672067808909
343 0.00634808496298
344 0.0046021565112
345 0.00235325102582
346 0.0007631024694
347 0.0466430064225
348 0.0101619406868
349 0.000825344726463
350 0.000825262200243
351 0.000306564204397
352 0.00817333075469
353 0.00159004668045
354 0.012572721227
355 0.00221908680951
356 0.000966468898494
357 0.00207476756754
358 0.000522210227634
359 0.00095817662537
360 0.000970005966424
361 0.000787780202341
362 0.000227839088644
363 0.00108285512802
364 0.0052593501757
365 0.00108285512802
366 0.00148679053564
367 0.00139589312591
368 0.000926052294802
369 0.000703429355281
370 0.000770319914924
371 0.00122784068566
372 0.0157473619431
373 0.00171562620356
374 0.00108593695952
375 0.000211570247934
376 0.021660899654
377 0.00583566090195
378 0.000411346954969
379 0.000523073583642
380 0.0162087368278
381 0.00190295631389
382 0.00047258979206
383 0.00189035916824
384 0.000330203174916
385 0.000598381593208
386 0.00267162491766
387 0.000633842740067
388 0.0011676753293
389 0.00124080407168
390 0.000335901140096
391 0.000453465053444
392 0.00213518311736
393 0.00262984878369
394 0.000590174395182
395 0.00192512521149
396 0.000159472842585
397 0.00512856149367
398 0.00187649538818
399 0.00100959032912
400 0.000650842388532
401 0.00106525596967
402 0.0005492279228
403 0.00166476953882
404 0.00552070376411
405 0.000262788078865
406 0.00572238820332
407 0.00233028628118
408 0.000198373338623
409 0.00123826504352
410 0.000967214630669
411 0.000943517105616
412 0.000924391083327
413 0.000411346954969
414 0.000401925131492
415 0.00133139116519
416 0.00151474908853
417 0.00109081727127
418 0.0516197597709
419 0.000623503492018
420 0.00317164768797
421 0.00689399284217
422 0.00135414052135
423 0.00869118240715
424 0.000382823738175
425 0.000940305134821
426 0.0065884696383
427 0.000533837429112
428 0.115054756396
429 0.00269720721076
430 0.017918633747
431 0.000250141723356
432 0.0105035108107
