1 0.00107783459135
2 0.000634926676402
3 0.00104764789659
4 0.000712890625
5 0.000167413513332
6 0.000126602060053
7 0.00227198746385
8 0.000669808634226
9 0.000445046054446
10 0.000946837761642
11 0.000232642463974
12 0.000334334792877
13 0.00149441385333
14 0.00353440592655
15 0.0154664386095
16 0.00624611912476
17 0.00419220789879
18 0.0016201890748
19 0.0504581209064
20 0.00174470135026
21 0.000682426906619
22 0.000565815167649
23 0.00459824860868
24 0.00589256754084
25 0.0179360634721
26 0.00059488399762
27 0.000378446925528
28 0.00388610359777
29 0.00754830348105
30 0.000497357638339
31 0.00231185281065
32 0.00534909005008
33 0.000846965269849
34 0.00217342874686
35 0.000407134030477
36 0.000379687854059
37 0.0037882041501
38 0.00266819358213
39 0.00248447055439
40 0.00115616955789
41 0.0172373417836
42 0.0157378662453
43 0.0120707300923
44 0.209738643838
45 0.00144258629478
46 0.00171833276932
47 0.002336
48 0.00168526312281
49 0.00392320051166
50 0.000364352391737
51 0.000385676529084
52 0.0120190247168
53 0.00238596259215
54 0.0207927024629
55 0.00063046480595
56 0.0010618303918
57 0.000400924739158
58 0.000278862847222
59 0.000669808634226
60 0.00104902555361
61 0.000193236569115
62 0.000228701298237
63 0.000492950414709
64 0.00466445233742
65 0.00379639108682
66 0.0115329648658
67 0.00819168788713
68 0.00960936059763
69 0.000298499051251
70 0.000444335118257
71 0.00278172290653
72 0.000602205577929
73 0.000949990617377
74 0.00615092416758
75 0.000253276387482
76 0.00237798907943
77 0.000717474489796
78 0.00134233667008
79 0.00136833520686
80 0.00220863829255
81 0.00868613921646
82 0.00237798907943
83 0.00286173515918
84 0.625107053519
85 0.0218248435911
86 0.000677114329168
87 0.00118738885229
88 0.000162796435776
89 0.000323017281166
90 0.00152685250897
91 0.000277038515889
92 0.000615712403962
93 0.000799738850709
94 0.00201901789317
95 0.0106468394426
96 0.000870035756348
97 0.00178235121205
98 0.000209306122449
99 0.000984402650315
100 0.0227738746305
101 0.00583441758158
102 0.00018048937924
103 0.00390623515688
104 0.00014740978696
105 0.0183494327304
106 0.00522918432371
107 0.00136063289023
108 0.00164811823356
109 0.002372043393
110 0.00717067629518
111 0.0111192674551
112 0.000485862336846
113 7.77022392634e-05
114 0.00152685250897
115 0.0032837543126
116 0.00156469750593
117 0.00738935246081
118 0.000379687854059
119 0.00124090318733
120 0.000641417468315
121 0.00325948301862
122 0.00495590398341
123 0.00972660173627
124 0.00257370613684
125 0.00127662074239
126 0.0014428219458
127 0.00841799971889
128 0.0726987205605
129 0.00149650752556
130 0.00133577263006
131 0.000509096951609
132 0.0013700710408
133 0.000923112269859
134 0.000500158213312
135 0.0017687987215
136 0.000408451615475
137 0.00217740477868
138 0.000511350723467
139 0.000780008197308
140 0.00105186267348
141 0.000280347342111
142 0.000389407863123
143 0.000614919520071
144 0.00015790905929
145 0.000304694531977
146 0.000254380680328
147 0.000363642499277
148 0.00145529307183
149 8.41743065115e-05
150 0.00399618808443
151 0.00131448995397
152 0.00311198005601
153 0.00331422388514
154 0.00151801050726
155 0.0439507218322
156 0.00140048931628
157 0.000232663196937
158 0.000447937392708
159 0.00369371851526
160 0.10886477971
161 0.0973394717842
162 0.000764950334255
163 0.000540508178875
164 0.000778799351001
165 0.00202563296085
166 0.000553647683144
167 0.00169747353018
168 0.000678168402778
169 0.00093393020313
170 0.00230420714458
171 0.00336552434959
172 0.423943575327
173 0.0127867644333
174 0.000377038363654
175 0.00510968049952
176 0.00579174282808
177 0.000444335118257
178 0.00292636734694
179 0.00461956949958
180 0.000979420498423
181 0.008627959291
182 0.00795282110725
183 0.0162599300228
184 0.00153308458669
185 0.000644180473601
186 0.00255540241614
187 0.000484231908407
188 0.00256109754299
189 0.00120909415004
190 0.000397482338671
191 0.000154075693295
192 0.000563026959417
193 0.00121923570103
194 0.000678168402778
195 0.00652566235243
196 0.00037039210004
197 0.000979014961492
198 0.000405670797516
199 0.000507264020778
200 0.000998697287614
201 0.0071100728283
202 0.000151712604176
203 0.000231757892669
204 0.00144521300653
205 0.000383264172036
206 0.0058296382678
207 0.00025396422279
208 0.00048133385797
209 0.000281409438776
210 0.00151700108593
211 0.00309976000889
212 0.00963528924687
213 0.0122875489135
214 0.00834518968431
215 0.000559108522317
216 0.00231068873359
217 0.00185880076023
218 0.000509096951609
219 0.000614919520071
220 0.000825472974996
221 0.00131698751301
222 0.000239791513137
223 0.00139929923257
224 0.00119592389273
225 0.000726772554967
226 0.00645298738883
227 0.000618967632673
228 0.00182152636404
229 0.100203359377
230 0.00220939549137
231 0.0023819066364
232 0.0052866825755
233 0.000310416282278
234 0.00164331341791
235 0.000614657808473
236 0.0384342309926
237 0.000774350455956
238 0.000811168082038
239 0.00194170203406
240 0.00103316326531
241 0.0071310642578
242 0.00162067829925
243 0.0238293430192
244 0.000546513779224
245 0.00131698751301
246 0.00411041888868
247 0.00059488399762
248 0.00202563296085
249 0.000498246173469
250 0.000682426906619
251 0.000228701298237
252 0.000621190968747
253 0.0362103978919
254 0.0037206627001
255 0.0126839712898
256 0.000675197964384
257 0.00268297520973
258 0.00123041660181
259 0.00309253993619
260 0.00192689601086
261 0.000886650370361
262 0.00162599548293
263 0.00520548470638
264 0.000898878486919
265 0.000609280509371
266 0.000446956675214
267 0.404168914474
268 0.00407050728129
269 0.0052063028257
270 0.00110631315239
271 0.00068626376293
272 0.000427589877682
273 0.00245470652404
274 0.0021229893306
275 0.00104902555361
276 0.000444335118257
277 0.000376161360585
278 0.000368247098349
279 0.00218193185939
280 0.00534429615921
281 0.000810486402389
282 0.104288698371
283 0.000247532497056
284 0.00185786030904
285 0.000886650370361
286 0.00140797962686
287 0.000471768967566
288 0.00118239458295
289 0.000266555601833
290 0.00396759176901
291 0.000429389063146
292 0.0158023960717
293 0.00037125071528
294 0.00153141102775
295 0.0111729230585
296 0.00267939785628
297 0.000973180467908
298 0.000956797528662
299 0.000888834820302
300 0.000527016555066
301 0.000854655756777
302 0.00258721769574
303 0.000379687854059
304 0.00129255089973
305 0.000187421467124
306 0.000577660769175
307 0.000234933182239
308 0.000395788650509
309 0.00415723642045
310 0.000149529795703
311 0.00100872311318
312 0.00139755085322
313 0.167296584938
314 0.000385193197524
315 0.00124134384506
316 0.000728833484307
317 0.0014989019376
318 0.0157412399091
319 0.00251357244571
320 0.00073115991773
321 0.0465450861219
322 0.00278540833515
323 0.0607646335205
324 0.00489537891052
325 0.00121347321511
326 0.00260474297241
327 0.00205527824383
328 0.00268554280732
329 0.00039745223578
330 0.000888804219113
331 0.000539828084189
332 0.000640922929018
333 0.00324467232815
334 4.9207545886e-05
335 0.000539828084189
336 0.00093393020313
337 0.0376458635701
338 0.00523034486232
339 0.000368247098349
340 0.0141088140516
341 0.00164807746033
342 0.00356821207612
343 0.000314962861012
344 0.00341732902437
345 0.000857366486151
346 0.00640048784941
347 0.00168931696539
348 0.000934170014848
349 0.651461162771
350 0.00283027537833
351 0.00418762095896
352 0.000518380259821
353 0.00178741454692
354 0.00228530636526
355 0.000794736587134
356 0.000635121292924
357 0.000883022637835
358 0.00152201867999
359 0.00531069186513
360 0.000236231880046
361 0.00085324783079
362 0.00122636224621
363 0.000323017281166
364 0.000463493220417
365 0.00815981361519
366 0.000245982031111
367 0.0009000333934
368 0.000262458746726
369 0.00314414176004
370 0.0199992380057
371 0.00105723873912
372 0.0040850991399
373 0.0762579497772
374 0.000503491212651
375 0.00162243377692
376 0.000785795076688
377 0.00237542818321
378 0.000262788078865
379 0.000905475759865
380 0.0103974488771
381 0.0022070707276
382 0.0116823197122
383 0.00678644177851
384 0.000565815167649
385 0.00386498127881
386 0.000593724944807
387 0.000787320734177
388 0.00536485461389
389 0.00428435282952
390 0.00100249928642
391 0.000509096951609
392 0.00105566343886
393 0.00124508874744
394 0.00126850425751
395 0.000736594246536
396 0.00103316326531
397 0.00113883007384
398 0.000512637949448
399 0.00038198408293
400 0.00164331341791
401 0.001568340996
402 0.00233777549339
403 0.00238156465091
404 0.00681633165811
405 0.00119073596509
406 0.00847320348262
407 0.000163056390123
408 0.00114263043047
409 0.00140625
410 0.00152199379285
411 0.000640922929018
412 0.00119530148105
413 0.00015383690884
414 0.000614919520071
415 0.00124090318733
416 0.000473206410785
417 0.0011638426812
418 0.00670898564685
419 0.000571237419067
420 0.0302166075996
421 0.000397022566542
422 0.000931975249992
423 0.0140652232552
424 0.00175096864811
425 0.0104042724128
426 0.00119628221554
427 0.00290924663313
428 0.0036416259212
429 0.000591416978304
430 0.00217279931326
431 0.0466236293996
432 0.0113065429687
