1 0.000571565635084
2 0.000206748357605
3 0.00709809797093
4 0.000511972040452
5 0.000209280956414
6 0.00145181146889
7 0.000392118419763
8 0.000125297441999
9 0.000872102950177
10 0.00205086766821
11 0.000375578390722
12 0.00611022667677
13 0.0865083700972
14 0.211383814984
15 0.000728859504132
16 0.0423439878425
17 0.00550889633176
18 9.4544380708e-05
19 0.000336904930548
20 0.00092195073135
21 0.000416758875585
22 0.000333622859649
23 0.000339041322314
24 0.115658786116
25 0.599390318874
26 0.0139603911116
27 0.00251631273278
28 0.000416758875585
29 0.000859811512041
30 0.000493827160494
31 0.000469319284292
32 0.000350281627797
33 0.00031887755102
34 0.00019407120006
35 0.00661696596133
36 0.0428351909371
37 0.0661762191308
38 0.000534767054411
39 0.000545752069891
40 0.000378534963915
41 0.000648761786008
42 0.000564650524458
43 0.00309253993619
44 0.000567800453515
45 0.00325446983201
46 0.000544880261473
47 0.00113073551861
48 0.000512153493773
49 0.000383865134973
50 0.000452693526483
51 0.0039046284021
52 0.0129864697182
53 0.000312919495888
54 0.000475065159937
55 0.000226981745702
56 0.00152290303391
57 0.000259068402123
58 0.000443586764507
59 0.00123928784518
60 0.0013116930962
61 0.000673556146233
62 0.000487226828032
63 0.000394826246852
64 0.000297755595511
65 0.0551535244409
66 0.0599689918393
67 0.00158968317937
68 0.00168948527439
69 0.000442523948355
70 8.19808185127e-05
71 0.00256109783249
72 7.50332786486e-05
73 0.000322063890617
74 0.0009
75 0.0021670706968
76 0.000502724768244
77 0.000531889543988
78 0.000636439396581
79 0.0105300100342
80 0.00194451549088
81 0.00733911462805
82 0.104233962488
83 0.00247672627095
84 0.000433305301369
85 0.00123928784518
86 0.000413113887236
87 0.000726447782292
88 0.000535836762689
89 0.000374635749271
90 0.000806756733916
91 0.000331766329249
92 0.0200416762784
93 0.000482609085097
94 0.00168742718439
95 0.0017079539718
96 0.000230414009172
97 0.00136699149402
98 0.000915189605254
99 0.0506736753201
100 0.00073025274859
101 0.000548973244362
102 0.0016265568208
103 0.00608286555534
104 0.00310255786808
105 0.00752051996479
106 0.0673290646036
107 0.00247733094045
108 0.000192233178846
109 0.000430702178781
110 0.0126122074174
111 0.00115561476298
112 0.000433305301369
113 0.00048300552583
114 0.000132972385997
115 0.00489500745894
116 0.0215261818805
117 0.00187651920272
118 0.05871265025
119 0.000176305504382
120 0.00264790086394
121 0.00145467758785
122 0.000931145898841
123 0.0150727220836
124 0.00109684665051
125 0.000469864186527
126 0.00094939936759
127 0.00185399106131
128 0.00148448324997
129 0.0257914710346
130 0.000258579328805
131 0.00152885187388
132 0.000899083373536
133 0.00127298319092
134 0.000375578390722
135 0.000190249702735
136 0.00109684665051
137 0.000613900072784
138 9.24085268278e-05
139 0.00199158557194
140 0.00086866234223
141 0.010225981568
142 0.0424790373344
143 0.000725649268714
144 0.00255501491515
145 0.000742424144324
146 0.00102748844859
147 0.00245086899802
148 0.000231478329543
149 0.00167853267861
150 0.00737014522937
151 0.00872513233842
152 0.00589195357359
153 0.000298600995402
154 0.000809806087425
155 0.00079598274388
156 0.000384479319189
157 0.000239181983422
158 0.000835826786507
159 0.00198509950005
160 0.000903704281761
161 0.000489461668426
162 0.00031887755102
163 0.00053385768123
164 0.0010294832566
165 0.0218775374529
166 0.00354204265891
167 0.0058114687624
168 0.00677472039857
169 0.00145492291938
170 0.000259126891913
171 0.00113258136095
172 0.000355555555556
173 0.00103480151056
174 0.00027130561711
175 0.00475533223644
176 0.000434027777778
177 0.00310634691113
178 0.000856632956573
179 0.00211675534659
180 0.00657616853675
181 0.0457619316684
182 0.0159581105677
183 0.00126857648949
184 0.000535699110102
185 0.00175997490148
186 0.000377918437341
187 0.000413113887236
188 0.000577037477692
189 0.00394267171444
190 0.000892697798929
191 0.000704333283748
192 0.000377115754232
193 0.000201035402071
194 0.0195941121815
195 0.00442944385889
196 0.000554154652594
197 0.000975621497974
198 0.000458868924751
199 0.001024
200 0.000887173418608
201 0.00042689666682
202 0.00210881782796
203 0.00266966089682
204 0.000388186644536
205 0.0801889767884
206 0.0108621284709
207 0.000780428250658
208 0.000978260131144
209 0.00352541815183
210 0.00133402777778
211 0.00271795888691
212 0.00105948484185
213 0.000350685238957
214 0.00576290153001
215 0.000892697798929
216 0.00193126746969
217 0.000494963877675
218 0.00198994046819
219 0.00015377968317
220 0.00173906745134
221 0.0021288405134
222 0.0107005260199
223 0.000429694498194
224 0.00161935753089
225 0.0282459804619
226 0.00831034555788
227 0.062035130588
228 0.00302227933659
229 0.00115053357352
230 8.31618655693e-05
231 0.000204812452597
232 0.00108577291578
233 0.000500030401848
234 0.000339041322314
235 0.0161481714767
236 0.00386191437661
237 0.109577717836
238 0.00117551020408
239 0.00311495792541
240 0.000347074181285
241 0.000949990617377
242 0.00193126746969
243 0.000410440017967
244 0.000229161260868
245 0.00167567826145
246 0.000441452454331
247 0.000474891167479
248 0.000223136653983
249 0.00844375347222
250 0.0188405613108
251 0.000791844471488
252 0.00441532449371
253 0.00136699149402
254 0.00295871630693
255 0.0016211044711
256 0.00104058272633
257 0.000875031817804
258 0.00355068047061
259 0.000120758362517
260 0.000193236569115
261 0.0015329305445
262 0.0237757573023
263 0.0302849646574
264 0.00768070436205
265 0.0024536358109
266 0.000922813801309
267 0.00103686304127
268 0.000778799351001
269 0.00205847050754
270 0.000392118419763
271 0.0113241153846
272 0.00431914239707
273 0.00149361712059
274 0.0326328343547
275 0.00284586777751
276 0.00229825078203
277 0.0034098779903
278 0.000309557806794
279 0.177783660971
280 0.000217861957217
281 0.00493740863101
282 0.0203651159927
283 0.00108585096842
284 0.00435340028651
285 0.00440966881863
286 0.0900276395481
287 0.000545155222525
288 0.00251569854856
289 0.00094939936759
290 0.000517510320886
291 0.000258579328805
292 0.000251453469812
293 0.000241168104809
294 0.000464476813317
295 0.000411096721996
296 0.000485532127305
297 0.000235326777889
298 0.0169517574695
299 0.00425711180431
300 0.00037170319108
301 0.0149175455976
302 0.000258579328805
303 0.000979962192817
304 0.000551850087131
305 0.00276620783761
306 0.00185399106131
307 0.000186048766913
308 0.000702732995347
309 0.000193909866755
310 0.00061133921024
311 0.00130537345723
312 0.0153058138373
313 0.000704751728036
314 0.00130905785207
315 0.000473412760633
316 7.57478982322e-05
317 0.00043547816199
318 0.000648761786008
319 0.00302560509076
320 0.000200485550944
321 0.000176408124658
322 0.00349868969971
323 0.00178433412604
324 0.000496471477912
325 0.00226935953872
326 0.00593439903915
327 0.0203890020082
328 0.000584322464337
329 0.00141692761939
330 0.00132937517837
331 0.000475125471134
332 0.000691315733244
333 0.000581692058755
334 0.000938705296514
335 0.000582193503871
336 0.00126177412503
337 0.00098690470728
338 0.000702732995347
339 0.000857172646587
340 0.00039788641766
341 0.00270249840347
342 0.00245824688009
343 0.0115055645527
344 0.00627288853066
345 0.0519732392436
346 0.00105948484185
347 0.00118988110827
348 0.00115343538626
349 0.000557137771449
350 0.000300818796725
351 0.00045652077206
352 0.00246139054143
353 0.000938705296514
354 0.00115561476298
355 0.00126152843922
356 0.000979962192817
357 0.000957474473914
358 0.00171821019771
359 0.00309963811032
360 0.000872162862955
361 0.00699097325533
362 0.00126701154787
363 0.000260145681582
364 0.000237142214
365 0.000219478737997
366 0.00862299646274
367 0.0022678107482
368 0.00319749919482
369 0.000703164911227
370 0.00112955116229
371 0.000251453469812
372 0.00327483748842
373 0.000365088593261
374 0.000886650370361
375 0.00524911914644
376 0.000603045636717
377 0.000392118419763
378 0.00170544706011
379 0.000725649268714
380 0.00079598274388
381 0.000438536178551
382 0.000910287777116
383 0.00121535384675
384 0.00031887755102
385 0.000201768550557
386 0.00205847050754
387 0.00172173344123
388 0.0012183063207
389 0.383761350869
390 0.0239868051176
391 0.00251517812533
392 0.000563026959417
393 0.000553633217993
394 0.000289418753037
395 0.000441256976343
396 0.00368233257803
397 0.000307595115947
398 0.000151479289941
399 0.000159960856637
400 0.0554310601961
401 0.00147767518093
402 0.0156129267409
403 0.0538878371307
404 0.00246733746611
405 0.0146496312379
406 0.00147465630251
407 7.66476403882e-05
408 0.00165631441603
409 0.00244534503272
410 0.00123928784518
411 0.000251453469812
412 0.00100073819886
413 8.14555122574e-05
414 0.00298707521143
415 0.00101145713187
416 0.0255469779656
417 0.00127298319092
418 0.0213234717537
419 0.00729036409329
420 0.00284444444444
421 0.000135997756037
422 0.0123851447606
423 0.00190853585303
424 0.00104484089888
425 0.000270872221555
426 0.000270872221555
427 0.000912621004955
428 0.000168116231359
429 0.0204301687276
430 0.00483873322336
431 0.000287594263869
432 0.0338905069809
