1 0.00120749541599
2 0.116390815808
3 0.00099725678374
4 0.000716450623369
5 0.000697610951631
6 0.000458921395209
7 0.000239181983422
8 0.00664128144448
9 0.000400959977668
10 0.00053498025604
11 0.000672084352246
12 0.000216450044205
13 0.000340451610332
14 0.000305211399182
15 0.00162796954719
16 0.0319380111274
17 0.0562127602758
18 0.000639564175515
19 0.0209079875573
20 0.00196454787547
21 0.00370690966998
22 0.0112237362311
23 0.00304623242452
24 0.00212084487535
25 0.00170192383997
26 0.00171127182409
27 0.000645161022131
28 0.000250818204954
29 0.000843725020241
30 0.00221164089334
31 0.000440612175983
32 0.000180474747282
33 0.00135444315886
34 0.0033498412961
35 0.00136069562906
36 0.00123114804555
37 0.000121424614287
38 0.000192901234568
39 0.00255985570715
40 0.00428131020842
41 0.000203717688664
42 0.000527830935998
43 0.00176165508285
44 0.00692074512703
45 0.00133992720074
46 0.0542613496583
47 0.00218023569667
48 0.000635330403563
49 0.000832410346272
50 0.000495430730609
51 0.000213117374394
52 0.0146742227811
53 0.00240437889941
54 0.00195543953588
55 0.00663643499421
56 0.0570193858588
57 0.00453703455126
58 0.000633842740067
59 0.000402413764794
60 0.00170121529549
61 0.000444335118257
62 0.00041508009028
63 0.000392434908151
64 0.000157824297366
65 7.39879102229e-05
66 0.000237131889793
67 0.000870733673744
68 0.000629772969862
69 0.00403156560376
70 0.000664101658664
71 0.000276137364221
72 0.000234660346982
73 0.000816326530612
74 0.000817042443715
75 0.00297746183727
76 0.00133159255632
77 0.00152685250897
78 0.000197482274781
79 0.00227828687508
80 0.000740161356856
81 0.00119291392817
82 0.00238663368541
83 0.399120106047
84 0.00118348099983
85 8.45654165806e-05
86 0.00309435710232
87 0.000501075609187
88 0.000444335118257
89 0.00177819712585
90 0.000164197098519
91 0.000333985540122
92 0.00024026230991
93 0.000797614796236
94 0.00325948301862
95 0.00219958334287
96 0.000726332199546
97 0.00227698501276
98 0.00449610214464
99 0.00120143769602
100 0.00060546996094
101 0.00137024123548
102 0.000914358387599
103 0.000714835913399
104 0.000839536646549
105 0.000646505345574
106 0.00761396433135
107 0.0818066487592
108 0.446269378867
109 0.00129294869276
110 0.000161249685059
111 0.000919793402608
112 0.011065857514
113 0.000630779573671
114 0.00336292661366
115 0.000870733673744
116 0.000206671624581
117 0.00101675687507
118 0.00114909508762
119 0.00220610739582
120 0.00151132561636
121 0.00251155357936
122 0.126993163972
123 0.000401926934185
124 0.0110006065482
125 0.0158262981757
126 0.000463904317926
127 0.000480917205294
128 0.00125039302528
129 0.000622131205423
130 0.00202087366383
131 0.000429921640026
132 0.000566893424036
133 0.000566893424036
134 0.00637462211589
135 0.00143882258774
136 0.000918982190026
137 0.00150516967168
138 0.000202839151536
139 0.000467696746926
140 0.00236521153627
141 0.00039745223578
142 0.00053498025604
143 0.00131185806311
144 0.00105991072259
145 0.0014428219458
146 0.00021501923057
147 0.002519951711
148 0.0562519169708
149 0.00192714997577
150 0.0806536900734
151 0.000722737399627
152 0.000335439895879
153 0.00176372670607
154 0.000556247775009
155 0.00260537889599
156 0.000247784460112
157 0.00151234567901
158 0.00152242378433
159 0.0011867860168
160 0.00936439289078
161 0.00042829810096
162 0.0102225108195
163 0.000741117102474
164 0.00954801801127
165 0.000305638417527
166 0.00103316326531
167 0.000294604496329
168 0.00320053115474
169 0.0021695560462
170 0.000966468898494
171 0.000812453100581
172 0.000428884955331
173 0.000841683729119
174 0.000234533963408
175 0.0010294832566
176 0.00190803918391
177 0.00526795005203
178 0.202885389251
179 0.00513840093464
180 0.000394305870496
181 0.00152793072002
182 0.000812294937734
183 0.00120897625178
184 0.000970564289221
185 0.00176299243184
186 0.00156459851394
187 0.000909759419604
188 0.0217784956287
189 0.0235963871762
190 0.0137376370901
191 0.000440612175983
192 0.000698149231686
193 0.000420204535839
194 0.000497071219224
195 0.000774111557258
196 0.000423377195211
197 0.000501824231446
198 0.00337367136472
199 0.00134606816663
200 0.105383952497
201 0.00314355340679
202 0.0014428219458
203 0.163071041534
204 0.0071417845886
205 0.00225959631026
206 0.000764019424673
207 0.000514655748828
208 0.000685376830858
209 0.000654875283447
210 0.00148334728395
211 0.000763891630621
212 0.00169265573525
213 0.00723264564026
214 0.00130963537447
215 0.000248000496001
216 0.000515479198026
217 0.0141385634876
218 0.000641572458167
219 0.000918273645546
220 0.000340479103489
221 0.000200173654649
222 0.00170393540696
223 0.00051100127551
224 0.00116759938454
225 0.000633771822583
226 0.00194594758908
227 0.000826444504166
228 0.00228113165516
229 0.00030393569985
230 0.000556247775009
231 0.000703070754797
232 0.00764808888772
233 0.000832469706633
234 0.000344464781645
235 0.000259310557094
236 0.0032439985251
237 0.000663117758662
238 0.00326335504348
239 0.0043021254873
240 0.00115467998869
241 0.00393994400045
242 0.0139626523174
243 0.000975665748393
244 0.0011446844533
245 0.000265992717978
246 0.00053498025604
247 0.000428554280731
248 0.000206671624581
249 0.00253998282497
250 0.000797614796236
251 0.00176167696856
252 0.000487738640762
253 0.0341025941087
254 0.032958787987
255 0.000121257535374
256 0.000538742709202
257 0.000672441754677
258 0.000670671697654
259 0.000304999003225
260 0.0132492177791
261 0.0258585767184
262 0.000864453774322
263 0.00115356543594
264 0.00176399971753
265 0.00187092580721
266 0.00152943182146
267 0.00648927595852
268 0.000741229785628
269 0.000114784205693
270 0.00547117955142
271 0.000442840299743
272 0.00115343538626
273 0.000675907841435
274 0.000815394385064
275 0.00320277847438
276 0.000497071219224
277 0.000997229916898
278 7.8125e-05
279 0.000674782363706
280 0.000393867349217
281 0.042181649044
282 0.0083273896358
283 0.000724720248745
284 0.00210458420857
285 0.0229742425715
286 0.000296038904722
287 0.0422129696448
288 0.000789297155844
289 0.00124634740414
290 0.00902952154626
291 0.00118196488826
292 0.00242008896274
293 0.000462684254706
294 0.000566893424036
295 5.74794197906e-05
296 0.000766980787494
297 0.00170680036721
298 0.00520563291126
299 0.0034169429328
300 0.000261197836955
301 0.00344019199218
302 0.00192117136111
303 0.000471703800154
304 0.0021695560462
305 0.00332201081315
306 0.000550003696025
307 0.000470950279707
308 0.000531985435957
309 0.000293799436986
310 0.00097076017879
311 0.00122687585652
312 0.00704878991846
313 0.00728082464895
314 0.00142185080755
315 0.00742569747214
316 0.00072365161328
317 0.000621021888541
318 0.000476726225663
319 0.000615492163905
320 0.00161807165986
321 0.000977316020448
322 0.000425571930095
323 0.0302437655871
324 0.0163734148455
325 0.000621444868793
326 0.000870733673744
327 0.00103316326531
328 0.000545984782292
329 0.000466082609227
330 0.00136069562906
331 0.00217517751439
332 0.000428554280731
333 0.000812453100581
334 0.000125014589105
335 0.000393867349217
336 0.00872958272786
337 0.00526232661033
338 0.000742237324617
339 0.00375456555171
340 0.0223842857753
341 0.00169265573525
342 0.000440577001036
343 0.00065082562083
344 0.0388725286368
345 0.000482609085097
346 0.000440612175983
347 0.00103431731522
348 0.0907709663854
349 0.00192704812456
350 0.000227839088644
351 0.000556247775009
352 0.000706223432515
353 0.00131698250867
354 0.000441022595922
355 0.0010294832566
356 0.000526049995792
357 0.000391808015326
358 0.00689733466676
359 0.00181485316027
360 0.448401280582
361 0.000606297820762
362 0.54588849832
363 0.00624682191735
364 0.00199298469388
365 0.0242425113301
366 0.0123270715736
367 0.00314024434545
368 0.00292111766582
369 0.000987654320988
370 0.00193383350003
371 0.000985004114236
372 0.00169265573525
373 0.114406912678
374 0.00021507526374
375 0.0308215059733
376 0.00253446286504
377 0.000458921395209
378 0.000216836734694
379 0.00394327263987
380 0.000181999664438
381 0.00133848899465
382 0.00136069562906
383 0.00148677833362
384 0.00079428038759
385 0.000497357638339
386 0.000550003696025
387 0.00209321201247
388 0.00217439286703
389 0.000683938867878
390 0.0339818793607
391 0.0121383665088
392 0.00153824550654
393 0.000759279850078
394 0.00194409603036
395 0.0172947711209
396 0.00596006350029
397 0.000520306089829
398 0.00115559933713
399 0.000151479289941
400 0.00289390706973
401 0.00797127697995
402 0.000766863905325
403 0.00194901555892
404 0.000544880261473
405 0.00419840720222
406 0.000475065159937
407 0.00042829810096
408 0.00246139054143
409 0.00053498025604
410 0.000544880261473
411 0.000497357638339
412 0.000375578390722
413 0.000844971556186
414 0.000480917205294
415 0.00787592467622
416 0.0010324106423
417 0.000490334141142
418 0.00383118915937
419 0.000633842740067
420 0.000140815114768
421 0.00107488500365
422 0.0155908750666
423 0.000195267062032
424 0.00428083755915
425 0.0109105535531
426 0.000923381829647
427 0.000932748280245
428 0.000939571306882
429 0.00291199463101
430 0.0204124187304
431 0.000282504200453
432 0.0268146758829
