1 0.000385196687308
2 0.00019636936214
3 0.0159083407773
4 0.0013080947984
5 0.000243189737393
6 0.000163959723776
7 0.000514655748828
8 0.000453229099966
9 0.00146692208875
10 0.00325431462012
11 0.000453465053444
12 0.000607860758066
13 0.000224438552932
14 0.00400948107512
15 0.132967277263
16 0.0164700230573
17 0.00373464257578
18 0.00188979739317
19 0.0360021272434
20 0.00108622065528
21 0.00488795713966
22 0.000514655748828
23 0.0123933293789
24 0.0112853004197
25 0.00167362967216
26 0.0012788912767
27 0.000471129433894
28 0.00219866761292
29 0.00351155275169
30 0.0128175995239
31 0.022414485014
32 0.000596074463742
33 0.00078353035882
34 0.00101514404777
35 0.000971496036431
36 0.00120660583218
37 0.00117305548504
38 0.00136052136522
39 0.000276376640434
40 0.00101934636085
41 0.0541332107138
42 0.000648032476009
43 0.00145964281682
44 0.0149533528734
45 0.00514750413223
46 0.00467285838935
47 0.000203758078788
48 0.000527859781554
49 0.000772797066233
50 0.00179210058509
51 0.00332200324498
52 0.000599554315304
53 0.000439262532345
54 0.00075751199394
55 0.00246779274791
56 0.0115573596913
57 0.00166721363839
58 0.00209523942518
59 0.000475065159937
60 0.000742882536021
61 0.000224371320535
62 0.0017682351475
63 0.00043547816199
64 0.000309958341599
65 0.00235008367831
66 0.00068528823223
67 0.00189214691378
68 0.000238517613035
69 0.000120086974757
70 0.000329992778238
71 0.0169198306779
72 0.0083127084784
73 0.00290953755779
74 0.00527345220228
75 0.0743088661704
76 0.00887373699954
77 0.0033615753624
78 0.000309594860725
79 0.000590268038355
80 0.000843815848479
81 0.00120516771452
82 0.00420576653477
83 0.000669317546992
84 0.00113296508789
85 0.0308819112594
86 0.0110086847969
87 0.000214681533363
88 0.000280694059922
89 0.00068528823223
90 0.000243189737393
91 0.000268744961032
92 0.000491203913284
93 0.000555825947689
94 0.000599554315304
95 0.000554154652594
96 0.00100327281982
97 0.00471624529317
98 0.0466987716881
99 0.0063224890166
100 0.000575413359063
101 0.00455975842339
102 0.000895516818925
103 0.000117575269978
104 0.00179685101531
105 0.00124724804568
106 0.00308717327353
107 0.000494963877675
108 0.00186634585389
109 0.000415136473625
110 0.00106125297981
111 0.0121008475196
112 0.000801975729985
113 0.00457230968588
114 0.000576737988393
115 0.000554154652594
116 0.000458824520953
117 0.000650664550684
118 0.000510833172168
119 0.00100249928642
120 0.0011209749682
121 0.000202992715258
122 0.00116260290214
123 0.0020106324117
124 0.00053385768123
125 0.000766863905325
126 0.00514814988596
127 0.000334459077995
128 0.00118424095271
129 0.00158004009802
130 0.00154300952588
131 0.000798405528023
132 0.000798405528023
133 0.0015141788672
134 0.0224601554295
135 0.0167695374995
136 0.00193371757003
137 0.000374807152276
138 0.000285541521096
139 0.000202311565743
140 0.000246897951062
141 0.000182306966476
142 0.00316282690009
143 0.000374807152276
144 0.00109579364466
145 0.0020313429875
146 0.00220379912215
147 0.00104033766569
148 0.0422492933662
149 0.00927082514453
150 0.00441968481562
151 0.00020628591873
152 0.00428758364594
153 0.00416770685684
154 0.000540551579332
155 0.000573428164589
156 0.00089597274989
157 0.00102218197994
158 0.00152848995566
159 0.00159478827708
160 0.00221668761071
161 0.00140040888482
162 0.000248489407654
163 0.000495736052211
164 0.00100073819886
165 0.000545927397061
166 0.000883724133511
167 0.000572620611252
168 0.000593724944807
169 0.0014839389096
170 0.0036190196517
171 0.00064477856775
172 0.0113269695759
173 0.356185444014
174 0.000580561565157
175 0.257784799089
176 0.000671385701829
177 0.00154270611634
178 0.00116440624481
179 0.000267150009523
180 0.0011070072878
181 0.00086594011895
182 0.00138007461944
183 0.00345753666611
184 0.0374219648029
185 0.00349296013931
186 0.00360645568476
187 0.00219446566909
188 0.00101309299144
189 0.000252355757118
190 0.000469873481551
191 0.000607860758066
192 0.000895516818925
193 0.00119592389273
194 0.000224166553301
195 0.000469873481551
196 0.000509067668732
197 0.000374807152276
198 0.00221634579769
199 0.00169361552756
200 0.000529932270416
201 0.0369179941062
202 0.00128265433998
203 0.00398453646812
204 0.00563683052422
205 0.00021080299472
206 0.000686037894156
207 0.415957148132
208 0.00142101367835
209 0.000182306966476
210 0.00113409540578
211 0.00578495532494
212 0.000830528782478
213 0.00107053526445
214 0.66715830485
215 0.00423855251736
216 0.00508588234408
217 0.00101147336482
218 0.000612133092828
219 0.000455652324501
220 0.000224166553301
221 0.000238149672306
222 0.00381628180856
223 0.00146728022402
224 0.00100505194875
225 0.00093432320319
226 0.00109579364466
227 0.000573428164589
228 0.0134595890755
229 0.00207125418476
230 0.0333530357094
231 0.0011867860168
232 0.00227293373102
233 0.000667675886833
234 0.00663823919153
235 0.00264303072693
236 0.00040569558153
237 0.000750749053084
238 0.00144058761095
239 0.000524963437051
240 0.000323482221417
241 0.000798405528023
242 0.00288275302914
243 0.0032000015605
244 0.00889464776772
245 0.000711003089791
246 0.0005478886839
247 0.00517571554267
248 0.000320510724027
249 0.000315517177779
250 0.00125797762625
251 0.00101856043459
252 0.000503627731274
253 0.000236231880046
254 0.000497265832277
255 0.0101508353946
256 0.000465009527953
257 0.000217060257963
258 0.00116279015292
259 0.00180342967414
260 0.00125797762625
261 0.000556098090278
262 0.000971398814293
263 0.000573893234186
264 0.000569149714042
265 0.0195396246087
266 0.000523566686314
267 0.00026092603802
268 0.280883329946
269 0.000988236176724
270 0.000693148892777
271 0.00053385768123
272 0.00100327281982
273 0.0297727224461
274 0.00217017752704
275 0.00026917495297
276 0.000453229099966
277 0.000657786854698
278 0.00147265225315
279 0.000737262553131
280 0.000510017144736
281 0.00937247080587
282 0.00288275302914
283 0.00191341151061
284 0.00702119665613
285 0.000762166434567
286 0.00613756560695
287 0.00235434637286
288 0.00120136281157
289 0.000483996941527
290 0.00119592389273
291 0.0017154387357
292 0.180038031196
293 0.00197590652989
294 0.00248259144812
295 0.00323347107438
296 0.000524124837312
297 0.0549091947695
298 0.00109433168638
299 0.000811168082038
300 0.000557269551196
301 0.000572331219523
302 0.00263260327294
303 0.000572620611252
304 0.00054692100973
305 0.00071892016722
306 0.000639404454695
307 0.00054794568587
308 0.00179641243805
309 0.00423387801714
310 0.000661157024793
311 0.00313177504978
312 0.000359244746836
313 0.000513749820668
314 0.0029028769493
315 0.000592051416227
316 0.000377038363654
317 0.00106525596967
318 0.000694069478656
319 0.00154270611634
320 0.0086686541374
321 0.15828836985
322 0.00723203987184
323 0.350578801496
324 0.00878452445309
325 0.00228694396963
326 0.00038895817927
327 0.000510017144736
328 0.000163959723776
329 0.00060794030971
330 0.000198024550403
331 0.00073046018992
332 0.000561973095428
333 0.00376614769145
334 0.00222181571156
335 0.462550898935
336 0.00369586571032
337 0.00027454936187
338 0.00576614204155
339 0.00109206989247
340 0.000341574016492
341 0.000443586764507
342 0.000593724944807
343 0.00537762674467
344 0.0528060443199
345 0.000439223317533
346 0.00538601617797
347 0.00676575361556
348 0.00161245590744
349 0.000367557115435
350 0.000327964515777
351 0.00521763883857
352 0.00114909508762
353 0.232907823278
354 0.000309958341599
355 0.00118906064209
356 0.000557269551196
357 0.000275935144204
358 0.000572151398938
359 0.000491203913284
360 0.00085988279665
361 0.000556247775009
362 0.00285321426862
363 0.00189958377345
364 0.000606850416706
365 0.360563649212
366 0.00119837334785
367 0.00113856425963
368 0.000359759760427
369 0.00256431761737
370 0.000688488639937
371 0.000606663592904
372 0.00182006979555
373 0.000360806383669
374 0.00538257100586
375 0.127150397987
376 0.00839700058042
377 0.00298371521726
378 0.000639404454695
379 0.000284108735796
380 0.000983489814659
381 0.000285389573283
382 0.0017098399473
383 0.000458824520953
384 0.000781219860345
385 0.000275935144204
386 0.0056537961445
387 0.00277410921586
388 0.000573428164589
389 0.0110614843662
390 0.000282814847941
391 0.0193804138427
392 0.00332222344081
393 0.0013380129301
394 0.000894634307998
395 0.00192435775261
396 0.0169
397 0.00023397884685
398 0.000947035861217
399 0.00152552286703
400 0.00151280343695
401 0.00114182618595
402 0.000702831610976
403 0.00258970838897
404 0.000214681533363
405 0.00913979870507
406 0.000342043431826
407 0.0036454254183
408 0.000971496036431
409 0.000246897951062
410 0.00234972554303
411 0.00123114804555
412 0.000276623977248
413 0.0111286864106
414 0.00103221453871
415 0.00093432320319
416 0.00091275458476
417 0.000600513602209
418 0.00626754364517
419 0.000958142998353
420 0.00105442011066
421 0.000811168082038
422 0.000628491775835
423 0.00507980165289
424 0.00154270611634
425 0.00690985199788
426 0.00131605503513
427 0.00371233612317
428 0.000634360755037
429 0.00328149101029
430 0.0984274554937
431 0.000344773103212
432 0.00158241471729
