1 0.280448956451
2 0.000669207126794
3 0.000202489278118
4 0.00518742913832
5 0.000136502374737
6 0.00444934595435
7 0.000273205382146
8 0.00175396303601
9 0.000667005327505
10 0.00108483747109
11 0.071954362945
12 0.00370351345508
13 0.00855106895992
14 0.0260918923481
15 0.0013106209643
16 0.0724260547034
17 0.000379687854059
18 0.000699270599887
19 0.00348983744278
20 0.000423809849054
21 0.00280683760684
22 0.000573428164589
23 0.000726757696312
24 0.00454124412458
25 0.000964801854564
26 0.212010950667
27 0.0150962736899
28 0.00139484031083
29 0.000159977503164
30 0.00078853573531
31 0.00073155821335
32 0.000465278672147
33 0.000632568044079
34 0.0013116930962
35 0.244322339031
36 0.0120183272364
37 0.000700692041522
38 0.00231438039958
39 0.000353360680214
40 0.229611747413
41 0.00819808185127
42 0.00117551020408
43 0.000807331265585
44 0.000231704935796
45 0.0218364603179
46 0.000421294161739
47 0.0018965534943
48 0.000362639619013
49 0.000824415249108
50 0.00693921028466
51 0.00174674556213
52 0.0703016255621
53 0.00182924508824
54 0.000272704317818
55 0.000552073322404
56 9.47132434501e-05
57 0.000720709771512
58 0.000275986080591
59 0.0020106324117
60 0.0013116930962
61 0.000524003284647
62 0.000177481851441
63 0.000213506807615
64 0.000704333283748
65 0.0176231596938
66 0.00062750752005
67 0.000962174155511
68 0.00486749594375
69 0.00134576816132
70 0.000855007843244
71 0.000680529300567
72 0.000338906951876
73 0.00132526289992
74 0.000522090865495
75 0.000530502024381
76 0.0106882112651
77 0.00415167893291
78 0.0067524638965
79 0.00108483747109
80 0.00793358751994
81 0.000427099489277
82 0.000265587651736
83 0.00141442866303
84 0.0439038411884
85 7.34693877551e-05
86 0.000473912975974
87 0.000898501872919
88 0.000352796206284
89 0.00348366381018
90 0.000299325918033
91 0.00119455056532
92 0.000227535279784
93 0.00241622837133
94 0.00178741454692
95 0.147331928316
96 0.000569732659291
97 0.000584669189538
98 0.00338621383329
99 0.00190291082419
100 0.00313126558756
101 0.00135530190606
102 0.00139484031083
103 0.000430433360307
104 0.00069966274744
105 0.000279712030656
106 0.0129792557078
107 0.0110571565285
108 0.00133883110463
109 0.00124547851138
110 0.000496380624028
111 0.000850694444444
112 0.000148268616399
113 0.000958433778947
114 0.00122160429824
115 0.00022669509621
116 0.000657462195924
117 0.0408832956239
118 0.0139343819939
119 0.000872911080806
120 0.000261957022139
121 0.00025033576223
122 0.00139059745302
123 0.00082944
124 0.000792253036817
125 0.00399943757909
126 7.03534784584e-05
127 0.000202992715258
128 0.00153029164675
129 0.00182183224271
130 0.000404073922427
131 0.00327764710758
132 0.0112303989109
133 0.0287728554686
134 0.00138009547898
135 0.0360030354515
136 0.000433988483498
137 0.000249471578268
138 0.000484553617341
139 0.000574345649653
140 0.000851745125286
141 0.00124506320436
142 0.000898501872919
143 0.000201792241533
144 0.000463677025582
145 0.000401283078567
146 0.000521256854528
147 0.000933991972265
148 0.00605039677208
149 0.000236005115595
150 0.000836999459013
151 0.0134983863381
152 0.00102115611879
153 0.000534598549901
154 0.000577106259229
155 0.00455217455101
156 0.017078616266
157 0.000521256854528
158 0.00719497820783
159 0.0189665853458
160 0.0257280073462
161 0.0301124443086
162 0.000213506807615
163 0.00124987601666
164 0.00025756204928
165 0.000676412600351
166 0.00218765179095
167 0.000249555937229
168 0.000221442743764
169 0.000577847633136
170 0.000227681938377
171 0.000372383439917
172 0.000653599135261
173 0.00493945861812
174 0.0245663645903
175 0.00107455450999
176 7.43162901308e-05
177 0.00431096418159
178 0.0154993848076
179 0.00218740729211
180 0.0122344214187
181 0.000257027080213
182 0.0143990321979
183 0.00241622837133
184 0.00296780720066
185 0.000539451806934
186 0.00187701157243
187 0.00193213380027
188 0.0268625452899
189 0.00687009282718
190 0.000534601030004
191 0.0115995519633
192 0.00123644118068
193 0.000632716049383
194 0.000274337838475
195 0.00095817662537
196 0.00354308390023
197 0.00199416762191
198 0.000509911506731
199 0.000237117279249
200 0.000961480680248
201 0.000215174829549
202 0.00181214270759
203 0.00120516771452
204 0.00243748770692
205 0.00190374363549
206 0.0033258435337
207 0.0197677323495
208 0.00222160285094
209 0.000382677778586
210 0.000669770113464
211 0.000409978826583
212 0.00278202310203
213 0.00146050549718
214 0.00410704863735
215 0.000598497696448
216 0.000575631536872
217 0.726589085907
218 0.00237287703667
219 0.000456570969391
220 0.00120982986767
221 0.000432584627396
222 0.00145921636072
223 0.000851088421257
224 0.000774291115312
225 0.00178200354472
226 0.000487226828032
227 0.00109823052629
228 0.0146393786749
229 0.0086755074191
230 0.00940029688527
231 0.000306988661534
232 0.00389678439379
233 0.00247287892976
234 0.00700215881254
235 0.00116675773513
236 0.000386991062982
237 0.000583627119632
238 6.47294707687e-05
239 0.00289461247637
240 5.15098097571e-05
241 0.00398408336659
242 0.0421344372819
243 0.00218265103182
244 0.002223183391
245 0.000474996661365
246 0.000464418908823
247 0.00432691726605
248 0.000674293228139
249 0.000222351734387
250 0.000361983926755
251 0.00075060987052
252 0.000282091225121
253 0.00241647711439
254 0.00457620004788
255 0.00321206276291
256 0.00154647889515
257 0.00890212557532
258 0.000306525845087
259 0.00197005166855
260 0.000536735147598
261 0.00136704124753
262 6.45603714268e-05
263 6.73241288626e-05
264 0.01483974402
265 0.00620792626503
266 0.00155079666568
267 7.55710622924e-05
268 0.00122958026748
269 0.00359424690463
270 0.000318245797731
271 0.00112031282016
272 0.000532872249633
273 8.27017731431e-05
274 0.00977874071211
275 0.00119822485207
276 0.00018993519715
277 0.00124506320436
278 0.000729958949686
279 0.00232461734694
280 0.000190663992919
281 0.000208526111379
282 0.00106951087594
283 0.000102439665161
284 0.00219229024943
285 0.000190578144111
286 0.111283082796
287 0.000609061470382
288 0.00354108807776
289 0.00341131771251
290 0.00127737158319
291 0.00220902527508
292 0.00178168616601
293 0.020465071983
294 0.000973350812102
295 0.00195491953967
296 0.00185952978603
297 0.000627795153717
298 0.000347554136423
299 0.000657095308538
300 0.00601955922865
301 0.0117049314136
302 0.0211769631204
303 0.00202461685931
304 0.00105566343886
305 0.000236248717786
306 0.00276099341837
307 0.00073155821335
308 0.00094674556213
309 0.000213506807615
310 0.0031640625
311 0.000973350812103
312 0.000325116692025
313 0.0293364755956
314 0.0960662231584
315 0.00561459778309
316 0.0188362396437
317 0.00165466308655
318 0.00189035916824
319 0.000542937418619
320 0.000194247835958
321 0.00456385325275
322 0.00154762309011
323 0.00966317722681
324 0.000473009405618
325 0.000843441503886
326 0.00178126166148
327 0.00105566343886
328 0.0108884688091
329 0.000583444187729
330 0.000187011469063
331 0.000140783236839
332 0.000566893424036
333 0.000394153521125
334 0.000473835059172
335 0.00139682332436
336 0.0027901691453
337 0.0109770849463
338 0.00116521593372
339 0.00122747572467
340 0.000821808404102
341 0.00237953599048
342 0.000250446076621
343 0.000434752062638
344 0.000569059204009
345 0.00189030153358
346 0.00045185038242
347 0.00188634463888
348 0.0379948668821
349 0.159747250654
350 0.00220288163709
351 0.000574345649653
352 0.000469129800681
353 0.00165424149033
354 0.000219072859697
355 0.000759876659045
356 0.000433305301369
357 0.00105566343886
358 0.00145124716553
359 0.000215125949128
360 0.000274337838475
361 0.000410440017967
362 0.0004
363 0.0448808126439
364 0.00126392436334
365 0.00446991109781
366 0.00118383769671
367 0.00196932507992
368 0.000811793983336
369 0.00392978075653
370 0.000835207051921
371 0.00145606093136
372 0.000300989992203
373 0.00232277380454
374 0.00086872947685
375 0.034764596662
376 0.088548723767
377 0.00795636879487
378 0.00496831581593
379 0.00344411610095
380 0.00138056560896
381 0.00039384962481
382 0.000436935828458
383 0.00161412900518
384 0.000213506807615
385 0.000172845791171
386 0.00059096856064
387 0.00294440706428
388 0.000618219732439
389 0.00181214270759
390 0.00822288067306
391 0.0004034227921
392 0.0434632070582
393 0.000632568044079
394 0.0081074591504
395 0.000700692041522
396 0.00254944536805
397 0.000497954711468
398 0.00153237248517
399 0.00627321613019
400 0.00126544704651
401 0.00398581121677
402 0.166864352478
403 0.00134116068455
404 0.000250878260022
405 0.0149903322555
406 0.000177483721907
407 0.000513930042066
408 0.00024784434899
409 0.00072965505337
410 0.000315712532878
411 0.000897007483368
412 0.00355849631165
413 0.000851048752834
414 0.000186704318704
415 0.000274337838475
416 0.000605635447971
417 0.00288435264792
418 0.0144858822549
419 0.00179395026227
420 0.000233086649962
421 0.00209317989783
422 0.000892546615933
423 0.00383975396601
424 0.000247654565585
425 0.000308695336004
426 0.00105456791639
427 0.000521256854528
428 0.000249471578268
429 0.0103836899946
430 0.0109344939363
431 0.00717633308985
432 0.0751423753061
