1 0.000394821059026
2 0.118979000688
3 0.00108483747109
4 0.00124002918538
5 0.00104245007943
6 0.000217633928571
7 0.000243506081733
8 0.00187890495165
9 0.000523166218697
10 0.000621266807752
11 0.000477560027385
12 0.0040080172533
13 0.000186771258571
14 0.0131176501116
15 0.0143928935083
16 0.116344597491
17 0.000792253036817
18 0.000467760640876
19 0.0033318948201
20 0.000460498443515
21 0.00113800632629
22 0.000580635796197
23 0.00194870546222
24 0.00018441627221
25 0.00199642059965
26 0.000512792743121
27 0.118944763981
28 0.255867322073
29 0.00082782692633
30 0.00388679174881
31 0.00124080407168
32 0.000248000496001
33 0.000243189737393
34 0.000475065159937
35 0.00232694215388
36 0.00117685479671
37 0.00039745223578
38 0.000929191452873
39 0.000985855219902
40 0.000459708904966
41 0.0377668549813
42 0.000888084140912
43 0.00177417109972
44 0.00223302410222
45 0.00813107839725
46 0.000789781109972
47 0.00106912962454
48 0.00041717395019
49 0.000551918711014
50 0.000414460630882
51 0.00222834404363
52 0.000841551610782
53 0.0841530569187
54 0.00031570346017
55 0.000155520145023
56 0.00138366920686
57 0.0110082652169
58 0.00100073819886
59 0.000451125078891
60 0.00139059745302
61 0.00060546996094
62 0.00176096982948
63 0.00595289415717
64 0.000772252117603
65 0.018671808961
66 0.0406365796154
67 0.00121720041536
68 0.00208681369125
69 0.00371346503266
70 0.00479844217018
71 0.000904794582236
72 0.00182026720566
73 0.00179699016257
74 0.000904794582236
75 0.000524003284647
76 0.00742739506985
77 0.000573428164589
78 0.00851127666929
79 0.000337458302876
80 0.00159210667644
81 0.00272507843915
82 0.00566117479065
83 0.000622260834645
84 0.000248969247938
85 0.00160803010031
86 0.000169763074409
87 0.0018345946012
88 0.00028157575474
89 8.43398583923e-05
90 0.000523045763998
91 0.000832742644642
92 0.00187138558697
93 0.00125114051542
94 0.00593576769865
95 0.000620628534882
96 0.018273225547
97 0.0290670720695
98 0.00128485799403
99 0.000665579013157
100 0.000795799730204
101 0.0105410098615
102 0.0130839963632
103 0.00198151390313
104 0.00178507728894
105 0.000438536178551
106 0.000860751838216
107 0.00165961586538
108 0.00257590460097
109 0.0027257437415
110 0.0153809188333
111 0.000558550735389
112 7.65059970096e-05
113 9.95018687695e-05
114 0.00153615121914
115 0.000508790773927
116 0.000954889572473
117 0.000824156956114
118 0.00196166233642
119 0.000141873405884
120 0.00196994460197
121 0.00074181037122
122 0.000808607174143
123 0.00336266346038
124 0.000268195099363
125 0.000665579013157
126 0.00168411654898
127 0.000652326894282
128 0.000427589877682
129 0.00317956878651
130 0.000316047387559
131 0.000433774804142
132 0.000407309595251
133 0.00377427026558
134 0.000809148427064
135 0.00689160168566
136 0.0222786073371
137 0.000363801052796
138 0.0014571744171
139 0.00291691146362
140 0.000243506081733
141 0.000451125078891
142 0.00667478320304
143 0.00037125071528
144 0.000948879089955
145 0.00778429149898
146 0.00051841234767
147 0.000389953305431
148 0.000606922958871
149 0.0135982522393
150 0.105466449438
151 0.000942066018509
152 0.00058998986264
153 0.0016426292741
154 0.00782980881261
155 0.00145695092782
156 0.00121375534906
157 0.00100398219498
158 0.00154147195144
159 0.000101361264806
160 0.00330752679523
161 0.0278931408496
162 0.0395943745977
163 0.000213897309239
164 0.00363182454296
165 0.00196166233642
166 0.00910639542467
167 0.000444335118257
168 0.000502724768244
169 0.00369933618128
170 0.000953252385338
171 0.000808607174143
172 0.000623267499101
173 0.00849697156745
174 0.000781219860345
175 0.00883513849774
176 0.00228454014427
177 0.00871193720221
178 0.00109024563902
179 0.000486878052239
180 0.00610786523576
181 0.00135427009472
182 0.000342935528121
183 0.00152001011244
184 0.0380377328906
185 0.489034043767
186 0.00388224852071
187 0.00089402986722
188 0.0021288405134
189 0.0027510926302
190 0.00125550251101
191 0.000569588872772
192 0.000620682223632
193 0.000197676681256
194 0.00075060987052
195 0.00116138456197
196 0.0107646649638
197 0.00261491774964
198 0.000505440970964
199 0.00373530027403
200 0.00301263614248
201 0.0134065026635
202 0.00482731126927
203 0.00235827745706
204 0.00172123413271
205 0.00403931417515
206 0.000156494427026
207 0.00110508883975
208 0.000468506962013
209 0.00639969410205
210 0.000598410398562
211 0.00091236961922
212 0.000326574115257
213 0.000894690277072
214 0.00282766309791
215 0.00256236766614
216 0.0186205741482
217 0.000522210227634
218 0.000379687854059
219 0.000248000496001
220 0.000361983926755
221 0.00125550251101
222 0.000806058374548
223 0.002888300936
224 0.000963139120095
225 0.000446591577354
226 0.00131742112483
227 0.00415585269431
228 0.00301233490899
229 0.0002055472052
230 0.00265216748748
231 0.00101495810165
232 0.522682931645
233 0.00316298637468
234 0.00626250342113
235 0.000245097100578
236 0.00145633776846
237 0.000186056111907
238 0.00176905082061
239 0.000327412186442
240 0.000103519226829
241 0.00467232815254
242 0.00114989044671
243 0.000225613053706
244 0.000985095115646
245 0.000710724269769
246 0.000832100591716
247 0.000522210227634
248 0.0117057386583
249 0.00122483901873
250 0.0233805703026
251 0.00890386169137
252 0.01074705556
253 0.000593724944807
254 0.000694539065581
255 0.00119601075494
256 0.0164086545524
257 0.012378590559
258 0.00193821446936
259 0.0307453275859
260 0.000767838109231
261 0.00732371302207
262 0.011649078478
263 0.000211143239729
264 0.0330162505349
265 0.034597815679
266 0.00478406321522
267 0.00108232875571
268 0.000644206596309
269 0.00100959032912
270 0.000540590197298
271 0.00275090473971
272 0.000502724768244
273 0.00115036936818
274 0.000452647045213
275 0.000261362821663
276 0.000834967656927
277 0.00278299738455
278 0.0718103942135
279 0.00039184737392
280 0.00104700714984
281 0.00045699997096
282 0.00652170884375
283 0.000287663692147
284 0.00140984424774
285 0.000321086450152
286 0.00188111833346
287 0.00141923929478
288 0.000357598978289
289 0.0241871803899
290 0.12167414886
291 0.00489260973233
292 0.462611328502
293 0.00128732154173
294 0.00012247201831
295 0.00118292434182
296 0.000386390378458
297 0.000206656769745
298 0.000177777777778
299 0.00165630070308
300 0.00045423855446
301 0.00039745223578
302 0.000268195099363
303 0.000486878052239
304 0.189443872596
305 0.0018345946012
306 0.0112606974182
307 0.0002055472052
308 0.000547524437869
309 0.000975342940331
310 0.00743154972232
311 0.0323939675429
312 0.00461869642418
313 0.00279368655478
314 0.00700215881254
315 0.00543919489489
316 0.00109024563902
317 0.00220857295029
318 0.00045423855446
319 0.00472638410394
320 0.0151229190761
321 0.00690985199788
322 0.000507264020778
323 0.000522210227634
324 0.00136364925632
325 0.00179879415796
326 0.000174562791805
327 0.00288834696702
328 0.000227265891066
329 0.000381483776884
330 0.00123114804555
331 0.000924933079823
332 0.000268195099363
333 0.00692558199533
334 0.00525547706981
335 0.0031552917142
336 0.00135232281816
337 0.00232995087669
338 0.00038206647223
339 0.000366994025337
340 0.00038206647223
341 0.00208681369125
342 0.00303360691525
343 0.000345544364446
344 0.00210105175098
345 0.00421633534443
346 0.0180049245747
347 0.0104013888889
348 0.00921479115115
349 0.000468506962013
350 0.00167853267861
351 0.00292336961004
352 0.00106912962454
353 0.00125550251101
354 0.00275090473971
355 0.000922929017786
356 0.000299325918033
357 0.000196370747365
358 0.00479361467082
359 0.0131812861827
360 0.267242009733
361 0.000747780687926
362 0.00050453312926
363 0.0737055645776
364 0.0125840525433
365 0.000170317402447
366 0.00171217756978
367 0.000143341508075
368 0.00294663706141
369 0.0115282650569
370 0.00206244929137
371 0.00184226419287
372 0.00052997507543
373 0.0025
374 0.00322984290006
375 0.0218008133817
376 0.000206656769745
377 0.000698635719692
378 0.0215047646117
379 0.00219280314346
380 0.000486878052239
381 0.000508790773927
382 0.000299325918033
383 0.00100959032912
384 0.00377269858047
385 0.00262280302334
386 0.00465126201778
387 0.000608924303394
388 0.315434126438
389 0.00143672087753
390 0.0122590864261
391 0.00416115732897
392 0.00114216608439
393 0.0011070072878
394 0.00652170884375
395 0.00110809383861
396 0.000736880240639
397 0.00369086550643
398 0.00103254925233
399 0.000157973106313
400 0.00199516540096
401 0.00250391083241
402 0.0212777493689
403 0.000892546615933
404 0.000499460629371
405 0.000388584058093
406 0.000448105446023
407 0.000349047730951
408 0.00160261544705
409 0.000451125078891
410 0.00075060987052
411 0.00145860886015
412 0.000942597722376
413 0.000667005327505
414 0.00116328144672
415 0.00510547458713
416 0.00211686393793
417 0.00548310435881
418 0.000472319684051
419 0.00218013763338
420 0.000385676529084
421 0.00293821530573
422 0.000975589672715
423 0.00365657420791
424 0.000657462195924
425 0.00535134524793
426 0.00067344924967
427 0.00423855251736
428 0.00122376134921
429 0.000265254803764
430 0.0789052288507
431 0.00424407686023
432 0.00373482299561
