1 0.000190663992919
2 0.00931836330129
3 0.00209946000094
4 0.000489466677109
5 0.00188267739155
6 0.00115788966049
7 0.000973180467908
8 0.00329915300845
9 0.000213015897878
10 0.000124339409585
11 0.00188033518678
12 0.00207275045595
13 0.000803521607043
14 0.0142361516078
15 0.038844022269
16 0.000109646117157
17 0.00152199379285
18 0.0935436230902
19 0.000124339409585
20 0.000864374215739
21 0.00320670726425
22 0.00341156797754
23 0.00203643130761
24 0.00203643130761
25 0.00199261364224
26 0.00119966537227
27 0.00582419847705
28 0.0202058765673
29 0.0218290383989
30 0.000508075643211
31 0.00160786561699
32 0.000213171157362
33 0.000318892034702
34 0.000881754112882
35 0.00137174211248
36 0.000665019170614
37 0.00277921774791
38 0.00028036776636
39 0.000596046447754
40 0.0331445051277
41 0.0554612413824
42 0.0067284250807
43 0.0933712308619
44 0.00236713305209
45 0.000494617283951
46 0.00361007582527
47 0.00121772181427
48 0.000962241924484
49 0.00331715300611
50 0.004653538942
51 0.000527859781554
52 0.00148862297725
53 0.00108066023046
54 0.000528790192386
55 0.00737219098821
56 0.00203807842175
57 0.000351194197242
58 0.00507913617047
59 0.00641900518627
60 0.000475065159937
61 0.000595690893421
62 0.000632661428498
63 0.000527859781554
64 0.000243190661479
65 0.00167567826145
66 0.00169620789492
67 0.0051165270189
68 0.000404623131486
69 0.0162893628345
70 0.00123596191406
71 0.000909594488634
72 0.0012011094409
73 0.00363642922201
74 0.00237289074878
75 0.00104620134367
76 0.000224438552932
77 0.0027402446698
78 0.00273910385186
79 0.000662170109253
80 0.0333608616791
81 0.00441221340743
82 0.019014459975
83 0.0137219664408
84 0.00216997678147
85 0.0006508992509
86 0.00171455239023
87 0.000433305301369
88 0.000154797430363
89 0.000909895088176
90 0.000213506807615
91 0.00111111111111
92 0.000402572340639
93 0.000176690428143
94 0.000585598587928
95 0.00262144
96 0.00054692100973
97 0.000544706085509
98 0.189213711635
99 0.00414477961486
100 0.00247571439615
101 0.00213237729767
102 0.0182088753405
103 0.00054794568587
104 0.000713011206754
105 0.00121451912633
106 0.00209278454282
107 0.000467806652751
108 0.00273910385186
109 0.0209525566497
110 0.00354747427869
111 0.00696350880907
112 0.00583466847118
113 0.0113458638376
114 0.000339042489024
115 0.000781973605977
116 0.00102765062099
117 0.000415813970817
118 0.000781973605977
119 0.00064727990111
120 0.000263856321987
121 0.000961480680248
122 0.00083477400555
123 0.00144955622811
124 0.000728489042676
125 0.12759439812
126 0.000728883373995
127 0.0305381838135
128 0.401450915262
129 0.000627454712217
130 0.00113519954083
131 0.000972805771417
132 0.000592104033289
133 0.00216834705288
134 0.000295631838556
135 0.00027490330137
136 0.0414228198906
137 0.0798530779255
138 0.014522284255
139 0.0178318443538
140 0.000424074973741
141 0.000233196159122
142 0.00251529761049
143 0.00210178898367
144 0.000792126637328
145 0.000909895088176
146 0.000595690893421
147 0.000595690893421
148 0.000402572340639
149 0.00084507985747
150 0.00776492148634
151 0.000372848546059
152 0.00087989494239
153 0.109452660063
154 0.171554562259
155 0.000413304559955
156 0.000596046447754
157 0.00439477124183
158 0.00254014508029
159 0.00690701820229
160 0.0160149769771
161 0.000139431652619
162 0.00102267913898
163 0.000786701410118
164 0.000242244394313
165 0.000571237419067
166 0.00115126216887
167 0.00433538247896
168 0.000225613053706
169 0.000216661066768
170 0.000475065159937
171 0.00182501031842
172 0.000469319284292
173 0.000496380624028
174 0.00023397884685
175 0.000245058733717
176 0.00521315278448
177 0.00106951087594
178 0.00160601691729
179 0.000953012806157
180 0.00110064197531
181 0.000815754390044
182 0.00316721598586
183 0.00312451394926
184 0.000494437388623
185 0.000464418908823
186 0.00787404553012
187 0.00151121133381
188 0.00072975012103
189 0.0130764695711
190 0.000817422356606
191 0.000298755299098
192 0.000429255252182
193 0.00188313702959
194 0.00303875375486
195 0.00303875375486
196 0.000875706996676
197 0.000442840299743
198 0.00013067197383
199 0.000392429193216
200 0.000527016555066
201 0.00303875375486
202 0.00366457269492
203 0.00205151691359
204 0.000548517748211
205 0.0206760109863
206 0.000219439615721
207 0.00126679144721
208 0.000609690189311
209 0.000783038079075
210 0.00204182661116
211 0.00175663638442
212 0.00451893967685
213 0.00258629067852
214 0.234899377328
215 0.00118906064209
216 0.000792126637328
217 0.000149466892259
218 6.23181922383e-05
219 0.000224018845585
220 0.00323102493075
221 0.000173701109244
222 0.00134719861934
223 0.00086289715224
224 0.00232604494559
225 0.000427570229895
226 0.000901501877086
227 0.00109366475507
228 0.00507512592303
229 0.00154033064206
230 0.000497357638339
231 0.00294965044841
232 0.000980310098092
233 0.000312942707548
234 0.000565396676375
235 0.0115789321585
236 0.0328358510029
237 0.000498879264879
238 0.00228719647576
239 0.000322629019358
240 0.0166213812411
241 0.000620590355496
242 0.00155032679739
243 0.000640002617263
244 0.000572376882256
245 0.0402099469895
246 0.0754890911533
247 0.00300311942081
248 0.000596046447754
249 0.00880121817049
250 0.00153457881621
251 0.00209096065645
252 0.000347676208064
253 0.00190871191745
254 0.000990268472786
255 0.000638980248865
256 0.000202271604938
257 0.0550439105844
258 0.00881853737233
259 0.00253952507905
260 0.0150029818357
261 0.122813155312
262 0.00176047728495
263 0.000224018845585
264 0.00415901760721
265 0.000554488550986
266 0.000505340382267
267 0.000206656769745
268 0.000866091316542
269 0.000497357638339
270 0.000568550557478
271 0.00372429422662
272 0.090614491792
273 0.0437438831901
274 0.000317210044363
275 0.00068986317136
276 0.00332440548657
277 0.000875031817804
278 0.00255025969586
279 0.000792126637328
280 0.00483028991967
281 0.00197530864198
282 0.000595690893421
283 0.000730049587394
284 0.000638980248865
285 0.00140040888482
286 0.000113122699644
287 0.00839880324705
288 0.000751875416522
289 0.0237734012609
290 0.000536694101509
291 0.0107910168471
292 0.000162278388576
293 0.000117031727941
294 0.00064020251304
295 0.00102567388611
296 0.000285721992045
297 0.00342160302061
298 0.000748107837618
299 0.000945129266117
300 0.00039415609381
301 0.00083477400555
302 0.000312089221208
303 0.00735969307232
304 0.0112662345116
305 0.00071937282524
306 0.001024
307 0.00319721627098
308 0.000362507274677
309 0.00137174211248
310 0.000474881133148
311 0.0012320301147
312 0.000875706996676
313 0.00980456497224
314 0.00759809813038
315 0.000937109537693
316 0.000439136089328
317 0.0110138760873
318 0.00900163311185
319 0.0336431043741
320 0.00518867230856
321 0.000992001984004
322 0.000797809083631
323 0.00110494408763
324 0.00199389375194
325 0.000907020398326
326 0.00178221157242
327 0.0151673570525
328 0.0065548212814
329 0.000522246216004
330 0.00224028607558
331 0.00366188260332
332 0.000812453100581
333 0.00083008
334 0.000894166362845
335 0.000185108056828
336 0.00209409678382
337 0.00150516967168
338 0.00179313179333
339 0.00108682526265
340 0.00345385569528
341 0.00683410471547
342 0.000876007216092
343 0.00058570559719
344 0.000455791505651
345 0.000379320762204
346 0.00176161906198
347 0.0034042527119
348 0.00342087085717
349 0.00421437129128
350 0.000593351299697
351 0.00126864844234
352 0.00125412921632
353 0.00500701070415
354 0.00190967287689
355 0.00167014352383
356 0.00201711295783
357 0.000992001984004
358 0.00168408653572
359 0.000406977667021
360 0.000318892034702
361 0.00329948292375
362 0.00188313702959
363 0.000181082405934
364 0.00105566343886
365 0.00028036776636
366 0.000759045097478
367 0.00726884963514
368 0.00513229299325
369 0.00213530738052
370 0.00281379182572
371 0.00026899593109
372 0.0012342394393
373 0.000683497799991
374 0.00052281473349
375 0.00020819794726
376 0.0109444030443
377 0.000140674722126
378 0.00218768403892
379 0.00130844847494
380 0.00135937789711
381 0.00779688433386
382 0.000728883373995
383 0.00639008947216
384 0.0166011104245
385 0.000972388955582
386 0.00343490453381
387 0.000320707547557
388 0.000301890432099
389 0.000377331379662
390 0.000172247682066
391 0.000108573625529
392 0.00145921591143
393 0.0142524764176
394 0.00232487515683
395 0.00299939518369
396 0.00516060261188
397 0.0022826709868
398 0.00054229226788
399 0.00318805935569
400 0.00253179004511
401 0.0163872368252
402 0.00148495222651
403 0.00113700297869
404 0.178349226689
405 0.0281200953797
406 0.000724935662641
407 0.00105186267348
408 0.00135237809943
409 0.00135133307226
410 0.000439838707071
411 0.00109282152858
412 0.0012320301147
413 0.000215865980955
414 0.000489466677109
415 0.000489466677109
416 0.000540832882639
417 0.000817324577837
418 0.000309522241278
419 0.000396187472108
420 0.00427186124995
421 0.00204290100312
422 0.0386981099084
423 0.257762025385
424 0.00464946887506
425 0.00109577834879
426 0.000441147036758
427 0.00372938639939
428 0.000233086649962
429 0.000949990617377
430 0.000540832882639
431 0.00276286778165
432 0.0118182251176
