1 0.000198360463259
2 0.00796253513283
3 0.000558734122315
4 0.000582318391199
5 0.000198360463259
6 0.000628766942754
7 0.00024520372248
8 0.000482609085097
9 0.000447347551112
10 0.000963003576469
11 0.000599561638842
12 0.00504602384186
13 0.00577662179215
14 0.011846915637
15 0.0262095435433
16 0.0023386544547
17 0.00642456946601
18 0.00148326603486
19 0.00133952177936
20 0.00204353916001
21 0.000792126637328
22 0.0029082395244
23 0.00229158390449
24 0.00899288529004
25 0.000277481777515
26 0.00118520198916
27 0.00171853035235
28 0.00104892069562
29 0.00456610638432
30 0.000395467458678
31 0.00105163852092
32 0.00234068707583
33 0.000456462591024
34 0.00332440548657
35 0.000480917205294
36 0.000472019548019
37 0.000680285766352
38 0.00249640393995
39 0.00220153816367
40 0.00508708455433
41 0.00190259447073
42 0.00319798448697
43 0.00148724470355
44 0.00182269180374
45 0.00125329066547
46 0.000300989992203
47 0.000661784445568
48 0.0363517761569
49 0.00239554963667
50 0.00783224998042
51 0.00136554215607
52 0.0166970038204
53 0.000485800265612
54 0.000820836004234
55 0.00084015963033
56 0.000313986076534
57 0.000473329230482
58 0.00113672190196
59 0.000463905325444
60 0.000304372137619
61 0.000906030133891
62 0.000957526795071
63 0.000395467458678
64 0.00181003922724
65 0.00972694746689
66 0.00136771416358
67 0.0552751753334
68 0.0717528657159
69 0.0177531121161
70 0.000402680059507
71 0.000411773697082
72 0.000696255041034
73 0.00229158390449
74 0.133239654139
75 0.00370351345508
76 0.00038163484987
77 0.000749573365921
78 0.00604750592603
79 0.00177151477948
80 0.0136813244094
81 0.0106257167282
82 0.00072965505337
83 0.000628766942754
84 0.000474895943363
85 0.000227997096497
86 0.000497357638339
87 0.000591416978304
88 0.00256775300924
89 0.000510017144736
90 0.000515591061218
91 0.00458799445304
92 0.212825794337
93 0.0308291530858
94 0.00373149607911
95 0.000618796564441
96 0.00328154798009
97 0.000126141164931
98 0.000713362380291
99 0.00103132079886
100 0.000257886148954
101 0.00447717731563
102 0.00017561853634
103 0.000574467066548
104 0.00347898637245
105 0.0061387377244
106 0.00984304184613
107 0.00173385275543
108 0.000945129266117
109 0.000209545534637
110 0.000704832015036
111 0.00109622370985
112 0.00366614783276
113 0.00287468820259
114 0.000206350123971
115 0.00105186267348
116 0.00185750159394
117 0.000399309950647
118 0.000197676681256
119 0.0171963932423
120 0.00316282690009
121 0.169640005548
122 0.000718824940376
123 0.0244533366252
124 0.0119613998849
125 0.00312164944541
126 0.00195624338228
127 0.000790239786316
128 0.000532872249633
129 0.000190578144111
130 0.00226529633361
131 0.0318196016985
132 0.000234078295939
133 0.0041639890393
134 0.00129675243726
135 0.000854027230458
136 0.000466023118022
137 0.000689268659527
138 0.000684954392061
139 0.000257384668958
140 0.00101309299144
141 0.000183949313017
142 0.00104202189324
143 0.000152415790276
144 0.000352870766509
145 0.00300640129437
146 0.000718824940376
147 0.00424596681001
148 0.000365298705325
149 0.005036816898
150 0.000465278672147
151 0.00216985293366
152 0.001052486822
153 0.0126831886202
154 0.000471752238318
155 0.00142949340802
156 0.000751119997845
157 0.104435236271
158 8.69498307171e-05
159 0.0013297636763
160 0.00156404609148
161 0.00360883251443
162 0.000964801854564
163 0.00178815899279
164 0.000992096272163
165 0.000529615138084
166 0.000227632883883
167 0.00119841488011
168 0.00149181486781
169 0.000744929907039
170 7.82012939453e-05
171 0.001024
172 0.00557523156744
173 0.00026911363159
174 0.000265947374759
175 0.00375988262852
176 0.000214744457531
177 0.0024191001836
178 0.00152104753236
179 0.000885095122324
180 0.00125797762625
181 0.000370899939947
182 0.00280839868207
183 0.00261532624222
184 0.246438864452
185 0.214714259552
186 0.0274058523754
187 0.147250549206
188 0.000712630578864
189 0.000455791505651
190 0.00147885097726
191 0.366105261333
192 0.000269451254975
193 0.000522210227634
194 0.00020777534291
195 0.000471752238318
196 0.000253459072795
197 0.000160950688434
198 0.000266271604938
199 0.0069506490837
200 0.024186064727
201 0.145667214505
202 0.00650202219682
203 0.00237562248475
204 0.00105838757876
205 0.000407651418267
206 0.000718028096655
207 0.000511719604394
208 0.00152104753236
209 7.16833824645e-05
210 0.00542005420054
211 0.000385791091416
212 0.00142578710291
213 0.00058075144342
214 0.0175029982821
215 0.110711312621
216 0.000517181726725
217 0.000802501082411
218 0.0013593841384
219 0.0107945651143
220 0.000582318391199
221 0.00138064941104
222 0.000455791505651
223 0.000183949313017
224 0.000557827160494
225 0.000955165464944
226 0.0420583101724
227 0.00110047515758
228 0.00211193004623
229 0.000592569276089
230 0.00018765246763
231 0.00224279165598
232 0.00317645842349
233 0.000780610055485
234 0.00113700297869
235 0.000376161360585
236 0.00100520448375
237 0.000513025065122
238 0.000712630578864
239 0.00250380651481
240 0.0100821351787
241 0.000455791505651
242 0.00105757155133
243 0.00149181486781
244 0.000956797528662
245 0.000472383760634
246 0.000213897309239
247 0.000226981745702
248 0.000227632883883
249 0.000190227714428
250 0.000610159994872
251 0.00157313191117
252 0.013893082389
253 0.00188779336037
254 0.00117904778669
255 0.0110008500143
256 0.00122457689417
257 0.000505172607978
258 0.009977362769
259 0.000288054406795
260 0.00189516755318
261 0.000259310557094
262 0.00119916592791
263 0.000793697978597
264 0.000312152730088
265 0.00742349362423
266 0.0050142118254
267 0.000793037389351
268 0.00140332488379
269 0.00754337572219
270 0.00128313655603
271 0.000160484563078
272 0.000507318670254
273 0.00225440929031
274 0.000872162862955
275 0.000558734122315
276 0.00174247162899
277 0.000927619881986
278 0.000522210227634
279 0.00311338703217
280 0.00158186983471
281 0.0523916271205
282 0.0163470404738
283 0.00108499904923
284 0.00287668659776
285 0.00024285067782
286 0.220194814543
287 0.00407424173834
288 0.00073155821335
289 0.000352796206284
290 0.000480917205294
291 0.00878099173554
292 0.00167114643914
293 0.00207070181299
294 0.00184801480451
295 0.0158665370429
296 0.00467767089485
297 0.000194685654244
298 0.0013593841384
299 0.000874474486724
300 0.000496471477912
301 0.000214681533363
302 0.00323634567901
303 0.000515591061218
304 0.000248285934521
305 0.0107237105313
306 0.000811168082038
307 0.00192780796752
308 0.000691183619778
309 0.000552426211082
310 0.00189939660842
311 0.0383704864656
312 0.00538309310019
313 0.000609663161103
314 0.00277729685752
315 0.000726029855798
316 0.0124993906186
317 0.00147361673439
318 0.00635598146196
319 0.00771493842571
320 0.0181271323258
321 0.000606098562855
322 0.00241547108728
323 0.00108232875571
324 0.00238959896185
325 0.00238959896185
326 0.000742820487125
327 7.70969660916e-05
328 0.000226981745702
329 0.00138708834717
330 0.00240542599697
331 0.00051070892783
332 0.000385676529084
333 0.0239281575129
334 0.0010294832566
335 0.00279637055699
336 0.000109094949104
337 0.000525920237345
338 0.00107332925866
339 0.00153090211005
340 0.000265947374759
341 0.000312152730088
342 0.00116758022057
343 0.00145463792878
344 0.00054329011858
345 0.00630595812932
346 0.000685287194545
347 0.000858935783386
348 0.00239543325138
349 0.00282273043697
350 0.000740164241325
351 0.00153734572023
352 0.0392815367514
353 0.000572443008423
354 0.000357075726906
355 0.000845653303278
356 0.000146258217741
357 0.000206748357605
358 0.000227265891066
359 0.000264392887831
360 0.000585935256069
361 0.000539004550556
362 0.00125550251101
363 0.00217234773418
364 0.00121184915305
365 0.00392848878229
366 0.0915991291114
367 0.00155932091426
368 0.00944122998246
369 0.030773209774
370 0.00326904110198
371 0.00201932006076
372 0.00398576572241
373 0.00223941536683
374 0.00104892069562
375 0.00156152445369
376 0.00257941632585
377 0.00256837990207
378 0.000233680879549
379 0.000190154472545
380 0.0075243103359
381 0.0286848541788
382 0.000618796564441
383 0.000744929907039
384 0.00332440548657
385 0.00105757155133
386 0.000961718896603
387 0.000669488507535
388 0.00135973331015
389 0.00183717198651
390 0.00756200721271
391 0.00617586778301
392 0.0263555126192
393 0.00107062799023
394 0.000943517105616
395 0.00281076150739
396 0.00235263901925
397 0.000858854536297
398 0.00234913293588
399 0.000597225742013
400 0.000390513491997
401 0.00193299088343
402 0.00101495810165
403 0.0266544391224
404 0.00127278060719
405 0.00171853035235
406 0.00515269945592
407 0.000611305236816
408 0.000997229916898
409 0.000517181726725
410 0.000326293060243
411 0.000269882376983
412 0.00363170793124
413 0.00293173691097
414 0.000455791505651
415 0.000215520133103
416 0.000497265832277
417 0.00190732926414
418 0.00400918465513
419 0.000198528651468
420 0.000436206081899
421 0.487307482137
422 0.000436206081899
423 0.000308990478516
424 0.00315967254215
425 0.00540424510558
426 0.00925101058334
427 0.000422315103727
428 0.0978381879501
429 0.180914906414
430 0.00163248648097
431 0.011446628673
432 0.521277188338
