1 0.00136907285364
2 0.000933569712619
3 0.000196638556059
4 0.0013287614016
5 0.00110292615841
6 0.000384467512495
7 0.000995482690046
8 0.000145945691166
9 0.000670162804605
10 0.000163211149801
11 0.00130628858547
12 0.00289731849495
13 0.00145910889731
14 0.000655261236865
15 0.00298656860968
16 0.00248964447091
17 0.000214681533363
18 0.00195560281453
19 0.00131498109641
20 0.000922222222222
21 0.000409039262719
22 0.000768045058643
23 0.000885185438153
24 0.00037157735476
25 0.00128217373001
26 0.000414142056477
27 0.00031923007221
28 0.000464476813317
29 0.000600730488274
30 0.00754620959248
31 0.00194170203406
32 0.000543864167966
33 0.000495587683734
34 0.00083968
35 0.000453413367984
36 0.000410431247849
37 0.000442059176612
38 0.00436504874005
39 0.0339584465167
40 0.00744997163162
41 0.000556880672689
42 0.00212825423115
43 0.000488519022587
44 0.000278907136542
45 0.001804721158
46 0.000216922211641
47 0.405070260969
48 0.000564340961146
49 0.000933863459422
50 0.000273823521178
51 0.0024157943067
52 0.0004744150532
53 0.00602380260026
54 0.000691509427418
55 0.00124988662132
56 0.000505440970964
57 0.000177777777778
58 0.000199777747256
59 0.000306575963719
60 0.00144569845898
61 0.00136405272444
62 0.000954889572473
63 0.000426883409603
64 0.000712273532022
65 0.0050310520898
66 0.000712273532022
67 0.000412275503105
68 0.000967214630669
69 0.00464094400522
70 0.00660029931433
71 0.0137562772858
72 0.0253951831415
73 0.00123026692334
74 0.000839144578039
75 0.00265960037167
76 0.00162988323741
77 0.000841040235972
78 0.00925144259569
79 0.000724143911479
80 0.000284244633977
81 0.0131115631884
82 0.00452086025279
83 0.0181946440203
84 0.00631949166037
85 0.0127284089795
86 0.00661621653482
87 0.00201801087306
88 0.0006428744821
89 0.00021507526374
90 0.00267682850718
91 0.000384764169526
92 0.0010941281554
93 0.00151234567901
94 0.000190578144111
95 7.54684634994e-05
96 0.00230776624375
97 0.0699549105676
98 0.00402808440246
99 0.000217060257963
100 0.00294735461334
101 0.000469319284292
102 0.00518399668754
103 0.00209929345479
104 0.000230626524085
105 0.000530344695992
106 0.00158960197717
107 0.00240346398077
108 0.000246536734453
109 0.00112366977328
110 0.000966468898494
111 0.000726146794877
112 0.00201717073531
113 0.000217861957217
114 0.000336671997307
115 0.000440612175983
116 0.000678124362938
117 0.000763791267712
118 0.000207401478222
119 0.000228517467724
120 0.000266718938515
121 0.00265960037167
122 0.00146642876118
123 0.020087215722
124 0.00244469629409
125 0.000955851686977
126 0.00343574313355
127 0.0016704324796
128 0.00074663594367
129 0.000104166662147
130 0.000280347342111
131 0.00326530612245
132 0.00325840637557
133 0.000526049995792
134 0.000518923975152
135 0.000529932270416
136 0.00108881852268
137 0.00838159318715
138 0.00033593192353
139 0.000228517467724
140 0.000561680638617
141 0.000712273532022
142 0.00121510719998
143 0.00121510719998
144 0.000442059176612
145 0.000358700642792
146 0.000231478329543
147 0.573083959906
148 0.0193802633369
149 0.0132099103018
150 0.00520248126877
151 0.000636439396581
152 0.00195928186322
153 0.000473412760633
154 0.000524124837312
155 0.000678215841472
156 0.000513722979199
157 0.00571927514671
158 0.00326530612245
159 0.0078327326784
160 0.0203826754103
161 0.00500655306693
162 0.00445082120681
163 0.00422170115179
164 0.000457352434322
165 0.00253154542937
166 0.00503963111836
167 0.00151234567901
168 0.000616109188774
169 0.000146325350422
170 0.000988539501535
171 0.000222766763199
172 0.00824700780607
173 0.0496957765301
174 0.00127658077775
175 0.000317654821378
176 0.0107804576328
177 0.00106525596967
178 0.000582193503871
179 0.000852723530055
180 0.000415813970817
181 0.00332675034574
182 0.00648985280997
183 0.00214759183673
184 0.157352033707
185 0.00142602208536
186 0.00378475108552
187 0.213102400888
188 0.00183139146851
189 0.00135496255034
190 0.00130299418265
191 0.00112147106544
192 0.00121510719998
193 0.000531889543988
194 0.000235370470525
195 0.000531889543988
196 0.000628766942754
197 0.0121443316958
198 0.000536694101509
199 0.0061614870728
200 0.00306646496461
201 0.0060719564226
202 0.000870733673744
203 0.000267646923524
204 0.00179622473246
205 0.000622301148222
206 0.000488258026159
207 0.00317310576772
208 0.000298852478495
209 0.000500830450491
210 0.000233196159122
211 0.00205847050754
212 0.00144903737133
213 0.0185620114153
214 0.00192681760204
215 0.0128307182543
216 0.000231478329543
217 0.000529932270416
218 0.000984316018219
219 0.000499137091796
220 0.000251453469812
221 0.000736543040634
222 0.00021507526374
223 0.000996250809406
224 0.00177819712585
225 0.00194636678201
226 0.000214288883178
227 0.000523166218697
228 0.00936338205108
229 0.0055409262074
230 0.00576003310075
231 0.076019005686
232 0.000495587683734
233 0.000232199546485
234 0.00117908255493
235 0.00719957315274
236 0.00144186236704
237 0.000536830432874
238 0.00108087821355
239 0.00563543115214
240 0.00123912092086
241 0.00131911914285
242 0.00242740166682
243 0.456986848146
244 0.0647298367079
245 0.00347118680826
246 0.00450691558823
247 0.000213506807615
248 0.00166458586215
249 0.000624855059393
250 0.000222766763199
251 0.00257999496095
252 0.000735975158567
253 0.000434027777778
254 0.000171327790375
255 0.00111523779692
256 0.0043213648961
257 0.00103686304127
258 0.00368648780565
259 0.00304925030578
260 0.00216880988939
261 0.00201146278426
262 0.00411599587625
263 0.00209482214977
264 0.0194089141223
265 0.00677093877551
266 0.000589981223438
267 0.0047520356002
268 0.00880480311764
269 0.0358895039899
270 0.020973225144
271 0.101894101799
272 0.0043881750231
273 0.000187862487163
274 0.000219478737997
275 0.00504847645429
276 0.00199517014138
277 0.00066016779881
278 0.00136892394761
279 0.00194636678201
280 0.00208714473447
281 0.000964801854564
282 0.000244446087122
283 0.000653434871885
284 0.00447920257234
285 0.00343660071026
286 0.00103766308992
287 0.00103847148265
288 0.000663117758662
289 0.00205124024654
290 0.000512831180136
291 0.000537739298086
292 0.000394928735899
293 0.000439262532345
294 0.00452158744156
295 0.000161194641938
296 0.000768045058643
297 0.000849710698422
298 0.106188312387
299 0.0260646877598
300 0.000125014589105
301 0.000329828476308
302 0.000628766942754
303 0.00112147106544
304 0.00208714473447
305 0.000995482690046
306 0.00201163230634
307 0.00304925030578
308 0.000469703461435
309 0.000396172026423
310 0.00377328644707
311 0.0212614845415
312 0.00326337711695
313 0.0138627651754
314 0.00108881852268
315 0.000978724380533
316 0.0012404986967
317 0.000614902905776
318 0.00030692486332
319 0.00042829810096
320 0.000654726516052
321 0.000139372179571
322 0.00142289829151
323 0.00054122614413
324 0.0387731554351
325 0.0331321802803
326 0.000786373568328
327 0.000526486915383
328 0.018665767625
329 0.000816326530612
330 0.000251311742895
331 0.00232661282766
332 0.000442095717613
333 0.00483412846065
334 0.000797294627316
335 0.0009
336 0.000377918437341
337 0.00121240816327
338 0.0026182064379
339 0.00125178720348
340 0.0024157943067
341 0.00214759183673
342 0.000967136926052
343 0.000539933837429
344 0.00327806122449
345 0.000405188246097
346 0.000966673323198
347 0.000408451615475
348 0.0128165321261
349 0.00454910397473
350 0.44134663737
351 0.0108781255625
352 0.000959826520244
353 0.0005385282971
354 0.000505440970964
355 0.00179050295161
356 0.000966468898494
357 0.00021568
358 0.00082944
359 0.00030692486332
360 0.000217060257963
361 0.00784594237355
362 0.0301408179012
363 0.000731077523668
364 0.000223212731741
365 0.00143822237274
366 0.000166225023229
367 0.115788966049
368 0.00104470520255
369 0.00143627761625
370 0.00719744485163
371 0.000575309252575
372 0.00183139146851
373 0.000528256317365
374 0.00574839302112
375 0.00174160674556
376 0.000466082609227
377 0.000537826869658
378 0.000995482690046
379 0.000982426160865
380 0.000393675988914
381 0.00105060031215
382 0.000452651648895
383 0.000891930633382
384 0.00121510719998
385 0.00250513344512
386 0.000536694101509
387 0.00151294067238
388 0.00493817225015
389 0.00731592823521
390 0.0339937943103
391 0.00123026692334
392 0.00463715558978
393 0.000540832882639
394 0.000997229916898
395 0.00135254464036
396 0.00159739095029
397 0.0044967874216
398 0.00175696511169
399 0.000182190523268
400 0.000267150009523
401 0.0003709847274
402 0.000284130701896
403 0.0540226238615
404 0.00332057592945
405 0.00178741454692
406 0.000485532127305
407 0.00317397341797
408 0.000478014324024
409 0.000214288883178
410 0.000960567127127
411 0.00121510719998
412 0.00018077819363
413 0.00193371757003
414 0.00106525596967
415 0.0332818004091
416 0.00261788506975
417 0.000613900072784
418 0.00173243424626
419 0.00122160429824
420 0.000887528572098
421 0.00215519051212
422 0.00706164818869
423 0.00104268385194
424 0.000888118942152
425 0.0013555785124
426 0.00103501067355
427 0.00051100127551
428 0.000767249288273
429 0.0228929095934
430 0.00870626206313
431 0.00304451365739
432 0.121126213316
