1 0.00023944120409
2 0.00066276215188
3 0.00774617513767
4 0.135449154021
5 0.00298369154759
6 0.000331589574739
7 0.000566206399457
8 0.000518297302287
9 0.00112792851536
10 0.00104484089888
11 0.000198024550403
12 0.00102025263695
13 0.00119575980854
14 0.00186709343088
15 0.000931073392589
16 0.00296219559675
17 0.00205847050754
18 0.00149646838136
19 9.09015086839e-05
20 0.000474881133148
21 0.000455237119586
22 0.00032866350694
23 0.000325516699019
24 0.000322751562214
25 0.00112856002129
26 0.00897897856382
27 0.00316839280645
28 0.000524124837312
29 0.000424738843568
30 0.00608442489833
31 0.00423341185791
32 0.0004860197394
33 0.000604114824364
34 0.00116597263534
35 0.000929191452873
36 0.000656526639734
37 0.00112792851536
38 0.00206611570248
39 0.00245996430696
40 0.000747762747138
41 0.000479234206741
42 0.000425475715888
43 0.0013124258481
44 0.00215775234131
45 0.000714635820018
46 0.000600730488274
47 0.0464188054733
48 0.00377187268766
49 0.000474881133148
50 0.00100500964022
51 0.00383050527728
52 0.000825472974996
53 0.000585508569376
54 0.00126795164173
55 0.00108881852268
56 0.000424074973741
57 0.000986815054412
58 0.000614503402684
59 0.000261630123408
60 0.000551037051731
61 0.000285721992045
62 0.000525926230865
63 0.0311593099346
64 0.0295126363333
65 0.0830761916664
66 0.0013371574961
67 0.000934989205602
68 0.000237091501953
69 0.00110508883975
70 0.000260415669364
71 0.00533931525925
72 0.00641583178121
73 0.614400861982
74 0.000684056555578
75 0.000586567557704
76 0.000442840299743
77 0.0239050842423
78 0.0122491068478
79 0.0239178405227
80 0.00345464642383
81 0.00064158429518
82 0.00066276215188
83 0.000670833059688
84 0.00276648675999
85 0.000584573252173
86 0.000530909554248
87 0.000915189605254
88 0.00125400154116
89 0.00135764978993
90 0.0144801310885
91 0.00270836171414
92 0.173212096339
93 0.00746679859344
94 0.00100959032912
95 0.00693674837537
96 0.00187250764706
97 0.226688812336
98 0.00217075673063
99 0.000525086093116
100 0.00312010586507
101 0.00131547155628
102 0.000281500745911
103 0.00310796537532
104 0.00931236699917
105 0.000676187224929
106 0.000193572778828
107 0.000226129232857
108 0.00089775421173
109 0.00372227942359
110 0.00192419625111
111 0.000551595237522
112 0.000441353011793
113 0.000632395233816
114 0.00101914319447
115 0.000474237880756
116 0.000277007777378
117 0.0029067794438
118 0.00121485113422
119 0.00157930498741
120 0.000845512169616
121 0.001989539375
122 0.001996853858
123 0.00107268972469
124 0.175258461121
125 0.00888869659275
126 0.000226030612659
127 0.00164442418514
128 0.00112565565533
129 0.000541698215251
130 0.000267091665273
131 0.000281500745911
132 0.000267495276058
133 0.00336601554295
134 0.00257614587848
135 0.00244187505308
136 0.00320898911473
137 0.00121404483237
138 0.000685093424658
139 0.00218193185939
140 0.000542850914031
141 0.00153948162081
142 0.0010131640974
143 0.000517449177369
144 0.00216693386154
145 0.00104619989683
146 0.00104700714984
147 0.0414520949744
148 0.000765692762277
149 0.00488948180993
150 0.000281054295356
151 0.00167330227421
152 0.00251237554101
153 0.00268223324023
154 0.003494236951
155 0.00159466257057
156 0.00058570559719
157 0.00152351716961
158 0.00121307773556
159 0.000282655916395
160 0.00341367316228
161 0.00629257955336
162 0.0255199165607
163 0.00161807165986
164 0.00152929059642
165 0.000836300938402
166 0.00107648685349
167 0.00172710406477
168 0.000580300035941
169 0.000740161356856
170 0.000382797731569
171 0.000421986794852
172 0.000611473592657
173 0.0361222035091
174 0.00111884455772
175 0.0878089474964
176 0.000671582467586
177 0.717795435983
178 0.00181316997852
179 0.00191748505184
180 0.00189035916824
181 0.00114547642958
182 0.000806889308969
183 0.00107497984413
184 0.000329189368551
185 0.00026081832689
186 0.00015369074034
187 0.043536652678
188 0.00819666560737
189 0.00348063912419
190 0.0156612318719
191 0.000540832882639
192 0.00172215885015
193 0.000206656769745
194 0.000687015460761
195 0.000244140625
196 0.000694960897856
197 0.000434752062638
198 0.000129684274515
199 0.000487657057122
200 0.00178529035185
201 0.00302845138233
202 0.00219331266087
203 0.0470186828399
204 0.0115605867586
205 0.00487510646007
206 0.00508714432927
207 0.000841514180098
208 0.00456385325275
209 0.00071081210798
210 0.00341867920719
211 0.0133706413692
212 0.00379471516498
213 0.000470950279707
214 0.000372220434738
215 0.23153483778
216 0.000448105446023
217 0.000448105446023
218 0.00143697784515
219 0.000584573252173
220 0.000880040385508
221 0.000740432227313
222 0.000993740051098
223 0.000235326777889
224 0.000421986794852
225 0.0248543832703
226 0.00410122906051
227 0.00630966446125
228 0.000882266444466
229 0.000149946901425
230 0.00027440740116
231 0.000937408097245
232 0.000552073322404
233 0.00749940226959
234 0.00625582587142
235 0.0137499270218
236 0.00171597593628
237 0.00140031542664
238 0.0491487924665
239 0.000898447388957
240 0.000424753493699
241 0.000877065035933
242 0.000979962192817
243 0.000686485764955
244 0.00092961035722
245 0.000479234206741
246 0.00173385056502
247 0.000929191452873
248 0.00111523779692
249 0.00275300604607
250 0.000589236189949
251 0.000368542013755
252 0.0018024346664
253 0.00143479858174
254 0.00158140885984
255 0.0249529296698
256 0.0132025407321
257 0.124876475881
258 0.000237091501953
259 0.000649282341548
260 0.000222351734387
261 0.00293895872826
262 0.00115891231839
263 0.00212084487535
264 0.0018599109277
265 0.00087936186555
266 0.000849710698422
267 0.00578769895965
268 0.00845467849759
269 0.0173346343514
270 0.000590810810041
271 0.000282655916395
272 0.00123596191406
273 0.000209702087118
274 0.00163777602463
275 0.00261909326634
276 0.000608827720076
277 0.00119134181306
278 0.000608827720076
279 0.00469774475368
280 0.00104655085175
281 0.000331589574739
282 0.000168389036558
283 0.00085312726725
284 0.00593970130391
285 0.000443582587198
286 0.00345385569528
287 0.00727072797334
288 0.000923609083354
289 0.00108682526265
290 0.000569149714042
291 0.000540832882639
292 0.00125612264046
293 0.00332440548657
294 0.00168127317663
295 0.0115041646101
296 0.00161311512341
297 0.00656709838013
298 0.00309503255251
299 0.00285477335858
300 0.000421986794852
301 0.000220293885812
302 0.000316611998328
303 0.000596046447754
304 0.00201801087306
305 0.00860522991453
306 0.00060287318187
307 0.00870333306072
308 0.00996702393012
309 0.000852469497576
310 0.000247513025856
311 0.0849411817727
312 0.00216784599376
313 0.00113511632999
314 0.00359186830639
315 0.00137685360218
316 0.00230776624375
317 0.000809919960851
318 0.000237597143457
319 0.000519241807426
320 0.000274838351075
321 0.00830939023354
322 0.0022183345868
323 0.168179192932
324 0.00290219818839
325 0.00126101271949
326 0.00442464870935
327 0.00398542291591
328 0.000237091501953
329 0.00157930498741
330 0.000656526639734
331 0.000546466520492
332 0.000408451615475
333 0.000875706996676
334 0.00220432885708
335 0.00220487151629
336 0.000845512169616
337 0.00629467373473
338 0.000483458375007
339 0.000454177011416
340 0.021526239623
341 0.00126259372826
342 0.00131597737134
343 0.000393051849513
344 0.00198069462078
345 0.00215392915908
346 0.000323482221417
347 0.0414951277142
348 0.011972811537
349 0.000247650282282
350 0.00193755056015
351 0.000284055043555
352 0.000608827720076
353 0.000269235147818
354 0.000331059878933
355 0.000331589574739
356 0.000540508178875
357 0.00206611570248
358 0.000250459583552
359 0.000635121292924
360 0.0016211044711
361 0.00214479139718
362 0.00591902595102
363 0.0018090610015
364 0.00441191738947
365 0.00366085406341
366 0.00441510872673
367 0.00524087190264
368 0.00145385759907
369 0.0021268619798
370 0.00267250581348
371 0.488145915827
372 0.00460056003539
373 0.40957705098
374 0.000746636394408
375 0.0004860197394
376 0.0360717854526
377 0.00235411650572
378 0.00105855096228
379 0.00152929059642
380 0.00047258979206
381 0.000565815167649
382 0.000231757892669
383 0.000269235147818
384 0.000535836762689
385 0.000608827720076
386 0.000611473592657
387 0.000394801231171
388 0.000580635796197
389 0.00275290965905
390 0.000931291350858
391 0.000266113307524
392 0.00227794924554
393 0.00961805886906
394 0.000400981394029
395 0.00113695515811
396 0.00455912686909
397 0.000600535624789
398 0.00189259696338
399 0.000894004660688
400 0.00271219500792
401 0.00836583491347
402 0.00792941624946
403 0.00160803010031
404 0.0113402707274
405 0.000499137091796
406 0.000293780558842
407 0.000448105446023
408 0.0315998188545
409 0.000537826869658
410 0.000498791350239
411 0.00121629665278
412 0.000342428039432
413 0.000199851316841
414 0.00051841234767
415 0.000246542387474
416 6.57414170928e-05
417 0.0029840142716
418 0.00540860817629
419 0.00109096058121
420 0.00142916510261
421 0.000192901234568
422 0.00138274527322
423 0.00423934897001
424 0.035122940842
425 0.00055608805379
426 0.00961123065719
427 0.00694871203383
428 0.000442059176612
429 0.000542850914031
430 0.00507450038839
431 0.000813719155568
432 0.0622724038417
