1 0.00114477924134
2 0.00104095810306
3 0.00112442738297
4 0.000890524463645
5 0.000445085367373
6 0.000540832882639
7 0.000396769697954
8 0.00170929898711
9 0.000247513025856
10 0.000903565709957
11 0.000534845848869
12 0.00021507526374
13 0.000582125763343
14 0.00493752931757
15 0.00614868856333
16 0.00456945788209
17 0.00412308291708
18 0.000629515487439
19 0.000512792743121
20 0.000223167401806
21 0.00107645452636
22 0.0012217733644
23 0.00133899923537
24 0.0348683324276
25 0.00133397141794
26 0.000670345048873
27 0.00233929840178
28 0.0129310408563
29 0.000436935828458
30 0.00266007989038
31 0.00264806602939
32 0.00106912962454
33 0.00265156054945
34 0.000124992396605
35 0.00219383641659
36 0.00290779995869
37 0.000890524463645
38 0.000304360042834
39 0.000877914951989
40 0.000653088762193
41 0.000581004674025
42 0.00430767556396
43 0.0221884912197
44 0.00249750187375
45 0.00226757369615
46 0.00154156907462
47 0.000855449495301
48 0.000489820465805
49 0.000128720820568
50 0.00131975706969
51 0.00615746558531
52 0.00302909685199
53 0.0193643544786
54 0.000261977833424
55 0.000187974203478
56 8.36874522107e-05
57 0.000232579112497
58 0.000540832882639
59 0.000236231880046
60 0.000430433360307
61 0.00122675187679
62 0.000540832882639
63 0.000442840299743
64 0.000286060367677
65 0.214086239733
66 0.00319910967345
67 0.0271454242375
68 0.0215843144204
69 0.00391644242881
70 0.000447369051039
71 0.0032802076351
72 0.000566893424036
73 0.000519805345733
74 0.00259828916663
75 0.0014062782732
76 0.0045260262028
77 0.00054931640625
78 0.00133899923537
79 0.00898664874029
80 0.0134328988124
81 0.758295949856
82 0.00552684685971
83 0.00108087821355
84 0.000374609781478
85 0.00219734655485
86 0.00371490755013
87 0.000976712988571
88 0.000453465053444
89 0.00212172819266
90 0.00228131118726
91 0.000659265334467
92 0.000566206399457
93 0.0018837488054
94 0.000242621868965
95 0.158536762317
96 0.127594807707
97 0.000346133044889
98 0.000270160336918
99 0.00123918686224
100 0.000937485039182
101 0.00386010806103
102 0.00177587982572
103 0.00725569311077
104 0.00120453514739
105 0.0011577098181
106 0.00561459778309
107 0.00552696166455
108 0.000620029840796
109 0.000467696746926
110 0.000536511747291
111 0.000739644970414
112 0.000480682925816
113 0.00289050757313
114 0.00626581618942
115 0.00189646201873
116 0.000445085367373
117 0.00384592272099
118 0.00057250289225
119 0.00637586395321
120 0.00222709163435
121 0.000909432989665
122 0.00048516369423
123 0.000262840051705
124 0.00859385589739
125 0.00172977637814
126 0.00190026063975
127 0.00109421842972
128 0.00181769826137
129 0.00118607471117
130 0.00137049598048
131 0.00180327351572
132 0.00367461568702
133 0.000358037952023
134 0.000874269644441
135 0.000782337770755
136 0.000873595573782
137 0.000586841235503
138 0.000534845848869
139 0.000547509831808
140 0.000374609781478
141 0.000835612089936
142 0.000219072859697
143 0.000264931092044
144 0.00150278901618
145 0.00200563369066
146 0.000307814899524
147 0.000948531593292
148 0.000963404660841
149 0.086195291555
150 0.00171562620356
151 0.00180615846485
152 0.00914276441235
153 0.0189525462963
154 0.000784894758281
155 0.000263500527001
156 0.00216132053226
157 0.00491590144875
158 0.0426913734522
159 0.0389892379529
160 0.00226308122831
161 0.000898595396234
162 0.00058570559719
163 0.000501824231446
164 0.000920567146509
165 0.000716268342504
166 0.000915780080046
167 0.00373660188545
168 0.000374609781478
169 0.00553812871823
170 0.256408353325
171 0.0559858655693
172 0.000641254198132
173 0.0962243754396
174 0.000240836681684
175 0.000448105446023
176 0.000601910125669
177 0.00138281770377
178 0.000396087429054
179 0.0019468193444
180 0.00908866490122
181 0.074371500603
182 0.00420576653477
183 0.00121545625529
184 0.00199361660172
185 0.00120284673728
186 0.00225534823628
187 0.000403219302914
188 0.00167853267861
189 0.00174203134931
190 0.000582125763343
191 0.00129484799282
192 0.00224413639922
193 0.0087984606469
194 0.00168689615992
195 0.00208153442291
196 0.00176299243184
197 0.00131279338843
198 0.00244155393431
199 0.0434272209234
200 0.175872666833
201 0.00194519902035
202 0.000511993729657
203 0.000423994630927
204 0.00071937282524
205 0.0013579060433
206 0.00569016216846
207 0.000210039907582
208 0.000239492231634
209 0.00209866409697
210 0.00264074885697
211 0.00053538143143
212 0.00508409169808
213 0.00286580301714
214 0.00321145132238
215 0.0012916892376
216 0.000312589446388
217 0.00162722252154
218 0.000396769697954
219 0.000495587683734
220 0.000698635719692
221 0.000396769697954
222 0.000573428164589
223 0.00021507526374
224 0.00106912962454
225 0.00104033766569
226 0.00441747022945
227 0.00126442689496
228 0.0192561402151
229 0.0468526186833
230 0.00153035909637
231 0.000618282081087
232 0.0033905563754
233 0.00278217160266
234 0.00124676100574
235 0.00190026063975
236 0.00755278929913
237 0.00135734072022
238 0.00021507526374
239 0.0035187507985
240 0.000525086093116
241 0.00612866506481
242 0.00255482424665
243 0.358631785589
244 0.000892546615933
245 0.000445085367373
246 0.00338466661648
247 0.00152512977697
248 0.000480682925816
249 0.00321199589753
250 0.000304360042834
251 0.000280917443321
252 0.000374609781478
253 0.0136411213987
254 0.0323812828854
255 0.0136774157344
256 0.000746382066824
257 0.00438103763863
258 0.0012404536862
259 0.00100977220616
260 0.000567867036011
261 0.000401283078567
262 0.000843323722666
263 0.028935364774
264 0.00209329547655
265 0.000948531593292
266 0.0015625321475
267 0.393358946384
268 0.00312715380706
269 0.00296470701719
270 0.000194926430501
271 0.00028432119959
272 0.00026081832689
273 0.000929191452873
274 0.00170929898711
275 0.000986815054412
276 0.000442840299743
277 0.000289681893071
278 0.000835612089936
279 0.00346259142834
280 0.00106912962454
281 0.000244990548204
282 0.0946345239235
283 0.000710058782567
284 0.00279380123511
285 0.000590532180134
286 0.000448105446023
287 0.000399118095992
288 0.000726332199546
289 0.000224054763518
290 0.000555810731007
291 0.0010297079978
292 0.00202949686996
293 0.000698389569524
294 0.00204006857895
295 0.00891888517837
296 0.0054886899107
297 0.00106912962454
298 0.00243345731194
299 0.000466822870803
300 0.00106912962454
301 0.000646804423935
302 0.00118395190195
303 0.00143937607292
304 0.000489820465805
305 0.000890524463645
306 0.00526795005203
307 0.000324549939761
308 0.000498791350239
309 0.00216393113109
310 0.000568160932694
311 0.00218080497795
312 0.00317956878651
313 0.0874633955979
314 0.000241145627226
315 0.000909406431074
316 0.000654773191805
317 0.00196710383821
318 0.0144707617846
319 0.00973964955947
320 0.00111410887122
321 0.0280728455646
322 0.00123895654261
323 0.0501510082586
324 0.00319895540283
325 0.00135734072022
326 0.000453465053444
327 0.000573428164589
328 0.000698160192235
329 0.00112356043819
330 0.000968140266791
331 0.00243345731194
332 0.00324788344412
333 0.000632119355179
334 0.000615904743795
335 0.000300572675106
336 0.00171055208389
337 8.66944782553e-05
338 0.00327394010876
339 0.000269442890987
340 0.00552100290466
341 0.000469187145558
342 0.00453979252166
343 0.000805574761698
344 0.00194413722375
345 0.00133209891452
346 0.00211289419865
347 0.00180506070762
348 0.00107302444691
349 0.445220331414
350 0.00027490330137
351 0.000793949712991
352 0.000390696127422
353 0.0032077688151
354 0.000515591061218
355 0.0006097898039
356 0.000486617282925
357 0.00100195968458
358 0.000396769697954
359 0.000287831337856
360 0.000264931092044
361 0.000646804423935
362 0.000918273645546
363 0.000108930799696
364 0.000654773191805
365 0.00346355904979
366 0.000271691216363
367 0.000373840332031
368 0.000539828084189
369 0.000246273778912
370 0.00203087016982
371 0.0013097299169
372 0.00123918686224
373 0.0152539584925
374 0.00132921006944
375 0.00242939712313
376 0.00434705946181
377 0.000358760508193
378 0.00150278901618
379 0.00107286072997
380 0.00807608810417
381 0.0015737745497
382 0.00795118206201
383 0.0180292943492
384 0.000252453283816
385 0.00198873821101
386 0.000252453283816
387 0.0111240669339
388 0.00289050757313
389 0.000890524463645
390 0.000185281535438
391 0.000495587683734
392 0.00285872017834
393 0.000686763860959
394 0.000575921474359
395 0.000371912246299
396 0.000940305134821
397 0.00418931515171
398 0.00278091430664
399 0.0003732800644
400 0.000773618257542
401 0.000616341024941
402 0.00217350671091
403 0.00526625112434
404 0.00103042947283
405 0.000623199764468
406 0.00428305145144
407 0.000445085367373
408 0.00051361321151
409 0.00179359936772
410 0.000534601030004
411 0.000495587683734
412 0.000336919232104
413 0.000312777276592
414 0.00234147343295
415 0.000540832882639
416 0.000137770977351
417 0.000137114776037
418 0.00316032837597
419 0.00688693376491
420 0.00376934681737
421 0.000997291570093
422 0.000558829196166
423 0.00199514095279
424 0.000525086093116
425 0.011999455389
426 0.00025396422279
427 0.00155961438486
428 0.00104470520255
429 0.000386838202907
430 0.0057384320778
431 0.0378890120003
432 0.0286431601412
