1 0.00087936186555
2 0.00121535384675
3 0.000300364698788
4 0.000345489973881
5 0.000890218184878
6 0.00140338448877
7 0.00194651834832
8 0.000227839088644
9 0.00103686304127
10 0.00355570175038
11 0.382874534526
12 0.0108753470681
13 0.018677414805
14 0.00137231343365
15 0.00208681369125
16 0.00258116743705
17 0.00846675989344
18 0.00101338178403
19 0.00746981459048
20 0.000620045268231
21 0.00293742081977
22 0.00149201495699
23 0.00105180802096
24 0.0027240228181
25 0.00701824784651
26 0.000556247775009
27 0.0104998355692
28 0.000316752886967
29 0.0182874903889
30 0.00161752538585
31 0.000473412760633
32 0.00168319778106
33 0.000391188311168
34 0.000535836762689
35 0.00045024349048
36 0.000417361617778
37 0.00220156345405
38 0.0296086154445
39 0.00933629745009
40 0.00928011111111
41 0.000219478737997
42 0.000299740640419
43 0.287533211596
44 0.000508141525157
45 0.00181866246125
46 0.000191984605375
47 0.000423596357071
48 0.000945129266117
49 7.9364685691e-05
50 0.000441886316295
51 0.00257350857261
52 0.0108873855506
53 0.00336092205144
54 0.0541067670518
55 0.0661951574752
56 0.057410894115
57 0.000324886923001
58 0.000249964848693
59 0.00041717395019
60 0.000971496036431
61 0.00115343538626
62 0.000219478737997
63 0.00071640800984
64 0.000263677829638
65 0.00133607882699
66 0.000744020940156
67 0.000927178805533
68 0.0012029822945
69 0.00194413722375
70 0.000794892196627
71 0.000798483866436
72 0.000703299706534
73 0.000660280894497
74 0.000375248996998
75 0.000391814212466
76 0.00129911593468
77 0.000770142618091
78 0.0127557093426
79 0.00104245007943
80 0.0075160698038
81 0.000541840489096
82 0.0028980258481
83 0.000435076982946
84 0.00219815820652
85 0.000181082405934
86 0.000554154652594
87 0.00246536409976
88 0.000173415299158
89 0.000468506962013
90 0.00025838909598
91 9.32509348118e-05
92 0.00841099016242
93 0.00197839233816
94 0.00132873902506
95 0.00140553279996
96 0.00206194570048
97 0.00111111111111
98 0.000930767020971
99 0.0118024701469
100 0.00217583215449
101 0.000237142214
102 0.000777593312698
103 0.00075751199394
104 0.0018500079008
105 0.0189389802387
106 0.00250799508253
107 0.00071170407428
108 0.00109577834879
109 0.00219629362883
110 0.000465278672147
111 0.00029471900385
112 0.00246536409976
113 0.000253459072795
114 0.000237142214
115 0.00111196844993
116 0.000254470884455
117 0.00747223687265
118 0.00234927262246
119 0.00109886755594
120 0.000342847430465
121 0.00548996964552
122 0.00162163374669
123 0.0017585621208
124 0.000917437033191
125 0.000702757455411
126 0.000932748280245
127 0.00256877923814
128 0.00257370613684
129 0.00150278901618
130 0.000554154652594
131 0.000982014621901
132 0.00669614250929
133 0.000840921161793
134 0.000777593312698
135 0.00126603751258
136 0.000109920233194
137 0.000266012442316
138 0.000484075963823
139 0.000492932546256
140 0.000893235309309
141 0.000345489973881
142 0.000502724768244
143 0.00219760052298
144 0.00148953375967
145 0.0594411861108
146 0.0527415814209
147 0.00175507290661
148 0.00084749085837
149 0.00401230821768
150 0.000559124472714
151 0.000828844478259
152 0.0025441335585
153 0.00021507526374
154 0.00399754201121
155 0.00025583623861
156 0.00043547816199
157 0.00228185352287
158 0.00238945957246
159 0.000237142214
160 0.00363122006482
161 0.000838388440471
162 0.000471703800154
163 0.00219446566909
164 0.00038568742314
165 0.000224940193943
166 0.00446909174211
167 0.000865719381434
168 0.000554154652594
169 0.000365896997073
170 0.000307346686679
171 0.000237142214
172 0.000912824872753
173 0.000248399499228
174 0.000487657057122
175 0.00351074684234
176 0.00151481277289
177 0.000455791505651
178 0.0127584845143
179 0.00148992008597
180 0.0031861501293
181 0.000203717688664
182 0.000296762117735
183 0.000278357386964
184 0.000237142214
185 0.00253397860324
186 0.000506052304014
187 0.000773322477948
188 0.00180898872934
189 0.0206858103122
190 0.0334672788429
191 0.00526710945706
192 0.00155846255998
193 0.000607024487368
194 0.00233101290859
195 0.00137381815019
196 0.0021288405134
197 0.00114693411943
198 0.000365312497078
199 0.00023944120409
200 0.000146397335733
201 0.000497357638339
202 0.00118055555556
203 0.00179434638953
204 0.00496171886731
205 0.00975748918514
206 0.0366371725802
207 0.175558923745
208 0.00449401496769
209 0.0427025521931
210 0.00513953087413
211 0.00256188978907
212 0.000360742848878
213 0.00549148552508
214 0.000678561031748
215 0.0487637895448
216 0.000372850579604
217 0.00113743155471
218 0.0112889585804
219 0.00634312688913
220 0.00417379953517
221 0.000193909866755
222 0.00430863513261
223 0.00073155821335
224 0.000452693526483
225 0.000193909866755
226 0.000529932270416
227 0.000256779490664
228 0.00087354507109
229 0.000157477893118
230 0.00160328292537
231 0.0769405923491
232 0.00397439198765
233 0.00437866817181
234 0.00305516507085
235 0.016102866003
236 0.00079723183391
237 0.00262144
238 0.000489105816376
239 0.00657620686481
240 0.00397988253287
241 0.000784871837575
242 0.00120053245838
243 0.00670538610172
244 0.0254549497932
245 0.00467840666851
246 0.000948800440195
247 0.000254470884455
248 0.00134668798923
249 0.00116339648807
250 0.00071170407428
251 0.000466888631747
252 0.000515594522311
253 0.000319511187329
254 0.000108597423444
255 0.00246536409976
256 0.000288923182442
257 0.000265470941302
258 0.000605281207133
259 0.0306039996796
260 0.0129623804853
261 0.00074343973405
262 0.000809886620933
263 0.358340657941
264 0.00318244444444
265 0.00330486946508
266 0.000517968817848
267 0.00046697739223
268 0.0022714121613
269 0.000982820494243
270 0.000146479569533
271 0.000365312497078
272 0.000488495732224
273 0.00129105356851
274 0.00133486901254
275 0.000982820494243
276 0.00616132256824
277 0.00157740307705
278 0.000181789759083
279 0.00329465704116
280 0.000306907306196
281 0.00075751199394
282 0.00193126746969
283 0.000306907306196
284 0.000571237419067
285 0.000448865268601
286 0.00230503082275
287 0.00348008158455
288 0.00123596191406
289 0.000327238151885
290 0.0192747061683
291 0.000467091372556
292 9.07029478458e-05
293 0.00125764166532
294 0.00110027427931
295 0.00382344245489
296 0.170833115021
297 0.00419904
298 0.00607829397985
299 0.000525112832404
300 0.00375468334092
301 0.000601174727074
302 0.00087936186555
303 0.00109886755594
304 0.000843086689149
305 0.00100981313526
306 0.000529932270416
307 0.000696980800952
308 0.00280732698315
309 0.00186051640257
310 0.00245463340213
311 0.0224320301743
312 0.000189520096098
313 0.000375832790237
314 0.000503684963381
315 0.000211889328334
316 0.000837813441791
317 0.000968140266791
318 0.000837729668825
319 0.00356593123144
320 0.00127479526391
321 0.0020902834196
322 0.270215144967
323 0.021598055599
324 0.00679605589919
325 0.000793493354493
326 0.00248058259777
327 0.00161752538585
328 0.00222413459303
329 0.000665972944849
330 0.000466023118022
331 0.000307346686679
332 0.000345489973881
333 0.00161752538585
334 0.000679583464266
335 0.00114349028762
336 0.00217454085231
337 0.00217646591148
338 0.464728180637
339 0.00222973661778
340 0.000624998258087
341 0.00100959032912
342 0.0022389559814
343 0.00127326359914
344 0.00176905082061
345 0.00275238858946
346 0.00047884098072
347 0.00297836124943
348 0.00254838085919
349 0.00594875727006
350 0.000865051903114
351 0.000521890817581
352 0.000878592355501
353 0.000242536431736
354 0.000235778677503
355 0.000649444439249
356 0.000912121075627
357 0.000500830450491
358 0.000219478737997
359 0.000279019474235
360 0.00061026574388
361 0.000773322477948
362 0.0050268798191
363 0.00125511111111
364 0.00730259015417
365 0.00468018359633
366 0.00032702100092
367 0.000719528817993
368 0.00657537149774
369 0.0153173145597
370 0.00234424529835
371 0.000885062358277
372 0.000821844995021
373 0.000360742848878
374 0.000253237284146
375 0.00209540553943
376 0.0368494795064
377 0.000227868393147
378 0.0036454254183
379 0.00128925287945
380 0.00360953957846
381 0.000434215651408
382 0.000680670797809
383 0.000156739428048
384 0.00109081727127
385 0.00392150878906
386 0.0124023334954
387 0.0103042937255
388 0.0004
389 0.00163248648097
390 0.000811168082038
391 0.00563411111111
392 0.038482612153
393 0.000486878052239
394 0.00314703693188
395 0.00170178145129
396 0.0105417751196
397 0.00459241646326
398 0.000821182502804
399 0.00354343820862
400 0.000555810731007
401 0.136831627335
402 0.00266571927059
403 0.0798342193964
404 0.000998614400409
405 0.000300324342555
406 0.000621266807752
407 0.00266280941208
408 0.000263677829638
409 0.000524319878649
410 0.000892546615933
411 0.000296638569809
412 0.00043987320391
413 0.000282638219961
414 0.00187023775077
415 0.000266012442316
416 0.000797405282142
417 0.00119321004353
418 0.00072609272473
419 0.231164441786
420 0.00112356043819
421 0.0172397941627
422 0.000121290923558
423 0.000443999091697
424 0.000249964848693
425 0.000336469414608
426 0.00267328
427 0.00050161196505
428 0.000729927418089
429 0.000384467512495
430 0.00153173452827
431 0.00216457428884
432 0.0258510524512
