1 0.00016746653637
2 0.000479669783647
3 0.0150477366255
4 0.00107890670787
5 0.000503100707485
6 0.000263653004074
7 0.000867346938776
8 0.000561532759821
9 0.000705872741384
10 0.000735056832443
11 0.000961784970357
12 0.00024883298881
13 0.000943517105616
14 0.00105747764299
15 0.000982426160865
16 0.00419163436067
17 0.0017457296125
18 0.10088693726
19 0.000795203751451
20 0.000245207792052
21 0.00280686325546
22 0.00259590662245
23 0.00257616495093
24 0.00186880911508
25 0.000230440465346
26 0.00199964036443
27 0.00400735333684
28 0.0228175414507
29 0.00478307115159
30 0.179586546795
31 0.00786059788807
32 0.00237025877046
33 0.0015844409352
34 0.00151715823183
35 0.000942252205431
36 0.00407153415128
37 0.000412442975634
38 0.000816326530612
39 0.000479669783647
40 0.000302667981941
41 0.0012287516509
42 0.000283794203295
43 0.00219207594244
44 0.0022310521613
45 0.132163684253
46 0.000432584627396
47 0.000313478856096
48 0.0249954030805
49 0.000242247148647
50 0.00033811855701
51 0.000762166434567
52 0.000267656997558
53 0.00484268771105
54 0.0926280370029
55 0.000433464835672
56 0.0595130300972
57 0.000907115632274
58 0.000982426160865
59 0.000284854635119
60 0.00117876956942
61 0.000260415669364
62 0.000813741175052
63 0.000474284428001
64 0.000527124114952
65 0.000695445886521
66 0.00046208363492
67 0.00302144
68 0.000873595573782
69 0.000267646923524
70 0.00122004632828
71 0.000266797540193
72 0.00234722278732
73 0.0013077163982
74 9.34075474444e-05
75 0.000628344967134
76 0.00115126216887
77 0.000970649986105
78 0.000842872008325
79 0.000646188082161
80 0.000695445886521
81 0.00209712638658
82 0.000545899205171
83 0.00213273739248
84 0.000297689323663
85 0.0016426292741
86 0.785001267092
87 0.000910222666098
88 0.000258403084275
89 0.00121057674441
90 0.000258579328805
91 0.000897007483368
92 0.000759475950571
93 0.0123647530597
94 0.000525086093116
95 0.00105757155133
96 0.00206191679211
97 0.00106756525127
98 0.00440177960829
99 0.00213999053892
100 0.00129638969282
101 0.00521844508799
102 0.00318309137887
103 0.00076405188021
104 0.00119786989894
105 0.00739086656271
106 0.00454403674708
107 0.0048338358153
108 0.000944923992021
109 0.00236738694587
110 0.000163597972309
111 0.00223199575169
112 0.00171502526587
113 0.00239753087867
114 0.00591225034979
115 0.00026710042663
116 0.00201994697639
117 0.000393675988914
118 0.000438400826017
119 0.00096007423013
120 0.000393675988914
121 0.00120306385605
122 0.00038781973351
123 0.000394928735899
124 0.0308953493149
125 0.287005873451
126 0.00308669196125
127 0.00234372331979
128 0.00151478409466
129 0.00872922090437
130 0.0129698170619
131 0.000530716566719
132 0.000637679195636
133 0.000650492415764
134 0.000570282913789
135 0.00717314736546
136 0.052503007365
137 0.00357742782903
138 0.00187039072548
139 0.00609399004608
140 0.000725194914878
141 0.000340409308152
142 0.00508097034339
143 0.00249072017412
144 0.00195656140442
145 0.000130986223933
146 0.00042829810096
147 0.000512684015479
148 0.00290219818839
149 0.000237142214
150 0.00156152445369
151 0.0005789604834
152 0.00180695174085
153 0.012527619311
154 0.0263193835572
155 0.175481094645
156 0.0198606627562
157 0.00152260032859
158 0.00179468179351
159 0.00211857486443
160 0.000432584627396
161 0.000476695511832
162 0.000814057092681
163 0.0020831426636
164 0.00225176378579
165 0.675037126623
166 0.000372683770367
167 0.00100600844679
168 0.00205202024072
169 0.000897007483368
170 0.000208526111379
171 0.00306509740065
172 0.000176892211146
173 0.000477560027385
174 0.000473412760633
175 0.00893488977027
176 0.0801325488395
177 0.252495471051
178 0.00120066616019
179 0.0248239782467
180 0.000228517467724
181 0.000835612089936
182 0.000160000654316
183 0.00203612174722
184 0.000820227727115
185 0.00238965425405
186 0.00567197599568
187 0.00496969779602
188 0.00153033228716
189 0.00037696657759
190 0.00113197659184
191 0.000460846948309
192 0.00263232
193 0.000232221081698
194 0.000962185547188
195 0.000519147572504
196 0.000961784970357
197 0.000432584627396
198 0.000194667327172
199 0.0179582988269
200 0.00212992684677
201 0.00269881716913
202 0.00211575018816
203 0.0010760973536
204 0.00824809960916
205 0.00257444933863
206 0.00072609272473
207 0.0043056794822
208 0.000151727577252
209 0.00204330687218
210 0.000502205390956
211 0.00110292615841
212 0.00136554215607
213 0.000619824038842
214 0.127170441974
215 0.0108864382677
216 0.000427589877682
217 0.00107144401766
218 0.00107144401766
219 0.000756401272691
220 0.00953735894434
221 0.000992001984004
222 0.000519147572504
223 0.000227535279784
224 0.000815339713848
225 0.0271668244598
226 0.00109032169793
227 0.000708646751368
228 0.00273931342291
229 0.000715343905999
230 0.00139243149922
231 0.00246948023235
232 0.00225298489971
233 0.000878180679952
234 0.00211053053692
235 0.000589122443209
236 0.00256722039768
237 0.000609970489724
238 0.0004327896568
239 0.00414654910707
240 0.000944245128074
241 0.00111654253074
242 0.00051100127551
243 0.000897007483368
244 0.0041195646987
245 0.000257886148954
246 0.000503100707485
247 0.00118795299319
248 0.00133848899465
249 0.00162005955357
250 0.00347995538916
251 0.00124080407168
252 0.000196981088503
253 0.000762930415408
254 0.000342428039432
255 0.000509096951609
256 0.0012274077729
257 0.015378098216
258 0.000765099657622
259 0.000719308289661
260 0.00039305809081
261 0.00224760059105
262 0.00123492494204
263 0.0438469996393
264 0.00413184997169
265 0.0330369369802
266 0.00440301454554
267 0.00305267263172
268 0.000810955975908
269 0.000328731097962
270 0.00176263691065
271 0.000947400421278
272 0.000519147572504
273 0.000525556801795
274 0.000961784970357
275 0.00427393019834
276 0.00120256299682
277 0.00106140332917
278 0.000932444366805
279 0.000206029233427
280 0.000659339317584
281 0.00738158934214
282 0.00269020850192
283 0.00257182396066
284 0.00245784090993
285 0.00342235694782
286 0.00921082591619
287 0.000324434531812
288 0.00235385474047
289 0.000737152591483
290 0.00141634871083
291 0.00100959032912
292 0.0142602505642
293 0.00129672606493
294 0.00061367663101
295 0.00159539632655
296 0.00890656939768
297 0.0237907343914
298 0.0306241332975
299 0.000152651272342
300 0.000208562726774
301 0.00133969446883
302 0.00702461082849
303 0.000268865572619
304 0.000649113554302
305 0.000510017144736
306 0.00105838757876
307 0.00310255786808
308 0.00042829810096
309 0.000473412760633
310 0.00385846757499
311 0.000321214415906
312 0.000473412760633
313 0.0468266281585
314 0.00373313922716
315 0.00125137472966
316 0.0111981385356
317 0.00112988220689
318 0.00442325166293
319 0.00381155655116
320 0.00164108077307
321 0.0075399277908
322 0.000762166434567
323 0.00222413459303
324 0.00266457027682
325 0.00256078691509
326 0.000438400826017
327 0.00192668744794
328 0.00271020981408
329 0.00050568350159
330 0.000511865031429
331 0.000575907998473
332 0.000897007483368
333 0.000230003818423
334 0.00120256299682
335 0.000238057820153
336 0.000582125763343
337 0.00047839601852
338 0.000523073583642
339 0.155278210815
340 0.00367558910074
341 0.00581507112649
342 0.0029070013712
343 0.00336487475843
344 0.00128497989321
345 0.000211955446303
346 0.000926388243239
347 0.000826021888445
348 0.0485333333333
349 0.000762166434567
350 0.0189022033608
351 0.0010991153975
352 0.000209659916873
353 0.000541642477323
354 0.00026710042663
355 0.000961784970357
356 0.00164076269829
357 0.000855241754275
358 0.0019140625
359 0.00298707521143
360 0.00026710042663
361 0.00327806122449
362 0.000564739984675
363 0.00926336773439
364 0.00226570282865
365 0.00174602901102
366 0.00381155655116
367 0.0048975510286
368 5.73921028466e-05
369 0.00106755555556
370 0.0127855996885
371 0.00285394968241
372 0.00126046006792
373 0.000231317497723
374 0.0026638917794
375 0.000621161145101
376 0.000534324477087
377 0.00433869795903
378 0.0130621461692
379 0.00150769598788
380 0.120662152142
381 0.00212878020778
382 0.00838753761093
383 0.000421986794852
384 0.00135219590982
385 0.000393675988914
386 0.00105757155133
387 0.00174500283081
388 0.000421986794852
389 0.00047916145215
390 0.0034098779903
391 0.00223962092019
392 0.000238057820153
393 0.00632891764749
394 0.000250459583552
395 0.000525086093116
396 0.000762930415408
397 0.000351194197242
398 0.00113319694857
399 0.000606791349272
400 0.000344976806519
401 0.00114989044671
402 0.00769205198054
403 0.00122150748574
404 0.392923846562
405 0.00156404609148
406 0.00180695174085
407 0.000266797540193
408 8.89138568986e-05
409 0.00116439433077
410 0.000466662395602
411 0.00042829810096
412 0.00290219818839
413 0.000372683770367
414 0.00174798192175
415 0.0498687096571
416 0.0611881914156
417 0.0346366695323
418 0.00801539389258
419 0.00198588591165
420 0.000842872008325
421 0.00108369066439
422 0.00307707043737
423 0.00125403269711
424 0.000589122443209
425 0.186682781265
426 0.000589381077992
427 0.00248160749596
428 0.000475034912204
429 0.00404787233478
430 0.00323575602498
431 0.00173031962953
432 0.00243255905355
