1 0.000208526111379
2 0.00168981690014
3 0.00112373645586
4 0.00129342014642
5 0.000988513942216
6 0.00304451365739
7 0.000981668700448
8 0.000218393905525
9 0.000217060257963
10 0.000907428328542
11 0.00167853267861
12 0.000470133721075
13 0.000472911008562
14 0.183554472206
15 0.00163926193756
16 0.0623225348829
17 0.000160068596437
18 0.00104808239739
19 0.00213417017465
20 0.00160959940054
21 0.000130799033927
22 0.00150090569754
23 0.0106923186023
24 0.00167879585744
25 0.00181144326285
26 0.000603492719933
27 0.0125727661307
28 0.0395542326322
29 0.0010413856451
30 0.0452890596915
31 0.000576737988393
32 0.00660982219578
33 0.000194356654465
34 0.00165630070308
35 0.000529823849922
36 0.0020205074889
37 0.00113622017422
38 0.0191162731187
39 0.00609927927904
40 7.03534784584e-05
41 0.000442095717613
42 0.00630181175483
43 0.000251453469812
44 0.0088727782619
45 0.0019557468493
46 0.00286895821947
47 0.000721930062842
48 0.000887292243767
49 0.00348407571452
50 0.000406808323253
51 0.000505730560425
52 0.0205126863377
53 0.000467696746926
54 0.000177186663381
55 0.000136994438347
56 0.000702137832115
57 0.000248979766504
58 0.000526049995792
59 0.000628766942754
60 0.00116597263534
61 0.210912611736
62 0.00249826479269
63 0.00081506969771
64 0.000539688205054
65 0.00258037611408
66 0.000529415299561
67 0.000356272895838
68 0.00285833539415
69 0.00251745195401
70 0.00321130188874
71 0.00241921097929
72 0.00150090569754
73 0.00379996246951
74 0.00164322869943
75 0.00144656504125
76 0.0059488580603
77 0.000646188082161
78 0.000218668106232
79 0.00171853035235
80 0.000290019971935
81 0.000739405346877
82 0.000419897225794
83 0.00053471185352
84 0.00351235645635
85 0.000713407554129
86 0.00143668313418
87 0.00946300468291
88 0.012578253065
89 0.00113395212357
90 0.0793901915526
91 0.00300591408112
92 0.00167443422227
93 0.000551924269111
94 0.000896914207835
95 0.00135211563861
96 0.00016384
97 0.134934267951
98 0.00281791026317
99 0.00300393927032
100 0.0307971020366
101 0.00916311184333
102 0.17025859009
103 0.000988618827161
104 0.000526049995792
105 0.000436174927049
106 0.00088004019208
107 0.0020205074889
108 0.00063448041287
109 0.00100677522152
110 0.000623421993472
111 0.000285739480209
112 0.00433670434265
113 0.00206066071954
114 0.00209931305474
115 0.000989302263496
116 0.00249627036038
117 0.00103759765625
118 0.000408631339488
119 0.484842833909
120 0.0028349866141
121 0.000505440970964
122 0.00017906862021
123 0.00301348381383
124 0.00106848254958
125 0.000988539501535
126 0.00337923662888
127 0.0047326435695
128 0.00190067488808
129 0.00271245285317
130 0.00268264205493
131 0.000625
132 0.000195267062032
133 0.000472911008562
134 0.00111817188811
135 0.000139663720797
136 0.000193991399463
137 0.00130526538606
138 0.000722681892435
139 0.00563529461079
140 0.00335866702499
141 0.00463007758022
142 0.000589417146616
143 0.00794201330919
144 0.000592098898146
145 0.00607598773622
146 0.000981668700448
147 0.00192435775261
148 0.0054346471909
149 0.00657097971613
150 0.00797150396138
151 0.198752536839
152 0.0176343650746
153 0.000368441412355
154 0.00103872038625
155 0.00201347797502
156 0.000529823849922
157 0.000926766841326
158 0.0020205074889
159 0.000500926112196
160 0.00190067488808
161 0.000154481319931
162 0.000921834478717
163 0.0009765625
164 0.000503363729932
165 0.000717397837158
166 0.0837441899563
167 0.0228672702744
168 0.00800963814096
169 0.000256573780947
170 0.0157880626304
171 0.000388111733953
172 0.000763809870097
173 0.00172213222063
174 0.00126030166645
175 0.00689068095002
176 0.0007984096996
177 0.00367335863938
178 0.00148385212761
179 0.00592641900265
180 0.00104742618069
181 0.000331918241571
182 0.000477560027385
183 0.00180920259452
184 0.000531985435957
185 0.00190113892003
186 0.0012613928783
187 0.000613900072784
188 0.000277211750869
189 0.000433464835672
190 0.000437807287533
191 0.022440438658
192 0.00256558721703
193 0.00184102612862
194 0.000467178593089
195 0.0107038002506
196 0.00201857445331
197 0.00109081727127
198 0.0010131640974
199 0.00223853081209
200 0.000953252385338
201 0.0019812900197
202 0.0016211044711
203 0.173518620101
204 0.000733957682193
205 0.00082944
206 0.00244738644491
207 0.00253864506987
208 0.00053385768123
209 0.000536664629329
210 0.000139663720797
211 0.000394928735899
212 0.00508273938524
213 0.000573428164589
214 0.00111414072419
215 0.000858027556191
216 0.000222351734387
217 0.00130381113249
218 0.197332032778
219 0.0102816586609
220 0.00126046006792
221 0.00495365705275
222 0.000502724768244
223 0.00222358357675
224 0.00174862733312
225 0.00221260425646
226 0.00102777902006
227 0.0024434768819
228 0.00036154482208
229 0.00160707474522
230 0.000538918863114
231 0.00207563871677
232 0.0101560721976
233 0.000738585379824
234 0.0112978849475
235 0.0334914605966
236 0.180917121257
237 0.000859210830395
238 0.000255509186884
239 0.0010499699835
240 0.001296
241 0.0012613928783
242 0.000447347551112
243 7.97513314582e-05
244 0.000988539501535
245 0.00167923177593
246 0.000573428164589
247 0.000722681892435
248 0.00050720274946
249 0.001378867622
250 0.00209278454282
251 0.00179073790166
252 0.00120077410173
253 0.000979429821677
254 0.000495497777384
255 0.00135912845888
256 0.000759529247049
257 0.00158506028266
258 0.000535115565453
259 0.000457774643883
260 0.00129370944077
261 0.00578978433868
262 0.00104808239739
263 0.0553242174981
264 0.0010131640974
265 0.000620702464891
266 0.000858027556191
267 0.00490969337053
268 0.000255918001583
269 0.000526874287466
270 0.000404039906332
271 0.00190809939936
272 0.000907428328542
273 0.00168971823581
274 0.000740057391859
275 0.00296262855801
276 0.00809557899195
277 0.196928944011
278 0.00584532219586
279 0.0096633283019
280 0.00043547816199
281 0.000333759657538
282 0.000440654930026
283 0.0031964439561
284 0.000856632956573
285 0.00424693860987
286 0.00108766386239
287 0.000501727593976
288 0.0106727743285
289 0.00443713750866
290 0.000458024321735
291 0.0480623232968
292 0.00817134284529
293 0.000205179335556
294 0.000337
295 0.000499125664218
296 0.000150625311945
297 0.000254377827311
298 0.000613900072784
299 0.00362031699843
300 0.000739405346877
301 0.000978260131144
302 0.0017423713426
303 0.00241547108728
304 0.0101272411767
305 0.000460444439214
306 0.017970844504
307 0.00552226243582
308 0.000200065315441
309 0.00200013219644
310 0.000215755018289
311 0.00233659654766
312 0.00443781379848
313 0.000510252543154
314 0.000539516875684
315 0.000337195903666
316 0.00346098813231
317 0.00253998282497
318 0.00110428415117
319 0.00614088968811
320 0.000442186068586
321 0.00274744255088
322 0.0018123476658
323 0.000542850914031
324 0.000896914207835
325 0.000277211750869
326 0.000607860758066
327 0.000217060257963
328 0.000988539501535
329 0.00184539733554
330 0.00258760355225
331 0.00433670434265
332 0.00282160709487
333 0.00208823142861
334 0.000809703218983
335 0.000473412760633
336 0.00339967436509
337 0.00108739083879
338 0.000473162763558
339 0.000109933713406
340 0.000311282157122
341 0.000223182955099
342 0.000889807399753
343 0.00142918360638
344 0.00492172500552
345 0.000169872430432
346 0.00636381670304
347 0.000436935828458
348 0.00594267168708
349 0.000270583625596
350 0.00500448122652
351 0.000739405346877
352 0.00190067488808
353 0.000287856061719
354 0.000607860758066
355 0.000875031817804
356 0.000220703163728
357 0.070335301589
358 0.000792394268015
359 0.00337235826315
360 0.00993367665979
361 0.000804788491525
362 0.0167501656277
363 0.00180235910409
364 0.000214681533363
365 0.0179669854323
366 0.00153080661893
367 0.204598692656
368 0.000899650626342
369 0.00112164240378
370 0.000921690474765
371 0.00212519529625
372 0.00143022485882
373 0.0337099260483
374 0.00498873625897
375 0.000496137227286
376 0.000218668106232
377 0.00111730976637
378 0.00126170083555
379 0.00063448041287
380 0.000562937840543
381 0.000194356654465
382 0.000437634925784
383 0.00202087366383
384 0.00172409671471
385 0.00322530973174
386 0.000493484403495
387 0.03080782833
388 0.00121404897474
389 0.151811143593
390 0.00324210686288
391 0.00512083815688
392 0.00184179290335
393 0.0139232351807
394 0.00696765059183
395 0.00251745195401
396 0.00579904799362
397 0.00167063596259
398 0.00571862682323
399 0.00175488799224
400 0.000473412760633
401 0.0906768582619
402 0.0178923911592
403 0.000858027556191
404 0.000257542939752
405 0.00103872038625
406 0.000910592594831
407 0.00202087366383
408 0.0011070072878
409 0.00268223324023
410 0.000436935828458
411 0.000290019971935
412 0.00105342942665
413 0.00271008608779
414 0.00487057073015
415 0.000514571155277
416 0.00868810190561
417 0.00619611575935
418 0.00175780635562
419 0.0138429400109
420 0.00184012502344
421 0.00250273205382
422 0.00177748910391
423 0.000574474881411
424 0.000477488987624
425 0.000442095717613
426 0.0108765041974
427 0.00249931438629
428 0.0010686454032
429 0.357527531934
430 0.00145633776846
431 0.00101996317845
432 0.0230414693894
