1 0.000872177486062
2 0.0671240698975
3 0.00383848020175
4 0.000839455577137
5 0.00100424892208
6 0.00130578832415
7 7.31294640039e-05
8 0.000830768698225
9 0.00111358754723
10 0.00797193877551
11 0.000226129232857
12 0.0010668156947
13 0.00216542533804
14 0.000470133721075
15 0.000528471396486
16 0.000945321908119
17 0.00815405814818
18 0.000993941444554
19 0.00490755834591
20 0.00415696534878
21 0.00560368783391
22 0.000493586180932
23 0.000270404730393
24 0.1188830857
25 0.000130612244898
26 0.000208526111379
27 0.00324517038764
28 0.000814724151914
29 0.00460540739816
30 0.00325666598819
31 0.00387591030901
32 0.00488430938873
33 0.0015546432508
34 0.0562982808268
35 0.213119719826
36 0.000403219302914
37 0.000207028621707
38 0.000844712164186
39 0.00387303032686
40 0.00112575960319
41 0.00369108783944
42 0.000956797528662
43 0.000361983926755
44 0.000437848327497
45 0.00340373691094
46 0.00671066727885
47 0.00047839601852
48 0.0126014976131
49 0.0847648744069
50 0.000989302263496
51 0.000493218061371
52 0.000518380259821
53 0.000251952632905
54 0.00130578832415
55 0.000470133721075
56 0.000468445061721
57 0.000850366339393
58 0.152015870491
59 0.000805199307947
60 0.000296038904722
61 0.00173177895781
62 0.000652501288093
63 0.00295000467576
64 0.000554154652594
65 0.00135110294118
66 0.0129681763502
67 0.00212519529625
68 0.00105067747264
69 0.00103316326531
70 0.00416916000649
71 0.000945129266117
72 0.0114763196744
73 0.000945129266117
74 0.00205958033663
75 0.000717987246249
76 0.000162278388576
77 0.00200614827947
78 6.21794473209e-05
79 0.00052212983357
80 0.000329189368551
81 0.000164102458909
82 0.000509096951609
83 0.00155881263841
84 0.000388732712727
85 0.00139717953299
86 0.00046596313912
87 0.000432554250064
88 0.000755247808413
89 0.00040128179405
90 0.000164743484139
91 0.00550739782629
92 0.00215112139551
93 0.0144921858282
94 0.000882691741864
95 0.308770851317
96 0.00124433495392
97 0.00117701124567
98 0.000498246173469
99 0.000252936822877
100 0.0023958729722
101 0.00127649439405
102 0.00058769513315
103 0.00105566343886
104 0.000702033605465
105 0.012934540231
106 0.00288389532768
107 0.00093393020313
108 0.00175888779434
109 0.00374140462306
110 0.000287952188257
111 0.000791836734694
112 0.000571237419067
113 0.00371818531427
114 0.000207028621707
115 0.00314555522038
116 0.000804788491525
117 0.000905214861157
118 0.000841025101907
119 0.000293433140275
120 0.0185354665717
121 0.00190384964583
122 0.0092090385596
123 0.00775580599573
124 0.0023615916955
125 0.0793390548467
126 0.000539828084189
127 0.00126609918772
128 0.00160285950984
129 0.00115999208771
130 0.000109371839727
131 0.0018605582729
132 0.00260796766164
133 0.00678624079389
134 0.000554760698253
135 0.000305639616196
136 0.0186482650739
137 0.000339907414659
138 0.000846280991736
139 0.00297520661157
140 0.00054692100973
141 0.000229134239547
142 0.000555041300038
143 0.000433322133536
144 0.00308979178889
145 0.00143554909753
146 0.00199880787469
147 0.00260479342435
148 0.0790345302974
149 0.00354725346021
150 0.000497287184256
151 0.00174369555098
152 0.00112984111609
153 0.000243455129519
154 0.000470133721075
155 0.000824648986811
156 9.32333717801e-05
157 0.000584669189538
158 0.00266737989562
159 0.00558610977101
160 0.00175096864811
161 0.00388822810938
162 0.000251952632905
163 0.00123220116425
164 0.000811135934009
165 0.000554154652594
166 0.00047839601852
167 0.00155881263841
168 0.000515594522311
169 0.00128841941827
170 0.00112164240378
171 0.000814724151914
172 0.000913795623057
173 0.000518380259821
174 0.00440808922333
175 0.0163824822544
176 0.000617070357555
177 0.00378842120823
178 0.00137971502283
179 0.00206371946819
180 0.00209987510493
181 0.00529780066782
182 0.00493207699322
183 0.000678875380476
184 0.00202915495242
185 0.000314168743325
186 0.00109648675305
187 0.00162209058852
188 0.00237433135318
189 0.00156459851394
190 0.00107497984413
191 0.000671158957287
192 0.00144278979995
193 0.00203373649783
194 0.00178507728894
195 0.000431865749868
196 0.00194170203406
197 0.000280764614135
198 0.000502724768244
199 0.00196220773527
200 0.00386864814352
201 0.00194170203406
202 0.00135123803456
203 0.00107497984413
204 0.00281370717684
205 0.000285336011687
206 0.139127801555
207 0.000256602371402
208 0.000498246173469
209 0.00436839744029
210 0.00031887755102
211 0.00453582924704
212 0.0101693071473
213 0.0177568832419
214 0.00168416061323
215 0.00243823729786
216 0.00243738493466
217 0.00135522959184
218 0.00477089072655
219 0.000913747349809
220 0.00115999208771
221 0.00058570559719
222 0.000221113583284
223 0.0009765625
224 0.000254899075897
225 0.000701723608614
226 0.000184480040124
227 0.0013000296175
228 0.00256648835791
229 0.000196294331081
230 0.00359321238867
231 0.00792144611699
232 0.00148463837855
233 0.00739575551019
234 0.000945713021858
235 0.00837056466027
236 0.000539828084189
237 0.00287670322113
238 0.00054692100973
239 0.000135336799883
240 0.00434810210698
241 0.000243835735083
242 0.0152820042005
243 0.0136104710551
244 9.74257899005e-05
245 0.00107497984413
246 0.0033556122449
247 0.000346334372816
248 0.00190384964583
249 0.00127046368003
250 0.00254944509889
251 0.00256340038041
252 0.000666019109816
253 0.00314555522038
254 0.00114909508762
255 0.00730058228293
256 0.0203173595369
257 0.00216286880647
258 0.130943833189
259 0.000221606648199
260 0.000353504763805
261 0.000208526111379
262 0.00198765704727
263 0.0104745841308
264 0.00104325443906
265 0.00032379477372
266 0.000310833311782
267 0.000486878052239
268 0.00104808239739
269 0.00176138956751
270 0.00568012754398
271 0.00311414713642
272 0.0732975517097
273 0.00838529290771
274 0.062916274355
275 0.00720047839266
276 0.00062836976767
277 0.00130578832415
278 0.00047839601852
279 0.00107858534166
280 0.000499380165289
281 0.00294735461334
282 0.00121924843464
283 0.0014867242162
284 0.00168416061323
285 0.0109055219995
286 0.00299534331629
287 0.00124567474048
288 0.00336063852132
289 0.00549400267911
290 0.0532707201463
291 0.00193900386171
292 0.00109567609213
293 0.00165905546469
294 0.00267291819775
295 0.0055943399689
296 0.0694225624478
297 0.00213473607341
298 0.00058570559719
299 0.00196877973126
300 0.00127144397608
301 0.000589122443209
302 0.000913747349809
303 0.00314555522038
304 0.000505440970964
305 0.00222761723271
306 0.00226411537374
307 0.000575075916537
308 0.000618580597862
309 0.00062836976767
310 0.0589268198945
311 0.0203283393744
312 0.00128215168905
313 0.00320172054886
314 0.00168781957633
315 0.000936719359894
316 0.000205916065073
317 0.081316458391
318 0.00656689996558
319 0.0110078638894
320 0.00589053303405
321 0.0137988660082
322 0.000264388168904
323 0.00107174467989
324 0.00141431729589
325 0.407718861898
326 0.0786675886869
327 0.000470950279707
328 0.000573730654492
329 0.00706205887498
330 0.00051129828665
331 0.00314555522038
332 0.000913747349809
333 0.00265104860752
334 0.00503425698209
335 8.69822008645e-05
336 0.000552073322404
337 0.000486878052239
338 0.000343553498061
339 0.00243688370458
340 0.000186692200715
341 0.0110283195356
342 0.00563407349306
343 0.0526536851335
344 0.00125845289366
345 0.000565281019098
346 0.00186006363008
347 0.000819884703714
348 0.0491725494124
349 0.00108710839242
350 0.00145224347487
351 0.0407644303915
352 0.000466662005344
353 0.0419329562544
354 0.00771661263216
355 0.000205916065073
356 0.00115343538626
357 0.000729364636733
358 0.000196716442816
359 0.00155881263841
360 0.00222761723271
361 0.000538826083321
362 0.000582193503871
363 0.0018400189752
364 0.00037039210004
365 0.000191568587541
366 0.000458507472983
367 0.011412755102
368 0.00178973243129
369 0.0113724390387
370 0.00529857663303
371 0.000969815974426
372 0.00347806122449
373 0.000590845215751
374 0.00339090621077
375 0.00102930942909
376 0.000390570076083
377 0.000247020376778
378 0.000207028621707
379 0.00235128131346
380 0.00114897165724
381 0.00052212983357
382 0.00178741454692
383 0.00709929300021
384 0.000280764614135
385 0.000485084654663
386 0.000509096951609
387 0.00124567474048
388 0.00460540739816
389 0.0021288405134
390 0.000913747349809
391 0.000271074380165
392 0.000512809917355
393 0.00183243880136
394 0.000208526111379
395 0.00135825508439
396 0.00497141444791
397 0.00495442579924
398 0.000556247775009
399 0.00155165679826
400 0.000891067052796
401 0.00330722439223
402 0.00550841461655
403 0.00549356235532
404 0.00407771139264
405 0.00204364989668
406 0.000898670765995
407 0.00779104779578
408 0.00861815736611
409 0.00130744292896
410 0.594006990436
411 0.00257026355669
412 0.0198234129864
413 0.000467696746926
414 0.00257832425032
415 0.00323634567901
416 0.00104808239739
417 0.000556247775009
418 0.000431865749868
419 0.000165551994054
420 0.00160642154391
421 0.0268924644368
422 0.00182164864117
423 0.0033168781238
424 0.00178433412604
425 0.000859481555569
426 0.000694960897856
427 0.00045039072296
428 0.00309476830897
429 0.143108061273
430 0.460738046005
431 0.00255964005062
432 0.0302398352209
