1 0.000173415299158
2 0.000337303237437
3 0.00309673359637
4 0.00193701954308
5 0.00120284673728
6 0.000435076982946
7 0.00118621443023
8 0.000423377195211
9 0.000505340382267
10 0.000904985876009
11 0.00178741454692
12 0.225520201895
13 0.000370963031902
14 0.00123291317116
15 0.00111111111111
16 0.000795100747406
17 0.000327040816327
18 0.000808163265306
19 0.005884484045
20 0.000897007483368
21 0.00891150164299
22 0.0014027186105
23 0.056772204534
24 0.027874478409
25 0.00179004683598
26 0.000155816874775
27 0.000437667407783
28 0.00240955527486
29 0.000558352778899
30 0.00115958705122
31 0.00050453312926
32 0.000833352152932
33 0.000540691809124
34 0.000913653408118
35 0.000621086923265
36 0.00204364989668
37 0.00268158569337
38 0.202813852663
39 0.107051805216
40 0.00192869295593
41 0.000189595362023
42 0.00182819671732
43 0.00138848328008
44 0.00020514259661
45 0.000109216834239
46 0.00128862590401
47 0.000656115627519
48 0.00294905021252
49 0.00539685179899
50 0.00627334318174
51 0.00396226415094
52 0.000672912187584
53 0.0030858736896
54 0.0269557145632
55 0.000562109853885
56 0.0257904129747
57 0.000464282480761
58 0.00435084191875
59 0.000782113741227
60 0.000769228942951
61 0.000200065315441
62 0.00204982302833
63 0.000156494427026
64 0.000348654199727
65 0.00893106257221
66 0.0931675076407
67 0.11390223441
68 0.00834773143094
69 0.0120566710452
70 0.000802033938506
71 0.000305272931556
72 0.000851549753307
73 0.00280573701852
74 0.00110089405169
75 0.000802117462957
76 0.00179984351313
77 0.011624729547
78 0.0228951836735
79 0.139489401425
80 0.00309673359637
81 0.000715161583798
82 0.000351211200996
83 0.000637332331436
84 0.000866855850145
85 0.000304785275116
86 0.00481955537091
87 0.000973180467908
88 0.000236289114678
89 0.000228673027179
90 0.00110089405169
91 0.000977511297126
92 0.00509935149767
93 0.000200267193546
94 0.0919420587489
95 0.0358536334512
96 0.00503813527257
97 0.0017899408284
98 0.054820405
99 8.3825853342e-05
100 0.000475894605716
101 0.000998997956318
102 0.000864257366391
103 0.033760264375
104 0.162257640627
105 0.016808322039
106 0.000820147831561
107 0.00330138050405
108 0.00120516771452
109 0.00201428489935
110 0.000637332331436
111 0.000905367640932
112 0.000234460792612
113 0.00335660962203
114 0.000995522023584
115 0.0168255192295
116 0.00128673988025
117 0.00194519902035
118 0.00120088090177
119 0.00236847238351
120 0.00182895814869
121 0.000722505499491
122 0.000694550139446
123 0.00104470520255
124 0.00298635372809
125 0.00139112519937
126 0.00175367416693
127 0.00116219008264
128 0.000218629391904
129 0.00265451381846
130 0.000501075609187
131 0.000104359922198
132 0.000423377195211
133 0.000905367640932
134 0.000572646610039
135 0.0010499699835
136 0.000315762339197
137 0.000973180467908
138 0.00772251753608
139 0.000340029780455
140 0.00673634614289
141 0.00448325197834
142 0.00135946027735
143 0.000241726785121
144 0.000913653408118
145 0.00519064189554
146 0.00379476355015
147 0.00149119913059
148 0.0143924826954
149 0.000794664274893
150 0.00178222095363
151 0.000861944864966
152 0.00631286076561
153 0.00294707200098
154 0.000406291447844
155 0.000207386544628
156 0.000231317497723
157 0.000243069477124
158 0.000645510948865
159 0.00118073682699
160 0.00112025124031
161 0.00531628320348
162 0.000287273771905
163 0.00030735548391
164 0.000312566771466
165 7.26368801653e-05
166 0.000268785273308
167 0.00271903843849
168 0.00311882288802
169 0.0494279072765
170 0.00177643055278
171 0.000312566771466
172 0.0109681479188
173 0.019643477042
174 0.000305272931556
175 0.00509305439655
176 0.000391808015326
177 0.000859425564197
178 0.00165367755338
179 0.00105186267348
180 0.00105267429592
181 0.00105186267348
182 0.0178327202049
183 0.0014109584968
184 0.0264606480285
185 0.0659807242339
186 0.00198429752066
187 0.00110089405169
188 0.00303426639926
189 0.000932784636488
190 0.000316554308818
191 0.00122572198828
192 0.000785177324324
193 0.000229568411387
194 0.000265972489282
195 0.000391466897485
196 0.00342429160629
197 0.00417985006275
198 0.000769228942951
199 0.00921187169705
200 0.0136377866465
201 0.00200147639771
202 0.000568459237921
203 0.00253508729033
204 0.00194870546222
205 0.00138848328008
206 0.000160484563078
207 0.00156444525678
208 0.00507205533428
209 0.000896148409568
210 0.0049841302676
211 0.00487468886734
212 0.00191800208117
213 0.0057833907669
214 0.000657485050656
215 0.0020395421436
216 0.000460256532154
217 0.00170269300686
218 0.00051841234767
219 0.000346830598317
220 0.000254956270535
221 0.000173415299158
222 0.00216950512513
223 0.00272056165599
224 0.00713530668205
225 0.000521733214434
226 0.0481807700614
227 0.0591156303801
228 0.000887009683612
229 0.000546097814776
230 0.00646141391274
231 0.0011699439334
232 0.00445269320853
233 0.0064205087048
234 0.0043051088179
235 0.000381156288223
236 0.00186380484776
237 0.00193246401526
238 0.0100046889876
239 0.000794493418669
240 0.00400647264823
241 0.126021621826
242 0.000794493418669
243 0.000266933111486
244 0.00150765554367
245 0.000133296044592
246 0.00021746055342
247 0.00107107438017
248 0.00030735548391
249 0.000560469754362
250 0.000866644267072
251 0.000719306592933
252 0.000488495732224
253 0.00147758554402
254 0.000228701298237
255 0.00147857028018
256 0.00050453312926
257 0.00152679738562
258 0.00102433444925
259 0.220727132353
260 0.000632490402921
261 0.00070955586289
262 0.000492863323332
263 0.000630241067208
264 0.00161578937805
265 0.000401838300519
266 0.000897007483368
267 0.000319630248178
268 0.0011073496867
269 0.00605919131895
270 0.0125521161603
271 0.000794686632049
272 0.000965020933305
273 0.00116918348879
274 0.0128165988682
275 0.00111938751537
276 7.51779210799e-05
277 0.00050453312926
278 0.00133486901254
279 0.000182095931254
280 0.000181693138742
281 0.0015921919596
282 0.00108825120023
283 0.20043856989
284 0.0757242193306
285 0.00345412474989
286 0.0103681030176
287 0.000308919772373
288 0.00044429650333
289 0.000953252385338
290 0.00243114332587
291 0.00143008052671
292 0.00174500283081
293 0.00146361130278
294 0.000943517105616
295 0.0016618171046
296 0.00224181191214
297 0.00262563934254
298 0.496347731847
299 0.00211907627015
300 0.000119808551685
301 0.00166608341827
302 0.000914358387599
303 0.000264153894756
304 0.00012589280621
305 0.000587980179894
306 0.00030735548391
307 0.000539828084189
308 0.00182819671732
309 0.000778725596568
310 0.000952010937463
311 0.00468650804999
312 0.00458696027456
313 0.00119578323304
314 0.00406120283387
315 0.0239196988674
316 0.000496471477912
317 0.000509181147747
318 0.00561937921594
319 0.00180293696254
320 0.000459708904966
321 0.00441540380349
322 0.00298605512258
323 0.00346506098161
324 0.00284655261146
325 0.00176601772932
326 0.00345526324395
327 0.000539828084189
328 0.000221113583284
329 0.000315223784298
330 0.000164102458909
331 0.000503627731274
332 0.000574817780073
333 0.000389943679985
334 0.00021746055342
335 0.000496471477912
336 0.000497265832277
337 0.00183115877507
338 0.00250909633904
339 0.0439291239695
340 0.000370963031902
341 0.00931637044227
342 0.000401838300519
343 0.000370963031902
344 0.000506091750786
345 0.00141931635165
346 0.00203329425907
347 0.000888981442917
348 0.0108305953166
349 0.00872249771368
350 0.0209314001781
351 0.0010604739462
352 0.00183139146851
353 0.000331542297636
354 0.00076644662603
355 0.00098203641783
356 0.000913653408118
357 0.000274211662628
358 0.00170393540696
359 0.00138952792152
360 0.0440166896723
361 0.00993488922483
362 0.00529284150642
363 0.000558352778899
364 0.00470780616964
365 0.0070384631824
366 0.000268744961032
367 0.190943314575
368 0.00164587287012
369 0.00273396667416
370 0.000579197328283
371 0.00136604974524
372 0.0216566034698
373 0.00552061862622
374 0.000337303237437
375 0.00563498623097
376 0.00373889407278
377 0.000218567093134
378 0.000312566771466
379 0.00030735548391
380 0.000332102194683
381 0.000286463980138
382 0.000240836681684
383 0.000580076551542
384 0.000129945400632
385 0.000995482690046
386 0.0092280020292
387 0.105861714103
388 0.0126283133569
389 0.000390699837695
390 0.0262033670034
391 0.00160330435453
392 0.00184771466283
393 0.00216950512513
394 0.00192466602558
395 0.000431370675273
396 0.0115721857864
397 0.000702422401992
398 0.0022418109915
399 0.00129774986918
400 0.000160064519776
401 0.0153540037173
402 0.000558352778899
403 0.00177941546989
404 0.000304507799737
405 0.00120516771452
406 0.000424054598723
407 0.000580076551542
408 0.000262931645273
409 0.00214496803542
410 0.00053070988913
411 0.00051841234767
412 0.000274211662628
413 0.000570769607101
414 0.00191995449938
415 0.00151582582546
416 0.00314991760031
417 0.00184580658049
418 0.00030808721816
419 0.00493319903647
420 0.000789403774935
421 8.66563512852e-05
422 0.00607945956523
423 0.00116013639408
424 0.000431370675273
425 0.000185423268447
426 0.00157193028096
427 0.000645101578046
428 0.00689388680642
429 0.116019772483
430 0.00527578655303
431 0.0022923653019
432 0.0106822759963
