1 0.00062750752005
2 0.00111342056692
3 0.000490334141142
4 0.0026172507238
5 0.000193048959913
6 0.000345685158913
7 0.00059700012207
8 0.000257600353326
9 0.000237142214
10 0.0013286974053
11 0.000490334141142
12 0.00181368882639
13 0.000466023118022
14 0.0778305835763
15 0.00117908255493
16 0.00384393373232
17 0.00323808327354
18 0.00282759736354
19 0.00177085709782
20 0.00105163064069
21 0.000717761983124
22 0.000371689973295
23 0.00158299913927
24 0.000775189625379
25 0.00124361268975
26 0.0157819206332
27 0.00630771245403
28 0.0132896225814
29 0.000223600314438
30 0.000919821514881
31 0.000863337597042
32 0.00298011517996
33 0.00034541863219
34 0.000833352152932
35 0.000836607434779
36 0.00216127952068
37 0.0013077163982
38 0.000948366007811
39 0.00192780796752
40 0.000572331219523
41 0.00224968505815
42 0.0808433630011
43 0.00125037761404
44 0.00109622370985
45 0.000876471606648
46 0.00691101128614
47 0.00948726598077
48 0.000290221193124
49 0.100667705769
50 0.010131278575
51 0.00205173132632
52 0.000753321837471
53 0.000740432227313
54 0.000439771490611
55 0.00163101409183
56 0.000289458969406
57 0.0051180231361
58 0.000551776946984
59 0.173485394518
60 0.00109684665051
61 0.000491118675768
62 0.000390570076083
63 0.000457352434322
64 0.000964801854564
65 0.000245094299316
66 0.00105948484185
67 0.000260636134715
68 0.00918972038676
69 0.007270342038
70 0.00358990406498
71 0.00326310449726
72 0.000397135171701
73 0.00144086205038
74 0.0018345946012
75 0.00206657146747
76 0.00197686799352
77 0.0046364472985
78 0.000636930476362
79 0.00160400751252
80 0.00179670382299
81 0.00478620307741
82 0.0949661132999
83 0.000449954086318
84 0.00372413757824
85 0.18358049709
86 0.000224018845585
87 0.00179607632357
88 6.85643739106e-05
89 0.00481281113686
90 7.0880962861e-05
91 0.00203455115462
92 0.000304074163194
93 0.000920531253704
94 0.00175596257992
95 0.000490334141142
96 0.000470950279707
97 0.122352064518
98 0.02743660053
99 0.00292964020486
100 0.00144705755588
101 0.00234927262246
102 0.00555296797534
103 0.00641341928294
104 0.000607894588919
105 0.0106099213536
106 0.000513930042066
107 0.0198257051602
108 0.000952771063955
109 0.00143613448344
110 0.192811711847
111 0.000893787451314
112 0.0160694498887
113 0.086896462706
114 0.000560922187579
115 0.00185420650701
116 0.000265184285407
117 0.000244140625
118 0.000495587683734
119 0.000485084804602
120 0.000259621986331
121 0.000421294161739
122 0.000208150219411
123 0.0094186178786
124 0.000455921277593
125 0.021126409224
126 0.00101495810165
127 0.0034546573479
128 0.00105376048577
129 0.0026113838287
130 0.00295595476013
131 0.00244283041799
132 0.000490415584105
133 0.000784896768586
134 0.00212302670214
135 0.0184010508594
136 0.00508996828669
137 0.00832904616548
138 0.00315625627825
139 0.00923808652703
140 0.00255964005062
141 0.00069083726438
142 0.0013286974053
143 0.0004581359073
144 0.000633842740067
145 0.000201268697627
146 0.00022716181201
147 0.00300703303154
148 0.00256220406505
149 0.00422210055606
150 0.00162837183489
151 0.0114496074734
152 0.00184749153586
153 0.000498191256694
154 0.0025
155 0.00109957317151
156 0.00169239051419
157 0.00288452260866
158 0.000923940214144
159 0.000342468751094
160 0.016335642197
161 0.0156850130357
162 0.000259621986331
163 0.000873595573782
164 0.000304200807994
165 0.00422210055606
166 0.00116660485581
167 0.000315762339197
168 0.000640274385746
169 0.000490334141142
170 0.00472349745009
171 0.00359811018522
172 0.00200463734843
173 0.00101675687507
174 0.00144630286587
175 0.000989606117767
176 0.00299104719684
177 0.000427205222196
178 0.000741232844066
179 0.000250360519148
180 0.00157446872266
181 0.00146419842061
182 0.00342491464418
183 0.00374843815077
184 0.0121531567528
185 0.00102765062099
186 0.000431865749868
187 0.00879354134296
188 0.000132996358989
189 0.000496708242412
190 0.00161525617117
191 0.00100426502678
192 0.00109400035841
193 0.000227839088644
194 0.000477934252029
195 0.000705872741384
196 0.000828114486828
197 0.000477934252029
198 0.000501824231446
199 0.21055728026
200 0.0158262981757
201 0.000791015625
202 0.00537607173161
203 0.000318123585685
204 0.00122954967111
205 0.00114321433118
206 0.00671939311812
207 0.000362372095653
208 0.000360684388496
209 0.0026850164593
210 0.00288146972656
211 0.00132769620945
212 0.00176224535989
213 0.0142137448867
214 0.00356060244541
215 0.0105731111749
216 0.000216661066768
217 0.00135734072022
218 0.000390570076083
219 0.000257600353326
220 0.00064019718713
221 0.00304925030578
222 0.00113409540578
223 0.00105948484185
224 0.00357760503101
225 0.00222711725243
226 0.00165058165484
227 0.00286398192515
228 0.00264444996595
229 0.000759375708118
230 0.00203434010744
231 0.000574651978585
232 0.000510348448627
233 0.00287750537257
234 0.000330673704163
235 0.000370963031902
236 0.00111317158561
237 0.00520393310571
238 0.0122126381325
239 0.00021826447345
240 0.00147880982725
241 0.00315448911933
242 0.000716815651881
243 0.000304074163194
244 0.000919821514881
245 0.00297878634548
246 0.00025396422279
247 0.000200840864212
248 0.000820497790333
249 0.000310343723805
250 0.00205313342819
251 0.00172264639038
252 0.0129027175701
253 0.00953737156623
254 0.000555453927889
255 0.000514670931771
256 0.00028737065451
257 0.00783241157993
258 0.000535578809461
259 0.00384869373003
260 0.00252487546872
261 0.00428500424397
262 0.000479669783647
263 0.00184226419287
264 0.000115740297495
265 0.000350160457528
266 0.0057581374706
267 0.00195624338228
268 0.100801765666
269 0.00451650421409
270 0.00206049055861
271 0.00062750752005
272 0.000357075726906
273 0.000949990617377
274 0.000367007296702
275 0.00050817924661
276 0.00315173899661
277 0.00021746055342
278 0.000531759009535
279 0.000981789011147
280 0.0013077163982
281 0.000596046447754
282 0.000120592656378
283 0.000266279929241
284 0.000969815974426
285 0.00714521981096
286 0.000764109381526
287 0.000841876494373
288 0.00122954967111
289 0.00214269145764
290 0.000849059906866
291 0.00184749153586
292 0.00118178626233
293 0.0023085953269
294 0.354679516438
295 0.0134691633743
296 0.00103501067355
297 0.000452392683476
298 0.00096007423013
299 0.009326118081
300 0.000436206081899
301 0.000942840879199
302 0.00133486901254
303 0.000488495732224
304 0.000633842740067
305 0.000489466677109
306 0.000530909554248
307 0.00406489221504
308 0.0169772546277
309 0.00108065889062
310 0.000489466677109
311 0.00370641937222
312 0.000718829208755
313 0.0011543253827
314 0.00040705403247
315 0.00106285487128
316 0.00193826147644
317 0.00464774406225
318 0.00190067488808
319 0.000143425723403
320 0.00717419276677
321 0.000265184285407
322 0.00422452320997
323 0.000126958936719
324 0.000714587219673
325 0.00025396422279
326 0.00423532513857
327 0.000177021679633
328 0.000367007296702
329 0.000515439249169
330 0.00062750752005
331 0.000227265891066
332 0.0119578394817
333 0.143906071397
334 0.0274259651376
335 0.000379687854059
336 0.000477154076328
337 0.00131407338679
338 0.000663117758662
339 0.000545899205171
340 0.00522515434186
341 0.000216661066768
342 0.00161927466832
343 0.000488495732224
344 0.000206350123971
345 0.0439791759527
346 0.00415993144916
347 0.00116375785602
348 0.000825723325458
349 0.00203204383324
350 0.000110077936039
351 0.000213897309239
352 0.00203475460973
353 0.00285872017834
354 0.00025396422279
355 0.00032394816622
356 0.00054692100973
357 0.000406477627471
358 0.00186052494545
359 0.00150779198216
360 0.000300340702892
361 0.00516281503715
362 0.00359412122795
363 0.0019441394388
364 0.00827406102944
365 0.000195608587217
366 0.00118070986418
367 0.00133441754759
368 0.12755640036
369 0.00782318668252
370 0.0606087026821
371 0.00563629008083
372 0.00299876844136
373 0.000571237419067
374 0.00274292794677
375 0.0180378316008
376 0.00193701954308
377 0.0298327980774
378 0.000498740833328
379 0.0069710203404
380 0.282314913939
381 0.000263677829638
382 0.00220775466669
383 0.000575798439044
384 0.000488495732224
385 0.000809886109766
386 0.0018345946012
387 0.00128314054582
388 0.000194926430501
389 0.000187331557098
390 0.001064332639
391 0.000846657940319
392 0.000310343723805
393 0.00902592755711
394 0.00133474333312
395 0.0362741607021
396 0.00209278454282
397 0.00050135083954
398 0.000668992959902
399 0.00150181531648
400 0.000455921277593
401 0.00035126824676
402 0.00909073846623
403 0.000787928234743
404 0.00120272512883
405 0.00110447432489
406 0.000263677829638
407 0.00150041400428
408 0.000833352152932
409 0.000188167865992
410 0.000457352434322
411 8.11166208215e-05
412 0.00062750752005
413 0.00045230064863
414 0.0004688382672
415 0.000270466498362
416 0.000415445742064
417 0.000346330262327
418 0.00239273543516
419 0.00675548883468
420 0.000311119818838
421 0.012797273435
422 0.00119730367213
423 0.00261497322741
424 0.00048828125
425 0.00122973707389
426 0.000519147572504
427 0.00164076269829
428 0.00229072570801
429 0.00560482275268
430 0.000663851514275
431 0.0035725205659
432 0.00717779282695
