1 0.000632886357343
2 0.0005775747582
3 0.000836115546523
4 0.000303297580644
5 0.000772568626219
6 0.000949990617377
7 0.000207471253409
8 0.00239854656947
9 0.00100603543636
10 0.000984218044508
11 0.00115891231839
12 0.00118451791218
13 0.00222761723271
14 0.00554945215486
15 0.000522210227634
16 0.100284263068
17 0.00165544798852
18 0.000223182955099
19 0.00175997490148
20 0.00175138071526
21 0.000130425855703
22 0.00795084973372
23 0.00177315759033
24 0.00258928006942
25 0.000657462195924
26 0.0133804279797
27 0.00039251182243
28 0.00169835490878
29 0.403024740665
30 0.000632886357343
31 0.00015332302512
32 0.0339418348015
33 0.0604756081651
34 0.00264253802358
35 0.00274750385937
36 0.000696915396701
37 0.000230003818423
38 0.000621266807752
39 0.000274221959434
40 0.00100603543636
41 0.000455791505651
42 0.000401838300519
43 0.0144245918991
44 0.000581355133876
45 0.0123118784012
46 0.0389103512739
47 0.0141588846586
48 0.0292945831854
49 0.000683384638552
50 0.00166230394808
51 0.000263321387868
52 0.00175997490148
53 0.000217705396344
54 0.000786094855446
55 0.000584751804122
56 0.000586115308237
57 0.0236214960756
58 0.00980861976264
59 0.000212084079555
60 0.000269849769574
61 0.000426613713074
62 0.000697610951631
63 0.00224376731302
64 0.000489466677109
65 0.00112147106544
66 0.000206656769745
67 0.000232663196937
68 0.00137845134339
69 0.00356821207612
70 0.0033645383046
71 0.172138450315
72 0.00288240716149
73 0.00127470230137
74 0.000602803317108
75 0.00105911594494
76 0.00209321201247
77 0.00205375303343
78 0.00121717547851
79 0.000922582726648
80 0.00105917327329
81 0.0155093838173
82 0.0113713871741
83 0.0208796151649
84 0.00584246237257
85 0.00364319549017
86 0.00121781293192
87 0.000445046054446
88 0.00169835490878
89 0.000209313125895
90 0.000598121455577
91 0.00113285003057
92 0.000586982898743
93 0.00189035916824
94 0.000234426867517
95 0.00101942726183
96 0.00714310243246
97 0.000112275777378
98 0.163079370309
99 0.00525773924754
100 0.00020628591873
101 0.00119578323304
102 0.0887515736105
103 0.000353106638205
104 0.0009765625
105 0.00144347111505
106 0.000783547415369
107 0.000903565709957
108 0.000442803070761
109 0.294910615273
110 0.00498951029199
111 0.00157400498482
112 0.0077153199918
113 0.000319240754843
114 0.00550394282015
115 0.00131342333533
116 0.000165957457843
117 0.00189035916824
118 0.000259141582107
119 0.000235370470525
120 0.000885834679753
121 0.000554101800605
122 0.000645454006671
123 0.000949990617377
124 0.000339907414659
125 0.00108984794727
126 0.00309922960069
127 0.00128253296326
128 0.00436856413925
129 0.00175997490148
130 0.00326810894427
131 0.00068033371807
132 0.000514577921034
133 0.002741893381
134 0.000102042072304
135 0.00735289734545
136 0.00458459888387
137 0.00727787275432
138 0.0007053758669
139 0.0255582552047
140 0.000849164007096
141 0.00048516369423
142 0.00500701070415
143 0.00225440929031
144 0.000274221959434
145 0.00509305439655
146 0.000186692200715
147 0.00209408382089
148 0.0007053758669
149 0.00206313898534
150 0.0181270747431
151 0.000359082113504
152 0.000920422116528
153 0.0351644211584
154 0.000871491960059
155 0.0274927795018
156 0.00121938552137
157 0.000883724133511
158 0.0006428744821
159 0.000621266807752
160 0.000441452454331
161 0.000746046167258
162 0.00597250398796
163 0.0199446686247
164 0.00561041345188
165 0.00252288317591
166 0.0011305673463
167 0.000676732625259
168 0.00358441468921
169 0.000336425034544
170 0.000438400826017
171 0.00320398718405
172 0.000393051849513
173 0.00488338238691
174 0.000223182955099
175 0.000270160336918
176 0.00935977507315
177 0.0238168898445
178 0.00112147106544
179 0.000290535024126
180 0.000864395344915
181 0.0172252757691
182 0.00214142434317
183 0.000949990617377
184 0.000393675988914
185 0.000572331219523
186 0.00097842435398
187 0.00409403975368
188 0.000644041237732
189 0.000177288330151
190 0.000925277149315
191 0.000165158626474
192 0.00134406698381
193 0.000123285500806
194 0.0227606111769
195 0.00117327433164
196 0.00340660052785
197 0.00107694059127
198 0.000270375314734
199 0.00114477924134
200 0.00342019766766
201 0.000183543990691
202 0.000606882717111
203 0.0020404514393
204 0.00104102315405
205 0.00199110016107
206 0.0542759153956
207 0.000993740051098
208 0.000993740051098
209 0.00105862517173
210 0.000506179911827
211 0.000339907414659
212 0.000514136634
213 0.00523866494233
214 0.00512744302161
215 0.00137381815019
216 0.0138993883925
217 0.000212084079555
218 0.000467459768195
219 0.000475825264193
220 0.00273328041359
221 0.000510017144736
222 0.00193821446936
223 0.000234426867517
224 0.00341985568209
225 0.00117327433164
226 0.000392911940596
227 0.000102441847069
228 0.00199516540096
229 0.000336425034544
230 0.046088726233
231 0.00798222363233
232 0.00306027110177
233 0.0170384108768
234 0.00265854028195
235 0.00040516514363
236 0.000207464022752
237 0.00397128585142
238 0.00155399602213
239 0.0137747536318
240 0.00163980789132
241 0.000415541915927
242 0.00606665912177
243 0.0014803105751
244 0.0580083826377
245 0.00689734229514
246 0.00183986533965
247 0.00273689863853
248 0.000552199461343
249 0.000355788763972
250 0.0006428744821
251 0.00112147106544
252 0.000415541915927
253 0.000212084079555
254 0.000464476813317
255 0.000226129232857
256 0.00110809383861
257 0.00267727018797
258 0.000836760697408
259 0.0248516218138
260 0.028226267072
261 0.00132612838887
262 0.00834729488704
263 0.00063811679493
264 0.0121219323282
265 0.00279300466887
266 0.000481411449273
267 0.000769609682867
268 0.00134952211282
269 0.00614676160723
270 0.0100560100411
271 0.0013289013282
272 0.000305795637935
273 0.00194341865698
274 0.00972458312242
275 0.00988529386148
276 0.00162734733993
277 0.000221565285461
278 0.003393508918
279 0.000206748357605
280 0.00071218357579
281 0.000989302263496
282 0.000348651021849
283 0.000719092732563
284 0.00173906745134
285 0.00458777749783
286 0.00360470176423
287 0.00394303860126
288 0.010462390201
289 0.000261951286691
290 0.000127497087737
291 0.000348651021849
292 0.000511997833671
293 0.000983930563227
294 0.000430433360307
295 0.000195267062032
296 0.00552544259679
297 0.00112612170849
298 0.00481757323835
299 0.000663117758662
300 0.039774644127
301 0.0231451527025
302 0.0091743034695
303 0.0416749757941
304 0.0010874640111
305 0.00408141532924
306 0.0004581359073
307 0.000955165464944
308 0.000493579148029
309 0.00026929651545
310 0.000621266807752
311 0.000190992865636
312 0.000317930624888
313 0.000230003818423
314 0.00137179296418
315 0.00238665856866
316 0.478827399423
317 0.00376992987102
318 0.052115760933
319 0.00113409540578
320 0.00128825885256
321 0.000421986794852
322 0.00102579715014
323 0.0028036444664
324 0.00060452130576
325 0.00111730976637
326 0.00115999312597
327 0.00544163889167
328 0.00895026804338
329 0.0476548350849
330 0.00040694632461
331 0.000694232463808
332 0.000505340382267
333 0.000694232463808
334 0.00130042757531
335 0.000464476813317
336 0.000213740980131
337 0.000224018845585
338 0.00045423855446
339 0.00110809383861
340 0.000513850260974
341 0.00438577255384
342 0.00119707815924
343 0.0441663272807
344 0.00467582731644
345 0.00608028251242
346 0.000936204101499
347 0.0464113992244
348 0.00565486476835
349 0.000185423268447
350 8.43451320516e-05
351 0.000354503616042
352 0.00165355279696
353 0.00189035916824
354 0.015093519402
355 0.0029348187835
356 0.000670246612238
357 0.00255312797056
358 0.00257590460097
359 0.000274474206232
360 0.000522210227634
361 0.000214681533363
362 0.00339596359485
363 0.00136611445847
364 0.00140077288738
365 0.00373763559471
366 0.00254387598334
367 0.0131977658853
368 0.000932748280245
369 0.0075456762842
370 0.00047831075493
371 0.000827034517511
372 0.00204888145106
373 0.000560747663551
374 0.00120605484199
375 0.00240571439027
376 0.0099800822928
377 0.00127334673871
378 0.000632886357343
379 0.00023397884685
380 0.00492459218221
381 0.00334244835974
382 0.00152001011244
383 0.00538280055271
384 0.000489466677109
385 0.000565815167649
386 0.000475065159937
387 0.000639144813376
388 0.000338057168051
389 0.00053168370377
390 0.000248979766504
391 0.0011725001111
392 0.00439158729971
393 0.000813617458002
394 0.00307259673097
395 0.00256837990207
396 0.00104619989683
397 0.000201879538449
398 0.000502074548828
399 0.000883724133511
400 0.000586567557704
401 0.000699245403337
402 0.000245131620672
403 0.002784538828
404 0.00909635451564
405 0.000670049754021
406 0.209327957522
407 0.000976796279197
408 0.000221525148729
409 0.00359521952357
410 0.00347708410135
411 0.00051841234767
412 0.00199516540096
413 0.00224376731302
414 0.00550205289216
415 0.000561532759821
416 0.0014451237666
417 0.00578872726149
418 0.138148751196
419 0.000431148662818
420 0.000160063240778
421 0.00105147864884
422 0.000905067272988
423 0.0183157995178
424 0.000413731473627
425 0.00171713736161
426 0.00868921112954
427 0.000838808348473
428 0.0634516381505
429 0.00268889126712
430 0.00866113573122
431 0.0018325436292
432 0.0106336025429
