1 0.000188801714675
2 0.00030071168432
3 0.00173094162648
4 0.0013946040874
5 0.000866855850145
6 0.000686888291632
7 0.00208724538767
8 0.000358188322374
9 0.000826792148537
10 0.000621531049295
11 0.00420928
12 0.0512749614414
13 0.00040299076943
14 0.00128704477117
15 0.00252360333096
16 0.0010131640974
17 0.000434931293069
18 0.000446591577354
19 0.000706223432515
20 0.00468885428896
21 0.0500189776547
22 0.00151280343695
23 0.135561356803
24 0.0247770919067
25 0.0010131640974
26 0.000197329727955
27 0.00134205903061
28 0.000419897225794
29 0.00033593192353
30 0.000995482690046
31 0.00171562620356
32 0.00074212500658
33 0.000290960670301
34 0.000182923910084
35 0.000431148662818
36 0.000915895770073
37 0.000808341691948
38 0.00523626967442
39 0.0859407982078
40 0.00033593192353
41 0.0376769905655
42 0.00024162292433
43 0.00025396422279
44 0.00137518761969
45 0.000391814212466
46 0.00050635126519
47 0.00050427228551
48 0.0375754127983
49 0.0429504685753
50 0.000991749760029
51 0.0222517261136
52 0.00045039072296
53 0.00671518342976
54 0.0310293223948
55 0.000523113039238
56 0.0132949727521
57 0.000309145712194
58 0.000226586435672
59 0.00572185818489
60 0.000701723608614
61 0.000213421140888
62 0.000226586435672
63 0.000494706247388
64 0.000866467120715
65 0.00241648361655
66 0.032381460434
67 0.000799099980531
68 0.0280462371003
69 0.00442984860726
70 0.00027018933847
71 0.0382993271502
72 0.00087936186555
73 0.0007196146064
74 0.00087936186555
75 0.00381459737253
76 0.00162912641912
77 0.00101900285414
78 0.000306784588985
79 0.0181296422176
80 0.0651852232096
81 0.0936933598025
82 0.00213126129881
83 0.00138413428951
84 0.000511396287479
85 0.000162
86 0.000412275503105
87 0.000396468008458
88 0.00131901700844
89 0.000146479569533
90 0.000696588436632
91 0.000176684504248
92 0.00809469889642
93 0.0216711512698
94 0.000956530980976
95 0.000461920725468
96 0.000473099042288
97 0.422966389601
98 0.019576502276
99 0.00660488788108
100 0.0091638209021
101 8.27017731431e-05
102 0.000171153999154
103 0.000719050117468
104 0.00122964747731
105 0.00160625
106 0.111042390369
107 0.0089236266094
108 0.000520249979709
109 0.00194870546222
110 0.00192091679174
111 0.000701723608614
112 0.000500030401848
113 0.000661526867517
114 0.000866644267072
115 0.00375917096747
116 0.0130490350177
117 0.00780140750879
118 0.000641663655762
119 0.00054122614413
120 0.0070312992095
121 0.00115126216887
122 0.00089402986722
123 0.00349613604602
124 0.000279928965362
125 0.0017119947013
126 0.00109716962056
127 0.000507370727321
128 0.00551724086523
129 0.000258950984278
130 0.000200558129081
131 0.00145790425389
132 0.000256
133 0.000292097235419
134 0.00234367311253
135 0.000551419043423
136 0.00392439747848
137 0.000417856443246
138 0.000437634925784
139 0.000342976568616
140 0.0216362140095
141 0.000446591577354
142 0.00090257694929
143 0.0221503664046
144 0.000844650453318
145 0.00152036836992
146 0.00440550217375
147 0.00409862269883
148 0.00172721483515
149 0.000511915001346
150 0.0188486060625
151 0.0002044465528
152 0.00272178494993
153 0.00265471794681
154 0.000797522987427
155 0.00214120732354
156 0.000551918711014
157 0.000329618923607
158 0.000635121292924
159 0.000628201019093
160 0.00170408291453
161 0.000476726225663
162 0.000160511267536
163 0.00184502270177
164 0.00025326248753
165 0.00324210686288
166 0.00166733810885
167 0.000290960670301
168 0.000196638556059
169 0.000526961466018
170 0.00150570751925
171 0.00204697019006
172 0.00278976845982
173 6.73932324032e-05
174 0.00300152779623
175 0.000451900737061
176 0.000890218184878
177 0.000412799193752
178 0.00070676171257
179 0.00103316326531
180 0.00228584318747
181 0.00798619346873
182 0.000969131487046
183 0.00504494800365
184 0.00400388044345
185 0.0184581089351
186 0.0634986944012
187 0.00192223053977
188 0.000817623831211
189 0.000723293888016
190 0.0084066558337
191 0.0016
192 0.00085284050289
193 0.000542722049009
194 0.000232199546485
195 0.000306247753236
196 0.00033593192353
197 0.000980149029889
198 0.0242167983555
199 0.00165618433659
200 0.0130449122626
201 0.000546513779224
202 0.0217697189949
203 0.0011320719345
204 0.00841733434114
205 0.000256
206 0.000404786960068
207 0.000811168082038
208 0.00337911400262
209 0.00124024022791
210 0.00213318654215
211 0.0092017468835
212 0.00796239779039
213 0.00223315079515
214 0.00221407770843
215 0.000714723782965
216 0.000500030401848
217 8.1e-05
218 0.00122806235249
219 0.0023972031964
220 0.000226586435672
221 0.00026454100191
222 0.000253067219613
223 0.000915189605254
224 0.00032837692932
225 0.000995635880161
226 0.00018077819363
227 0.00846949249454
228 0.194900042022
229 0.00403297237754
230 0.000521786183617
231 0.00260461007687
232 0.00337661609789
233 0.00112525716284
234 0.00210885365832
235 0.00128427708595
236 0.000541840489096
237 0.00293892985225
238 0.00068528823223
239 0.00827540306608
240 0.00154257979565
241 0.00547021179931
242 0.0648219971658
243 0.000871069585451
244 0.000110246816481
245 0.00310386239141
246 0.00150278901618
247 0.000275689910281
248 0.00155348702131
249 0.00120235639321
250 0.00155348702131
251 0.000527016555066
252 0.00160523731237
253 0.000480074599752
254 0.0016955017301
255 0.000260680755804
256 0.00316916633985
257 0.00050635126519
258 0.00273913255677
259 0.00196604444399
260 0.381720051741
261 0.00104332832599
262 0.00187640606919
263 0.00167847222222
264 0.000948531593292
265 0.00289245109809
266 0.000493562711826
267 0.000551037051731
268 0.000811168082038
269 0.000873276888669
270 0.00547314904552
271 0.00285834653329
272 0.00213359038704
273 0.00192091679174
274 0.00252174578143
275 0.00992299537272
276 0.00033593192353
277 0.000480074599752
278 0.000756676142062
279 0.00229530591532
280 0.000401202731934
281 0.000441353011793
282 0.000448105446023
283 0.000741552820762
284 0.219428532949
285 0.0884197187347
286 0.00334125643752
287 0.0306501320998
288 0.00165630070308
289 0.00041717395019
290 0.000184557428572
291 0.000998981747771
292 0.00087936186555
293 0.00387125328918
294 0.00160590588268
295 0.0014163297321
296 0.000382828927614
297 0.0016817136489
298 0.00136521887625
299 0.469098383464
300 0.000817932707331
301 0.000249821239919
302 0.00223813028977
303 0.00192091679174
304 0.000420428412224
305 0.00033593192353
306 0.00055940976452
307 0.00114136766999
308 0.000138612070837
309 0.000928313501997
310 0.000916104678756
311 0.000915189605254
312 0.00365743844035
313 0.000821653137233
314 0.000401202731934
315 0.00149117343529
316 0.0184690259705
317 0.000446591577354
318 0.002104364689
319 0.00132360466802
320 0.000394301616132
321 0.000827717952584
322 0.00211686393793
323 0.00355187277412
324 0.00268550541723
325 0.0013946040874
326 0.000413885954289
327 0.00423674881535
328 0.000775787765522
329 0.000186404687327
330 0.00033593192353
331 0.00025326248753
332 0.000495497777384
333 0.000458024321735
334 7.41563842274e-05
335 0.000483458375007
336 0.000746325233747
337 0.00202231098201
338 0.00091534796986
339 0.00118650214764
340 0.0383413931975
341 0.000873871656917
342 0.00096704357913
343 0.000493562711826
344 0.000458024321735
345 0.00025396422279
346 0.00211686393793
347 0.000458024321735
348 0.00213285529896
349 0.00933959280436
350 0.0201502506215
351 0.0137483945667
352 0.00338216324643
353 0.000222501011045
354 0.000507264020778
355 0.000686888291632
356 0.00103686304127
357 0.00147366348656
358 0.000161505941968
359 0.00021826447345
360 0.000673229283832
361 0.00761578162838
362 0.00732719090062
363 0.00180212142733
364 0.000329618923607
365 0.0195373242439
366 0.00245297097839
367 0.0004206805534
368 0.0583764374244
369 0.000329618923607
370 0.00105186267348
371 0.000117827048304
372 0.00101394585983
373 0.0195395738869
374 0.02605815111
375 0.0030208274348
376 0.000866155051351
377 0.00865961830608
378 0.00044175894694
379 0.00100814244119
380 0.00150341491748
381 0.00020777534291
382 0.000895266974506
383 0.00033593192353
384 0.000696588436632
385 0.000670772734331
386 0.000956530980976
387 0.00147204887034
388 0.145723855966
389 0.000256
390 0.00137501659319
391 0.000450746396887
392 0.000333296807656
393 0.0163734425945
394 0.00237229786238
395 0.000188296767474
396 0.00477503857301
397 0.00144445710463
398 0.00301977837469
399 0.00153275506624
400 0.00213302571804
401 0.0133942356031
402 0.0002044465528
403 0.00238289868415
404 0.00187369676235
405 0.00072853824087
406 0.000598575675206
407 0.00018865614666
408 0.000996250809406
409 0.00245955226818
410 0.000166064406419
411 0.000350042811358
412 0.00750141227521
413 0.000964895190173
414 0.000956530980976
415 0.000933026234126
416 0.00742540888747
417 0.00384588478109
418 8.39214436207e-05
419 0.030390363057
420 0.000691936044436
421 0.000564432467844
422 0.00623473720745
423 0.00100360234517
424 0.0015986167489
425 0.00419904
426 0.000953987919586
427 0.000897068405856
428 0.000626739734719
429 0.14937903627
430 0.000870644466083
431 0.00359467297279
432 0.0122291351467
