1 0.000421603986456
2 0.000949097771706
3 0.000347036364969
4 0.000466888631747
5 0.000743801652893
6 0.000691936044436
7 0.00123928784518
8 0.000141092774562
9 0.00858710562414
10 0.00022036407061
11 0.00201969974089
12 0.00343186312666
13 0.000891395526501
14 0.000965546300439
15 0.00604213613294
16 0.00168840015998
17 0.000361088659767
18 0.00479642203944
19 0.00254778822914
20 0.01073210851
21 0.00059488399762
22 0.000554154652594
23 0.000327516981894
24 0.000540197178932
25 0.00269255281996
26 0.000835704527458
27 0.000899745315994
28 0.000150035492396
29 0.00185399106131
30 0.00771093961553
31 0.000244140625
32 0.000948366007811
33 0.000244140625
34 0.0007196146064
35 0.000243664485425
36 0.00113409540578
37 0.00102676215934
38 0.00180387214747
39 0.0574343099366
40 0.000480074599752
41 0.00719018448001
42 0.0171715926264
43 0.00036868719045
44 0.00048893041704
45 0.000540283282049
46 0.000482609085097
47 0.473863940362
48 0.000857293938793
49 0.00134311193677
50 0.000330578512397
51 0.00268116169709
52 0.00025396422279
53 0.0100656437169
54 0.0010499699835
55 0.00046202808186
56 0.00448725862843
57 0.000496380624028
58 0.00182259102332
59 0.000667005327505
60 0.00133365124047
61 0.000347036364969
62 0.000743801652893
63 0.0011921212461
64 0.000983512659755
65 0.0102190322116
66 0.00123596191406
67 0.000688552856445
68 0.000968140266791
69 0.000703299706534
70 0.00598521512326
71 0.00180868638776
72 0.00908327013922
73 0.00162482748891
74 0.00331211160793
75 0.113039266256
76 0.0407973168722
77 0.00310872415593
78 0.000445138888889
79 0.00101309299144
80 0.00103027761096
81 0.0178230037595
82 0.00190621523135
83 0.030552779935
84 0.00278229414054
85 0.00491474823669
86 0.00409127964578
87 0.000258312654905
88 0.00574460651585
89 0.000564739984675
90 0.00263829809161
91 0.000726447782292
92 0.00116660485581
93 0.00126679144721
94 0.000228269582811
95 0.000245094299316
96 0.000916729680043
97 0.0152023258574
98 0.00312387046458
99 0.000557298786159
100 0.000606550339638
101 0.000489693179001
102 0.00402843362541
103 0.00308630358689
104 0.00105032322038
105 0.000500806749959
106 0.00301053003712
107 0.00104781389887
108 0.000111181456385
109 0.000402572340639
110 0.00114595161149
111 0.00247484082356
112 0.00122551020408
113 0.000329618923607
114 0.000347036364969
115 0.000413113887236
116 0.000565412714734
117 0.000683497799991
118 0.000142146095091
119 0.000522001722118
120 0.00070516456222
121 0.0018279462095
122 0.00385485102427
123 0.00247423732272
124 0.00221326779454
125 0.000481592465753
126 0.00168094746998
127 0.000890236414712
128 0.000835704527458
129 0.000174562791805
130 0.00464664797785
131 0.000560922187579
132 0.000856632956573
133 0.00112309481625
134 0.000199408721683
135 0.000210039907582
136 0.00228977203369
137 0.00158212105026
138 0.000248489407654
139 0.00119455056532
140 0.00227433752146
141 0.000392118419763
142 0.00185399106131
143 0.000743801652893
144 0.000469060656641
145 0.000755783462502
146 0.00114909508762
147 0.00521930354307
148 0.111496627207
149 0.184538191598
150 0.00115561476298
151 0.000557298786159
152 0.00112274840595
153 0.000882266444466
154 0.00178815899279
155 0.000624653444023
156 0.000882930305708
157 0.000987870302216
158 0.0116230508574
159 0.00240057386313
160 0.00748568388208
161 0.00180878236338
162 0.00160590588268
163 0.00673032468551
164 0.000248489407654
165 0.00061011302796
166 0.00288345682627
167 0.000330146313885
168 0.000541861081804
169 0.000596046447754
170 0.000465278672147
171 0.00084015963033
172 0.0113473930451
173 0.00259562517305
174 0.0336936976448
175 0.000581413867528
176 0.00109081727127
177 0.000976712988571
178 0.000341191170346
179 0.000606663592904
180 0.000405169574812
181 0.00170342511177
182 0.00281112839469
183 0.00110617005493
184 0.156445073082
185 0.0010775895909
186 0.00136560260923
187 0.25482176427
188 0.00183800356116
189 0.000562598792348
190 0.00498165846113
191 0.000726447782292
192 0.0023507805326
193 0.0010131640974
194 0.000983272602967
195 0.00169835490878
196 0.000729227865905
197 0.0290872137714
198 0.00182501031842
199 0.00108999067541
200 0.00102733363995
201 0.0105123426414
202 0.000442095717613
203 0.0002055472052
204 0.001383875926
205 0.000815779069011
206 0.000426178690929
207 0.0022477716219
208 0.00190249666021
209 0.000653144011994
210 0.000329862147469
211 0.000167572606068
212 0.00640842853673
213 0.0231816475003
214 0.00265770381205
215 0.0126167917232
216 0.000324415118471
217 7.99088649141e-05
218 0.00260388989266
219 0.000306292539153
220 0.000476726225663
221 0.00170107765416
222 0.000983379669536
223 0.00054692100973
224 0.00157501258498
225 0.000534845848869
226 0.000165957457843
227 0.000326687956943
228 0.01548366508
229 0.00075751199394
230 0.0204290098936
231 0.38167035837
232 0.000440207621886
233 0.000225281513892
234 0.00118860512738
235 0.0120053264721
236 0.00558246528942
237 0.0004919738943
238 0.000497357638339
239 0.00136280990285
240 0.0013532676821
241 0.00131742112483
242 0.000476726225663
243 0.459247870328
244 0.116794207198
245 0.00605631861284
246 0.00156266631466
247 0.000512792743121
248 0.00194106789048
249 0.00125797762625
250 0.00043987320391
251 0.00126626405693
252 0.000726447782292
253 0.000541861081804
254 0.000166605729163
255 0.000215470078276
256 0.0172048889308
257 0.00031736374016
258 0.00379344997294
259 0.00205466381301
260 0.00100256695286
261 0.00304866573827
262 0.00269163498497
263 0.00324145163306
264 0.0347495313204
265 0.00336879062185
266 0.00365923042165
267 0.000430407388156
268 0.000469416086621
269 0.0841511643938
270 0.0432869355404
271 0.19360524202
272 0.00145679156226
273 0.000417856443246
274 0.000196638556059
275 0.000235778677503
276 0.000788549482697
277 0.0007196146064
278 0.000726447782292
279 0.0023507805326
280 0.000469060656641
281 0.000576376347589
282 0.000240519306196
283 0.00196523078249
284 0.00316626455733
285 0.00572741604683
286 0.00949134039171
287 0.00104368048424
288 0.000564739984675
289 0.000800587492592
290 0.000493586180932
291 0.000225281513892
292 0.00281621191995
293 0.000190578144111
294 0.000798893110171
295 0.000419586095663
296 0.00119592389273
297 0.00145679156226
298 0.0639332921216
299 0.0304328692566
300 0.000113118073828
301 0.000202693572362
302 0.00136063289023
303 0.000494437388623
304 0.000495587683734
305 0.00195303448057
306 0.000510017144736
307 0.00212483558839
308 0.00328875528321
309 0.00130147319563
310 0.0027672327874
311 0.0244229285024
312 0.00701900620001
313 0.00286720926727
314 0.00054879527276
315 0.00126656382263
316 0.00156288329
317 0.00104666356037
318 0.000231222213204
319 0.000238907748065
320 0.000203717688664
321 0.000197237832434
322 0.000434722222222
323 0.000381408912769
324 0.0457821435308
325 0.0556904308177
326 0.00103132079886
327 0.000235778677503
328 0.00718700237066
329 0.000535701602227
330 0.00106676987448
331 0.000726447782292
332 0.000231317497723
333 0.00126294986498
334 7.86236016404e-05
335 0.0026861610582
336 0.00073046018992
337 0.00173182958662
338 0.00284526340796
339 0.000892621076545
340 0.000140777312038
341 0.0092492345679
342 0.000643478413741
343 0.000165498039578
344 0.00157164776238
345 0.00141065485243
346 0.00258983359006
347 0.000751029733395
348 0.0100109282153
349 0.00437156266599
350 0.447678411197
351 0.00415153999961
352 0.000273205382146
353 0.000219478737997
354 0.00137798438935
355 0.00123928784518
356 0.00240080793513
357 0.000667005327505
358 0.000755200745877
359 0.00246521109273
360 0.000983272602967
361 0.00288499002235
362 0.0140255802469
363 0.00116808203813
364 0.000387563974601
365 0.00112283454023
366 0.00218190006389
367 0.142350907211
368 0.000259621838629
369 0.00168535365376
370 0.00183800356116
371 0.000393426018279
372 0.00246139054143
373 0.000203354717353
374 0.00893884910089
375 0.00429143917064
376 0.000968140266791
377 0.00270036696621
378 0.000678077876624
379 0.000189100318173
380 0.000683497799991
381 0.000359244746836
382 0.000426883409603
383 0.00304925030578
384 0.000743801652893
385 0.00139641441853
386 0.0140908704827
387 0.00070016627958
388 0.00636640755982
389 0.00505286922725
390 0.00797804632946
391 0.000895516818925
392 0.00105342942665
393 0.000220593625957
394 0.000190578144111
395 0.0007196146064
396 0.000985095115646
397 0.0036430489449
398 0.00081052671572
399 0.000482609085097
400 0.000609061470382
401 0.00110658980914
402 0.000147167913079
403 0.0493092343809
404 0.00561339608354
405 0.00289731849495
406 0.00106999026793
407 0.000782337770755
408 0.0011810073849
409 0.000292483116209
410 0.0036430489449
411 0.000576376347589
412 0.000535836762689
413 0.000554154652594
414 0.00114909508762
415 0.0270714062823
416 0.0036714880301
417 0.000550883701938
418 0.00272081237616
419 0.000964801854564
420 0.00346020761246
421 0.00514708455381
422 0.00936206690425
423 0.000213740980131
424 0.000330578512397
425 0.00981057892545
426 0.00205932784636
427 0.000413113887236
428 0.000784576147067
429 0.0149118337349
430 0.0113763245047
431 0.00795023435478
432 0.0820088527246
