1 0.000609061470382
2 0.00041632179556
3 0.00474352763651
4 0.149749729275
5 0.000799738850709
6 0.000667886659222
7 0.00106515549182
8 0.00106140332917
9 0.000209659916873
10 0.000667886659222
11 0.00118000116543
12 0.000517355371901
13 0.00208116545265
14 0.00185725369343
15 0.00203578781003
16 0.21426557504
17 0.000339040641106
18 0.00242740166682
19 0.00205932784636
20 0.0162214787554
21 0.00268403554112
22 0.000114847183709
23 0.00127805669324
24 0.00231931343436
25 0.000870733673744
26 0.012837456605
27 0.00319276423996
28 0.000489587020504
29 0.000252672742357
30 0.00245206398456
31 0.00308616150489
32 0.000222763661678
33 0.00102036879719
34 0.00184496193865
35 0.000501109711756
36 0.00171414274454
37 0.00148595766142
38 0.00025588897429
39 0.000517355371901
40 0.0580813009437
41 0.000836637837162
42 0.00602814072697
43 0.0386010311005
44 0.00249251684131
45 0.00163534029959
46 0.000395549848229
47 0.235131577717
48 0.00297689779051
49 0.000816243240486
50 0.0012024668597
51 0.000648122415288
52 0.00276269819941
53 0.00066980371342
54 0.000609061470382
55 0.000509181147747
56 0.0010294832566
57 0.000871405536146
58 0.000494706247388
59 0.000386992743886
60 0.000118147448015
61 0.00166458564574
62 0.000164102458909
63 0.00139859420715
64 0.0480145837261
65 0.0255007248296
66 0.0102086426859
67 0.000884380704323
68 0.0197538548197
69 0.000621542191972
70 0.000214151475952
71 0.000963139120095
72 0.00109716962056
73 0.613700823593
74 0.000209659916873
75 0.00114082160299
76 0.00117135076933
77 0.0258562164865
78 0.0131141489894
79 0.0190249702735
80 0.000612685030879
81 0.000335335848827
82 0.000192566772152
83 0.00045115636791
84 0.00641025230112
85 0.000838639667492
86 0.000527016555066
87 0.00274505505172
88 0.000903007516701
89 0.000452563812459
90 0.0224900255859
91 0.000825633615686
92 0.00183755493935
93 0.000988281743408
94 0.00152150952836
95 0.00190046351997
96 0.329013394714
97 0.00356421858684
98 0.000442803070761
99 0.0076040332398
100 0.000419914001612
101 0.000762195121951
102 0.000804788491525
103 0.0102371505737
104 0.000947067447516
105 0.000238738786917
106 0.000527016555066
107 0.000567737957884
108 0.00214091901691
109 0.000588920948182
110 0.00100455375388
111 0.000557298786159
112 0.000716951834931
113 0.00196638070474
114 0.000212396694215
115 0.000491595176184
116 0.00276269819941
117 0.00148161495413
118 0.0016054157708
119 0.0011223061146
120 0.000288123954055
121 0.0046998920487
122 0.00126442689496
123 0.307441829104
124 0.000692089010881
125 0.000222902534497
126 0.00356644055196
127 0.00161246141034
128 0.00110991210557
129 0.000588107925603
130 0.000155161965507
131 0.00111111111111
132 0.00953712330709
133 0.00101518407929
134 0.000515591061218
135 0.000337954382637
136 0.00069966274744
137 0.000710353198976
138 0.000243189737393
139 0.000157133478287
140 0.000322090402788
141 0.000215865980955
142 0.00203927792105
143 0.000315946212626
144 0.000269465698116
145 0.00161314162859
146 0.0326107340482
147 0.00161314162859
148 0.00135923198983
149 0.000369093229407
150 0.00689293572527
151 0.00097486928402
152 0.00098690470728
153 0.0038678670093
154 0.000780281508264
155 0.00049936019475
156 0.00469332749446
157 0.00981610841501
158 0.00148394545311
159 0.00326731173616
160 0.00862079881936
161 0.0205445829397
162 0.00157740307705
163 0.000266114701735
164 0.00322486928493
165 0.00656704028748
166 0.00250618428954
167 0.0015391015775
168 0.00202543002443
169 0.00102036879719
170 0.00233977054462
171 0.00138216960908
172 0.00706606534763
173 0.0144982181544
174 0.0835612089936
175 0.00326435468149
176 0.00098690470728
177 0.0335334542943
178 0.00349109218196
179 0.00115762071257
180 0.00323901407572
181 0.00126400549296
182 0.000546513779224
183 0.000648122415288
184 9.63433027337e-05
185 0.000211570247934
186 0.000219478737997
187 0.0423977797566
188 0.00917255746179
189 0.00428138527481
190 0.0161594688627
191 0.000430663800054
192 0.000732119080309
193 0.000266507937166
194 0.00107107438017
195 0.00045115636791
196 0.000936239694686
197 0.000322090402788
198 0.000492076001729
199 0.000222763661678
200 0.0048194628666
201 0.00323980546203
202 0.00213489938093
203 0.00702160434619
204 0.00759822109972
205 0.000515180890945
206 0.00108232875571
207 0.000494706247388
208 0.00108429752066
209 0.000612685030879
210 0.0016729329071
211 0.0444885669164
212 0.00157574508224
213 0.00128964373925
214 0.00040727131073
215 0.226588027447
216 0.00110496389684
217 0.0005485379026
218 0.000593724944807
219 0.000489383275444
220 0.000322090402788
221 0.000354359290803
222 0.000501109711756
223 0.000222763661678
224 0.000642729617139
225 0.00380394857668
226 0.0015932025634
227 0.00467718150336
228 0.00120768573009
229 0.000245982031111
230 0.000347036364969
231 0.000719852988048
232 0.000686555709597
233 0.00148161495413
234 0.000771490184414
235 0.00926480872919
236 0.00366972167623
237 0.000861933176209
238 0.0960089753632
239 0.00225623418809
240 0.000442095717613
241 0.000414496654074
242 0.000170039899597
243 0.00112356043819
244 0.000587980179894
245 0.00126294986498
246 0.00156459851394
247 0.000240836681684
248 0.0002055472052
249 0.00134354333449
250 0.000542651486371
251 0.000486254425929
252 0.00187029750005
253 0.00722604291933
254 0.0013773075557
255 0.00608644966672
256 0.00905176588682
257 0.0427386137335
258 0.000496471477912
259 0.00170341616174
260 0.000286884643914
261 0.00167000105542
262 0.00101553318945
263 0.000459730809165
264 0.00162124633789
265 0.000292715778222
266 0.000669897896842
267 0.01
268 0.00109649658203
269 0.0294624498071
270 0.011194603959
271 0.000159770329528
272 0.00122397980433
273 0.000359790089827
274 0.00101757947137
275 0.000667886659222
276 0.00102582287458
277 0.000202992715258
278 0.00062096999194
279 0.000433305301369
280 0.000453875236295
281 0.00173316230296
282 5.63288327647e-05
283 0.000258893515764
284 0.00114693411943
285 0.00258471792788
286 0.00532174560964
287 0.00726096012696
288 0.000459730809165
289 0.0101314595992
290 0.000373256890322
291 0.00410387565913
292 0.00123734634619
293 0.000535836762689
294 0.0103563574425
295 0.0020602585383
296 0.00102744369698
297 0.0142496344445
298 0.000593349330798
299 0.00585742856446
300 0.000494706247388
301 0.00156459851394
302 0.00101394585983
303 0.00101124798964
304 0.000664182411208
305 0.00377693244696
306 0.000523166218697
307 0.00203927792105
308 0.00488665284193
309 0.000164893630726
310 0.000289502399121
311 0.0626366638443
312 0.00157544059057
313 0.00105305580063
314 0.00417985006275
315 0.00445664398483
316 0.00493527575035
317 0.00116109379992
318 0.00023124060585
319 0.0010084637875
320 0.000310323931015
321 0.000510068339712
322 0.00294735461334
323 0.163748005499
324 0.00111497243565
325 0.00220233024242
326 0.00144066931946
327 0.00515098097571
328 0.000250955788648
329 0.000219478737997
330 0.000542233096636
331 0.00250618428954
332 0.00043547816199
333 0.00138216960908
334 0.0038995835812
335 0.000785568368969
336 0.000680550307595
337 0.00726214819126
338 0.000501824231446
339 0.000664714349119
340 0.0306293878735
341 0.00324788344412
342 0.00234702077882
343 0.00145297638452
344 0.00181077410593
345 0.00294340770436
346 0.000437633085259
347 0.00559209619176
348 0.0157863585857
349 0.000501824231446
350 0.00269215020688
351 0.00455581665039
352 0.0001570123268
353 0.00250618428954
354 0.00045115636791
355 0.000935517844498
356 0.000584207918562
357 0.000746060730265
358 0.000184573398449
359 0.00113743155471
360 0.00142289829151
361 0.00320541849392
362 0.00814967539056
363 0.00154312440414
364 0.0272453649964
365 0.000623459643223
366 0.000987140452975
367 0.0023273872214
368 0.00450759938773
369 0.00155942532457
370 0.00124987246199
371 0.495012296453
372 0.00118906064209
373 0.301627182262
374 0.00059488399762
375 0.00125039302528
376 0.0252949663445
377 0.0128719427053
378 0.00119972613037
379 0.00370624433907
380 0.00110905635221
381 0.00549198969739
382 0.000903007516701
383 0.00585029973758
384 0.0017137243548
385 0.000664182411208
386 0.00122397980433
387 0.00129377503425
388 0.00072609272473
389 0.00431145116986
390 0.00109592227135
391 0.000909594488634
392 0.000561532759821
393 0.000873338726534
394 0.000274010249772
395 0.00200524328204
396 0.00117086311289
397 0.000546513779224
398 0.000488601513023
399 0.00123734249135
400 0.000527016555066
401 0.00265972866419
402 0.0163482326042
403 0.000831088488187
404 0.0062519776664
405 0.000948261751763
406 0.000203228964363
407 0.000359790089827
408 0.0219675771384
409 0.000322090402788
410 0.000322090402788
411 0.00114693411943
412 0.000420585864015
413 0.000642729617139
414 0.00057202268431
415 0.000358559809562
416 0.000118147448015
417 0.00667364964271
418 0.0113681370976
419 0.00112760713377
420 0.0010918787848
421 0.000483458375007
422 0.00129531457333
423 0.00217913952718
424 0.0160357697261
425 0.000872876687539
426 0.000862231849886
427 0.00277896792977
428 0.00077764946995
429 0.00118000116543
430 0.00320209887575
431 0.00449191698407
432 0.0306808276087
