1 0.000742957143562
2 0.0879298513868
3 0.00219922656417
4 0.000496708242412
5 0.00107107438017
6 0.00127804474932
7 0.00103501067355
8 0.0003808888705
9 0.0013000296175
10 0.0172431384553
11 0.00180733841995
12 0.00100123016618
13 0.00266776038522
14 0.00161844365174
15 0.000347676208064
16 0.000863858312191
17 0.000198448855792
18 0.0106336361511
19 0.00255975423706
20 0.00493393676507
21 0.00550389850319
22 0.00117551020408
23 0.00057753907747
24 0.039485845749
25 0.00127804474932
26 0.000219967910564
27 0.00270609560963
28 0.00195928186322
29 0.0017154387357
30 0.000354334517212
31 0.00334244835974
32 0.00226475587678
33 0.00332377047289
34 0.0017662673841
35 0.205365543988
36 0.0242199913614
37 0.00110905635221
38 0.000631103008904
39 0.00264678818457
40 0.0130087574986
41 0.00885561597412
42 0.00113955263873
43 0.000564383810126
44 0.00087936186555
45 0.000755117322132
46 0.00142949340802
47 0.00393013475976
48 0.00186380484776
49 0.01937920852
50 0.10209980826
51 0.000948909897859
52 0.000365896997073
53 0.00047258979206
54 0.00109603328459
55 0.000535701602227
56 0.00129294869276
57 0.000655166648229
58 0.000654661508176
59 0.00415916252189
60 0.00110500744713
61 0.0861147358646
62 0.000799531494045
63 0.00105581900949
64 0.000176013244997
65 0.00309792060491
66 0.0012790647399
67 0.0012152200488
68 0.00102433444925
69 0.000766863905325
70 0.000564149422198
71 0.00304451365739
72 0.00350516575515
73 0.00121918985666
74 0.000557269551196
75 0.00105757155133
76 0.00103523269546
77 0.000208903022484
78 0.00223096747106
79 0.00075751199394
80 0.000273826306122
81 0.000339754713023
82 0.000445085367373
83 0.000208903022484
84 0.000386940960158
85 0.000597212308498
86 0.000573801586005
87 0.000316217672931
88 0.000170232197728
89 0.000269849769574
90 0.0005008231201
91 0.00110380118943
92 0.0592575585581
93 0.0214092804287
94 0.195989678889
95 0.00149405754208
96 0.000421270576663
97 0.00125756094108
98 0.000253439429456
99 0.000516520601195
100 0.000224123426612
101 0.00301274827959
102 0.00114381264488
103 0.0030479853789
104 0.000381469726563
105 0.00137815081256
106 0.00106584170576
107 0.00465934373144
108 0.00214831488963
109 0.000701723608614
110 0.000435507837327
111 0.00106525596967
112 0.0165637231274
113 0.000499137091796
114 0.000703783060685
115 0.000336425034544
116 0.00457911696535
117 0.000856632956573
118 0.000508075643211
119 0.020635024466
120 0.00117653810836
121 0.0389772641921
122 0.0139883143111
123 0.000473409397324
124 0.0926966138179
125 0.000873595573782
126 0.00389134540309
127 0.00138118597719
128 0.000293799436986
129 0.000211955446303
130 0.010594721748
131 0.0162071861853
132 0.0112753286579
133 0.00067573301738
134 0.00298691876941
135 0.0275416645101
136 0.000226981745702
137 0.000309594860725
138 0.000713222798475
139 0.0070504997952
140 0.000788549482697
141 0.00187369676235
142 0.000501727593976
143 0.00046430599437
144 0.00423984684333
145 0.000539828084189
146 0.0161124759101
147 0.0247275331379
148 0.000223220295849
149 0.000381469726563
150 0.0175776059817
151 0.000188296767474
152 0.0012689567131
153 0.000269849769574
154 0.000223220295849
155 0.00062250748005
156 0.0017341639963
157 0.000436206081899
158 0.00560093686409
159 0.00091306870842
160 0.00448866749995
161 0.000665261259281
162 0.00763009985555
163 0.00190046351997
164 0.000625868960618
165 0.00107107438017
166 0.00146088526848
167 0.000716960793798
168 0.00285872017834
169 0.000401926934185
170 0.000517355371901
171 0.000964224500057
172 0.000243916437098
173 0.00566776302152
174 0.0170869749823
175 0.00181550094518
176 0.00441909258677
177 0.00129528088577
178 0.000281061695961
179 0.00195198565535
180 0.0177482495761
181 0.0010324106423
182 0.0012284858168
183 0.000213117374394
184 0.00109684665051
185 0.000269849769574
186 0.000998997956318
187 0.00226442867001
188 0.00192668206253
189 0.00144457520584
190 0.000223178519926
191 0.000495497777384
192 0.000425687684375
193 0.000660104195255
194 0.000521256854528
195 0.00132188361261
196 0.00167847222222
197 0.000338408376068
198 0.00695555555556
199 0.000754244588579
200 0.00758069473409
201 0.000490277777778
202 0.00559099467169
203 0.000214241837557
204 0.00300974489979
205 0.00056990480479
206 0.176209529589
207 0.000320748521116
208 0.00186140488163
209 0.00998349154223
210 0.000380025719021
211 0.00206662012526
212 0.0045333040893
213 0.0181143930672
214 0.00100221080554
215 0.00201001978468
216 0.0133043362009
217 0.000406977667021
218 0.00254948751452
219 6.93992479491e-05
220 0.00021226385646
221 0.000500926112196
222 0.00185740684057
223 0.000414460630882
224 0.00403925254105
225 0.00122092350715
226 0.000208903022484
227 0.00206905365547
228 0.000854063369356
229 0.000135822529645
230 0.00248253861307
231 0.000447372957596
232 0.00190856343131
233 0.000563162644935
234 0.00106996244213
235 0.00201946706858
236 0.0010209348982
237 0.00280276816609
238 0.000440612175983
239 0.000556539424119
240 0.00436403630589
241 0.000517469351325
242 0.0107376767555
243 0.00886299162427
244 0.00170121529549
245 0.00189994847751
246 0.00187296480225
247 0.000453465053444
248 0.000575244032688
249 0.000534845848869
250 0.00101137484548
251 0.000369822485207
252 0.00104808239739
253 0.000283417791835
254 0.000487738640762
255 0.0037522660169
256 0.0380387125295
257 0.00132012685716
258 0.107248343934
259 0.00064800567244
260 0.00109684665051
261 0.000520249979709
262 0.00224936790088
263 0.00111938751537
264 0.000413113887236
265 0.000377331379662
266 0.000520306089829
267 0.000230097267152
268 0.00082284408184
269 0.00102492292515
270 0.0150722241122
271 0.00107385239787
272 0.0698310878017
273 0.00150490487515
274 0.0636853788895
275 0.000653731921488
276 0.000218003044028
277 0.00092961035722
278 0.00107107438017
279 0.0013005710709
280 0.00071640800984
281 0.0022177931334
282 0.00148499597195
283 0.000252453283816
284 0.00515733149738
285 0.0113004301008
286 0.000536830432874
287 0.000937408097245
288 0.00165081172358
289 0.00103960623634
290 0.0133395259819
291 0.00133317489966
292 0.000787320734177
293 0.00203373649783
294 0.0131756638784
295 0.00584530200933
296 0.016496927868
297 0.0023266509753
298 0.000433305301369
299 0.00288759595652
300 0.000660658562538
301 0.00174203134931
302 0.000788549482697
303 0.00100073819886
304 0.000597212308498
305 0.000445837518262
306 0.00203204383324
307 0.00155433183988
308 0.000278512396694
309 0.000434027777778
310 0.0122647747794
311 0.0175364109475
312 0.00438416399635
313 0.00347138059811
314 0.000544880261473
315 0.00270738317139
316 0.00101137484548
317 0.00932815253485
318 0.00229438119152
319 0.0110217681796
320 0.00184570483008
321 0.0148040080022
322 0.00058231292517
323 0.00093432320319
324 0.00295988777204
325 0.457275977563
326 0.0367365606788
327 0.000315712532878
328 0.00206228779093
329 0.00222201371948
330 0.00144955622811
331 0.000208963306206
332 0.000788549482697
333 0.00263471143897
334 0.00198429752066
335 0.000129315853467
336 0.00038163484987
337 0.000753811182947
338 0.000248034152216
339 0.00362497402242
340 0.00060105759497
341 0.0290235909329
342 0.00279659580276
343 0.0575335251762
344 0.00076270512144
345 0.00080758565124
346 0.00512914324311
347 0.00048516369423
348 0.0323470819571
349 0.000563162644935
350 0.00260985993227
351 0.0962529250999
352 0.000383916686868
353 0.0420106540529
354 0.0238461156259
355 0.000193572778828
356 0.000528957682539
357 0.000500030401848
358 0.000510017144736
359 0.000377331379662
360 0.000343953895869
361 0.000176013244997
362 0.00091914384085
363 0.0013000296175
364 0.000434027777778
365 0.000345037515428
366 0.000542375650228
367 0.000302468850227
368 0.00316846161313
369 0.0018687668046
370 0.014956361065
371 0.000413113887236
372 0.000854027230458
373 0.0131597341724
374 0.00587972132667
375 0.00190113892003
376 0.000174562791805
377 0.000161353938829
378 0.00020628591873
379 0.00207530180698
380 0.000971461725606
381 0.000510939834995
382 0.00088801865797
383 0.00505526398899
384 0.000338408376068
385 0.000456209096267
386 0.000453963491405
387 0.000550573291956
388 0.00109684665051
389 0.00050817924661
390 0.000211570247934
391 0.000140250219856
392 0.000343953895869
393 0.000310457401375
394 0.000507730259145
395 0.00129051607743
396 0.0104732807127
397 0.00809330993215
398 0.000922929017786
399 0.000814792899408
400 0.0122148395304
401 0.0024124361384
402 0.0151352386598
403 0.00105581900949
404 0.00134551121468
405 0.00093444413361
406 0.000877971345067
407 0.0050506300346
408 0.0265291280523
409 0.00390949524938
410 0.37055482526
411 0.00351137120459
412 0.0172911756179
413 0.000605733081414
414 0.00383548896932
415 0.0012214286472
416 0.00127804474932
417 0.000504356888538
418 0.000343953895869
419 0.00505190566611
420 0.00271620919055
421 0.0690183259801
422 0.00146551923215
423 0.00343769711332
424 9.25540284141e-05
425 0.00146438930213
426 0.000553336851594
427 0.0012284858168
428 0.0245214082518
429 0.302572178016
430 0.121742037182
431 0.0198451388889
432 0.0136323775861
