1 0.000188296767474
2 0.000545899205171
3 0.00134668798923
4 0.00117209415347
5 0.000245577447549
6 0.000321167508126
7 0.000290341275755
8 0.00050635126519
9 0.00106525596967
10 0.000289625252727
11 0.00126995041322
12 0.00420745069394
13 0.00086800984157
14 0.00190550246274
15 0.225657357212
16 0.00632118571797
17 0.000742882536021
18 0.00131776343238
19 0.0323065609543
20 0.00175469354957
21 0.000539264115133
22 0.00106030234558
23 0.0224978911154
24 0.00369156639316
25 0.000207401478222
26 0.000511859975086
27 0.00188700895327
28 0.0134520812527
29 0.0361554715971
30 0.0831517481027
31 0.02526392689
32 0.000912015853288
33 0.00248715279635
34 0.000330578512397
35 0.000278282789455
36 0.000391188311168
37 0.00362509168069
38 0.00731716949073
39 0.000559874224823
40 0.000544880261473
41 0.000234062253675
42 0.000201554330308
43 0.000665972944849
44 0.000627612327352
45 0.000925154528353
46 0.000622646424602
47 0.0106632370735
48 0.00227433752146
49 0.00225260966149
50 0.452861197566
51 0.000479581944909
52 0.000557298786159
53 0.00194519902035
54 0.000228547027168
55 0.0867811185368
56 0.000231323040004
57 0.00019090743674
58 0.0136316359667
59 0.000834724223083
60 0.000557298786159
61 0.000566893424036
62 0.000230626524085
63 0.000685368595483
64 0.00113622017422
65 0.00410653841532
66 0.00195084685138
67 0.000398391897557
68 0.000448208286104
69 0.00123379709922
70 0.000234062253675
71 0.000209295167744
72 0.0837357196981
73 0.00473605908777
74 0.0343239374072
75 0.0165505173119
76 0.00639771884366
77 0.00184293779669
78 0.00100959032912
79 0.00171990102753
80 0.00102036879719
81 0.000623267499101
82 0.000947476075681
83 0.00126544704651
84 0.000246054511127
85 0.000338571055291
86 0.000468989699759
87 0.000195062576074
88 0.0596894176228
89 0.000180474747282
90 0.000497505562389
91 0.00146985270851
92 0.000551595237522
93 0.00195084685138
94 0.000245577447549
95 0.000173173520381
96 0.000580301477303
97 0.00369998976576
98 0.0007196146064
99 0.253237175499
100 0.0016729329071
101 0.00152685250897
102 0.0002508138654
103 0.475953411896
104 0.000284130701896
105 0.000245097100578
106 0.000353326926338
107 0.000598381593208
108 0.000662170109253
109 0.0160944479301
110 0.000598381593208
111 0.000899437957017
112 0.000807331265585
113 0.0134708467054
114 0.00054794568587
115 0.00094674556213
116 0.00293161442992
117 0.00176664897973
118 0.000571237419067
119 0.00210105175098
120 0.000413731473627
121 0.000391188311168
122 0.00164847478599
123 0.000813741175052
124 0.00839792774105
125 0.000463090742062
126 0.00201994697639
127 0.000297303090394
128 0.00101782091995
129 0.00589528988066
130 0.00154609293996
131 0.00944428861368
132 0.00172665772191
133 0.0027616322818
134 0.00190318654224
135 0.000967095154041
136 0.967933692152
137 0.0114079753592
138 0.00952444971985
139 0.00186020266652
140 0.00118451791218
141 0.00209712638658
142 0.000544880261473
143 0.00123379709922
144 0.000318477170376
145 0.000219297864941
146 0.00209866320882
147 0.000598360310244
148 0.000787780202341
149 0.00667777417637
150 0.105676439317
151 0.00117702115765
152 0.00285394968241
153 0.00230536594039
154 0.00159869527915
155 0.00108414184701
156 0.00195816161274
157 0.000492076001729
158 0.00212967357307
159 0.00194519902035
160 0.0031552917142
161 0.000627612327352
162 0.000790012361302
163 0.00274744255088
164 0.000276999430384
165 0.0120859623821
166 0.000510939834995
167 0.000263321387868
168 0.000330578512397
169 0.000228269582811
170 0.000278647412677
171 0.000221154408803
172 0.000685487603306
173 0.000782012151266
174 0.00862822584213
175 0.0101766196675
176 0.00280340038717
177 0.000725040832423
178 0.0016872987724
179 0.000883248112978
180 0.0019423483426
181 0.00169265573525
182 0.000440577001036
183 0.00253863658957
184 0.00731577898867
185 0.000402572340639
186 0.00196983308358
187 0.00307648177239
188 0.0391589318948
189 0.000883561989731
190 9.94406682413e-05
191 0.00210494773555
192 0.000589888673135
193 0.000524512776803
194 0.000220293885812
195 0.000223600314438
196 0.00300317249953
197 0.00126995041322
198 0.00123379709922
199 0.00111523779692
200 7.63701954683e-05
201 0.000223600314438
202 0.00259502600944
203 0.000363161140427
204 0.00270211339928
205 0.00301274827959
206 0.00112900616479
207 0.00307040722625
208 0.00101215522731
209 0.000388503889165
210 0.00136892394761
211 0.00523030842611
212 0.000591867192919
213 0.00887444575814
214 0.00207625460082
215 0.00557749058659
216 0.00169265573525
217 0.0034246338925
218 0.00112174792959
219 0.00886221341381
220 0.00470521894516
221 0.000326108412478
222 0.000564569732028
223 0.000160230732254
224 0.000339041322314
225 0.00256431761737
226 0.000458868924751
227 0.00312487944138
228 0.000382322649106
229 0.000537826869658
230 0.000843649386202
231 0.00164808022525
232 0.000666766776126
233 0.00284959333466
234 0.00680315730437
235 0.000511757338731
236 0.00132133328637
237 0.0244517821738
238 0.0023520372855
239 0.00474411703457
240 0.0407783777036
241 0.00386622192162
242 0.00502941050335
243 0.000574467066548
244 0.000741614914116
245 0.0031200048074
246 0.000674650025299
247 0.0315375568211
248 0.0008326935727
249 7.07485369901e-05
250 0.00119806271286
251 0.00112939257713
252 0.00199389375194
253 0.000211186098675
254 0.00216647933884
255 0.000666486812862
256 0.000480917205294
257 0.00021042093228
258 0.00197351819689
259 0.000468259186208
260 0.00178513840365
261 0.000207401478222
262 0.00230536594039
263 0.00400443964654
264 0.00155617415779
265 0.000824675505367
266 0.00461624470153
267 0.00191070164849
268 0.0029101286829
269 0.0155022334934
270 0.00118055509498
271 0.00873325313418
272 0.0041069445509
273 0.000712119167193
274 0.0120658852055
275 0.000498552362121
276 0.000424638328393
277 0.00107694059127
278 0.00231556334445
279 0.00223472214371
280 0.00114595161149
281 0.000659770333319
282 0.00113409540578
283 0.00194600918238
284 0.000321167508126
285 0.000480917205294
286 0.000921373301218
287 0.000925154528353
288 0.00393705019125
289 0.00199599637364
290 0.247209788757
291 0.0247412574229
292 0.00788095828922
293 0.000935517844498
294 0.00135009529427
295 0.00110508883975
296 0.0029732981628
297 0.00238519370128
298 0.00101283065942
299 0.00595834379853
300 0.00922074012983
301 0.00436263119824
302 0.00142594599164
303 0.00644930601281
304 0.0084635993515
305 0.555081291718
306 0.00123178396913
307 0.000486878052239
308 0.00132767296628
309 0.00113197659184
310 0.000545899205171
311 0.000544880261473
312 0.00175997490148
313 0.001610500382
314 0.00488031621332
315 0.00653278983548
316 0.00050635126519
317 0.00243007339814
318 0.0027090937701
319 0.00186053484755
320 0.00665263822841
321 0.00359101684692
322 0.000185008423383
323 0.0013586275362
324 0.00522147734713
325 0.00214973153749
326 0.0921120861856
327 0.000953240620967
328 0.000409272099915
329 0.000330578512397
330 0.00218393912917
331 0.000558829196166
332 0.00342235694782
333 0.00108369066439
334 0.00128825885256
335 0.000527859781554
336 0.000896914207835
337 0.00208783971434
338 0.00057715763761
339 0.0750975223885
340 0.000833833549745
341 0.00118055509498
342 0.00100959032912
343 0.0020856733436
344 0.000833833549745
345 0.000322187698609
346 0.00140274095583
347 0.00021226385646
348 0.000290019971935
349 0.00202136938344
350 0.000534081770129
351 0.0274297620148
352 0.00406807398485
353 0.00104268266533
354 0.00114381264488
355 0.00140553279996
356 0.000545899205171
357 0.000285739480209
358 0.000511757338731
359 0.000223182955099
360 0.00126995041322
361 0.000621266807752
362 0.00180293696254
363 0.0048091628017
364 0.00706164818869
365 0.00465408261461
366 0.00557039270142
367 0.00331923381357
368 0.00103375326443
369 0.000635714382974
370 0.00491721245626
371 0.00171416590055
372 0.0012915920711
373 0.00101675491787
374 0.00408836041361
375 0.0432108956698
376 0.000640274385746
377 0.000923720446471
378 0.00291096803153
379 0.000139761030476
380 0.00238665856866
381 0.000797523156177
382 0.0033714880333
383 0.000254470884455
384 0.00057315890977
385 0.00123379709922
386 0.00118576842502
387 0.00314655734686
388 0.00201671855979
389 0.0167407025462
390 0.000326206471442
391 0.00821209360263
392 0.000602205577929
393 0.001577420567
394 0.00172963595771
395 0.00760862181074
396 0.000462705970928
397 0.000475538863171
398 0.000505460468976
399 0.000469319284292
400 0.00133915548984
401 0.00455836500598
402 0.000962062482058
403 0.0173433339851
404 0.00278399926658
405 0.00150627083348
406 0.000519313857578
407 0.000545899205171
408 0.00479289940828
409 0.00289245109809
410 0.000318477170376
411 0.00106525596967
412 0.00195084685138
413 0.000977307738486
414 0.000673677556921
415 0.000722028018209
416 0.00484268771105
417 0.0963149557308
418 0.00193319515306
419 0.00142644559695
420 0.00142324959215
421 0.000491581615323
422 0.0290278263981
423 0.00124323582821
424 0.00559532667055
425 0.00180293696254
426 0.000468989699759
427 0.000225281513892
428 0.00175396303601
429 0.000304847018903
430 0.000935331505806
431 0.0182127709179
432 0.000372617659943
