1 0.00107323520939
2 0.00021746055342
3 0.000947738917354
4 0.000165623680506
5 0.00127311390533
6 0.00082944
7 0.000200840864212
8 0.000309481404066
9 0.00056384
10 0.000859425564197
11 0.000529215984483
12 0.000504872848076
13 0.00388177804228
14 0.000858931382412
15 0.00387686052247
16 0.00085868961449
17 0.000879683887653
18 0.00330372115823
19 0.00018614757809
20 0.000859425564197
21 0.00591098511337
22 0.000429958660917
23 0.00211505292883
24 0.000300572675106
25 0.00241823177387
26 0.000333970281454
27 0.00578194201976
28 0.00180995611497
29 0.037584611339
30 0.0186745929542
31 0.000299490535769
32 0.000149449130505
33 0.00155355360143
34 0.000464476813317
35 0.0029776245722
36 0.00152748843255
37 0.00113409540578
38 0.000445548975414
39 0.0343782968772
40 0.00600729860518
41 0.000375863313957
42 0.00339548510559
43 0.0048744971288
44 0.00154965242496
45 0.000740226680162
46 0.00124653045266
47 0.00437081331896
48 0.00109304456476
49 0.00128869903279
50 0.000227588081531
51 0.00106512837064
52 0.00218775309043
53 0.000713294353092
54 0.000833759288243
55 0.00113671988335
56 0.00329415111624
57 0.0339542872242
58 0.00455694444444
59 0.00248783860319
60 0.000631297189465
61 0.0763777636586
62 0.00153414776534
63 0.000386293611531
64 0.000510493312971
65 0.000460498443515
66 0.000963139120095
67 0.000365514290734
68 0.000224573094544
69 0.000963139120095
70 0.00113409540578
71 0.000547796083346
72 0.00328061312103
73 0.000657462195924
74 0.00371349495206
75 0.000786505622657
76 0.000547919143876
77 0.00113569346106
78 0.00371612831366
79 0.00257126380973
80 0.0615440167272
81 0.00308766651487
82 0.00206835586675
83 0.00110905635221
84 0.000309481404066
85 0.00222842208041
86 0.000226981745702
87 0.000824792879691
88 0.000541840489096
89 0.000165803777358
90 0.00271675074683
91 0.0655005816889
92 0.00598334499833
93 0.0163536660552
94 0.00109762960464
95 0.000190249702735
96 0.00239542636368
97 0.000583506215374
98 0.00180020619423
99 0.00475835068721
100 0.00345456059975
101 0.00119716784673
102 0.000483033450066
103 0.0107395188238
104 0.0231437917536
105 0.00177804835698
106 0.000422315103727
107 0.000857293938793
108 0.000614712109829
109 0.000309481404066
110 0.000574123779748
111 0.00112356043819
112 0.000631297189465
113 0.000224072972437
114 0.000452693526483
115 0.00370137009082
116 0.00414410296276
117 0.000923125248289
118 0.0398780785703
119 0.000167846425457
120 0.027916127722
121 0.00508112758825
122 0.00197389211919
123 0.00128351458568
124 0.000413786437206
125 0.00392439747848
126 0.000276471998008
127 0.0035087713361
128 0.00573346532978
129 0.00592537695479
130 0.00277381860762
131 0.0750683236591
132 0.000277777777778
133 0.0029257050204
134 0.000941909066529
135 0.0102906297439
136 0.00580194889895
137 0.00045337012356
138 0.000181412317179
139 0.000419162093338
140 0.00043987320391
141 0.00736871189375
142 0.000207956784482
143 0.000531886312772
144 0.000942264700138
145 0.0183587977756
146 0.000893839255968
147 0.000901284038944
148 0.00133036464925
149 0.0031102810212
150 0.000842872008325
151 0.000406477627471
152 0.000832600877646
153 0.000377331379662
154 0.0048885255648
155 0.000507909605405
156 0.00138692033294
157 0.256397407627
158 0.00914541077684
159 0.000231051838009
160 0.000365514290734
161 0.000577847633136
162 0.00143987216118
163 0.000541840489096
164 0.00112147106544
165 0.00153702728621
166 0.000574923365428
167 0.00428962477591
168 0.000561797261195
169 0.000786094855446
170 0.365202148131
171 0.011583869242
172 0.00127298319092
173 0.0017992826956
174 0.000474718755548
175 0.000742675960049
176 0.00140166420788
177 0.00037696657759
178 0.000219072859697
179 0.0163998332688
180 0.000646704219015
181 0.00102332947621
182 0.00110089405169
183 0.0442385600181
184 0.0898238990828
185 0.0127940488396
186 0.0183674591554
187 0.00367309458219
188 0.00142071005917
189 0.000315812458005
190 0.000601864371132
191 0.00057408
192 9.913076224e-05
193 0.00082944
194 7.60546241211e-05
195 0.00142071005917
196 0.00175053234104
197 0.00299878479525
198 0.000372683770367
199 0.00296677229516
200 0.047426616667
201 0.00667342341112
202 0.00483762869231
203 0.00459021468219
204 0.000495217573069
205 0.0102287183164
206 0.00357535009763
207 0.0201812823398
208 0.000735625368846
209 0.00178897399225
210 0.0105261270097
211 0.000539828084189
212 0.0024191001836
213 0.00116922954055
214 0.0035087713361
215 0.000563957563844
216 0.000647458397515
217 0.00270804415361
218 0.017577681507
219 0.00173906745134
220 0.000547796083346
221 0.000587318155615
222 0.000413113887236
223 0.00246364014994
224 0.000395549848229
225 0.000199425250197
226 0.0131583705809
227 0.000709742685482
228 0.346494985946
229 0.0034885812851
230 0.000549182320352
231 0.000173764718549
232 0.00148046301274
233 0.00478403653517
234 0.00270429008996
235 0.000742698907821
236 0.00203414808488
237 0.00162922878228
238 0.00187728268809
239 0.000600730488274
240 0.00123426352059
241 0.00221639840586
242 0.155383232827
243 0.0154142198513
244 0.00552353300437
245 0.00193026296139
246 0.000766863905325
247 0.000979429821677
248 0.000873595573782
249 0.00173611111111
250 0.00039745223578
251 0.00200246033235
252 0.000162027400072
253 0.000190249702735
254 0.00175396303601
255 0.00174333823102
256 0.00164040072646
257 0.000300350958037
258 0.00323102493075
259 0.686553046993
260 0.000349700681693
261 0.000219928613055
262 0.000534845848869
263 0.00473678093796
264 0.000433998589851
265 0.00123526558352
266 0.000402113284469
267 0.000501530702619
268 0.00106568971785
269 0.000389956339135
270 0.000689614080926
271 0.00681920920768
272 0.000369822485207
273 0.00110089405169
274 0.00158848
275 0.00126046006792
276 0.000495729368183
277 0.000577847633136
278 0.000289391976854
279 0.00023944120409
280 0.0270861115291
281 0.00368396666187
282 0.0137731007591
283 0.00144614163856
284 0.000769228942951
285 0.000489461668426
286 0.000371556572753
287 0.000588316541863
288 0.00240882231172
289 0.0098697425859
290 0.00201648196275
291 0.00088004019208
292 0.0125500108131
293 0.000281873445429
294 0.000231122169467
295 0.000452647045213
296 0.000218310008707
297 0.000495729368183
298 0.00152685250897
299 0.000188620162464
300 0.00111111111111
301 0.00112356043819
302 0.000607860758066
303 0.00177819712585
304 0.0105747571096
305 0.00672474717337
306 0.00492459218221
307 0.000345132048083
308 0.000521256854528
309 0.000285657607618
310 0.000400890372568
311 0.000500554284142
312 0.00200246033235
313 0.000936961544875
314 0.00209706105484
315 0.00243114332587
316 0.0020974125963
317 0.000221113583284
318 0.00685091764061
319 0.00190724482955
320 0.000515742567025
321 7.22003537253e-05
322 0.00158505329705
323 0.000417180951072
324 0.00778112255932
325 0.00085385393827
326 0.00209117828705
327 0.000832600877646
328 0.00243114332587
329 0.0015921919596
330 0.00142071005917
331 0.00216562806682
332 0.000496471477912
333 0.00058570559719
334 0.00021746055342
335 0.00058570559719
336 0.00140967935528
337 0.000425485546464
338 0.000638703551456
339 0.0157107795861
340 0.00291300358943
341 0.000199425250197
342 0.00270775914489
343 0.000539828084189
344 0.000218354987552
345 0.000367854824504
346 0.000638980248865
347 0.00948572602769
348 0.011194603959
349 0.000593865735121
350 0.00444349980336
351 0.0021288405134
352 0.0228643665453
353 0.000868951789924
354 0.108843712666
355 0.0024413524911
356 0.00314012043241
357 0.000937109537693
358 0.00110905635221
359 0.000456570969391
360 0.00119822485207
361 0.00111196844993
362 0.00111111111111
363 0.000258579328805
364 0.000157983034392
365 0.000477270709984
366 0.17093192555
367 0.000959826520244
368 0.0110775542717
369 0.0846756461335
370 0.0243034806859
371 0.00340214890367
372 0.00308995782983
373 0.00157655110276
374 0.000821096882873
375 0.00381144713551
376 0.000898501872919
377 0.00703797126256
378 0.00672855966008
379 0.294487101024
380 0.00181297043771
381 0.00246569127123
382 0.00177153833509
383 0.000333092222069
384 0.000342935528121
385 0.000470950279707
386 0.00144751277971
387 0.000599538327428
388 0.000213506807615
389 0.000627382226176
390 0.00103501067355
391 0.00100959032912
392 0.000188888888889
393 0.00341557088408
394 0.000370963031902
395 0.00128329468392
396 0.00387631960903
397 0.000713362380291
398 0.000713294353092
399 0.00218512353019
400 0.00058347107438
401 0.00426518455559
402 0.00640771432532
403 0.00273356978157
404 0.00194090486035
405 0.00249475936763
406 0.00275258219367
407 0.699483194148
408 0.00238671732333
409 0.00433670434265
410 0.000380536067989
411 0.00173906745134
412 0.000939394822345
413 0.000656360511634
414 0.000451923966866
415 0.000671518959103
416 0.00158186983471
417 0.000200840864212
418 0.000499137091796
419 0.000237610946746
420 0.269223171924
421 0.000769228942951
422 0.000881829131092
423 0.255228814729
424 0.000529215984483
425 0.000577660769175
426 0.456922548448
427 0.00227847139185
428 0.00300401428051
429 0.00238671732333
430 0.000898501872919
431 0.00772705681537
432 0.00153221571475
