1 0.00119547157578
2 0.00925491210632
3 0.000769214533464
4 0.00118906064209
5 0.00184102612862
6 0.00244893986759
7 0.00023944120409
8 0.00140827233947
9 0.000480000981472
10 0.0038653462757
11 0.000540504019999
12 0.0283656509695
13 0.00252210285226
14 0.00284444444444
15 0.00584558445324
16 0.00882904082278
17 0.00283570887827
18 0.000599750104123
19 0.000636106242858
20 0.00629889171956
21 0.0014428219458
22 0.00169804492225
23 0.000790999907981
24 0.000243677402934
25 0.00153962912751
26 0.000815032315151
27 0.000906030133891
28 0.00125493626879
29 0.000497265832277
30 0.00260197564939
31 0.000514095979724
32 0.000448105446023
33 0.00448682269769
34 0.000661526867517
35 0.000180172064321
36 0.0014076860479
37 0.00978090982545
38 0.00301986840492
39 0.000672193568854
40 0.120465683113
41 0.0782712817208
42 0.018348890394
43 0.00171272941015
44 0.00334267202839
45 0.00361069041728
46 0.00141685401926
47 0.000365871720106
48 0.0293930331219
49 0.00217314731489
50 0.000778799351001
51 0.00298780447784
52 0.0122922951927
53 0.00135531600353
54 0.000660333945654
55 0.000908237943329
56 0.000981252205941
57 0.00065072426067
58 0.0013579060433
59 0.000353001853664
60 0.000659574522903
61 0.000308615997531
62 0.000575631536872
63 0.000130239865202
64 0.000500926112196
65 0.0037967281358
66 0.00143269400961
67 0.0143578740648
68 0.0732999134994
69 0.288798683839
70 0.000933201698473
71 0.00048893041704
72 0.000806088573738
73 0.000458921395209
74 0.00494938538476
75 0.000365312497078
76 0.000136794227284
77 0.000452651648895
78 0.0122103926662
79 0.00214538126426
80 0.00523749464741
81 0.0229660405913
82 0.000242621868965
83 0.00122713617096
84 0.000225160382983
85 0.00103070773851
86 0.000998981747771
87 0.00198429752066
88 0.00038663047595
89 0.000377187818954
90 0.000226266818247
91 0.00264639279444
92 0.1741879641
93 0.0276830649483
94 0.0037958651636
95 0.000593662693813
96 0.00093783261604
97 0.00107107438017
98 0.00291145365069
99 0.00249076639755
100 0.000463950285997
101 0.00265162797672
102 0.00146578771517
103 0.000181693138742
104 0.000474540161093
105 0.00217612573822
106 0.00722509184949
107 0.00165974644989
108 0.00202831017517
109 0.00049238287115
110 0.00145407197687
111 0.000994506825829
112 0.00282566958511
113 0.000464476813317
114 0.000851088421257
115 0.00603500510327
116 0.00959923945647
117 0.000274184600236
118 0.00115250550766
119 0.0242391665731
120 0.0121667225598
121 0.0299791621872
122 0.00193218241719
123 0.0204861122614
124 0.0063038069485
125 0.00165580244179
126 0.00463510574298
127 0.00231374657492
128 0.000592569276089
129 0.00038087437788
130 0.00025906013307
131 0.0177560218407
132 0.000249412483953
133 0.001571815916
134 0.000945129266117
135 0.00378881087724
136 0.000951619405106
137 0.0012314034892
138 0.000659339317584
139 0.000324648973298
140 0.000602205577929
141 0.000659339317584
142 0.000365312497078
143 0.000524837398507
144 0.00021507526374
145 0.000612704022592
146 0.00112792851536
147 0.00499917064919
148 0.0133192850976
149 0.0254373240051
150 0.00756300679378
151 0.0051740610344
152 0.00164093461442
153 0.00543315406185
154 0.00241751250046
155 0.00132133328637
156 0.0006875973926
157 0.10193665392
158 0.000225721731694
159 0.000713773124708
160 0.0006875973926
161 0.00428429478309
162 0.00163534777478
163 0.00140338448877
164 0.00145131348839
165 0.000592569276089
166 0.000509626233191
167 0.000353001853664
168 0.00157096134508
169 0.00146545410156
170 0.000495587683734
171 9.8876953125e-05
172 0.00141718923682
173 0.00103031524519
174 0.000211470978912
175 0.00613673729282
176 0.00068449161709
177 0.0134306777855
178 0.000525112832404
179 0.000601385413805
180 0.000517181726725
181 0.00399683790669
182 0.00118796875904
183 0.00171562620356
184 0.110924712336
185 0.299164748078
186 0.021335886834
187 0.198983983313
188 0.000928944413073
189 0.00021507526374
190 0.000934083713494
191 0.36731432336
192 0.000190541608642
193 0.00146545410156
194 0.00202848496044
195 0.00045115636791
196 0.0009172156911
197 0.000187011469063
198 0.000988539501535
199 0.00603292915688
200 0.00286106993306
201 0.155352999862
202 0.00260220776682
203 0.000866532060171
204 0.000527945250122
205 0.000541342959934
206 0.00347900350346
207 0.0012744441533
208 0.00176299243184
209 0.000143586412413
210 0.00145407197687
211 0.00121254384667
212 0.00192435775261
213 0.000240836681684
214 0.0126700308724
215 0.0700566317645
216 0.00165905546469
217 0.00412581380873
218 0.00164063184402
219 0.00393107381457
220 0.000353001853664
221 0.000935517844498
222 0.00043987320391
223 0.000208693501387
224 0.00313647718388
225 0.00104808239739
226 0.0232747701257
227 0.000288992615133
228 0.00282065115406
229 0.00045022696373
230 0.000242621868965
231 0.00532145859702
232 0.00864516256534
233 0.00407215367139
234 0.000284689932958
235 0.000316336243952
236 0.00276573529073
237 0.0006877021933
238 0.000634481533415
239 0.00264461063599
240 0.0417347025012
241 0.000963139120095
242 0.00103070773851
243 0.00150994798509
244 0.000537826869658
245 0.000448105446023
246 0.00151057686805
247 0.00153007223979
248 0.000551595237522
249 0.00108881852268
250 0.00112839828983
251 0.00102844356129
252 0.00291792889031
253 0.00346523881152
254 0.00171589013369
255 0.0301889419084
256 0.000832410346272
257 0.000880812359102
258 0.00402602369062
259 0.000249412483953
260 0.000398147370517
261 0.00319392004273
262 0.00122325187322
263 0.00042829810096
264 0.000383959415599
265 0.00239777690489
266 0.000804856493561
267 0.00856701643146
268 0.0021662883328
269 0.0107364243363
270 0.00022236101619
271 0.000510939834995
272 0.000367018519778
273 0.000508274728438
274 0.00122917472456
275 0.000643465766946
276 0.000509626233191
277 0.000992001984004
278 0.000976026352712
279 0.00107107438017
280 0.000365871720106
281 0.0253324221088
282 0.000842650097707
283 0.00150755598866
284 0.0032073164071
285 0.000571127032655
286 0.0892060197875
287 0.00137174211248
288 0.00103686304127
289 0.00112221759452
290 0.000702840261839
291 0.000580785645387
292 0.00192171684038
293 0.00276868852087
294 0.00538680705174
295 0.00295589188039
296 0.00283452022712
297 0.000168116231359
298 0.000261437908497
299 0.00325754544516
300 0.00111523779692
301 0.000851088421257
302 0.00142509158335
303 0.000476726225663
304 0.000550720409272
305 0.00379776821476
306 0.0041530648061
307 0.000999753451677
308 0.0018330567444
309 0.000815032315151
310 0.000515522947176
311 0.00855931078312
312 0.000910592594831
313 0.000382887615517
314 0.0014428219458
315 0.00248058259777
316 0.0150095641044
317 0.000441883324766
318 0.00578666063919
319 0.001571815916
320 0.0261764421871
321 0.00158084749261
322 0.00296898620141
323 0.000458921395209
324 0.000850366339393
325 0.00325754544516
326 0.000409775606878
327 0.000105464199024
328 0.000833926327424
329 0.00191748505184
330 0.000762009036406
331 0.000248156790622
332 0.00140396898877
333 0.00385719989721
334 0.00182843545509
335 0.00068449161709
336 0.000989138835379
337 0.000392429193216
338 0.00246298663634
339 0.00074170388377
340 0.000282091225121
341 0.000252936822877
342 0.00106684156943
343 0.00495005899041
344 0.000498049635367
345 0.0146368830872
346 0.000485567673394
347 0.00127551020408
348 0.002039460247
349 0.00344944705704
350 0.000439734853625
351 0.00121044007788
352 0.0201552243401
353 0.00070516342165
354 0.00118906064209
355 0.000446591577354
356 0.000353001853664
357 0.00183139146851
358 0.00384706068722
359 0.000512574842467
360 0.0004860197394
361 0.000968140266791
362 0.000554390349525
363 0.000246974429629
364 0.504371361664
365 0.0165485667894
366 0.111775365281
367 0.00260505072523
368 0.00186284963301
369 0.0228999269063
370 0.00168698520076
371 0.000374416509312
372 0.000287883371249
373 0.00108598564079
374 0.000629615914647
375 0.00168698520076
376 0.00835478115965
377 0.00979487724519
378 0.000534544501703
379 0.00040661145828
380 0.0143615408472
381 0.0650482235825
382 0.00114693411943
383 0.000410440017967
384 0.00325754544516
385 0.000246059207997
386 0.000537826869658
387 0.00035453809495
388 0.00102808631542
389 0.00228720999405
390 0.00531871704576
391 0.00233667819681
392 0.00495271894162
393 0.000666617122473
394 0.00116597263534
395 0.000992001984004
396 0.000699556790865
397 0.00528766699797
398 0.0019070079722
399 0.000392429193216
400 0.00127551020408
401 0.00584263708408
402 0.000621331277944
403 0.0267458047682
404 0.00407047668379
405 0.000208693501387
406 0.00125493626879
407 0.000563667863446
408 0.00120053245838
409 0.000420265862414
410 0.000317968420903
411 0.00124567474048
412 0.00157419397138
413 0.000479234206741
414 0.00208383784323
415 0.000235778677503
416 0.000150468483919
417 0.000303287767389
418 0.00223351685319
419 0.000270961404935
420 0.000382446131783
421 0.180679798666
422 0.000427589877682
423 0.000703964806258
424 0.000776390073709
425 0.0044557169829
426 0.00398757960524
427 0.000179870142189
428 0.0859227892016
429 0.356089723361
430 0.00294022732977
431 0.0130743831792
432 0.383291246428
