1 0.000655593079041
2 0.0144985218294
3 0.00121456711634
4 0.00156910772601
5 0.000792098201612
6 0.000844650453318
7 0.00251023540383
8 0.00179434638953
9 0.000892546615933
10 0.000587425826663
11 0.000256512769025
12 0.000213491209798
13 0.00229317644563
14 0.0137534490113
15 0.00568318007465
16 0.00378671873741
17 0.0014019973677
18 0.00450235486351
19 0.000951486620108
20 0.00223805301951
21 0.000327880347505
22 0.000131309967653
23 0.00069966274744
24 0.00240452036037
25 0.000371535284855
26 0.134237736625
27 0.000665436194563
28 0.00084833631822
29 0.000228272538449
30 0.00173804683472
31 0.00033292839034
32 0.000213491209798
33 0.000844650453318
34 0.000831457756233
35 0.000820147831561
36 0.000213463484567
37 0.00112986371019
38 0.0281751559009
39 0.00442820278477
40 0.0161669562225
41 0.00292764349671
42 0.000223182955099
43 0.00128849481304
44 0.000233532109297
45 0.00199408756915
46 0.000556247775009
47 0.00666608471315
48 0.00195844010515
49 0.000746060730265
50 0.00209278454282
51 0.0109159013019
52 0.000578999629332
53 0.000968594776478
54 0.000626251877503
55 0.00989393063985
56 0.000158221589336
57 0.00197038343236
58 0.00128157496374
59 0.0016513499143
60 0.000568396122977
61 0.00164709478833
62 9.71942913885e-05
63 0.000755969985192
64 0.00467313110624
65 0.0157424190088
66 0.00182799836536
67 0.00209186144423
68 0.00185879737531
69 0.00181550094518
70 0.00185879737531
71 0.000433305301369
72 0.000268744961032
73 0.000964224500057
74 0.00509090301907
75 0.00378491464826
76 0.0148043198543
77 0.0955005623977
78 0.000619072589321
79 0.000208211640246
80 0.00235415432743
81 0.000246712018141
82 0.00139913599253
83 0.000567974765563
84 0.000505440970964
85 0.00156976124859
86 0.000273546820093
87 0.000355998576006
88 0.000527016555066
89 0.00472514264582
90 0.0143345809115
91 0.00432655910226
92 0.000547439797273
93 0.00205711711873
94 0.219228388629
95 0.000562999532561
96 0.00187140410639
97 0.00157679738562
98 0.00272310188275
99 0.00810162024303
100 0.00101215522731
101 0.00108137546428
102 0.00868485579596
103 0.00670884437058
104 0.00660639959688
105 0.000334622248662
106 0.000442840299743
107 0.000467696746926
108 0.00290219818839
109 0.00104613919668
110 0.00115001731302
111 0.00106332703214
112 0.000243455129519
113 0.0017728531856
114 0.000456273068702
115 0.000595724671037
116 0.000558027767889
117 0.00276890694581
118 0.00410305014599
119 0.00238935369348
120 0.00105024005487
121 0.00156165897732
122 0.000772664471189
123 0.000348593161662
124 0.000233638218498
125 0.00194248376857
126 0.000713222798475
127 0.000566206399457
128 0.000161692155969
129 0.00226416677842
130 0.00053848228977
131 0.0107760262321
132 0.00405103348822
133 0.000261726309935
134 0.000651581948598
135 0.000992001984004
136 0.00162142011315
137 0.000996753523174
138 0.000250624821604
139 0.000467189952904
140 0.000497357638339
141 0.000847618792434
142 0.000226129232857
143 0.00156910772601
144 0.403046111015
145 0.00275731047487
146 0.00179154549118
147 0.000608757961013
148 0.000731766764961
149 0.125785566766
150 0.00132702368615
151 0.000497357638339
152 0.000473412760633
153 0.00273027348485
154 0.00196588962797
155 0.00206245134782
156 0.000180575811118
157 0.0031289056241
158 0.0338177259615
159 0.0325959588065
160 0.000617566964021
161 0.000465895585276
162 0.00133306452608
163 0.016125069287
164 0.00139913599253
165 0.000277441135734
166 0.00305980133702
167 0.00833858207539
168 0.00092961035722
169 0.0017500382126
170 0.0104154867768
171 0.00955467841004
172 0.00268181627758
173 0.000854330219438
174 0.000223182955099
175 0.000818566539592
176 0.000176892211146
177 0.000226129232857
178 0.000992001984004
179 0.00122325187322
180 0.00298446383291
181 0.000773357589469
182 0.000552073322404
183 0.00707502273237
184 0.000360659084041
185 0.000279275452298
186 0.000442840299743
187 0.0040151644668
188 0.000210039907582
189 0.000574625710115
190 0.000505440970964
191 0.00104058272633
192 0.000467064218593
193 0.00082284408184
194 0.000424231854989
195 0.000568396122977
196 0.00250417652101
197 0.00106332703214
198 0.00744901965052
199 0.0272112338215
200 0.00250045634196
201 0.0011558767032
202 0.00244440494612
203 0.00118225630331
204 0.0077893445588
205 0.000717785056409
206 0.00287369788986
207 0.00711949257294
208 0.00172522320101
209 0.000366701352758
210 0.00151440674291
211 0.00253154542937
212 0.00292535808039
213 0.00557440063204
214 0.00751860744188
215 0.00453444192492
216 0.16636551253
217 0.00548155323343
218 0.000826475645426
219 0.000456953600365
220 0.000442695372638
221 0.000970649986105
222 0.000580890792531
223 0.000274110784615
224 0.000253495954595
225 0.000953252385338
226 0.000263321387868
227 0.000489369536989
228 0.0216201105691
229 0.00115221762718
230 0.151798244857
231 0.000626739734719
232 0.000408930375935
233 0.00365939157386
234 0.000188574467156
235 0.000540508178875
236 0.000329048110067
237 0.00106414030706
238 0.000914165043783
239 0.000646023767871
240 0.000492993784686
241 0.00120036095256
242 0.713533663665
243 0.00245546509133
244 0.000791402004589
245 0.000333984671325
246 0.000816326530612
247 0.0012320301147
248 0.00118225630331
249 0.000247875041558
250 0.00224114532398
251 0.000442840299743
252 0.000663686820758
253 0.00334244835974
254 0.000663686820758
255 0.000455921277593
256 0.000855901663036
257 0.00583310173759
258 0.00287727895825
259 0.00116882168164
260 0.00132498944405
261 0.00871294827218
262 0.00886405876659
263 0.00173372224162
264 0.00307798042825
265 0.00702075311613
266 0.0247185430464
267 0.322755228887
268 0.0446456295776
269 0.000642283925567
270 0.00135496255034
271 0.00171255200716
272 0.000284434179657
273 0.000309635542301
274 0.000844650453318
275 0.00351791109254
276 0.000442840299743
277 0.00177977839335
278 0.000499391322616
279 0.000267646923524
280 0.00280299633758
281 0.00354204265891
282 0.00084968261647
283 0.000315804572587
284 0.00121894416353
285 0.000268744961032
286 0.000895516818925
287 0.0013497637051
288 0.0400041179853
289 0.00192650848226
290 0.00179403544534
291 0.000419226463453
292 0.00413029255688
293 0.00588197855785
294 0.00454905222553
295 0.00214234511427
296 0.00026680541103
297 0.00173372224162
298 0.00088292986163
299 0.000361143678013
300 0.00171326055164
301 0.00183509584971
302 0.0483528518923
303 0.000191568587541
304 0.000957998645661
305 0.000416283334074
306 0.000146479569533
307 0.000567867036011
308 0.000844650453318
309 0.000510017144736
310 0.00253154542937
311 0.00234367311253
312 0.00753751914684
313 0.00551836734694
314 0.000113777777778
315 0.00475533223644
316 0.0201147069842
317 0.00113258136095
318 0.000567644027627
319 0.00179403544534
320 0.0020457241319
321 0.00061133921024
322 0.000816326530612
323 9.67477657454e-05
324 0.00506296529715
325 0.00913544956094
326 0.00214902855138
327 0.000161692155969
328 0.000908694363917
329 0.00424036698412
330 0.00165355279696
331 0.00373768229485
332 0.000232642463974
333 0.0015844409352
334 0.00114477924134
335 0.000844650453318
336 0.00103132079886
337 0.00097670498973
338 0.00523384693609
339 0.00578279383592
340 0.00221181965761
341 0.000460444439214
342 0.0023590151719
343 0.00157752190582
344 0.00103480516138
345 0.00084833631822
346 0.00040956833284
347 0.00130538929268
348 0.000722842780022
349 0.00351811803153
350 0.00125400154116
351 0.00351811803153
352 0.0409020984648
353 0.000581083817645
354 0.00327075962539
355 0.00205866497998
356 0.000160073357074
357 0.000738307613797
358 0.000138760325009
359 0.000844650453318
360 0.000250624821604
361 0.000467407556957
362 0.000969815974426
363 0.00118714162677
364 0.00194170203406
365 0.00212571087588
366 0.00165905546469
367 0.00155309421637
368 0.00471755535281
369 0.00750346543816
370 0.100992486959
371 0.00399750722018
372 0.0448137206102
373 0.000707961121135
374 0.00228454014427
375 0.000317751878509
376 0.00240292195309
377 0.00291219507462
378 0.0582263223339
379 0.0300908216388
380 0.00180293696254
381 0.00468566093255
382 0.000207401478222
383 0.00131566090769
384 8.46851593963e-05
385 0.000213491209798
386 0.00325948301862
387 0.000844650453318
388 0.00633699792244
389 0.000258579328805
390 0.000971754864845
391 0.000466996739524
392 0.0439115051903
393 0.000176892211146
394 0.00117414054477
395 0.000285041265668
396 0.000267646923524
397 0.00131243501022
398 0.00454519358948
399 0.00748834665997
400 0.000473558213116
401 0.000184091742147
402 0.0251983409827
403 0.00764096043816
404 0.0796194186299
405 0.026204149521
406 0.0054096509975
407 0.0177716374065
408 0.00158510084396
409 0.00202458679794
410 0.0015844409352
411 0.000996753523174
412 0.00103132079886
413 0.000857421631205
414 0.000857421631205
415 0.0334811241449
416 0.00472685549786
417 0.00064727990111
418 0.00047839601852
419 0.000897352154225
420 0.00247067474048
421 0.000663262120891
422 0.00450465938334
423 0.12442401671
424 0.00103480516138
425 0.00157720646453
426 0.00605899635413
427 0.000419226463453
428 0.00275985320047
429 0.000287273771905
430 0.00867682659067
431 0.00145432347027
432 0.138627813887
