1 0.000502886695156
2 0.0088827204637
3 0.000404517914966
4 0.00068893089687
5 0.000466082609227
6 0.00161314162859
7 0.00910494726415
8 5.89910657312e-05
9 0.00126605985607
10 0.0016759431408
11 0.21650836015
12 0.0026986001012
13 0.00227548034753
14 0.00713258439244
15 0.0024132355957
16 0.00101767645942
17 0.000888729050858
18 0.00143613448344
19 0.00478164080209
20 0.000553112519016
21 0.000852469497576
22 0.002089501093
23 0.0126555384094
24 0.00174063358645
25 0.0137474980048
26 0.000197329727955
27 0.0141620115542
28 0.000524019894771
29 0.00665337884262
30 0.00132446747518
31 0.000367557115435
32 0.00122160429824
33 0.000479234206741
34 0.000888118942152
35 0.000535578809461
36 0.000189269456863
37 0.00151764881352
38 0.0196849733601
39 0.0886015720791
40 0.0030604124812
41 0.0206190053486
42 0.00381630764461
43 0.000415136473625
44 0.00272130261191
45 0.000814724151914
46 0.000886711832595
47 0.00696765059183
48 0.000210283644037
49 0.00149097003715
50 0.00537750187926
51 0.0113307467111
52 0.00909433796763
53 0.0883611058826
54 0.0528782372037
55 0.053105259719
56 0.0003820849071
57 0.00209712638658
58 0.00168263476533
59 0.000244752122882
60 0.00050453312926
61 0.000680529300567
62 0.000415541915927
63 0.000212599785333
64 0.000450346428631
65 0.000649444439249
66 0.000312517738323
67 0.000192233178846
68 0.000530716566719
69 0.000883431121046
70 0.621299222074
71 0.000624880632082
72 0.000685207795785
73 0.000575413359063
74 0.000576720675563
75 0.00258546394714
76 0.00211139390126
77 0.00200480423091
78 0.000849164007096
79 0.0104257427611
80 0.00254415003841
81 0.00108881852268
82 0.00441799795301
83 0.00192323829411
84 0.000215915401489
85 0.000209560419121
86 0.00131931390523
87 0.000940239755264
88 0.000621266807752
89 0.000310448940717
90 0.000918273645546
91 0.00232409854599
92 0.00156151638775
93 0.00147126060808
94 0.000670733342571
95 0.000436380618106
96 0.00293105329668
97 0.00141955513941
98 0.0046802239317
99 0.00549700973991
100 0.00113883007384
101 9.69467455621e-05
102 0.000312202750886
103 0.00615596335333
104 0.0097638293349
105 0.00224844997132
106 0.000384467512495
107 0.000537099954547
108 0.00385846757499
109 0.000940239755264
110 0.000223178519926
111 0.00131963600335
112 0.000306066332654
113 0.000341716561645
114 0.000459576945441
115 0.00155149864042
116 0.0155145361104
117 0.00194721494131
118 0.000310448940717
119 0.0011560132268
120 0.00231948798975
121 0.00149904351801
122 0.00178780004
123 0.00079723183391
124 0.0013991026164
125 0.000573659162201
126 0.000909633136095
127 0.00672672220132
128 0.007705731276
129 0.00103086689131
130 0.000592473122704
131 0.00286261362149
132 0.00174063358645
133 0.00221285684293
134 0.00149817603227
135 0.00126076454526
136 0.000260670962986
137 0.000367557115435
138 9.30990375645e-05
139 0.000517449177369
140 0.000507909605405
141 0.000910592594831
142 0.00200138507978
143 0.00621517545799
144 0.0572765802804
145 0.0391627479972
146 0.00112570264446
147 0.0110106814621
148 0.000192459398469
149 0.00145118236635
150 0.00879651710687
151 0.00171302372016
152 0.0505798293576
153 0.000888729050858
154 0.00019137625651
155 0.000756483464535
156 0.000837460324025
157 0.00452482633652
158 0.00191865258271
159 0.00103032168133
160 0.000849164007096
161 0.00321885616992
162 0.00154189029665
163 0.00122160429824
164 0.000773357589469
165 0.000505440970964
166 0.0030888026287
167 0.000150551394482
168 0.000517355371901
169 0.000507518002008
170 0.00042259273527
171 0.000918982190026
172 0.000531680984686
173 0.000604203977755
174 0.000443548844222
175 0.013580160215
176 0.0035375365215
177 0.00205412141806
178 0.0393004790954
179 0.00732271145886
180 0.000975029726516
181 0.000519188965374
182 0.0003738375894
183 0.000195015490109
184 0.00171302372016
185 0.00513559790904
186 0.000285721992045
187 0.000632886357343
188 0.000559798798846
189 0.0102377913928
190 0.0915265291642
191 0.0109224829165
192 0.00224883060877
193 0.00039361316702
194 0.00101544982252
195 0.000251952632905
196 0.00685276961537
197 0.00344517958412
198 0.000244752122882
199 0.0005789604834
200 0.000438430674391
201 0.000280694059922
202 0.000440612175983
203 0.000697204967413
204 0.00340434072742
205 0.00688997842374
206 0.0104166628413
207 0.206128734089
208 0.00447012803144
209 0.0124315453243
210 0.00103277849541
211 0.00113197659184
212 0.00155114792899
213 0.00574771335673
214 0.000582527370807
215 0.0921900223773
216 0.00048133385797
217 0.00275194840097
218 0.00885831938331
219 0.00356098014152
220 0.000610133852583
221 0.00050789868788
222 0.000935550287484
223 0.000244752122882
224 0.00068893089687
225 0.00044962702539
226 0.00111239464339
227 0.000649444439249
228 0.00200612281048
229 0.000108841709218
230 0.000450346428631
231 0.0967538689459
232 0.00084833631822
233 0.000576720675563
234 0.00450997512687
235 0.00196830400692
236 0.0010294832566
237 0.000965020933305
238 0.000132800083857
239 0.00533666918511
240 0.00134115796506
241 0.00371179427069
242 0.000517469351325
243 0.00358527665937
244 0.0517051067538
245 0.0102143757559
246 0.000954992036681
247 0.000233086649962
248 0.000251952632905
249 0.000236686390533
250 0.000384467512495
251 0.000234876176216
252 0.000327876792843
253 0.000328187355598
254 0.00169835490878
255 0.00131931390523
256 0.00717040410508
257 0.00334931280636
258 0.000241304552738
259 0.00877331189658
260 0.00242042531887
261 0.00238351401165
262 0.000389675162334
263 0.141589610696
264 0.00586658057598
265 0.00219613111327
266 0.000403113976861
267 0.00171692290196
268 0.00068816759138
269 0.000419914001612
270 0.0005789604834
271 0.000435648705389
272 0.000167320261438
273 0.000965020933305
274 0.000237536404304
275 0.00440788404851
276 0.00262436684612
277 0.0015564994386
278 0.000190249702735
279 0.00179124868378
280 0.000397420794842
281 0.00127551020408
282 0.00051841234767
283 0.000962241924484
284 0.00172144188144
285 0.000589122443209
286 0.00717335129583
287 0.00366200191904
288 0.00228848294142
289 0.000438367675636
290 0.0198020915097
291 0.00216064342726
292 0.000393770835413
293 0.00237489549177
294 0.0014908632338
295 0.00851459712949
296 0.176379000302
297 0.000781973605977
298 0.00859863184388
299 0.00068893089687
300 0.00154126931787
301 0.00265531932549
302 0.000395430275159
303 0.00178433412604
304 0.00112856002129
305 0.00131931390523
306 0.000244752122882
307 0.00127321481705
308 0.00370488331387
309 0.00101935200815
310 0.000776314964021
311 0.00333961197028
312 0.000403867826015
313 0.000417884335673
314 0.000362045152841
315 0.000246290956708
316 0.00142698431749
317 0.000258897557805
318 0.000888359055416
319 0.00275556106668
320 0.00109985999231
321 0.0033494016988
322 0.152334482462
323 0.0397794628598
324 0.00141200741466
325 0.00106140332917
326 0.000598195035254
327 0.000773357589469
328 0.000505440970964
329 0.000401283078567
330 0.000249695661308
331 0.000447239437391
332 0.00195113051747
333 0.000914358387599
334 0.000589122443209
335 0.000530023372878
336 0.00645988575712
337 0.00035865690664
338 0.0876608911241
339 0.00137257095544
340 0.00287950140929
341 0.00188366763661
342 0.0070151146576
343 0.000958722474325
344 0.000501911577296
345 0.000915456881565
346 0.000860826991709
347 0.00610072840791
348 0.000963882282996
349 0.00397237923198
350 0.000913653408118
351 0.000369507414819
352 0.00178433412604
353 0.000888118942152
354 0.000644180473601
355 0.00215080865364
356 0.000940239755264
357 0.0032819373854
358 8.28812040816e-05
359 0.00331245794731
360 0.00068528823223
361 0.000424774478734
362 0.00458050397143
363 0.0227054389515
364 0.00650321549509
365 0.00178622485183
366 0.00118073682699
367 0.000258897557805
368 0.0148196533452
369 0.0300274917386
370 0.00642120959607
371 0.000477768819612
372 0.00108881852268
373 0.000260145681582
374 0.000183543990691
375 0.0039168932935
376 0.0057784730934
377 0.00289731849495
378 0.000775189625379
379 6.43427035374e-05
380 0.00211360787259
381 0.000200840864212
382 0.000263856321987
383 0.000916729680043
384 0.00212483705305
385 0.00129299850361
386 0.0355080814071
387 0.00477498911761
388 0.000142783759017
389 0.0199331887158
390 0.00100738104043
391 0.0102540218891
392 0.0120116467943
393 0.000517013976322
394 0.00164601172187
395 0.00114909508762
396 0.0029902197272
397 0.00118122859576
398 0.000589888673135
399 0.000769749145219
400 0.000722842780022
401 0.125263511809
402 0.00219853109263
403 0.0707403362081
404 0.000805409470299
405 0.000369507414819
406 0.0005558075581
407 0.0059359363257
408 0.000263856321987
409 0.00052999327157
410 0.00126969124134
411 0.00652181044106
412 0.00620993241986
413 0.000508301208801
414 0.000451891847688
415 0.000241408709229
416 0.000278183477583
417 0.000548710816731
418 0.00084833631822
419 0.201090854737
420 0.000321995210888
421 0.0026986001012
422 0.000228348291713
423 0.00706077734511
424 0.000351106520466
425 0.000794123196567
426 0.000805409470299
427 0.000764653577853
428 0.000723923666271
429 0.00302559588377
430 0.000645200631825
431 0.00557679530329
432 0.0263826738737
