1 0.000682286071183
2 0.00315447081029
3 0.00641271312383
4 0.000491203913284
5 0.00217454085231
6 0.000262511398245
7 0.0007546309145
8 0.000815032315151
9 0.000885834679753
10 0.00041717395019
11 0.018243815323
12 0.001296
13 0.00156873039556
14 0.000483547577021
15 0.00167567826145
16 0.000904516931426
17 0.0014272899503
18 0.000232337207191
19 0.00121456711634
20 0.000344504222103
21 0.00203204383324
22 0.000990052103426
23 0.000870054577502
24 0.000887279311906
25 0.000251346659663
26 0.000800380288977
27 0.00355739752406
28 0.00187369676235
29 0.000467696746926
30 0.000194247835958
31 0.000607816382691
32 0.00168698520076
33 0.00055608805379
34 0.00204558514992
35 0.000510089993881
36 0.000262511398245
37 0.000527056471112
38 0.000231757892669
39 0.000541572083199
40 0.000576737988393
41 0.000579483883926
42 0.0198504371815
43 0.000797402909574
44 0.0173996468982
45 7.12073687114e-05
46 0.00400174889088
47 0.000584214933383
48 0.0031912304232
49 0.00524092801904
50 0.00130177925705
51 0.00107317831035
52 0.00162799614698
53 0.000144481202672
54 0.00158253701116
55 0.00193963194885
56 0.00589880555386
57 0.0419413154888
58 0.000932346599849
59 0.00222810406377
60 0.00107302444691
61 0.000503778733464
62 0.000978260131144
63 0.00114048766408
64 0.000951619405106
65 7.80075522867e-05
66 0.00320366240059
67 0.00447403292997
68 0.223582336977
69 0.00440068456577
70 0.000698005629798
71 0.264314638408
72 0.339395357074
73 0.000865800294451
74 0.00934096499913
75 0.00050817924661
76 0.000663686820758
77 0.00208541607134
78 0.00182356778855
79 0.00137731792529
80 0.367405505539
81 0.00031666764466
82 0.000969815974426
83 0.0295671138664
84 0.00272036467233
85 0.00170535892353
86 0.00061830152719
87 0.00092351342747
88 0.0033434128993
89 0.00119747278879
90 0.000440119321238
91 0.000257141581639
92 0.000641
93 0.000467696746926
94 0.00177474081955
95 0.000963367792823
96 0.0108118400712
97 0.00252421944505
98 0.000734867179562
99 0.000479300819468
100 0.00369133759222
101 0.00216232059658
102 0.000932346599849
103 0.00697670662841
104 0.000295987975488
105 0.00336521121226
106 0.000363311507197
107 0.000590268038355
108 0.0103815948336
109 0.00098855723134
110 0.000983379669536
111 0.000541346616054
112 0.000965218210953
113 0.000474237880756
114 0.000437667407783
115 0.000544343635401
116 0.00092351342747
117 0.000222351734387
118 0.0004327896568
119 0.000221154408803
120 0.000237154660827
121 0.00174148190794
122 0.0691871059495
123 0.00411785032184
124 0.000895516818925
125 0.00506668231457
126 0.000663686820758
127 0.00974135705713
128 0.000652671959081
129 0.00688982758576
130 0.00159739095029
131 0.00217332606946
132 0.668872505754
133 0.0682571857864
134 0.00114048766408
135 0.00339128714085
136 0.000503778733464
137 0.00050691814559
138 0.000415813970817
139 0.000354391965452
140 0.000491203913284
141 0.000227839088644
142 0.000197136001017
143 0.000257141581639
144 0.000152180852676
145 0.000637332331436
146 0.00418061387707
147 0.629877384112
148 0.0109573282495
149 0.000314494406562
150 0.00386412366231
151 0.00121456711634
152 0.00167080221309
153 0.00169835490878
154 0.000237536404304
155 0.000691601169162
156 0.001225515214
157 0.000993919494455
158 0.00136590971128
159 0.000352296067876
160 0.00103224141546
161 0.0184916067463
162 0.054725868243
163 0.000113850630523
164 0.000257
165 0.000268744961032
166 0.00286350264538
167 0.00119747278879
168 0.000865051903114
169 0.000246542387474
170 0.00173879763259
171 0.00785979051432
172 0.141984393183
173 0.00400196844676
174 0.011622821564
175 0.000934363852556
176 0.000611480441292
177 0.00257590460097
178 0.00293553763381
179 0.00310461722176
180 0.000755200745877
181 0.00354277189451
182 0.000214991476896
183 0.000990293815365
184 0.227208906155
185 0.0677095732612
186 0.00155214914922
187 0.0136974278896
188 0.0325395371868
189 0.000337
190 0.00272036467233
191 0.000223600314438
192 0.000410770567183
193 0.000517469351325
194 0.000816326530612
195 0.00082080895018
196 0.000804788491525
197 0.000236262828461
198 0.000517469351325
199 0.00066642291665
200 0.00231359444372
201 0.0117744376409
202 0.0157412900141
203 0.0341967351936
204 0.000985195041585
205 0.00137811488956
206 0.00390022880629
207 0.00626811987548
208 0.00168698520076
209 0.00253468583531
210 0.0005098855359
211 0.0016618171046
212 0.0092933406427
213 0.000897007483368
214 0.00914057685862
215 0.00295452549912
216 0.00152419858944
217 0.000764509758118
218 0.00103991170734
219 0.00347730965955
220 0.000320190558269
221 0.00172081471778
222 0.000404383975813
223 0.00115264441396
224 0.00387033065047
225 0.000247505443675
226 0.000426497800194
227 0.00570783202017
228 0.00326027879084
229 0.000470111322506
230 0.000898166072815
231 0.00167664837335
232 0.00118909689615
233 0.000594539739115
234 0.00171853035235
235 0.000311332301285
236 0.0193886606974
237 0.000422808856058
238 0.00162421722235
239 0.00124392142437
240 0.00133013850611
241 0.000169895866067
242 0.00253211545097
243 0.00555278616822
244 0.00149843912591
245 0.00223015295706
246 0.000565793194458
247 0.000906030133891
248 0.000645490448807
249 0.000216661066768
250 0.00209931305474
251 0.00158352229781
252 0.00049815341056
253 0.00200881234739
254 0.0264718872091
255 0.0424855069414
256 0.00527301638174
257 0.00280976794251
258 0.0166410744885
259 0.000882266444466
260 0.00105863859165
261 0.0010209348982
262 0.00443439352466
263 0.00120734664113
264 0.000826792148537
265 0.00195333637617
266 0.00159002451335
267 0.0187572186039
268 0.0159656852768
269 0.00055608805379
270 0.000518397608028
271 0.000531889543988
272 0.00049233126998
273 0.000200131179734
274 0.00082080895018
275 0.000445552893105
276 0.000469319284292
277 0.00107302444691
278 0.00063729584834
279 0.000193236569115
280 0.00021746055342
281 0.000393680732473
282 0.00115343538626
283 0.00107302444691
284 0.0647652406134
285 0.000867346938776
286 0.000598453293599
287 0.198135769994
288 0.00120272512883
289 0.00123016312712
290 0.00163534029959
291 0.0021500219222
292 0.00101275175637
293 0.000921834478717
294 0.000591592830447
295 0.00430575096108
296 0.00497427194905
297 0.000898166072815
298 0.00412610109545
299 0.00124380157634
300 0.00407424173834
301 0.000425947835325
302 0.0020395421436
303 0.000672912187584
304 0.000228298130709
305 0.00023397884685
306 0.0010084637875
307 0.00172039469954
308 0.000520306089829
309 0.000607529231966
310 0.00206611570248
311 0.000399305047253
312 0.000415813970817
313 0.00149630378081
314 0.0129200911121
315 0.000893069601428
316 0.000936719359894
317 0.000592569276089
318 0.0015705518843
319 0.00968129546298
320 0.00133013850611
321 0.0104838907903
322 0.00286988705403
323 0.000754049086501
324 0.0126699608853
325 0.731714026794
326 0.00459121941131
327 0.00208541607134
328 0.00199880787469
329 0.000467696746926
330 0.000440119321238
331 0.000488601513023
332 0.000467696746926
333 0.000654345813783
334 0.000280917443321
335 0.00229899065477
336 0.0153388365068
337 0.00401378247906
338 0.00586371121317
339 0.00803558673672
340 0.00163248648097
341 0.00252421944505
342 0.000141092774562
343 0.000787271643987
344 0.000638227146814
345 0.00101383629118
346 0.00120045313276
347 0.000995520159283
348 0.000916729680043
349 0.000817605905641
350 0.00205081553832
351 0.000131739016774
352 0.0121763448115
353 0.0036856623057
354 0.0020832335855
355 0.00109684665051
356 0.00237716888196
357 0.00113197659184
358 0.000882266444466
359 0.000253459072795
360 0.000283656509695
361 0.000211955446303
362 0.00117279856805
363 0.00339632149156
364 0.000768169929546
365 0.00249942023757
366 0.000643635827273
367 0.0011250743605
368 0.000304035850617
369 0.000921483476233
370 0.00152262769281
371 0.000497357638339
372 0.00430575096108
373 0.488354311014
374 0.000140706956917
375 0.000858149752054
376 0.00170535892353
377 0.00326361807477
378 0.000910592594831
379 0.00284566608603
380 0.00485268499853
381 0.000528957682539
382 0.00191064910344
383 0.000618796564441
384 0.00115343538626
385 0.000576737988393
386 0.00204333445051
387 0.000322466465377
388 0.000357472470649
389 0.000217861957217
390 0.00115264441396
391 0.0251732431026
392 0.0386641059478
393 0.000681230154589
394 0.000872735524045
395 0.00396457398386
396 0.00153435136379
397 0.00436981194316
398 0.00036044290212
399 0.000202353909962
400 0.0889766563492
401 0.00370173963655
402 0.00722147212356
403 0.0013991026164
404 0.0217536699064
405 0.00528732707264
406 0.00640290167674
407 0.000406329871394
408 0.000634637756491
409 0.00225489692093
410 0.00168659682166
411 0.000421986794852
412 0.000474237880756
413 0.00241622837133
414 0.000174274853228
415 0.000531889543988
416 0.00021226385646
417 0.000702987509409
418 0.0902170297695
419 0.00332917129148
420 0.000746312373987
421 0.00639092091378
422 0.0748849012064
423 0.00149521009759
424 0.000458799648421
425 0.000344504222103
426 0.0016654106794
427 0.00564878334735
428 0.00718699027245
429 0.00438697729993
430 0.0340619527592
431 0.0355586792643
432 0.000861291623248
