1 0.000520291363163
2 0.00103480151056
3 0.00602584674145
4 0.000674650025299
5 0.00029129013383
6 0.000674489856002
7 0.000247513025856
8 0.00520563291126
9 0.00106414750053
10 0.000339000557497
11 0.000115344524126
12 0.000199425250197
13 0.000909524460851
14 0.00378007729852
15 0.00492982541934
16 0.00202768579371
17 0.00100530641709
18 0.000356056126732
19 0.00244832989058
20 0.000286108756118
21 0.000143640673877
22 0.0109572536916
23 0.000504356888538
24 0.00115742546876
25 0.000541894673144
26 0.00228795627859
27 0.0152670059889
28 0.0135626430801
29 0.00347222222222
30 0.0126167598855
31 0.000192566772152
32 0.000280347342111
33 0.000434772374821
34 0.00213222724045
35 0.00121320338954
36 0.000496928108358
37 0.000341984635217
38 0.000219117069049
39 0.000885868451609
40 0.000283646157731
41 0.00236381711979
42 0.00856555348974
43 0.0054163447778
44 0.0592253581328
45 0.000240904137086
46 0.000317893275144
47 0.00111226942337
48 0.000488772562922
49 0.000736719550001
50 0.00176601772932
51 0.00167958222852
52 0.000188260829843
53 0.00118981406204
54 0.0016618171046
55 0.0126829470122
56 0.000470133721075
57 0.00158450595282
58 0.0125455105834
59 0.00167011122789
60 0.000783836062434
61 0.000469060656641
62 0.00126819240959
63 0.000921373301218
64 0.000463905325444
65 0.000228298130709
66 0.00048536412678
67 0.000430433360307
68 0.00163991530633
69 0.000730701664363
70 0.00317103421766
71 0.00137121152591
72 0.00073304417022
73 0.0120351188905
74 0.0508413340373
75 0.0742137167518
76 0.000643225550486
77 0.000964801854564
78 0.00150994798509
79 0.00121629665278
80 0.00635064738876
81 0.000492224340689
82 0.000656526639734
83 0.000659339317584
84 0.079078461499
85 0.000954905218902
86 0.000232089667878
87 0.000201912489865
88 0.0043881132497
89 0.00029129013383
90 0.000284511540136
91 0.0004860197394
92 0.00079598274388
93 0.000548822398968
94 0.000144138136833
95 0.00874639791157
96 0.00254914958334
97 0.0113046845175
98 0.00478146358487
99 0.00119073596509
100 0.0685212785248
101 0.00110190940239
102 0.00110217842324
103 0.00416564816431
104 0.00551836734694
105 0.000599560600342
106 0.00187116973036
107 0.00254352905963
108 0.00257213226092
109 0.00158450595282
110 0.00665560981838
111 0.00917572795218
112 0.000884417985864
113 0.00247468370739
114 0.000499342130376
115 0.00048536412678
116 0.00079598274388
117 0.00130440756165
118 0.000217060257963
119 0.00130386451105
120 0.000600730488274
121 0.00434153682357
122 0.00544788370463
123 0.00109886755594
124 0.000589115622684
125 0.00318239452191
126 0.0157209735899
127 0.00119073596509
128 0.000273724467245
129 0.000884417985864
130 0.00310671815401
131 0.000973694718141
132 0.000211955446303
133 0.000626933486858
134 0.0568311199272
135 0.135342558575
136 0.00219910159863
137 0.0129808597815
138 0.000266555601833
139 0.000126958936719
140 0.00252668903587
141 0.00079598274388
142 0.00106332703214
143 0.000178570542805
144 0.000315191136316
145 0.000704336639244
146 0.000712482398372
147 0.000178570542805
148 0.000340799737925
149 0.0157413956978
150 0.00166250924001
151 0.00520168184294
152 0.000196294331081
153 0.0329282732853
154 0.000764546167975
155 0.00081061150032
156 0.00224983618727
157 0.00023190600304
158 0.00108841771893
159 0.00328864863384
160 0.00117363975777
161 0.00820835447471
162 0.00387176750425
163 0.0266394657425
164 0.000490334141142
165 8.22454883686e-05
166 0.000234497111461
167 0.00354504456738
168 8.34857893788e-05
169 0.000264392887831
170 0.00079598274388
171 0.000496928108358
172 6.8679222246e-05
173 0.000317654821378
174 0.000199425250197
175 0.00020263167893
176 0.00022531526603
177 0.00512351511932
178 0.00138809384802
179 0.00061981372421
180 0.131732891075
181 0.00213285529896
182 0.00115544776461
183 0.00254336455705
184 0.000304200807994
185 0.00414543266898
186 0.00746753052169
187 0.000102412220463
188 0.00436331371191
189 0.0098306688109
190 0.00140918434857
191 0.0016787727958
192 0.0128998000036
193 0.00672143153953
194 8.45164781365e-05
195 0.000263856321987
196 0.00126767298635
197 0.00029129013383
198 0.000512792743121
199 0.00143835846217
200 0.000181999664438
201 0.000188512271625
202 0.000226030612659
203 0.000590065039118
204 0.00472802165334
205 0.0370183658656
206 0.0863584599296
207 0.00149332265223
208 0.00477497872466
209 0.0101833800745
210 0.00216552870155
211 0.000573162573059
212 0.00155887357197
213 0.00981949096287
214 0.00093128352737
215 0.000633384203033
216 0.00257514792899
217 0.000973041092693
218 0.000903425819003
219 0.000463905325444
220 0.00126767298635
221 0.000264887010745
222 0.000330823976292
223 0.000498869233781
224 0.000159221407318
225 0.000645490448807
226 0.00048536412678
227 0.000348095440058
228 8.13768872737e-05
229 0.0216414252122
230 0.00542400891995
231 0.0154102259215
232 0.00374017084159
233 0.000367557115435
234 0.00021826447345
235 0.000892546615933
236 0.000116401255133
237 0.00196879485039
238 0.00340119658678
239 0.0230077584275
240 0.00551345187347
241 0.00307115683739
242 0.35153187329
243 0.0037184467376
244 0.000455710097285
245 0.00311341487406
246 0.0013159278139
247 0.00594286800287
248 0.000507370727321
249 0.0164266220033
250 0.000201912489865
251 0.000564739984675
252 0.00079598274388
253 0.000284511540136
254 0.000963139120095
255 0.000153960068629
256 0.000211955446303
257 0.000218354987552
258 0.000350895460225
259 0.0687537478183
260 0.000596679330832
261 0.162528934063
262 0.00258567165251
263 0.00120604973668
264 0.00603116792864
265 0.000176994197758
266 0.000949019472805
267 0.00241921041837
268 0.000279846878844
269 0.00236461802933
270 0.00212107363035
271 0.000443658793857
272 0.00178164054852
273 0.00180056595641
274 0.0128940376236
275 0.000188296767474
276 0.0489535330789
277 0.000922929017786
278 0.00201732354723
279 0.00321345382739
280 0.000496928108358
281 0.000512792743121
282 0.000564739984675
283 0.0011430328714
284 0.00213222724045
285 0.000555199734215
286 0.000627153619769
287 0.000339000557497
288 0.0336682825366
289 0.000712482398372
290 0.000526049995792
291 0.000188296767474
292 0.000367557115435
293 0.199244955033
294 0.00100310023445
295 0.00319198897708
296 0.000442769132593
297 0.0102893638429
298 0.00103921398892
299 0.000379289940828
300 0.00110496389684
301 0.0011665348422
302 0.00434267220593
303 0.000564371098247
304 0.000562441525946
305 0.000198723049157
306 0.000464098538824
307 0.000536830432874
308 0.00029129013383
309 0.000496928108358
310 0.0004860197394
311 8.76476456216e-05
312 0.000109928792816
313 0.000650770512287
314 0.00761364029303
315 0.0010991153975
316 0.000538826083321
317 0.000428392125776
318 0.0991854024904
319 0.00382499403835
320 0.00207246679695
321 0.0286088494615
322 0.000703469550983
323 0.00832588336685
324 0.00320650752785
325 0.000937268292586
326 0.00393017751479
327 0.00983740065062
328 0.00492982541934
329 0.142071015795
330 0.000100079920051
331 0.00949587819298
332 0.00073046018992
333 0.00106187033383
334 0.00101675687507
335 0.00387976904255
336 0.0017098399473
337 0.00121320338954
338 0.0004860197394
339 0.000239585495764
340 0.000546513779224
341 0.000215470078276
342 0.000445085367373
343 0.00198791026005
344 0.0046179463942
345 0.00920747540596
346 0.000915695734254
347 0.00530391822056
348 0.00142071005917
349 0.00178218364882
350 0.00769091364139
351 0.000940610030553
352 0.00109468208338
353 0.00840748653515
354 0.000165424261536
355 0.000158940505136
356 0.000375414156024
357 0.0100625057515
358 0.00394005981079
359 0.0051156138376
360 0.000507370727321
361 0.00190633784376
362 0.000953252385338
363 0.00175696511169
364 0.000374416509312
365 0.00232140146516
366 0.000526891675785
367 0.000266555601833
368 0.000543013344174
369 0.0912812814469
370 0.00109171645927
371 0.000459708904966
372 0.0843386080353
373 0.000999801823226
374 0.0022589599387
375 0.000664631906891
376 0.00048516369423
377 0.00097076823656
378 0.00180606570288
379 0.000305574792244
380 0.000112570049701
381 0.215213961708
382 0.000354126768319
383 0.000266555601833
384 0.00204793462979
385 0.0353141817928
386 0.000514862084783
387 0.000166493236212
388 0.00029129013383
389 0.000457352434322
390 0.000536830432874
391 0.000496928108358
392 0.000309479723379
393 0.0012388414997
394 0.00868821350679
395 0.00174175100383
396 0.00654892409887
397 0.000184480040124
398 0.0114109101053
399 0.00214371081291
400 0.000428061831153
401 0.0116760621076
402 0.000547564162623
403 0.0365754402187
404 0.00179981634527
405 0.000202701210528
406 0.00905830893219
407 0.00165355279696
408 0.00188366763661
409 0.0188174922848
410 0.0108100085643
411 0.00425061816234
412 0.000284182751789
413 0.00102582287458
414 0.00121320338954
415 0.000590065039118
416 0.000528957682539
417 0.000992942909405
418 0.00190046351997
419 0.00170766872649
420 0.000601691657055
421 0.0206452225779
422 0.000885185438153
423 0.001352886775
424 0.00479645220342
425 0.083370326874
426 0.000176305504382
427 0.000403113976861
428 0.000727180911501
429 0.00094653124515
430 0.00208383784323
431 0.00233509355636
432 0.000973241530428
