1 0.00182125892168
2 0.00124627311912
3 0.00109171645927
4 0.00224376731302
5 0.000494170274717
6 0.000243664485425
7 0.000182465110476
8 0.000466082609227
9 0.00753520447531
10 0.0129433503124
11 0.00036868719045
12 0.00110364041039
13 0.00498633973089
14 0.000257480954649
15 0.0017137243548
16 0.000149061646744
17 0.00235792033269
18 0.00603164585122
19 0.000791662214414
20 0.00162072680951
21 0.000909637581885
22 0.00242246757931
23 0.0031700949069
24 0.00244440494612
25 0.012927417729
26 0.00629141432104
27 0.0307202541943
28 0.000192901234568
29 0.000526891675785
30 0.000580076551542
31 0.00345335242597
32 0.000192901234568
33 0.000192901234568
34 0.00120647039726
35 0.000245058733717
36 0.000770415566675
37 0.000147643836616
38 0.00886735605384
39 0.000602785088785
40 0.000550883701938
41 0.0148730705719
42 0.00653170518728
43 0.000213267466675
44 0.000492098766828
45 0.000836760697408
46 0.00465030289045
47 0.00118260564745
48 0.000233551223599
49 0.0006423205551
50 0.000603944113567
51 0.0347800978335
52 0.0544984291441
53 0.0796908999559
54 0.0181276954859
55 0.000341025172537
56 0.00154468559346
57 0.00194870546222
58 0.00220288163709
59 0.00114263043047
60 0.000941417631447
61 0.000443555281967
62 0.00110496389684
63 0.000494170274717
64 0.00160601691729
65 0.000236977965978
66 0.00112792851536
67 0.0848556566428
68 0.00209767150469
69 0.000964801854564
70 0.00350164575634
71 0.0219641405205
72 0.00200985613351
73 0.0024418624534
74 0.000684954392061
75 0.000487226828032
76 0.00106140332917
77 0.000602324263039
78 6.16759409007e-05
79 0.00053168370377
80 0.0181517019034
81 0.000652671959081
82 0.00112647755037
83 0.0264632596486
84 0.000906572582122
85 0.188615329317
86 0.000507264020778
87 0.000589736046513
88 0.000235326777889
89 0.000555041300038
90 0.00119007368626
91 0.00224376731302
92 0.000361983926755
93 0.00021826447345
94 0.00111049107143
95 0.0100516757386
96 0.0162422731921
97 0.00382382610413
98 0.00489697492607
99 0.0034693877551
100 0.000351211200996
101 0.00859258639912
102 0.00304999475166
103 0.00110594401778
104 0.0033303411686
105 0.00101675687507
106 0.000210478900923
107 0.000179233210895
108 0.00199213944513
109 0.00859662587674
110 0.00094674556213
111 0.000154193932183
112 0.00020777534291
113 0.000471703800154
114 0.00131558422327
115 0.00454896873868
116 0.000470950279707
117 0.00219647201338
118 0.000475065159937
119 0.000291603895017
120 0.000536830432874
121 0.00109282152858
122 0.00899695632844
123 0.00198505523067
124 0.206337736327
125 0.00276373963492
126 0.00442073208999
127 0.000267690310369
128 0.00202216634571
129 0.014421841775
130 0.00264194516736
131 0.0321981656367
132 0.000819642133676
133 0.00075344921795
134 0.00120284673728
135 0.0146383935376
136 0.0213876707708
137 0.0030845252554
138 0.00453355389581
139 0.00152199379285
140 0.000608827720076
141 0.000508153790235
142 0.000226981745702
143 0.00250173701575
144 0.00051100127551
145 0.000310072824721
146 0.000742957143562
147 0.000605378900137
148 0.0202333196539
149 0.00898199445983
150 0.00121176814308
151 0.00098643245674
152 0.00345385569528
153 0.407357611417
154 0.000191131052969
155 0.00214674730195
156 0.000684954392061
157 0.00154900727408
158 0.00276819089431
159 0.00119547157578
160 0.000876589297286
161 0.002888300936
162 0.00735782018219
163 0.380316965939
164 0.012876549676
165 0.00051841234767
166 0.00105267429592
167 0.00119156300703
168 0.00126544704651
169 0.000794561613348
170 0.000791565227641
171 0.00704923201658
172 0.000552800370297
173 0.00102740593458
174 0.00736995591488
175 0.00124665920948
176 0.00133455822707
177 0.00114355060795
178 0.00122598058831
179 0.000590760030864
180 0.00329646429969
181 0.00103872038625
182 0.000198723049157
183 0.00262356130375
184 0.00234439688169
185 0.000607739049557
186 0.000541840489096
187 0.00164763539768
188 0.00149578773469
189 0.000548973244362
190 0.00337154948292
191 0.230786823213
192 0.0066982464572
193 0.00220379912215
194 0.00207766360195
195 0.000181179726764
196 0.000988618827161
197 0.00145407197687
198 0.00140077288738
199 0.00145407197687
200 0.00257252856307
201 0.00365231332497
202 0.00518056615656
203 0.00614910008552
204 0.0119903585582
205 0.00536349533358
206 0.00316941436615
207 0.0215523534253
208 0.00246047493071
209 0.00182819671732
210 0.00152199379285
211 0.0068713346112
212 0.000548973244362
213 0.000337638147943
214 0.00653501031724
215 0.000431865749868
216 8.93380145225e-05
217 0.000575631536872
218 0.0159912654053
219 0.00160601691729
220 0.00120284673728
221 0.00324210686288
222 0.000494170274717
223 0.00059488399762
224 0.000513749820668
225 0.000129145408163
226 0.000371535284855
227 0.00200047504041
228 0.248413737304
229 0.0373532810504
230 0.00215560754922
231 0.00129933004059
232 0.0145470217907
233 0.00231159136188
234 0.00022521017554
235 0.00064974908889
236 0.408379837921
237 0.000965546300439
238 0.00124679218331
239 0.000539828084189
240 0.000551037051731
241 0.00941542012974
242 0.0047985652738
243 0.00299264168932
244 0.00595125263391
245 0.000269577928728
246 0.000684382268686
247 0.000113014079142
248 0.00186242008213
249 0.000226981745702
250 0.000576552547331
251 0.000526049995792
252 0.00120647039726
253 0.0015564994386
254 0.00244323039568
255 0.00566460742672
256 0.0135949218635
257 0.000344504222103
258 0.000991399953759
259 0.00385552545637
260 0.00384968842353
261 0.00433272527638
262 0.00039681909811
263 0.00277921774791
264 0.00239537791732
265 0.00236509270979
266 0.00027427259067
267 0.00115496299788
268 0.00845451353923
269 0.00220710778794
270 0.012842186184
271 0.17253820386
272 0.000157535404924
273 0.00320553072453
274 0.00120284673728
275 0.00215779280889
276 0.00109081727127
277 0.000251632997501
278 0.000554154652594
279 0.00140077288738
280 0.00109171645927
281 0.000791565227641
282 0.000742957143562
283 0.000592569276089
284 0.0031700949069
285 0.000742957143562
286 0.00214091901691
287 0.000578163885261
288 0.00103872038625
289 0.00697237210573
290 0.0013004785421
291 0.007052272499
292 0.000976712988571
293 0.000607630470724
294 0.00116279015292
295 0.000488601513023
296 0.000687907791739
297 0.000565362515515
298 0.00154240695777
299 0.00233001800245
300 0.0880702894806
301 0.0486097575485
302 0.000540832882639
303 0.000664575446187
304 0.000221113583284
305 0.000388802252873
306 0.00118000116543
307 0.00103872038625
308 0.00390022880629
309 0.00112356043819
310 0.000985095115646
311 0.000995482690046
312 0.00375586267988
313 0.00155912543376
314 0.00236452753357
315 0.0187314589035
316 0.00311882288802
317 0.000187011469063
318 0.00154900727408
319 0.00112484252907
320 0.000692520775623
321 7.51779210799e-05
322 0.513525303579
323 0.0151837631869
324 0.000431865749868
325 0.00122397980433
326 0.00236240333135
327 0.00399943757909
328 0.000156358563485
329 0.000589736046513
330 0.000791565227641
331 0.000258893515764
332 0.0010175414097
333 0.0010175414097
334 0.00154900727408
335 0.00107497984413
336 0.000116816558997
337 0.00145679156226
338 0.557936516011
339 0.00152505515785
340 0.0433298479498
341 0.00613118579086
342 0.00285087595742
343 0.00572452718137
344 0.00162912641912
345 0.000592569276089
346 0.000664257625678
347 0.000550573291956
348 0.000541840489096
349 0.0011867860168
350 0.000607161981541
351 0.0123947487551
352 0.000683911821711
353 0.000250349235207
354 0.0297904295096
355 0.0239871801308
356 0.000575631536872
357 0.000366459317825
358 0.000257886148954
359 0.0034922315752
360 0.0025518120948
361 0.00108825120023
362 0.00123355145747
363 0.000514427293818
364 0.00160640901126
365 0.000554154652594
366 0.000401926934185
367 0.00154358310253
368 0.000270099359696
369 0.00039681909811
370 0.000445043293954
371 0.000292805739555
372 0.00106140332917
373 0.00134434123352
374 0.00111347933581
375 0.000501780517683
376 0.00476660674575
377 0.000272380448479
378 0.000775997784156
379 0.00155644811084
380 0.00864806431998
381 0.000224859440891
382 0.0452356445681
383 0.000250034701507
384 0.000597361773582
385 0.000748330115206
386 0.000301125438711
387 0.00120647039726
388 0.000284182751789
389 0.000554154652594
390 0.000536830432874
391 0.00769921205119
392 0.00208047912216
393 0.000235326777889
394 0.00292316244611
395 0.000563905848609
396 0.00285477335858
397 0.0678204498807
398 0.00225413625197
399 0.000540832882639
400 0.000249964848693
401 0.000290850486371
402 0.00198151956647
403 0.000796500881603
404 0.000652671959081
405 0.181668818318
406 0.0140332602462
407 0.0021288405134
408 0.000589546348533
409 0.000412859346795
410 0.000581004674025
411 0.000245058733717
412 0.00344580010161
413 0.000569059204009
414 0.00212697429327
415 0.000550573291956
416 0.00563543115214
417 0.00224692475691
418 0.00990171258275
419 0.00185654449216
420 0.0122447392514
421 0.0116918174354
422 0.000289084918695
423 0.00327286414053
424 0.153430206947
425 0.000403219302914
426 0.000194071457979
427 0.00228191971776
428 0.00154900727408
429 0.000908081649829
430 0.00516085348131
431 0.0308740586399
432 0.00483455111846
