1 0.00114210495211
2 0.000497310119268
3 0.00021507526374
4 0.000444397917084
5 0.000225721731694
6 0.000867132604475
7 0.000969815974426
8 0.000770415566675
9 0.000797564795282
10 0.0384623948308
11 0.000963350033363
12 0.00149474579759
13 0.00213572844596
14 0.00553683710963
15 0.00174439228354
16 0.260716678432
17 0.0104405590293
18 0.0596655712403
19 0.000675351506952
20 0.000326607635361
21 0.00108483747109
22 0.000221113583284
23 0.00155338104036
24 0.000472209703418
25 0.00404698916604
26 0.00892801785604
27 0.00164475211413
28 0.00131847441736
29 0.00138637392485
30 0.000222351734387
31 0.00148673119482
32 0.00209030612245
33 0.000563667863446
34 0.000953987919586
35 0.00048176203114
36 0.00100249928642
37 0.000467696746926
38 0.000969815974426
39 0.000200131179734
40 0.000194926430501
41 0.000541840489096
42 0.00449720093625
43 0.00105244435092
44 0.00254156170368
45 0.00760238582704
46 0.00204283571132
47 0.00111952815504
48 0.00104715165608
49 0.000657878640693
50 0.00485569436447
51 0.00149827934779
52 0.0113036997328
53 0.00022236101619
54 0.000776390073709
55 0.827609292713
56 0.000174274853228
57 0.00481214938345
58 0.00169265573525
59 0.000768098088971
60 0.00275749946859
61 0.000464202584312
62 0.000128658976139
63 0.000620590355496
64 0.000544198390375
65 0.000998981747771
66 0.000227409811134
67 0.00115126216887
68 0.00147928994083
69 0.00186384094607
70 0.000188296767474
71 7.19538855542e-05
72 0.0026986001012
73 0.00121550662142
74 0.000938367501206
75 0.00459638035047
76 0.0234159661646
77 0.0129204486196
78 0.000959591263663
79 0.00157163260758
80 0.0148355883202
81 0.00583219351285
82 0.000236104851709
83 0.000245705123561
84 0.000544500838837
85 0.000534601030004
86 0.000698251167218
87 0.107916575384
88 0.00376963575701
89 0.000875530934211
90 0.000191568587541
91 0.00112565565533
92 0.0010131640974
93 0.00244130708182
94 0.0019833348785
95 0.000806058374548
96 0.000590065039118
97 0.000816009712506
98 0.00113617228194
99 0.00031887755102
100 0.000292805739555
101 0.00164783978189
102 0.0038825499102
103 0.000488077507622
104 0.00145454664026
105 0.000937109537693
106 0.00248108792447
107 0.00257162996775
108 0.00186688579661
109 0.00360142894017
110 0.000782012151266
111 0.00125165517522
112 0.000653854728404
113 0.00245377603543
114 0.00109675650393
115 0.037866332947
116 0.000818924226761
117 0.00489224226402
118 0.00108285512802
119 0.000524124837312
120 0.00315159947621
121 0.000291075302995
122 0.00137174211248
123 0.00060546996094
124 0.00021507526374
125 0.000586099220422
126 0.000582639714625
127 0.0257715225211
128 0.000214681533363
129 0.00225959631026
130 0.000433305301369
131 0.00118974895566
132 0.0434877036043
133 0.00459066429452
134 0.000385701262244
135 0.00115017786267
136 0.00333123160148
137 0.000154075693295
138 0.000467635653558
139 0.000451923966866
140 0.00606273675772
141 0.0596764666913
142 0.000482532850389
143 0.000483458375007
144 0.00195203609819
145 0.000637032023694
146 0.00280225302238
147 0.00201347797502
148 0.000477560027385
149 0.00236953645063
150 0.0012681052258
151 0.000501109711756
152 0.000539828084189
153 0.00245470652404
154 0.00599247824182
155 0.0147695970313
156 0.0117500087586
157 0.00242366863905
158 0.00143017751479
159 0.00303039356507
160 0.000360987336369
161 0.000995482690046
162 0.00047258979206
163 0.000929191452873
164 0.00061133921024
165 0.00147990605492
166 0.00285320751586
167 0.0389463558135
168 0.00165848146308
169 0.000262213056354
170 0.000302020590371
171 8.43398583923e-05
172 0.00868897504732
173 0.0305614177022
174 0.00244106297552
175 0.000806058374548
176 0.000366216865515
177 0.000214288883178
178 0.000914358387599
179 0.00015256643597
180 0.000926488242356
181 0.000154075693295
182 0.0174075060227
183 0.00179359936772
184 0.0198564770334
185 0.0068392189995
186 0.0021876045091
187 0.00670823084534
188 0.0842083563208
189 0.00157163260758
190 0.00106484863242
191 0.00239248582231
192 0.000736420149186
193 0.000751844799062
194 0.00152315398259
195 0.00260505072523
196 0.00471550322959
197 0.00315206470331
198 0.00722867034314
199 0.0406273523261
200 0.00112005710369
201 0.000297265160523
202 0.000200912942155
203 0.00117401315727
204 0.0034729641274
205 0.00194870546222
206 0.000541840489096
207 0.00046805658284
208 0.000502448836436
209 0.00105186267348
210 0.0293207604737
211 0.00722867034314
212 0.000832410346272
213 0.000590065039118
214 0.000874106118199
215 0.000375015575727
216 0.00185150783808
217 0.000398884029217
218 0.00227860280657
219 0.000507264020778
220 0.000170167699452
221 0.0158529307028
222 0.00196282647012
223 0.016700439936
224 0.00511518295259
225 0.00114693411943
226 0.0131572884349
227 0.000720220791409
228 0.000316361761627
229 0.000211186098675
230 0.000225721731694
231 0.000867132604475
232 0.000634856888451
233 0.0146090349205
234 0.000333883037343
235 0.000514577921034
236 0.12249241385
237 0.000893569330559
238 0.000732097572757
239 0.0247470197303
240 0.00486328858017
241 0.001073751215
242 0.00117833745924
243 0.0116228539137
244 0.000358700642792
245 0.0026054477761
246 0.00231274330758
247 0.040878221569
248 0.00190078661048
249 0.00122160429824
250 0.00210961546027
251 0.00100010350107
252 0.000252936822877
253 0.00116926478309
254 0.000146923783287
255 0.00015256643597
256 0.0149470858882
257 0.00469119427219
258 0.00340666268332
259 0.375255400944
260 0.00207922138293
261 0.00187701157243
262 0.00322580012397
263 0.000364084442115
264 0.00212483705305
265 0.00780618185076
266 0.00137798438935
267 0.000571676719099
268 0.0105276625886
269 0.000807434870594
270 0.00237524273743
271 0.0015265618711
272 0.166692326973
273 0.00332826803375
274 0.000960248044796
275 0.000552073322404
276 0.00298879595874
277 0.00179670382299
278 0.000488601513023
279 0.000316361761627
280 0.000547945546279
281 0.00209321201247
282 0.000969815974426
283 0.000529932270416
284 0.000520306089829
285 0.214839741103
286 0.00452838749492
287 0.00143835846217
288 0.00235075843515
289 0.0013371574961
290 0.00104251532694
291 0.000284182751789
292 0.000650069114212
293 0.00175096864811
294 0.00286394295618
295 0.000507264020778
296 0.00150603948112
297 0.00508444630904
298 0.00172728718074
299 0.0289595679825
300 0.242154262461
301 0.000231500208025
302 0.00520497419793
303 0.000488601513023
304 0.000969815974426
305 0.000620590355496
306 0.000569059204009
307 0.00361895104302
308 0.00105186267348
309 0.000522210227634
310 0.00849455286797
311 0.0033373914455
312 0.0036149870174
313 0.0164422398505
314 0.00117866561593
315 0.00641192006255
316 0.000577067895427
317 0.00105228396623
318 0.00102251644459
319 0.000412314734115
320 0.000271209367772
321 0.000374416509312
322 0.00226091451951
323 0.00128485799403
324 0.00142231615188
325 0.00184037961922
326 0.0029732981628
327 0.206550867188
328 0.00113338847395
329 0.000266991328122
330 0.00668169351731
331 0.00114398839909
332 0.00148628145503
333 0.00026396041533
334 0.00192837334072
335 0.000806058374548
336 0.000553112519016
337 0.00244106297552
338 0.000159221407318
339 0.000295631838556
340 0.000529932270416
341 0.00871294827218
342 0.00896262646185
343 0.00606936224697
344 0.00616495819556
345 0.00400007119208
346 0.492881318095
347 0.00470958767621
348 0.00200524328204
349 0.0011330530733
350 0.000194410375106
351 0.00181996845641
352 0.00156236521006
353 0.0119014003673
354 0.0205048946744
355 0.000515591061218
356 0.00170471476372
357 0.000907219809411
358 0.00359830270722
359 0.000303200013623
360 0.000542850914031
361 0.00125550251101
362 0.000196449293239
363 0.000867493759246
364 0.000297494531789
365 0.000384049044485
366 0.027625062607
367 0.000456169902703
368 0.00449223382616
369 0.00631011599582
370 0.000937109537693
371 0.000525926230865
372 0.000913653408118
373 0.00677550464775
374 0.0010565419416
375 0.000818924226761
376 0.00888408755746
377 0.00213681819991
378 0.00481335575966
379 0.000707741590883
380 0.00127551020408
381 0.0004610185341
382 0.00112356043819
383 0.000452693526483
384 0.000629445678053
385 0.00114477924134
386 0.000357616136556
387 0.00234147343295
388 0.000507264020778
389 0.000772480518273
390 0.000248000496001
391 0.0122849377563
392 0.00122160429824
393 0.00355674731248
394 0.00258983380643
395 0.00186969516057
396 0.00243472410732
397 0.000320341026755
398 0.000515591061218
399 0.000100400817385
400 0.000962413025095
401 0.0148175512634
402 0.000898501872919
403 0.00667182050808
404 0.000899195161401
405 0.00414930571595
406 0.000262213056354
407 0.0224485784439
408 0.000185423268447
409 0.00551214377109
410 0.00107256490162
411 0.00060546996094
412 0.0010131640974
413 0.00361806772571
414 0.00015256643597
415 0.000226554887789
416 0.000150865201224
417 0.00702702397718
418 0.00352432987966
419 0.00266901344448
420 0.00296267250487
421 0.00200612281048
422 0.00044962702539
423 0.000451923966866
424 0.000364880306038
425 0.000986815054412
426 0.0047485900582
427 0.00449961380082
428 0.000953319126853
429 0.00171562620356
430 0.0167249403042
431 0.0847492923108
432 0.0777285770275
