1 0.00123703549656
2 0.047621248519
3 0.00261394002709
4 0.000208150219411
5 0.000455014036273
6 0.00050453312926
7 0.0005997876057
8 0.000571058986015
9 0.000405683621204
10 0.00118000116543
11 0.000957845744403
12 0.00280923191254
13 0.000489401171723
14 0.000667005327505
15 0.000475825264193
16 0.00101137484548
17 0.00307234375537
18 0.0138308977778
19 0.00124621940322
20 0.00349713811702
21 0.00346073500273
22 0.00042829810096
23 0.000522210227634
24 0.0704025762735
25 0.000820227727115
26 0.00257999496095
27 0.00214902855138
28 0.000450377090981
29 0.00142787247349
30 0.000777527096404
31 0.000929191452873
32 0.000624229331661
33 0.000923381829647
34 0.000475065159937
35 0.256438743527
36 0.000341416435733
37 0.0405247798977
38 0.000331493285288
39 0.00089923467764
40 0.0292006465681
41 0.00221629395124
42 0.000440612175983
43 0.000342847430465
44 0.00030393569985
45 0.000675351506952
46 0.00315816882282
47 0.00127470230137
48 0.0197832669588
49 0.105602544118
50 0.0050166854179
51 0.00486749594375
52 0.000411094410401
53 0.00347800843737
54 0.000455014036273
55 0.00669320909684
56 0.00045115636791
57 0.000251453469812
58 0.00157910907116
59 0.000336789221847
60 0.152059448111
61 0.460021642242
62 0.0022764314059
63 0.000662221717794
64 0.00461095534958
65 0.000637618521531
66 0.00181313463365
67 0.00700219425362
68 0.00560595778891
69 0.00414133136179
70 0.00122333447623
71 0.0103996027853
72 0.000468259186208
73 0.00273838377768
74 0.00113883007384
75 7.24995054818e-05
76 0.000251453469812
77 0.000190249702735
78 0.000644290591722
79 0.00125638785114
80 0.000227265891066
81 0.00105991072259
82 0.000751753656823
83 0.000251453469812
84 0.000448822414736
85 0.000450029845729
86 0.000185423268447
87 0.000613900072784
88 0.000209365081006
89 0.000198699685879
90 0.000707032933245
91 0.00141769788339
92 0.00974637791196
93 0.00871939143663
94 0.275667917118
95 0.000409331065889
96 0.00052999327157
97 0.000640002617263
98 0.000729927418089
99 0.000532063557787
100 0.00050453312926
101 0.000501225217198
102 0.00231084186706
103 0.00660146259592
104 0.000637332331436
105 0.00761889811095
106 0.000321880438286
107 0.000647136863233
108 0.00112176919027
109 0.0015296993954
110 0.000588066539821
111 0.000842373438527
112 0.000661697046143
113 0.00342235694782
114 0.000900059691459
115 0.00101137484548
116 0.00142349091887
117 0.000393675988914
118 0.000910592594831
119 0.019263020214
120 0.00100066641633
121 0.0205762509652
122 0.00118000116543
123 0.000368675347116
124 0.0788891217127
125 0.000380280421825
126 0.00466033777778
127 0.00150706772711
128 0.000208586965344
129 0.000134704079404
130 0.00170929898711
131 0.0277777777778
132 0.00266248520251
133 0.00040064
134 0.000876589297286
135 0.00873490267616
136 0.000439136089328
137 0.000675351506952
138 0.00046239471195
139 0.00163934483155
140 0.000569059204009
141 0.0005997876057
142 0.000260481678552
143 0.000921834478717
144 0.00168698520076
145 0.000500224749966
146 0.00949023407033
147 0.119161352993
148 8.40715593468e-05
149 0.0119546317927
150 0.01017331549
151 0.000936239694686
152 0.000403113976861
153 0.000614657808473
154 0.000876589297286
155 0.000507264020778
156 0.00153664
157 0.0004
158 0.00625145361945
159 0.00291424344455
160 0.00214902855138
161 0.000394503283764
162 0.00121617270185
163 0.000738931919777
164 0.00196523078249
165 0.00477655534718
166 0.00139271645836
167 0.000915895770073
168 9.4450708363e-05
169 0.000557298786159
170 0.00105991072259
171 0.000775322827458
172 0.000217375527335
173 0.00122675187679
174 0.00709401788796
175 0.00418018748873
176 0.000530909554248
177 0.00435283372716
178 0.000505340382267
179 0.00481416781126
180 0.00180761106388
181 0.00133068518229
182 0.00160383991067
183 0.00191893169475
184 0.00105186267348
185 0.00101518407929
186 0.00227753861961
187 0.00494914661911
188 0.000788549482697
189 0.0028869148087
190 0.000242536431736
191 0.000786460047027
192 0.000292005724247
193 0.00053981546664
194 0.000307540710618
195 0.000606403656975
196 0.000396190244733
197 0.00151957312716
198 0.000475065159937
199 0.000249964848693
200 0.00105975194201
201 0.000327414096471
202 0.000319333578922
203 0.00145544563344
204 0.000913653408118
205 0.00297304400462
206 0.108727224901
207 0.000332510303829
208 0.000718584735916
209 0.00270572827745
210 0.000211933557258
211 0.0137541321782
212 0.0779328761506
213 0.0329738555657
214 0.00209356966114
215 0.00154089535137
216 0.0188437811445
217 0.000929908421586
218 0.00262144
219 0.000163882129359
220 0.00120749541599
221 0.0021404506264
222 0.00508401772479
223 0.000430433360307
224 0.00299939518369
225 0.00168768781851
226 7.81212841855e-05
227 0.00229970013902
228 0.00170049952173
229 0.000175560061657
230 0.00842829872824
231 0.000485742317028
232 0.000888118942152
233 0.0145927781562
234 0.00209329547655
235 0.00719424460432
236 0.000964347665296
237 0.00183926702259
238 0.000538048676799
239 0.000404943310466
240 0.00110925120905
241 0.000475065159937
242 0.00597580718541
243 0.00603979194036
244 0.000434752062638
245 0.000536242008855
246 0.000916729680043
247 0.00042829810096
248 0.00021770412847
249 0.000522210227634
250 0.00237591279194
251 0.000557298786159
252 0.000209365081006
253 0.000405822810618
254 0.00206228779093
255 0.0125175026808
256 0.0150751169298
257 0.00202215319974
258 0.112968972341
259 0.000300572675106
260 0.0016569895168
261 0.00104405197815
262 0.0134689592868
263 0.00082944
264 0.00237591279194
265 0.000229134239547
266 0.00304037005303
267 0.000452693526483
268 0.000792253320867
269 0.00100936579479
270 0.0191309150404
271 0.000292805739555
272 0.099951392085
273 0.00168656105983
274 0.0521597116634
275 0.010881391201
276 0.000517449177369
277 0.0101843279185
278 0.00477655534718
279 0.000930767020971
280 0.000545752069891
281 0.000592473122704
282 0.00111668510144
283 0.000931074710797
284 0.00219118433338
285 0.0104130130007
286 0.00107067264153
287 0.0110326468508
288 0.0046366500503
289 0.00255754291921
290 0.027480458002
291 0.00463400404363
292 0.000998981747771
293 0.00349109218196
294 0.000974025285046
295 0.00708728995903
296 0.0664569741372
297 0.00109512296425
298 0.00248982707057
299 0.000396190244733
300 0.000612826507494
301 0.00168127317663
302 0.000219572817854
303 0.00142787247349
304 0.000901501877086
305 0.000151712604176
306 0.00111448533628
307 0.000968326241966
308 0.00120048019208
309 0.000401283078567
310 0.1625609145
311 0.00886475022921
312 0.00219027575946
313 0.00566974865285
314 0.000694550139446
315 0.00335223617809
316 0.000507264020778
317 0.0690961576595
318 0.00335001361509
319 0.00780627790094
320 0.00897256137367
321 0.0132653894649
322 0.000575232767318
323 0.00327214099315
324 0.00105186267348
325 0.362496938984
326 0.0658976510421
327 0.000575631536872
328 0.000238517613035
329 0.00152813835798
330 0.000529752066116
331 0.00025396422279
332 0.00183139146851
333 0.00330650831592
334 0.001934355671
335 0.000491982307439
336 0.000197329727955
337 0.000226554887789
338 0.00014316165251
339 0.0065367075528
340 0.000397622049542
341 0.0343393736562
342 0.000798513571896
343 0.0319929724136
344 0.000667143975584
345 0.000248558490396
346 0.0230823552202
347 0.000374326462753
348 0.0127132520363
349 0.000996801599532
350 0.00437911169229
351 0.100676644872
352 0.000448105446023
353 0.0242783006702
354 0.0225875586794
355 0.000206656769745
356 0.0006148823129
357 0.000443548844222
358 0.00108285512802
359 0.000498461844729
360 0.00037039210004
361 0.000926488242356
362 0.000446821585913
363 0.00104619989683
364 0.000217028282084
365 0.00151957312716
366 0.000160994037561
367 0.00752819718127
368 0.000470950279707
369 0.0157579082948
370 0.0100861595767
371 0.00124807084426
372 0.00218001097628
373 0.00366614783276
374 0.000695973591197
375 0.000249964848693
376 0.000729364636733
377 0.000240370170062
378 0.000586841235503
379 0.00180827862071
380 0.000401925131492
381 0.000250445897741
382 0.000915189605254
383 0.00253263820701
384 0.0015296993954
385 0.00118000116543
386 0.000199777747256
387 0.00022479338843
388 0.000566860651842
389 0.000349467606323
390 0.00036253552123
391 0.000211949835093
392 0.00037039210004
393 0.00178126166148
394 0.000492211311185
395 0.000666776963383
396 0.00081566119811
397 0.0136579180956
398 0.00115467998869
399 0.00110170462091
400 0.0009765625
401 0.0110716230103
402 0.00198267063467
403 0.00230033078443
404 0.00210531724926
405 0.000448822414736
406 0.000707589858669
407 0.00171255200716
408 0.00276245994601
409 0.000753221765031
410 0.397439329483
411 0.00240264734571
412 0.0260390317781
413 0.000773948150193
414 0.00165355279696
415 0.00112986371019
416 0.000861862713812
417 0.000592473122704
418 0.000768045058643
419 0.000180572759932
420 0.00287792227502
421 0.0773264569386
422 0.00404853806385
423 0.00718240834693
424 0.000274906708905
425 0.00523389277722
426 0.00134316493517
427 0.000717474489796
428 0.00103042964183
429 0.0819514684403
430 0.43556545247
431 0.000691936044436
432 0.0534447247559
