1 8.64438904446e-05
2 0.00744528727562
3 0.000304573909885
4 0.00136611089499
5 0.00130905785207
6 0.00542231404959
7 0.00107190082645
8 0.000992767417634
9 0.00020777534291
10 0.000259621986331
11 0.000126325528606
12 0.000448105446023
13 0.0676277614044
14 0.001391398823
15 0.0202927731103
16 0.00107299604016
17 0.00138076307318
18 0.000458921395209
19 0.00441115994505
20 0.00105991072259
21 0.000924085626774
22 0.00244792366704
23 0.00435084191875
24 0.000880812359102
25 0.000659848067057
26 0.00149900559185
27 0.00173383528313
28 0.00178696983296
29 0.0161695455573
30 0.0057669624596
31 0.000178913351343
32 0.000564739984675
33 0.000285972110194
34 0.000600730488274
35 0.0042260434031
36 0.002604588559
37 0.000178074444856
38 0.000901501877086
39 0.000221113583284
40 0.00220066575374
41 0.000589927591285
42 0.0274255113206
43 0.122566497039
44 0.00162837183489
45 0.000257811800685
46 0.0121690276708
47 0.00404232457383
48 0.000445881715441
49 0.000887751457334
50 0.00802722681279
51 0.000938705296514
52 0.00203578781003
53 0.00214500416602
54 0.000886650370361
55 0.00354973884997
56 0.00044962702539
57 0.000284566393665
58 0.00253553054553
59 0.00105186267348
60 0.00155682775572
61 0.000359380966286
62 0.000273205382146
63 0.00044962702539
64 0.000249078546737
65 0.000211186098675
66 0.000502784542741
67 0.00182398323803
68 0.0821579359584
69 0.00445911256796
70 0.000798483866436
71 0.00033593192353
72 0.473531954575
73 0.000791015625
74 0.000663629423599
75 0.000266012442316
76 0.00141563509517
77 0.000260636134715
78 0.000590076873904
79 0.0335096036875
80 0.00415591407362
81 0.0167619531144
82 0.018041634434
83 0.00328556680011
84 0.00491606457352
85 0.000605297562987
86 0.00314746308505
87 0.000212011044373
88 0.00170640077118
89 0.000912121075627
90 0.00047839601852
91 0.000941909066529
92 0.000517355371901
93 0.000454965336147
94 0.000572331219523
95 0.000538092014523
96 0.0041618453978
97 0.0509294120872
98 0.0138708589945
99 0.00635521924778
100 0.000239923592973
101 0.00167014352383
102 0.000510212569227
103 0.00103027761096
104 0.000529932270416
105 0.000489693179001
106 0.00184359565988
107 0.000576861476509
108 0.0459522527239
109 0.00301612646142
110 0.0151932791851
111 0.000857814039603
112 0.0338371179298
113 0.000425070823033
114 0.00332840236686
115 0.0018468201379
116 0.000675678524596
117 0.00121802988612
118 0.00336063852132
119 0.000912121075627
120 0.000631297189465
121 0.00161578937805
122 0.00139087396783
123 0.0014368848026
124 0.00250336277014
125 0.00581729388107
126 0.00443704203521
127 0.00018665677693
128 0.00130643054144
129 0.00216950512513
130 0.000271353836563
131 0.00667887906116
132 0.00563347476275
133 0.00967061524334
134 0.00111938751537
135 0.00127655573959
136 0.0500844703627
137 0.118302641564
138 0.0120537041837
139 0.0624844278211
140 0.000597361773582
141 0.000216064387187
142 0.00155114792899
143 0.000628523417243
144 0.00425619907706
145 0.00115788966049
146 0.000195608587217
147 0.000214288883178
148 0.000411773697082
149 0.0032191539661
150 0.00202689557085
151 0.000345200553255
152 0.00478648446979
153 0.282771636432
154 0.0924544017827
155 0.000796551728151
156 0.000407207062278
157 0.0014193618172
158 0.0034359113205
159 0.000870106990934
160 0.0179256710361
161 0.000117530955086
162 0.000835547231537
163 0.000997229916898
164 0.000266012442316
165 0.000959826520244
166 0.00116219008264
167 0.00317177854938
168 0.000631297189465
169 0.00045423855446
170 0.000554154652594
171 0.000108326325342
172 0.00295359737711
173 0.000143366764929
174 0.000709927405763
175 0.00252320612226
176 0.00479638517226
177 0.00175096864811
178 0.000350685238957
179 0.00129105356851
180 0.00208913091754
181 0.000864414809352
182 0.00252360625662
183 0.00178142501016
184 0.000232221081698
185 0.000565643568651
186 0.0227639112598
187 0.00112023724208
188 0.000832754116601
189 0.0175696898312
190 0.000676825432232
191 0.000411773697082
192 0.000218578313355
193 0.00100603543636
194 0.00161578937805
195 0.00507301077102
196 0.000269849769574
197 0.000301408179012
198 0.000280584099513
199 0.000452693526483
200 0.00108429752066
201 0.146464269928
202 0.000889561925365
203 0.00105991072259
204 0.000696588436632
205 0.00330507053931
206 0.000445881715441
207 0.000887334514166
208 0.000515591061218
209 0.00116362398031
210 0.00073891966423
211 0.0014053553719
212 0.00151715823183
213 0.00167270806901
214 0.164912380948
215 0.000196983687288
216 0.000350685238957
217 0.000162633718271
218 8.00621435954e-05
219 0.000217060257963
220 0.000435648705389
221 0.000420603232521
222 0.000727180911501
223 0.000657462195924
224 0.000392429193216
225 0.00203663570166
226 0.00120143769602
227 0.00200979534575
228 0.000990268472786
229 0.000997374377546
230 0.000997374377546
231 0.0305671661892
232 0.00122850751431
233 0.000547428715002
234 0.000912921637858
235 0.00135481685779
236 0.000782047271092
237 0.000544346428172
238 0.00300758725564
239 0.000522262435822
240 0.0548313479159
241 0.000248469823439
242 0.0014230394808
243 0.000720688257286
244 0.00249342972553
245 0.0784236434377
246 0.0220664075635
247 0.00343704961771
248 0.000462822968736
249 0.0233944409984
250 0.00170107765416
251 0.00170640077118
252 0.000638980248865
253 0.000529932270416
254 0.000794561613348
255 0.000455791505651
256 0.000214681533363
257 0.00955855223523
258 0.00495025308496
259 0.0029840142716
260 0.0174203722707
261 0.0860679083525
262 0.0103586933457
263 0.000404943310466
264 0.0049577846457
265 0.00170345113321
266 0.000664344844032
267 0.00191107527845
268 0.00384968842353
269 0.00158046313873
270 0.00112770237989
271 0.0236695741106
272 0.0283760010066
273 0.031058772169
274 0.000358078918305
275 0.000544013542629
276 0.000754401355346
277 0.000794192313591
278 0.000858841258851
279 0.00232955463192
280 0.000427589877682
281 0.00122614670335
282 0.000266012442316
283 0.000625
284 0.000210039907582
285 0.000435447665938
286 0.000867702479339
287 0.00556301700192
288 0.00316791803082
289 0.0280250878641
290 0.000564739984675
291 0.000703164911227
292 0.00229825078203
293 0.000269097760418
294 0.00126610413474
295 0.000258579328805
296 0.000678168402778
297 0.00187673304676
298 0.000739644970414
299 0.00291525248655
300 0.00300990182654
301 0.0020728715297
302 0.000445028386345
303 0.00773625538754
304 0.0121805537293
305 0.00197788989856
306 0.00127524483557
307 0.0139900566539
308 0.000391808015326
309 0.0017061407284
310 0.000624362732644
311 0.000524124837312
312 0.000939928994083
313 0.000569059204009
314 0.000229012892143
315 0.000551432220648
316 0.00057547107438
317 0.0239020034041
318 0.00358145278431
319 0.208372084809
320 0.00547950001751
321 0.000514141459781
322 0.000519349081018
323 0.00127841322314
324 0.000505218415958
325 0.00119456908106
326 0.00142200617958
327 0.0173866979065
328 0.0053880380784
329 0.000135477714295
330 0.00195713346483
331 0.00207713589631
332 0.000407134030477
333 0.00207021915178
334 0.000229097695735
335 0.00174500283081
336 0.0026004278744
337 0.000464282480761
338 0.00494384765625
339 0.00249069822485
340 0.00111938751537
341 0.125954285349
342 0.027338770814
343 0.00033009819497
344 0.00086505418283
345 0.000186692200715
346 0.00116219008264
347 0.00683327160014
348 0.00373860331315
349 0.00279910800564
350 0.000458921395209
351 0.000791015625
352 0.00126995041322
353 0.00401031479001
354 0.00204121499939
355 0.00317397341797
356 0.00280225302238
357 0.00302831130981
358 0.000744195067652
359 0.000589835189931
360 0.00507301077102
361 0.00137464197885
362 0.00048516369423
363 0.000886316928069
364 0.000347554136423
365 0.000507264020778
366 0.000489785564086
367 0.0193940655433
368 0.0123315850943
369 0.00109886755594
370 0.0121690276708
371 0.00158851627483
372 0.000543991024148
373 0.000476726225663
374 7.16833824645e-05
375 0.000802257711671
376 0.0134085574641
377 0.000363642499277
378 0.00514832627601
379 0.00294817535047
380 0.00205608458091
381 0.00482343457056
382 0.000491203913284
383 0.0108958957344
384 0.00626929592969
385 0.000887334514166
386 0.00108315370141
387 0.000649444439249
388 0.000378506866115
389 0.000655338143236
390 0.000130748614675
391 0.00377666115702
392 0.00446817768284
393 0.0119752170104
394 0.00331208350064
395 0.00138764868771
396 0.00194660069359
397 0.000550573291956
398 0.00203452258756
399 0.000534598549901
400 0.00103342407479
401 0.0370734500854
402 0.000857813101782
403 0.00186052494545
404 0.162255437619
405 0.0284939649893
406 0.00248058259777
407 0.00194870546222
408 0.000560469754362
409 0.00172728718074
410 0.000367830328203
411 0.00197530864198
412 0.00202318840094
413 0.00045423855446
414 0.00219958334287
415 8.21460191126e-05
416 0.00126436855738
417 0.00127085618466
418 0.00104966381956
419 0.000417556661657
420 0.0044511149284
421 0.00767210464341
422 0.0684972093027
423 0.0416041377429
424 0.000217060257963
425 0.00116363827048
426 0.000720688257286
427 0.000271097995433
428 0.000294820220988
429 0.000198723049157
430 0.00025826446281
431 0.00100503992263
432 0.0803015037016
