1 0.000548378610159
2 0.0218082937844
3 0.0010771860618
4 0.000494706247388
5 0.000247020376778
6 0.000638165264923
7 0.00103561038704
8 0.00164116327512
9 0.000305056563968
10 0.0187865596607
11 0.000281676365592
12 0.000229729800086
13 0.000229568411387
14 0.00490969337053
15 0.00755840136541
16 0.00270298628512
17 0.00739378098419
18 0.00424110789638
19 0.00119113692165
20 0.000644281429978
21 0.00165761338857
22 0.00178941241861
23 0.0017735159138
24 0.000457352434322
25 0.000398723065459
26 0.000117417326755
27 0.00276074686688
28 0.000275624832034
29 0.00133771441301
30 0.00586219194272
31 0.000368588716308
32 0.00108137937185
33 0.00146376175264
34 0.00230169772685
35 0.000327846392969
36 0.000159221407318
37 0.000694550139446
38 0.000409758660645
39 0.00743518950124
40 0.00146867940765
41 0.000944282968527
42 0.00673758978443
43 0.0106947583493
44 0.371575211635
45 0.00109171645927
46 0.00221037353022
47 0.00399948566724
48 0.0187086224259
49 0.00168698520076
50 0.000482609085097
51 0.00234972554303
52 0.00995956753124
53 0.00646936674997
54 0.00254743100944
55 0.419819329547
56 0.000719480568755
57 0.00122192312749
58 0.000500300905617
59 0.00423253236353
60 0.000576737988393
61 0.000962185547188
62 0.000728271546386
63 0.000461179973462
64 0.000286060367677
65 0.000459708904966
66 0.00088199352932
67 0.000464282480761
68 0.0828366494971
69 0.0251671482996
70 0.00101283065942
71 0.000276816608997
72 0.363730967179
73 0.000502634576387
74 0.000631426692965
75 0.000520306089829
76 0.000887648857642
77 0.00125375123827
78 0.000899591864384
79 0.0218339596833
80 0.0137103180561
81 0.508338011278
82 0.00129042657173
83 0.000314816894938
84 0.00899796387875
85 0.00106525596967
86 0.000250761095978
87 0.000363642499277
88 0.000246059207997
89 0.000728271546386
90 0.000551037051731
91 0.000594150156961
92 0.000560469754362
93 0.0255011759041
94 0.000470653555778
95 0.00197351819689
96 0.001476970396
97 0.00210849645981
98 0.000808763615675
99 0.00198749146192
100 0.000458084198217
101 0.000180572759932
102 0.000581379618454
103 0.000591672475501
104 0.00186969516057
105 0.028144142558
106 0.423777865957
107 0.00058019881725
108 0.00106032833491
109 0.000903007516701
110 0.0288100725493
111 0.00144730623819
112 0.000250360519148
113 0.000351211200996
114 0.00019265006278
115 0.000288358846565
116 0.00845653806207
117 0.00080757098359
118 0.00101426705155
119 0.0062889132788
120 0.00181318445389
121 0.00291145365069
122 0.000413102884395
123 0.0099363711347
124 0.0206019323319
125 0.00218908181614
126 0.000229568411387
127 0.000379440758882
128 0.00216243045511
129 0.00192091679174
130 0.00547789273943
131 0.000521188635323
132 0.0012150729752
133 0.0419228335275
134 0.000953252385338
135 0.0019782401712
136 0.000250360519148
137 0.000204812452597
138 0.000724143911479
139 0.000363642499277
140 0.000494706247388
141 0.000286060367677
142 0.000525556801795
143 0.000627382226176
144 0.000331637985795
145 0.000470133721075
146 0.00669398155495
147 0.000410254515227
148 0.222382862785
149 0.00407153415128
150 0.00140105609862
151 0.00185399106131
152 0.0206433190695
153 0.00192906736724
154 0.00020263167893
155 0.0018010433963
156 0.00200617929771
157 0.00254007887924
158 0.00179403544534
159 0.00192116406096
160 0.000352266681096
161 0.000806058374548
162 0.000722842780022
163 0.00371517168684
164 0.000304360042834
165 9.10339432982e-05
166 0.000541698215251
167 0.00279986488674
168 0.000968194199647
169 0.000335484866739
170 0.00197351819689
171 0.000439136089328
172 0.000464282480761
173 0.000452693526483
174 0.00207124331518
175 0.000427643289427
176 0.00266474599108
177 0.00217358189015
178 0.00347343633743
179 0.0323191516223
180 0.00124761203161
181 0.000874672424927
182 0.00102582287458
183 0.00343023999479
184 0.000579084331837
185 0.00308106835443
186 0.000340828402367
187 0.00145916435347
188 0.018612019449
189 0.0314056665902
190 0.0115055127737
191 0.00117702115765
192 0.000984239425798
193 0.00103940197987
194 0.00165844270183
195 0.00164076269829
196 0.000488601513023
197 0.00156404609148
198 0.00116219008264
199 0.00171418886282
200 0.0782924327453
201 0.0015883070851
202 0.000488601513023
203 0.0184423105163
204 0.00277464478653
205 0.000300751476348
206 0.00257356009026
207 0.000821534342164
208 0.000274186081246
209 0.000513722979199
210 0.000349636853179
211 0.000434416518813
212 0.000844233125597
213 0.037979315466
214 0.000408451615475
215 0.00189035916824
216 0.000573618079645
217 0.00159565938413
218 0.000622451453636
219 0.000971496036431
220 0.000525556801795
221 0.00177778627728
222 0.000607160397773
223 0.000610951990599
224 0.000388196641887
225 0.0041513708134
226 0.00434412688139
227 0.00661430100144
228 0.00397341367772
229 0.000702988494157
230 0.000586818353518
231 0.00135522959184
232 0.00168094746998
233 0.00130929709141
234 0.000122265211392
235 0.000423377195211
236 0.0117121501227
237 0.000679771242961
238 0.0129340873727
239 0.00228113165516
240 0.000841392111938
241 0.00302708257984
242 0.00271353083422
243 0.00033498706274
244 0.00126768472991
245 0.000197676681256
246 0.00116219008264
247 0.00164717192758
248 0.00150818387537
249 0.00377971008073
250 0.00185399106131
251 0.00219512142837
252 0.000511362607515
253 0.07824137822
254 0.032203293727
255 0.000453296113473
256 0.00187820478366
257 0.00088458854981
258 9.96177266981e-05
259 0.000120279413362
260 0.00518635888632
261 0.00997412533363
262 0.00115440323634
263 0.00140699942635
264 0.000830785740696
265 0.00223864191207
266 0.00443743980496
267 0.00443992567859
268 0.00141622837948
269 0.000560469754362
270 0.005520926848
271 0.000187241849662
272 0.00119684667351
273 0.000540832882639
274 0.00110006746508
275 0.0026281845858
276 0.00103561038704
277 0.000236231880046
278 0.000208562726774
279 0.000234426867517
280 0.00103686304127
281 0.0513706844689
282 0.00426720875623
283 0.00142598660081
284 0.00405939098795
285 0.00525345682702
286 0.000755247808413
287 0.0728351995963
288 0.000321762674433
289 0.000210864649485
290 0.000412521567908
291 0.000235326777889
292 0.00155715963526
293 0.000396821372064
294 0.000529932270416
295 0.000117566752122
296 0.000422454225035
297 0.0003730364123
298 0.00228168857207
299 0.00904943144555
300 0.000158235807247
301 0.00483710435185
302 0.0252842844544
303 0.000127857758244
304 0.000837460324025
305 0.00112412856496
306 0.00134921294975
307 0.000694550139446
308 0.000539688205054
309 0.000204812452597
310 0.00427837635588
311 0.000591709797179
312 0.00670155023349
313 0.00356775368448
314 0.000520363758408
315 0.0184025568581
316 0.000405169574812
317 0.00169352474919
318 0.000423377195211
319 0.000329618604341
320 0.000340101894584
321 0.00299730491358
322 0.000348073067498
323 0.0177888356753
324 0.012756800496
325 0.000465983471074
326 0.000609845123987
327 0.000643635827273
328 0.00021042093228
329 0.000538826083321
330 0.000250360519148
331 0.000525556801795
332 0.000334948948421
333 0.00133306452608
334 0.00248058259777
335 0.00053385768123
336 0.101620140608
337 0.0400373945448
338 0.000666019109816
339 0.00248058259777
340 0.000218746969461
341 0.000438536178551
342 0.000331107438017
343 0.000221937864334
344 0.121058604284
345 0.000457352434322
346 0.000233086649962
347 0.000660360668013
348 0.100947851947
349 0.0013469931012
350 7.09381857266e-05
351 0.00169739790522
352 0.000577660769175
353 0.00400576830636
354 0.00105583221545
355 0.000607160397773
356 0.000525086093116
357 0.000452693526483
358 0.00128673988025
359 0.00446939466011
360 0.376186087699
361 0.00107777777778
362 0.0346114151897
363 0.0155164066162
364 0.00177734047303
365 0.00217687681442
366 0.0905362068662
367 0.00215431475405
368 0.000887334514166
369 0.000957862547464
370 0.00101775826062
371 0.00284483070356
372 0.000696567646482
373 0.0843652281593
374 0.000180425736807
375 0.0420762388682
376 0.00214161935005
377 0.00112113216007
378 0.000358106943183
379 0.000874550523977
380 0.00106525596967
381 0.000351211200996
382 0.000250761095978
383 0.00116219008264
384 0.000363642499277
385 0.000610924824229
386 0.00358564308509
387 0.000606907624918
388 0.00200012160739
389 0.00115130267123
390 0.0402570806295
391 0.00351936370354
392 0.00118650214764
393 0.00104966381956
394 0.000184253755356
395 0.00269919676038
396 0.000855241754275
397 0.000904464747204
398 0.000910592594831
399 0.000663686820758
400 0.00652765619333
401 0.00209431066573
402 0.00328298859055
403 0.00197547641067
404 0.00117619524329
405 0.000875770812955
406 0.00116219008264
407 0.000492076001729
408 0.000229568411387
409 0.000139663720797
410 0.00172315255272
411 0.000621695241147
412 0.000222692885278
413 0.000342368296214
414 0.000534985029954
415 0.01977578125
416 0.00306535929085
417 0.00305065601059
418 0.000970564289221
419 0.000806058374548
420 0.00122476603888
421 0.00120113384811
422 0.00511387546877
423 0.00204982302833
424 0.000495497777384
425 0.0204990806027
426 0.000221937864334
427 0.000213117374394
428 0.000508677763493
429 0.00267250581348
430 0.103737881105
431 0.000130156458756
432 0.0168361117097
