1 0.000654773191805
2 0.00394790543214
3 0.000307595115947
4 0.00021507526374
5 0.000993740051098
6 0.00176819697438
7 0.000607860758066
8 0.00284444444444
9 0.000539368434849
10 0.00982130220459
11 0.000259621986331
12 0.000285926019731
13 0.157840144057
14 0.000443915903366
15 0.0806273891667
16 0.000992001984004
17 0.00155972460768
18 0.00206925911246
19 0.000190249702735
20 0.0587945358718
21 0.00232129716371
22 0.000605980534637
23 0.000492610088472
24 0.0019938637256
25 0.00106567973348
26 0.000905067272988
27 0.00237884930526
28 0.0101626217554
29 0.00248820924146
30 0.0131822202804
31 0.0023120852175
32 0.000600730488274
33 0.00113503763076
34 0.000359790089827
35 0.000470133721075
36 0.000501824231446
37 0.000348289631853
38 0.000525086093116
39 0.00201717073531
40 0.00224468428409
41 0.249159944373
42 0.00199880787469
43 0.000524019894771
44 0.000717474489796
45 0.000352178750586
46 0.000696104871929
47 0.000578592512717
48 0.00105906608184
49 0.000721038295145
50 0.00630908070605
51 0.00183243880136
52 0.000828553004895
53 0.0125780974567
54 0.000193572778828
55 0.00171618628555
56 0.000560374766416
57 0.000763367873531
58 0.000941909066529
59 0.000662890137361
60 0.000930767020971
61 0.00645150884663
62 0.000174876748209
63 0.00103648460339
64 0.000970710059172
65 0.00410033635557
66 0.00184628336949
67 0.122898203114
68 0.000460246645243
69 0.000314126786203
70 0.00261413278148
71 0.0386696425479
72 0.00401706010712
73 0.000222766763199
74 0.000170595585173
75 0.00299706142467
76 0.00048176203114
77 0.00230409808545
78 0.00224719171219
79 0.00395412787446
80 0.321731234427
81 0.0004
82 0.00667455226989
83 0.00324924068004
84 0.000746060730265
85 0.000836115546523
86 0.00113110371411
87 0.000383407831688
88 0.000506146699485
89 0.00020628591873
90 0.00103132079886
91 0.00020725332142
92 0.0435153653693
93 0.0953415446341
94 0.006862251126
95 0.0182516875642
96 0.000593745624169
97 0.0167188940232
98 0.00100843195266
99 0.000489466677109
100 0.00549685596897
101 0.021943370979
102 0.000712715291397
103 0.000343444145816
104 0.00308641975309
105 0.00166833841287
106 0.0021775535786
107 0.0702564344954
108 0.00406213275781
109 0.00180920259452
110 0.00100781053162
111 0.00399136111044
112 0.00137456898883
113 0.00164825
114 0.000409775606878
115 0.000866836829772
116 0.000538826083321
117 0.000230003818423
118 0.000169763074409
119 0.0286141084201
120 0.000480000981472
121 0.00281678388479
122 0.00991712472108
123 0.00192861088629
124 0.0031883271517
125 0.000223636945868
126 0.00090901759649
127 0.000290415498616
128 0.000803289568746
129 0.000236699687962
130 0.000248979766504
131 0.000203717688664
132 0.00230033078443
133 0.00161349493959
134 0.0733685777372
135 0.0044542082954
136 0.0197024558272
137 0.00281103572826
138 0.000456650618913
139 0.00280474017738
140 0.00124567474048
141 0.000606663592904
142 0.00268550541723
143 0.000718521515545
144 0.00143673262358
145 0.000234497111461
146 0.000398675476918
147 0.00105757155133
148 0.000276862508861
149 0.00377643180776
150 0.000859425564197
151 0.146419983892
152 0.000963285917705
153 0.129666189702
154 0.000510833172168
155 0.000259621986331
156 0.000367159763314
157 0.000205671077505
158 0.00154858256653
159 0.00195928186322
160 0.00992378316445
161 0.00419822319352
162 0.0427049268309
163 0.00315297769299
164 0.000590268038355
165 0.00102748844859
166 0.00840137748985
167 0.000584669189538
168 0.000746060730265
169 0.000775189625379
170 0.000234497111461
171 0.00430166041076
172 0.000746060730265
173 0.000479234206741
174 0.000278938812157
175 0.252912857882
176 0.0026651653024
177 0.00392270960054
178 0.00297993589297
179 0.00165848146308
180 0.00999446213495
181 0.00670762341524
182 0.0003738375894
183 0.00114909508762
184 0.00160601691729
185 0.000591212467217
186 0.000687486108378
187 0.00121990471962
188 0.00322029916203
189 0.0635858392149
190 0.00720425
191 0.0274820711901
192 0.0205276837317
193 0.000417159516868
194 0.0003738375894
195 0.00125797762625
196 0.000932203389831
197 0.00024202815283
198 0.00431688714448
199 0.000410431247849
200 0.000296372487916
201 0.00103132079886
202 0.000327171877385
203 0.000256884650292
204 0.000324052904437
205 0.00362090202628
206 0.00297778875226
207 0.162714817229
208 0.00955555218269
209 0.00130629004992
210 0.00209418379148
211 0.000456650618913
212 0.000448865268601
213 0.000550573291956
214 0.000617189866796
215 0.000415336842682
216 0.000153123876618
217 0.02624425
218 0.00246773192171
219 0.0109841406919
220 0.00473484004485
221 0.0135331624988
222 0.00328171069201
223 0.000897007483368
224 0.00584764839767
225 0.00052971325106
226 0.000443658793857
227 0.000880539260204
228 0.000559468573925
229 0.0130198588008
230 0.000196294331081
231 0.000392429193216
232 0.00149804461815
233 0.000333970281454
234 0.0010973513539
235 0.000988350166741
236 0.00047992688578
237 0.000556539424119
238 0.00120454999791
239 0.000566375593356
240 0.00297709505697
241 0.00380080479754
242 0.00116439433077
243 0.00111870842992
244 0.0021288405134
245 0.0011140305143
246 0.000550573291956
247 0.00108776575992
248 0.00226757369615
249 0.0047041910579
250 0.00883444164047
251 0.000506146699485
252 0.00236713095899
253 0.000755847020708
254 0.000506146699485
255 0.0005683410117
256 0.0014001775835
257 0.000410431247849
258 0.00271687232756
259 0.000525926230865
260 0.00525622897678
261 0.00670226927732
262 0.0004254541179
263 0.00114595161149
264 0.105806488613
265 0.0178953471699
266 0.00270677602606
267 0.0734591773431
268 0.000620029840796
269 0.000984141536383
270 0.000888372768181
271 0.000142672923578
272 0.00113149828367
273 0.0020454520258
274 0.00637248961219
275 0.0174315227036
276 0.0193898769338
277 0.00393765240016
278 0.000230003818423
279 0.000465867061454
280 0.000850366339393
281 0.00431688714448
282 0.000369000716126
283 0.000196294331081
284 0.000930767020971
285 0.000869307994615
286 0.00320857650256
287 0.00244985207101
288 0.00050465441926
289 0.00294240160873
290 0.0013301625242
291 0.0168714963167
292 0.00163267315686
293 0.00105342942665
294 0.00107387927615
295 0.00255749385505
296 0.004508802034
297 0.000885185438153
298 0.000235015900295
299 0.00581913243321
300 0.00833220920702
301 0.000285205400747
302 0.0166976726317
303 0.00683081756711
304 0.0346151646062
305 0.0722399923156
306 0.00980730973808
307 0.00394381808987
308 0.00073155821335
309 0.000493900748225
310 0.000351194197242
311 0.000254956270535
312 0.000496471477912
313 0.00020819794726
314 0.000387840018386
315 0.000448865268601
316 0.000389953305431
317 0.000609663161103
318 0.00190326701173
319 0.00688852162214
320 0.00321345382739
321 0.00162671739389
322 0.00047916145215
323 0.00551516830701
324 0.000693361164623
325 0.00100781053162
326 0.00206228779093
327 0.000612477645841
328 0.00100822135049
329 0.00112691444469
330 0.00128298023323
331 0.00471065063978
332 0.00130580042668
333 0.000294985230743
334 0.000222766763199
335 0.000503627731274
336 0.00153664
337 0.000525086093116
338 0.000482169144334
339 0.00974124352122
340 0.000503627731274
341 0.00274744255088
342 0.000257997834857
343 0.00175936884307
344 0.00146797610135
345 0.00067225723454
346 0.00107890670787
347 0.00315169244935
348 0.00216524470444
349 0.00209500525129
350 0.00111730976637
351 0.00549198969739
352 0.000834233907827
353 0.0045260262028
354 0.000392429193216
355 0.000552819948594
356 0.00112862692136
357 0.00105948484185
358 0.00137936778629
359 0.0028323096555
360 0.00188366763661
361 0.000159724873905
362 0.00016136688425
363 0.00212483705305
364 0.000824415249108
365 0.000561815188268
366 0.00107175142412
367 0.00447458421197
368 0.000419226463453
369 0.0731990586895
370 0.00124663590927
371 0.000285926019731
372 0.000531889543988
373 0.000409775606878
374 0.000643247216971
375 0.00118499537218
376 0.00117048845032
377 0.00213899673354
378 0.000855780797505
379 0.000339782114719
380 0.134190801076
381 0.117181032548
382 0.00132423771409
383 0.0124378553097
384 0.0081942384986
385 0.00144610574646
386 0.00047258979206
387 0.000995642127445
388 0.000173701109244
389 0.000538826083321
390 0.000448865268601
391 0.000523166218697
392 0.000422286940986
393 0.00330057469968
394 0.0013143363058
395 0.00715092451809
396 0.0026651653024
397 0.00147943786982
398 0.000797614796236
399 0.000484118867942
400 0.00108881852268
401 0.000684931185086
402 0.00113665286631
403 0.0112307167095
404 0.000351194197242
405 0.00132984389348
406 0.00075751199394
407 0.000352796206284
408 0.000607860758066
409 0.00407930032857
410 0.00101082599864
411 0.00125797762625
412 0.000507264020778
413 0.000525086093116
414 0.000205179335556
415 0.00133056267995
416 0.000115421642648
417 0.00363170793124
418 0.00419661742043
419 0.00696518907129
420 0.00813269033417
421 0.000722832650704
422 0.00132573964497
423 0.000435847818685
424 0.00130011555578
425 0.000593275116687
426 0.000713264802031
427 0.000343444145816
428 0.00197978851405
429 0.0026004404792
430 0.000543864167966
431 0.000278520002638
432 0.22341558846
