1 0.000248783448935
2 0.000252435709929
3 0.00104014625701
4 0.000709298241236
5 0.00316405047707
6 0.0010131640974
7 0.00231904932566
8 0.00037659053034
9 0.000338422896424
10 0.00066936625427
11 6.60338311059e-05
12 9.20127207586e-05
13 0.000827717952584
14 0.00780795960616
15 0.0011870873023
16 0.0382117782791
17 0.0613570997316
18 0.000139172862929
19 0.000577553618296
20 0.00258203466059
21 0.0107823152224
22 0.000640022440293
23 0.000496608442808
24 0.00367620574315
25 0.00302048298858
26 0.00114148726825
27 0.00186790956892
28 0.00881121702271
29 0.0310114315098
30 0.000242716375486
31 0.0430060607952
32 0.000254470884455
33 0.00116681957191
34 0.00155149864042
35 0.00188144678168
36 0.00307428045412
37 0.000282419710824
38 0.000254509604462
39 0.00641570230447
40 0.00885293864135
41 8.07515051415e-05
42 0.000550350344976
43 0.0105645911634
44 0.309250085966
45 0.00112356043819
46 0.000609640214694
47 0.00106983738026
48 0.00187474838843
49 0.000308024501366
50 0.000850335783461
51 0.000640471120575
52 0.000465278672147
53 0.000653141370532
54 0.00781985035968
55 0.00131577815808
56 0.00104432246357
57 0.000914805192949
58 0.000139500279001
59 0.000224018845585
60 0.00298270801058
61 0.000980718336484
62 0.00566174151772
63 0.142842974742
64 0.0108871829998
65 0.00522315329661
66 0.0455362440353
67 0.000608757961013
68 0.000803856382094
69 0.00341098512816
70 0.000567800453515
71 0.00399216784352
72 0.00186036500752
73 0.000439102267339
74 0.00590497427269
75 0.000843723448086
76 0.00559341655298
77 0.0112162415794
78 0.000434789091347
79 0.000501824231446
80 0.000414206842361
81 0.000583757488401
82 0.000654661508176
83 0.00184425458241
84 0.000733775773107
85 0.000480074599752
86 0.000528464276378
87 0.00772107222235
88 0.00266677742739
89 0.000895963826748
90 0.00551971792584
91 0.00238714958736
92 0.000232199546485
93 0.00400647311081
94 0.00351379964337
95 0.000736949532309
96 0.00258908936063
97 0.000985095115646
98 0.000334948948421
99 0.143781833456
100 0.00266856583195
101 0.0017123582084
102 0.0207008304537
103 0.0244519745247
104 0.453265681526
105 0.00196877973126
106 0.000571237419067
107 0.000576737988393
108 0.00602367161924
109 0.00112356043819
110 0.00107639104167
111 0.00070622016244
112 0.000995482690046
113 0.000805216265917
114 0.000774505769511
115 0.00122092350715
116 0.00354197748367
117 0.000253459072795
118 0.00054082913831
119 0.000613319790885
120 0.000279275452298
121 0.0227067959338
122 0.00182331917075
123 0.000174955614373
124 0.00132622009886
125 0.00156193973238
126 0.00498704402296
127 0.000862978681803
128 0.0109290509584
129 0.000665631848064
130 0.000187446989991
131 0.0197192185717
132 0.000141545409056
133 0.000571237419067
134 0.000567974765563
135 0.00095817662537
136 0.00304925030578
137 0.00021507526374
138 0.000510017144736
139 0.0010131640974
140 0.000227839088644
141 0.173900084965
142 0.000644180473601
143 0.11290044249
144 0.000535701602227
145 0.000488601513023
146 0.00218551127678
147 0.000724329623738
148 0.00052212983357
149 0.0105845553439
150 0.00109222654377
151 0.00105757155133
152 0.233646883263
153 0.00341049263191
154 0.000957269045004
155 0.00230953943942
156 0.000532872249633
157 0.00105376048577
158 0.000403867826015
159 0.00108148281609
160 0.000258441489105
161 0.00108148281609
162 0.00089205301903
163 0.0034922315752
164 0.00108965866043
165 0.00137294022102
166 0.0218539546492
167 0.0128526330999
168 0.0728161953866
169 0.000985262111093
170 0.000348593161662
171 0.000358157773943
172 0.000741860482961
173 0.00113159666831
174 0.000985095115646
175 0.00192708455601
176 0.00284444444444
177 0.000177777777778
178 0.00521804469665
179 0.00529643743103
180 0.00136023636383
181 0.00054692100973
182 0.000254449147298
183 0.000555711605616
184 0.0025
185 0.000402697953515
186 0.00107639104167
187 0.000910172516359
188 0.000362917631286
189 0.000948366007811
190 0.000208526111379
191 0.00050817924661
192 0.00647033180008
193 0.00151474908853
194 0.000377496351299
195 0.00119631147573
196 0.00082834883517
197 0.000738369138421
198 0.00165424149033
199 0.00411201190476
200 0.000644180473601
201 0.00173232891162
202 0.00171816693066
203 0.145345291281
204 0.000605263283732
205 0.0016789879217
206 0.00455615946997
207 0.00665215678217
208 0.00212153692533
209 0.00104432246357
210 0.000153999369282
211 0.000613900072784
212 0.00111612484428
213 0.000263856321987
214 0.00106869632082
215 0.0012383794429
216 0.00216427296068
217 0.00130416328283
218 0.065055070046
219 0.023561366734
220 0.000671993287695
221 0.00181362712588
222 0.000722842780022
223 0.0050166854179
224 0.00182501031842
225 0.00344120421984
226 0.001476970396
227 0.00219383641659
228 0.000538679668933
229 0.000985095115646
230 0.0016750227755
231 0.00499575121296
232 0.0178382226188
233 0.00581957452823
234 0.00470979812043
235 0.191322968505
236 0.170178488521
237 0.000331024186107
238 0.000206720424702
239 0.000935422975862
240 0.000204812452597
241 0.000461290017832
242 0.000837460324025
243 0.000281518850502
244 0.00247468370739
245 0.000328622488492
246 0.00108510980911
247 0.00146534103294
248 0.00038872413896
249 8.11622433244e-05
250 0.00104245007943
251 0.00110226072667
252 0.000334948948421
253 0.000308011216361
254 0.00023397884685
255 0.000591672753835
256 0.000283430325921
257 0.000342019709086
258 0.00132668146059
259 0.00168416061323
260 0.00145135672728
261 0.00034791408768
262 0.0178505628717
263 0.0660023205437
264 0.0016351882713
265 0.00175696511169
266 0.000517449177369
267 0.00192091679174
268 0.00037659053034
269 0.000910172516359
270 0.00330650831592
271 0.00182819671732
272 0.00302311026086
273 0.000337460081273
274 0.00089205301903
275 0.000744389486653
276 0.000621266807752
277 0.079249861448
278 0.00187256721296
279 0.0096034181379
280 0.000232199546485
281 0.000474314926356
282 0.000218393905525
283 0.000583889370766
284 0.000818044027319
285 0.00625133480713
286 0.000475065159937
287 0.00105376048577
288 0.00454048655849
289 0.00283190716413
290 0.000430433360307
291 0.0180290920661
292 0.0025
293 0.000203274188805
294 0.00117775247387
295 0.000548119694693
296 0.000200131179734
297 0.000246054511127
298 0.00157594412411
299 0.00296247916761
300 0.000208526111379
301 0.000165424261536
302 0.00160345735656
303 0.00231904932566
304 0.00609754299274
305 0.000929087089219
306 0.00739525497389
307 0.000305933674429
308 0.000110523929403
309 0.0144358924234
310 0.000208963306206
311 0.000495834909408
312 0.000632672487904
313 0.000318444273899
314 0.000566893424036
315 0.00128925287945
316 0.00358135275573
317 0.0161828565001
318 0.000355253419588
319 0.00856415711727
320 0.00322637734688
321 0.000988539501535
322 0.000995482690046
323 0.00156183765677
324 0.000894228426484
325 0.00184496193865
326 0.00070622016244
327 0.000988539501535
328 0.00149723143777
329 0.00039681909811
330 0.00218193185939
331 0.000554332638891
332 0.000559356200695
333 0.00262303665725
334 0.000566893424036
335 0.00179112260217
336 0.00376037010019
337 0.00151919541986
338 0.000781973379404
339 0.000170736653584
340 0.000627086806867
341 0.000157127883021
342 0.00090181542577
343 0.00243633115097
344 0.00807175228152
345 0.000102684555894
346 0.00569310051808
347 0.000461290017832
348 0.00597231400364
349 0.0011602360013
350 0.000733761700697
351 0.000857293938793
352 0.00107639104167
353 0.000593517386931
354 0.000274505076308
355 0.0010131640974
356 0.00184425458241
357 0.177216947932
358 0.000407157635003
359 0.00151474908853
360 0.0167443278981
361 0.00140054370199
362 0.0347029176657
363 0.0018118101235
364 0.000382664619258
365 0.0221007333216
366 0.0015268397743
367 0.120175459975
368 0.00508272370644
369 0.00430472890405
370 0.000290835494679
371 0.0024434768819
372 0.000688697418412
373 0.0329806055599
374 0.037144017799
375 0.00050817924661
376 0.000249994276688
377 0.00126433627452
378 0.000289450080581
379 0.000165424261536
380 0.00070622016244
381 0.000856632956573
382 0.00010492474109
383 0.000281518850502
384 0.000249745436943
385 0.00485071219869
386 0.00109839842921
387 0.00803506073236
388 0.0513429282636
389 0.100786477763
390 0.000971811534046
391 0.00149593104607
392 0.000232199546485
393 0.0305375195946
394 0.00128110658583
395 0.000585861096995
396 0.0297708481807
397 0.000606738864689
398 0.00112277623969
399 0.00115978107952
400 0.00054692100973
401 0.0189528105952
402 0.0545532830943
403 0.0012383794429
404 0.00050817924661
405 0.00606912919946
406 0.00104619989683
407 0.00025191915333
408 0.000644180473601
409 0.000130774987104
410 0.000251453469812
411 0.000198373338623
412 0.000566893424036
413 0.000413774869456
414 0.000232199546485
415 0.000500030401848
416 0.000640842917576
417 0.00776493458811
418 0.00135962965864
419 0.134104659864
420 0.00163534029959
421 0.00104432246357
422 0.000431029321967
423 0.00263714546395
424 0.00466430787338
425 0.000525086093116
426 0.00602975653305
427 0.00166457189098
428 0.0221670620461
429 0.273474508132
430 0.000366987928384
431 0.00080674966693
432 0.024072511231
