1 0.00101137484548
2 0.0009006801024
3 0.000729364636733
4 0.000347036364969
5 0.000201912489865
6 0.000393967374577
7 0.00031113271755
8 0.00184453398317
9 0.00984189972285
10 0.000484309908748
11 0.00355187277412
12 0.00020896338089
13 0.00336103416436
14 0.00329913024736
15 0.00328849259809
16 0.143868524456
17 0.00127604144532
18 0.000227151551098
19 0.0227784485826
20 0.00117775247387
21 0.000317038912999
22 0.00282975263273
23 0.000873436663742
24 0.000936110069276
25 0.000194667327172
26 0.00577401501177
27 0.00113389003565
28 0.00130889341306
29 0.562146095426
30 0.000175140813899
31 0.00135123803456
32 0.0230621264194
33 0.134003010348
34 0.000643938323252
35 0.000842129925403
36 0.000729364636733
37 0.000535578809461
38 0.0007196146064
39 0.00057925068263
40 0.000221154408803
41 0.00025396422279
42 0.000633863569415
43 0.0221872618503
44 0.0469708299471
45 9.0084168882e-05
46 0.0335005148123
47 0.00732768666533
48 0.00200329434332
49 0.000223220295849
50 0.000446550858291
51 0.00143903904171
52 0.00013932469654
53 0.00048840030659
54 0.000683930256749
55 0.000284254625522
56 0.225099731827
57 0.00226851812501
58 0.000463677025582
59 0.0031964439561
60 0.00121183491049
61 0.000221154408803
62 0.00281136104736
63 0.000132693890114
64 0.00272063839355
65 0.000500224749966
66 9.3797363379e-05
67 0.00502568163091
68 0.00183780614475
69 0.0117572511771
70 0.00362897372623
71 0.00136604974524
72 0.0752243040446
73 0.0022764314059
74 0.00132329590517
75 0.000346218802777
76 0.00105376048577
77 0.00341616104752
78 0.00107803766657
79 0.000996801599532
80 0.00185406129904
81 0.0139723479447
82 0.00903926689278
83 0.0178934146733
84 0.00389759668901
85 0.00277788111132
86 0.000398372331291
87 0.000992001984004
88 0.00102218197994
89 0.000268231614054
90 0.000522210227634
91 0.000720169864584
92 0.000675288923575
93 0.00128461259769
94 0.00114263043047
95 0.000690025382507
96 0.0032089300653
97 0.00102036879719
98 0.112453100975
99 0.00146614164663
100 0.0011180882438
101 0.00170049952173
102 0.0109334542171
103 0.00511104680159
104 0.00203808723443
105 0.00446262576367
106 0.000504673147373
107 0.000485560571609
108 0.000492950414709
109 0.295501340106
110 0.00117210934601
111 0.000666766776126
112 0.00285997610674
113 0.000194356654465
114 0.000657735778142
115 0.000671290305885
116 0.000427589877682
117 0.00125097044666
118 0.000141222504667
119 0.000620029840796
120 0.000225704776389
121 0.000544691253056
122 0.00111523779692
123 0.00443713750866
124 0.000878180679952
125 0.002012572328
126 0.000652501288093
127 0.00141047736733
128 0.0110324258728
129 0.00151513239465
130 0.00312830002653
131 0.00018573928589
132 0.00331002227531
133 0.000445837518262
134 0.000697643913203
135 0.00398002511869
136 0.00300556376874
137 0.0107793607237
138 0.000170039899597
139 0.00461761294536
140 0.000712696030226
141 0.000787924354014
142 0.0021521947072
143 0.000512792743121
144 0.000173806483726
145 0.000912121075627
146 0.000740577646105
147 0.000693565203223
148 0.0601089802551
149 0.0011149355771
150 0.119638712452
151 0.0079300235766
152 0.0206848882717
153 0.000282727771997
154 0.0511115916955
155 0.00301933564336
156 0.00165919338314
157 0.00170353916311
158 0.000809886109766
159 0.000218668106232
160 0.000616712393357
161 0.00781387649749
162 0.0207531857918
163 0.0223247824881
164 0.00375263399347
165 0.0251484329957
166 0.00496718305148
167 0.000488601513023
168 0.00484825197412
169 0.00135123803456
170 0.000445085367373
171 0.00280225302238
172 0.000489466677109
173 0.000679053879199
174 0.00377341547489
175 0.00030117867652
176 0.000689232814336
177 0.0355831694462
178 0.000136196220448
179 0.000999074205747
180 0.00143014833829
181 0.0135289564426
182 0.00581747087184
183 0.000206671624581
184 0.000623267499101
185 0.00107694059127
186 0.000166235739301
187 0.000534601030004
188 0.000284048773074
189 0.000534767054411
190 0.00114466391148
191 0.000246034612536
192 0.00281388346705
193 0.0011070072878
194 0.00769337653151
195 0.000368850569413
196 0.00184903216085
197 0.000425124880434
198 0.000512792743121
199 0.000210266241017
200 0.000787596325556
201 7.17153801396e-05
202 0.00103480151056
203 0.00339081843157
204 0.00025947563503
205 0.00328286936889
206 0.0359188458427
207 0.001613813491
208 0.000210860375971
209 0.00061129617201
210 0.00170107765416
211 0.00121802988612
212 0.000923840174207
213 0.00123914969292
214 0.00231286064892
215 0.00193126746969
216 0.0338815013688
217 0.000364352391737
218 0.000445085367373
219 0.000228585959141
220 0.00171055208389
221 0.000787596325556
222 0.000473412760633
223 0.00035173834719
224 0.000364352391737
225 0.000620029840796
226 0.00435793664552
227 0.000811168082038
228 0.000200561355306
229 0.000240836681684
230 0.0237121448184
231 0.0239909179043
232 0.00211339477483
233 0.0135620478138
234 0.000689019881172
235 0.000252231282556
236 0.000146627249812
237 0.00618564582531
238 0.00100426502678
239 0.0208588407347
240 0.00468708538185
241 0.000564149422198
242 0.00823281270626
243 0.000682992984156
244 0.0263128001253
245 0.00370470961025
246 0.00240624834431
247 0.00225878465908
248 0.000872560341909
249 0.00112900616479
250 0.000396192507854
251 0.00102036879719
252 0.00067500778747
253 0.00107541510269
254 0.0022832216524
255 0.000551037051731
256 0.000679053879199
257 0.00207380356822
258 0.000603032472499
259 0.00997516021375
260 0.019637894392
261 0.000491502602433
262 0.0114251511553
263 0.000512792743121
264 0.00419474348305
265 0.00265726661602
266 0.00100424892208
267 0.000503529127873
268 0.00176524876005
269 0.00971606949004
270 0.0303695590226
271 0.00176299243184
272 0.00613042299096
273 0.000883106464469
274 0.00474390440066
275 0.0188454767692
276 0.000635121292924
277 0.00164331341791
278 0.00184453398317
279 0.000787596325556
280 0.00117775247387
281 0.000787596325556
282 0.00107803766657
283 0.000235808980854
284 0.00114263043047
285 0.0893188616687
286 0.0036191539318
287 0.000297053479987
288 0.0162111843215
289 0.00031919413333
290 0.00127551020408
291 0.0011404212002
292 0.000543719475493
293 0.00372671990273
294 0.000234933182239
295 0.000568396122977
296 0.00177794748779
297 0.000876471606648
298 0.00277921774791
299 0.00538309310019
300 0.00717500711225
301 0.0164336857557
302 0.00589964728001
303 0.0274653778871
304 0.00266247198367
305 0.00544037020271
306 0.00258820496359
307 0.000968140266791
308 0.00112638393695
309 0.000729927418089
310 0.0007196146064
311 0.00116882168164
312 0.000522210227634
313 0.00184102612862
314 0.00153448221619
315 0.000924488677867
316 0.0300983145811
317 0.0011868688433
318 0.0305108015932
319 0.000940305134821
320 0.000378538913726
321 0.000260145681582
322 0.00104395168331
323 0.000981668700448
324 0.000338093322183
325 0.0031033153285
326 0.000647629872919
327 0.00416374792659
328 0.0107023257709
329 0.0496799507365
330 0.000403577866973
331 0.000527397398422
332 0.000526884422962
333 0.000240836681684
334 0.00100687921983
335 0.000368850569413
336 0.000347036364969
337 0.00230515243214
338 0.000142701353275
339 0.000670772734331
340 0.000748310968782
341 0.00669926830495
342 0.00378448407255
343 0.0214783181245
344 0.00680109080364
345 0.00539937378813
346 0.000445085367373
347 0.0122175327136
348 0.00752733378852
349 0.000250967399698
350 0.00074485931597
351 0.000175140813899
352 0.00538309310019
353 0.00629551195915
354 0.0123532283669
355 0.00249349439688
356 0.000951619405106
357 0.00266459340362
358 0.000635121292924
359 0.000280764614135
360 0.000496708242412
361 0.000485084804602
362 0.00184453398317
363 0.000379289557958
364 0.000713337376453
365 0.000932746863945
366 0.0323629189912
367 0.00275262026337
368 0.0114795918367
369 0.00832826244288
370 0.00116972355022
371 0.0013380677792
372 0.0121876198225
373 0.00097208343812
374 0.000354861996882
375 0.000525920237345
376 0.026280938963
377 0.000926000426851
378 0.000488601513023
379 0.000825472974996
380 0.000582193503871
381 0.00101215522731
382 0.000269836986714
383 0.00208153442291
384 0.000354510600305
385 0.000440889770668
386 0.000263453935822
387 0.000391814212466
388 0.000406825222508
389 0.00208541607134
390 0.000393548492845
391 0.00171562620356
392 0.011366445243
393 0.00340146535757
394 0.00116882168164
395 0.00349039494473
396 0.000518491047028
397 0.00196085591667
398 0.00297415695829
399 0.00185329452431
400 0.000657735778142
401 0.00055940976452
402 0.000762498806607
403 0.00100715791028
404 0.00339058110189
405 0.000405822810618
406 0.108689195388
407 0.00112685306812
408 0.000201912489865
409 0.000980092615764
410 0.00319800471975
411 0.00067500778747
412 0.000980092615764
413 0.000787596325556
414 0.000223167401806
415 0.000463677025582
416 0.00114351208975
417 0.000642729617139
418 0.0488105421962
419 0.000716062798479
420 0.00163221395704
421 0.00679270892556
422 0.00135180081592
423 0.00934192817679
424 0.00246291769545
425 0.000688488639937
426 0.0033656078337
427 0.00127551020408
428 0.12201606536
429 0.00123090656616
430 0.00579432537879
431 0.00113240375964
432 0.00903926689278
