1 0.000643074147716
2 0.000384975916556
3 0.00219725727574
4 0.000538548290259
5 0.0010586471389
6 0.00064391500322
7 0.00104966381956
8 0.000570940733698
9 0.00050817924661
10 0.000334962571293
11 0.000341554584093
12 0.00218765179095
13 0.00545636108172
14 0.01183048555
15 0.00399826686923
16 0.000954590807421
17 0.00239537791732
18 0.00762649659336
19 0.00278366487155
20 0.00128265433998
21 0.000314494406562
22 0.00641025230112
23 0.0453207366413
24 0.00190724482955
25 0.0406164040548
26 0.000487226828032
27 0.000809886109766
28 0.000202271604938
29 0.000985095115646
30 0.00154156907462
31 0.00147758554402
32 0.000510068339712
33 0.00105376048577
34 0.000512831180136
35 0.000749468692622
36 0.00117116891371
37 0.00204954486412
38 0.00194170203406
39 0.000516628250116
40 0.049807280462
41 0.00130728203999
42 0.000207028621707
43 0.00152714146883
44 0.00375277052998
45 0.0109388828079
46 0.00103880491945
47 0.00370351345508
48 0.0010294832566
49 0.000203354717353
50 0.000101147811193
51 0.00580056833969
52 0.00085385393827
53 0.00026454100191
54 0.000259556208638
55 0.00139271645836
56 0.00547913886496
57 0.00067225723454
58 0.0237777871054
59 0.00231904932566
60 0.000740432227313
61 0.000867989680645
62 0.000841683729119
63 0.10551058008
64 0.000886690445053
65 0.00123338367028
66 0.00286727644137
67 0.00443410225855
68 0.000825930289557
69 0.00269566414902
70 0.00242871942705
71 0.0025504774196
72 0.00116558398823
73 0.00149708121194
74 0.0126014882125
75 0.000324883081077
76 0.000924391083327
77 0.000248979766504
78 0.00148681276432
79 0.00161206783909
80 0.000510068339712
81 0.00050817924661
82 6.58600303607e-05
83 0.00183238181698
84 0.0033723467566
85 0.000468706524278
86 0.0417049418228
87 0.0113194854798
88 0.000740432227313
89 0.00115642406845
90 0.00123107701703
91 0.0113977041902
92 0.000453229099966
93 0.00465225498208
94 0.000156697058956
95 0.000766456625003
96 0.00086505418283
97 0.00597815980611
98 0.000844233125597
99 0.00545020494572
100 0.000857421631205
101 0.00171562620356
102 0.000233628604387
103 0.000479234206741
104 0.0021190155564
105 0.000809886109766
106 0.00050817924661
107 0.00258222096979
108 0.000500030401848
109 0.00079723183391
110 0.000722243333367
111 0.0289349837805
112 0.00217967154366
113 0.00193371757003
114 0.00168235266187
115 0.0494055441401
116 0.00168416061323
117 0.000560839624829
118 0.00175696511169
119 0.000207028621707
120 0.000535836762689
121 0.000224438552932
122 0.00194177692879
123 0.000870099605916
124 0.0012990303127
125 0.00269774122989
126 0.000496471477912
127 0.00112691444469
128 0.000303331796452
129 0.00156152445369
130 0.000591672753835
131 0.01026980239
132 0.000202271604938
133 0.000985855219902
134 0.00214693311453
135 0.000678882762989
136 0.00152308930764
137 0.000248399499228
138 0.000503098730388
139 0.00147881069375
140 7.29128034883e-05
141 0.00091260543465
142 0.0420867899753
143 0.000703850154821
144 0.0511683498994
145 0.000596074463742
146 0.00054794568587
147 0.00148162157351
148 0.000526956067096
149 0.00272294189589
150 0.000778888772869
151 0.0224325412842
152 0.000219885745305
153 0.000841666127137
154 0.000589888673135
155 0.0187970893693
156 0.00503191050499
157 0.00108868969866
158 0.000218712980488
159 0.0010294832566
160 0.00056469616477
161 0.00218790280732
162 0.00156214574194
163 0.001476970396
164 0.000398431779751
165 0.000525262937745
166 0.000155708874865
167 0.00185241381369
168 0.00036253552123
169 0.000361827789164
170 0.0252341181292
171 0.000539426322299
172 0.224564360406
173 0.00043886577781
174 0.000525262937745
175 0.0167989117122
176 0.0228686691409
177 0.00451762284538
178 0.000733761700697
179 0.00873336481975
180 0.0331276294134
181 0.000386229862789
182 0.00228081027353
183 0.0340129683332
184 0.0614497030732
185 0.00330476156856
186 0.000514655748828
187 0.00107376651341
188 0.000494617283951
189 0.000926766841326
190 0.812623056906
191 0.00173189502154
192 0.00100215232632
193 0.00102910305086
194 0.000157477893118
195 0.00050817924661
196 0.000245982031111
197 0.00173733033386
198 0.000134079862974
199 0.000535836762689
200 0.00101361353102
201 0.00156152445369
202 0.00037790182714
203 0.011669303401
204 0.000507370727321
205 0.00234013148385
206 0.00233521057125
207 0.00355100582934
208 0.00040583984976
209 0.00763706704928
210 0.000656633140713
211 0.00528064314521
212 0.00119792428315
213 0.000966468898494
214 0.00132616919054
215 0.0214625857622
216 0.460825477162
217 0.000531889543988
218 0.000596074463742
219 0.000250054806179
220 0.000789781109972
221 0.000510068339712
222 0.000832100591716
223 0.000251435855306
224 0.00132498944405
225 0.00397439198765
226 0.000971496036431
227 0.0150128192477
228 0.000896914207835
229 0.00318263683495
230 0.00658897338355
231 0.00192121916794
232 0.000475894605716
233 0.000480500740241
234 0.00040064076882
235 0.00142415685439
236 0.02941575717
237 0.00141890907041
238 0.00185329452431
239 0.000278325828966
240 0.0241208958185
241 0.000638980248865
242 0.00108630321789
243 0.000286463980138
244 0.00671452973108
245 0.00150041400428
246 0.001476970396
247 0.000944964570716
248 0.000586567557704
249 0.000208150219411
250 0.000586115308237
251 0.00050817924661
252 0.0001602205462
253 0.00597421193802
254 0.00492370674732
255 0.00312123342647
256 0.0031199339954
257 0.00532246965646
258 0.0778883458701
259 0.0848163386486
260 0.24642748825
261 0.00135662661227
262 0.00355187277412
263 0.000198373338623
264 0.000480000981472
265 0.000475894605716
266 0.00681503770916
267 0.264680488765
268 0.00213799057995
269 0.00427744536941
270 0.000716474595151
271 0.000809886109766
272 0.000304808925257
273 0.000643500376688
274 0.000903075971266
275 0.00110166269385
276 0.000245982031111
277 7.03207063715e-05
278 0.000147803560274
279 0.000722243333367
280 0.00156404609148
281 0.275635569348
282 0.00211016156752
283 0.0031370818879
284 0.00093393020313
285 0.00137174211248
286 0.000960568675859
287 0.00498292500041
288 0.00147905972289
289 0.00860804556782
290 0.00400979854811
291 0.000531293295103
292 0.000966969799897
293 0.000289891907855
294 0.000951261710713
295 0.000532872249633
296 0.000510068339712
297 0.000266066474127
298 0.000334962571293
299 0.00036253552123
300 0.00058019881725
301 0.00760632717009
302 0.00064263402623
303 0.000975609523721
304 0.00950637488187
305 0.00134515724913
306 0.00625409343017
307 0.000592569276089
308 0.000952971345825
309 0.00103166538789
310 0.00300877274457
311 0.00111860542643
312 0.00257025166854
313 0.0235881821191
314 0.000652368222298
315 0.013404318555
316 0.0586384422996
317 0.00679454090732
318 0.00238920970617
319 0.000933155832765
320 0.0113452501984
321 0.00229180181308
322 0.000246375602361
323 0.000219885745305
324 0.000288469914006
325 0.001476970396
326 0.00031130153514
327 0.00217913952718
328 0.000614437357791
329 0.00299534331629
330 0.0117060762901
331 0.0013204005765
332 0.00124888671933
333 0.00685276961537
334 0.00048125035138
335 0.186736537031
336 0.000614693434498
337 0.000408451615475
338 0.00184114105059
339 0.0026638917794
340 0.00226104509321
341 0.000447306123878
342 0.00235835851961
343 0.000329155193093
344 0.000989025161935
345 0.00241408038297
346 0.0882529620105
347 0.00446805979073
348 0.000331014919245
349 0.000175430902153
350 0.000570940733698
351 0.000995932928354
352 0.0019574518546
353 0.000192734963829
354 0.000449623887163
355 0.000357075726906
356 0.00348579131548
357 0.0011034514244
358 0.00251357244571
359 0.288914623516
360 0.00127396543104
361 0.00682907956087
362 0.000369456871954
363 0.00885041702582
364 0.0242655355942
365 0.000872110694108
366 0.000575631536872
367 0.000613900072784
368 0.000592569276089
369 0.000457746845188
370 0.00119003438218
371 0.000490792956074
372 0.00222543609826
373 0.00142399430402
374 0.126508272049
375 0.00198614455399
376 0.00551351923178
377 0.000371816430574
378 0.00869370772517
379 0.000218712980488
380 0.00108585096842
381 0.000261726309935
382 0.000809886109766
383 0.00161836497909
384 0.000896075382342
385 0.000369318278891
386 0.00015240807012
387 0.00079723183391
388 0.00344721019868
389 0.000264415254801
390 0.0144067463383
391 0.000250325126422
392 0.000537542433147
393 0.000333970281454
394 0.001610500382
395 0.000484807676122
396 0.000841025101907
397 0.000662010547858
398 0.00126662815148
399 0.00850627983448
400 0.000670772734331
401 0.00146110430529
402 0.00045423855446
403 0.0050967334331
404 0.00016136688425
405 0.000423758579275
406 0.00147758554402
407 0.00031928812316
408 0.00042829810096
409 0.000596074463742
410 0.001476970396
411 0.00045423855446
412 0.000518283164214
413 0.000752333713657
414 0.00377245884004
415 0.00252791083984
416 0.0037085683381
417 0.00110246703
418 0.00398367626406
419 0.00140055842778
420 0.000785507450381
421 0.00147291739414
422 0.0885843954601
423 0.000713722599816
424 0.00101338178403
425 0.00185740684057
426 0.00120996569109
427 0.0345785284766
428 0.0109759592428
429 0.000282311134202
430 0.00694341105173
431 0.00212920915614
432 0.000508761360656
