1 0.000248983232088
2 0.0879716509683
3 0.00152199379285
4 0.000965104372456
5 0.00375801881945
6 0.00055940976452
7 0.000175140813899
8 0.000461290017832
9 0.00101232175408
10 0.000443213296399
11 0.00570476052584
12 0.0033789775788
13 0.0009765625
14 0.0385009608696
15 0.0112585809275
16 0.122556604006
17 0.000438412655489
18 0.000898120605733
19 0.00113075436013
20 0.000659041300559
21 0.00704093325605
22 0.000758317908528
23 0.00272952936277
24 0.000472097475086
25 0.0068594979111
26 0.00216334944135
27 0.0476914480289
28 0.260738407465
29 0.000213393418225
30 0.00254655875169
31 0.000503778733464
32 0.000443213296399
33 0.000191920033319
34 0.000375897034314
35 0.00120990429063
36 0.000242247148647
37 0.000646864725973
38 0.00346020761246
39 0.00187953553621
40 0.000822168242119
41 0.00735879391162
42 0.00712566902723
43 0.00160429814522
44 0.00081921390405
45 0.00603527816603
46 0.00361629696897
47 0.00392788974915
48 0.000430433360307
49 0.000534845848869
50 0.000160348799193
51 0.0013490551486
52 0.00308107920213
53 0.0443346657666
54 0.000241159670588
55 0.000527985780709
56 0.00090569661527
57 0.019867737647
58 0.00118997812716
59 0.000370936239991
60 0.000536830432874
61 0.00118906064209
62 0.000412432534997
63 0.215171060105
64 0.00110292615841
65 0.0200344374417
66 0.00133266534723
67 0.000544677821289
68 0.0125551961137
69 0.0102486747827
70 0.00395198118963
71 0.00491267941897
72 0.00579130572367
73 0.0384181509187
74 0.000482707763238
75 0.000219928613055
76 0.00377509874918
77 0.00193821446936
78 0.0133624102581
79 0.00105566343886
80 0.00282713606306
81 0.00090968307091
82 0.0103203842362
83 0.000221937864334
84 0.000166070450057
85 0.00112442738297
86 0.00118000116543
87 0.00254099887355
88 0.000121090801072
89 0.000434722222222
90 0.000856632956573
91 0.00102251644459
92 0.00283257581077
93 0.000863640149938
94 0.0093795004271
95 0.00649825905128
96 0.0104022729029
97 0.0171126284478
98 0.00206697622547
99 0.00176355908267
100 0.00235545570744
101 0.00140219364577
102 0.0141560033227
103 0.000275986663084
104 0.00031259440351
105 0.00050625
106 0.00100781053162
107 0.00260194917463
108 0.000324934182661
109 0.0019557468493
110 0.0102002099925
111 0.00103656632843
112 6.35473046921e-05
113 0.000190578144111
114 0.00155214482894
115 0.00254680731352
116 0.000257898000333
117 0.000550949568605
118 0.00108232875571
119 0.00473678093796
120 0.00216865018396
121 0.000425566571934
122 0.00226200651957
123 0.00528819097878
124 0.000219072859697
125 0.000877164245662
126 0.000507518002008
127 0.000817335007993
128 0.000541840489096
129 0.00512008515526
130 0.000195267062032
131 0.000492691267591
132 0.00082834883517
133 0.00114693411943
134 0.00132304120908
135 0.000412442975634
136 0.00712765688431
137 0.000219572817854
138 0.000907055024352
139 0.000935517844498
140 0.000213740980131
141 0.00140111487295
142 0.000573428164589
143 0.000534845848869
144 0.000315824309002
145 0.00622055523267
146 0.000507518002008
147 0.000407134030477
148 0.00027497607784
149 0.00371775870117
150 0.0233837214306
151 0.00451171450652
152 0.000508075643211
153 0.000866467120715
154 0.00269057049194
155 0.000968340005432
156 0.00200257043503
157 0.00587496389939
158 0.0063801527142
159 0.00116088714333
160 0.000865800294451
161 0.00616024883974
162 0.0128605187045
163 0.000233086649962
164 0.00258795042242
165 0.000743801652893
166 0.00387229331538
167 0.000584537614358
168 0.00188779487953
169 0.000619824038842
170 0.00284444444444
171 0.000790289256198
172 0.000966678332627
173 0.0296470541988
174 0.000851088421257
175 0.0800630587527
176 0.00460285795252
177 0.000634832228096
178 0.00129713824616
179 0.000840807901649
180 0.000648965838682
181 0.000707260852034
182 0.000169596551581
183 0.0004860197394
184 0.05374090117
185 0.386368414739
186 0.00151763676145
187 0.000844233125597
188 0.000466023118022
189 0.00091771736893
190 0.00570476052584
191 0.000375897034314
192 0.0010413856451
193 0.0026986001012
194 0.000929737625022
195 0.00116972355022
196 0.0129042664526
197 0.00174486260438
198 0.000411773697082
199 0.00316839280645
200 0.0136006744008
201 0.00393530345143
202 0.00451851724316
203 0.00948237645735
204 0.00410004843069
205 0.00373829877858
206 0.000169211448212
207 0.000856632956573
208 0.00037222916627
209 0.00116061410642
210 0.000461235241025
211 0.000346410198958
212 0.00045115636791
213 0.00233515788818
214 0.00398207320729
215 0.00308641975309
216 0.0185634871326
217 0.00105647799398
218 0.000213393418225
219 0.000192901234568
220 0.00100249928642
221 0.00148499597195
222 0.000224385229842
223 0.0004860197394
224 0.000856632956573
225 0.000394359651534
226 0.00102930942909
227 0.00374207137799
228 0.0204186355995
229 0.00348579131548
230 0.00115015374235
231 0.000590929827006
232 0.775239433743
233 0.00069264050553
234 0.00221052667198
235 0.000141092774562
236 0.00148658199207
237 0.000211186098675
238 0.00106993818971
239 0.000248879575456
240 0.000241304552738
241 0.00254680731352
242 0.00140077288738
243 0.000427589877682
244 0.000484231908407
245 0.000396187472108
246 9.91307088736e-05
247 0.000433471038288
248 0.00636882692983
249 0.00321993989236
250 0.0915447844059
251 0.0296453267551
252 0.0192228241222
253 0.0011591400022
254 0.000491203913284
255 0.00290961798561
256 0.000837019320915
257 0.00239411198085
258 0.00127768453324
259 0.0320253930705
260 0.00204330687218
261 0.00640976856844
262 0.00635654299621
263 0.00353218082948
264 0.00553758534048
265 0.00256016794646
266 0.00593497983985
267 0.000205711082176
268 0.00694444444444
269 0.00424129699548
270 0.00210398427225
271 0.000177777777778
272 0.000314816894938
273 0.000219967910564
274 0.000854655756777
275 0.000192901234568
276 0.000929737625022
277 0.00751356288246
278 0.15344135994
279 0.000581379618454
280 0.000620590355496
281 0.00114671395528
282 0.0159626658401
283 0.00661242620884
284 0.000437394866731
285 0.00143964770974
286 0.00136331360947
287 0.000738585379824
288 0.000863640149938
289 0.0404346540128
290 0.191891847171
291 0.00534194916171
292 0.419602736727
293 0.00110089405169
294 0.000407134030477
295 0.00441152390383
296 0.0017720917325
297 0.000199073685258
298 8.61161954113e-05
299 0.00127602130333
300 0.000443213296399
301 0.000602114365755
302 0.000501849213673
303 0.00128918119963
304 0.142164083707
305 0.00169066628879
306 0.00624182145366
307 0.0040080228544
308 0.00910062772402
309 0.00256882585471
310 0.0386344885291
311 0.00811240791686
312 0.00195464132291
313 0.0123076630872
314 0.0020080468375
315 0.00140460136751
316 0.000169707678524
317 0.00112356043819
318 0.000337458302876
319 0.0049695638776
320 0.00220019231534
321 0.00165081172358
322 0.000224385229842
323 0.000411773697082
324 0.00103656632843
325 0.00389481506454
326 0.000837460324025
327 0.000743801652893
328 0.000536830432874
329 0.000322553342582
330 0.000753792059504
331 0.000416493127863
332 0.000528790192386
333 0.00168125009402
334 0.040267568821
335 0.00128091758739
336 0.00169250484346
337 0.00104781389887
338 0.000369000716126
339 0.000159960856637
340 0.000229564711642
341 0.000945460205638
342 0.000178708328718
343 0.000541840489096
344 0.00342132473174
345 0.00460434609862
346 0.0332347069055
347 0.00324816712236
348 0.0058261614019
349 0.00200979534575
350 0.00267861621331
351 0.00214942393863
352 0.00168416061323
353 0.00307928764743
354 0.000602114365755
355 0.000359839397995
356 0.000214288883178
357 0.000211186098675
358 0.00488430938873
359 0.0157492051481
360 0.397101667322
361 0.000668846611177
362 0.00140040888482
363 0.00859711513894
364 0.00017492463188
365 0.000275710776295
366 0.00105911594494
367 0.000140641412743
368 0.000903007516701
369 0.00342132473174
370 0.00139913599253
371 0.00158046313873
372 0.000928983318657
373 0.000621494341373
374 0.00313785919664
375 0.0156504457483
376 0.000168662506325
377 0.000247654565585
378 0.00781758440085
379 0.00152538232212
380 0.00140040888482
381 0.00158609134198
382 0.000602114365755
383 0.000495217573069
384 0.000161443111484
385 0.00438039420026
386 0.000909067952829
387 0.00116972355022
388 0.120199147471
389 0.000928983318657
390 0.00112003877735
391 0.0183614826321
392 0.00231763294826
393 0.00100074369291
394 0.0110935681878
395 0.000375164658611
396 0.00384353876151
397 0.000796696149844
398 0.00274982968171
399 0.000165957457843
400 0.00104808239739
401 0.00275336250638
402 0.00345592937405
403 0.0010703808617
404 0.000552919471228
405 0.000370936239991
406 0.00114693411943
407 0.000661621416303
408 0.00060825435011
409 0.00224376731302
410 0.000602114365755
411 0.000553112519016
412 0.00206318400267
413 0.00142509158335
414 0.000607860758066
415 0.00343737051325
416 0.0475451579648
417 0.0103822536627
418 0.00116466103464
419 0.00503330943051
420 0.000792974951302
421 0.00164168616116
422 0.000552292578404
423 0.00330532554334
424 0.000226554887789
425 0.00173022100132
426 0.00109374457468
427 0.000993987709779
428 0.00179570978141
429 0.00048381749289
430 0.0862288112493
431 0.00206318400267
432 0.00305920858908
