1 0.000973555380923
2 0.000356272895838
3 0.00228126334891
4 0.000522090865495
5 0.000703780284742
6 0.00336563156156
7 0.000448970952342
8 0.00171562620356
9 0.00106912962454
10 0.00110905635221
11 0.00119241483124
12 0.00150564789268
13 0.0187038689943
14 0.00285394968241
15 0.00185420650701
16 0.000120592656378
17 0.0395334234215
18 0.00149043481164
19 0.0018345946012
20 0.00379220552956
21 0.00390404612056
22 0.00288435264792
23 0.000266664032948
24 0.0033789775788
25 0.00097607792954
26 0.00414421322544
27 0.000643635827273
28 0.00182895814869
29 0.00167362967216
30 0.000582411662752
31 0.00022521017554
32 0.000540832882639
33 0.00112147106544
34 0.000540832882639
35 0.000455791505651
36 0.00106076325481
37 0.00912047612611
38 0.000511396287479
39 0.0204081632653
40 0.00448246602753
41 0.00277751642001
42 0.00279036486367
43 0.00740453935452
44 0.00227679085609
45 0.000458024321735
46 0.000899195161401
47 0.0113747779444
48 0.00268902893816
49 0.193352798025
50 0.00664450793349
51 0.0757278242317
52 0.014687003202
53 0.00295168064199
54 0.00102844356129
55 0.00041717395019
56 0.00029643014644
57 0.0047287422785
58 0.000515591061218
59 0.000374664497003
60 0.00189049123815
61 0.000693981019342
62 0.000703618607673
63 0.00729266409041
64 0.0281350159374
65 0.00179124868378
66 0.0014127364887
67 0.000219348734305
68 0.00314173111243
69 0.000793493354493
70 0.000505569945326
71 0.000502724768244
72 0.00187211707453
73 0.00669640021688
74 0.00138092624296
75 0.000710923621527
76 0.00616729630731
77 0.00369238618614
78 0.00471112170484
79 0.614959703149
80 0.197746973041
81 0.0013504789671
82 0.00043547816199
83 0.00112274840595
84 0.000939071979295
85 0.000295281981761
86 0.000221525148729
87 0.000903007516701
88 0.000465256370261
89 0.000475894605716
90 0.000605917159763
91 0.00368661420923
92 0.00198058668543
93 0.0019537141563
94 0.00131796982167
95 0.000778725596568
96 0.00247922013481
97 0.000976254867932
98 0.0364120794752
99 0.00154766833528
100 0.00785689953737
101 0.000794386208199
102 0.000194926430501
103 0.0012891855329
104 0.000736771270714
105 0.000202992715258
106 0.00995902470688
107 0.0101208525649
108 0.0152850014199
109 0.000470133721075
110 0.000494437388623
111 0.53844906397
112 0.000607785831468
113 0.000249304190137
114 0.000148039007827
115 0.000522210227634
116 0.00019090743674
117 0.00179050295161
118 0.000567974765563
119 0.000224371320535
120 0.00267250581348
121 0.0135031922223
122 0.0669016815104
123 0.000574424888342
124 0.00123492681641
125 0.00143387954322
126 0.00376549586777
127 0.0435075678344
128 0.00402059858756
129 0.00572185818489
130 0.00096104923964
131 0.00165639335317
132 0.00211289419865
133 0.00233081168376
134 0.0021205004006
135 0.000719520053901
136 0.000453229099966
137 0.0645783838288
138 0.130209193157
139 0.000465256370261
140 0.00140338448877
141 0.00020988714392
142 0.00180606570288
143 0.000259310557094
144 0.00111094513071
145 0.00110905635221
146 0.00071135734072
147 0.000580564111559
148 0.00208716983781
149 0.000643635827273
150 0.0102568537682
151 0.00421952636308
152 0.000207169754121
153 0.00818989168936
154 0.000457352434322
155 0.000564890018669
156 0.000610159994872
157 0.000828516034202
158 0.000903007516701
159 0.000387500775002
160 0.000806933163436
161 0.00306734285487
162 0.0649983154803
163 0.00618399264567
164 0.000978260131144
165 0.13578865286
166 0.00160261544705
167 0.0029632106445
168 0.00166458564574
169 0.000404517914966
170 0.00075751199394
171 0.000253496102403
172 0.00530591713679
173 0.00171853035235
174 0.000467459768195
175 0.000447347551112
176 0.0108111288805
177 0.0112266978508
178 0.000455458060678
179 0.0105109711951
180 0.0257309691028
181 0.000740307873746
182 0.00193207182931
183 0.00603898933709
184 0.000568082024562
185 0.00148106953759
186 0.000569412847411
187 0.000555199734215
188 0.000275848360477
189 0.00278805694391
190 0.00167083912713
191 0.000186692200715
192 0.000568786592549
193 0.00093393020313
194 0.00309778777202
195 0.000471638148982
196 0.00107385909746
197 0.000838808348473
198 0.00240850330848
199 0.00180681791683
200 0.000465284927949
201 0.000436206081899
202 0.000458493183115
203 0.0147642701092
204 0.00481499999515
205 0.00132931232246
206 0.00190958556533
207 0.0108246631846
208 0.000943780033608
209 0.00788720663535
210 0.00160261544705
211 0.000984636029668
212 0.000990584294044
213 0.000210039907582
214 0.000410939387303
215 0.000983380070405
216 0.000294415664986
217 0.00853430077999
218 0.0550763860308
219 0.00097486928402
220 0.00174271061182
221 0.000870733673744
222 0.00344752125242
223 0.00188267739155
224 0.000477031636863
225 0.000490642956595
226 0.000945129266117
227 0.0325943561592
228 0.000673226253851
229 0.004580747197
230 0.0019793278891
231 0.0012257208256
232 0.000418864276662
233 0.00118738885229
234 0.00273399119997
235 0.000921373301218
236 0.000235370470525
237 0.000804856493561
238 0.0126958936719
239 0.00036558265642
240 0.0020700152207
241 0.117573816863
242 0.0196809001306
243 0.00054863490833
244 0.00129255089973
245 0.00110905635221
246 0.00171562620356
247 0.000448063307194
248 0.00190464258613
249 0.000183949313017
250 0.00047839601852
251 0.000202839151536
252 0.000319333578922
253 0.000520186148334
254 0.000535578809461
255 0.00473710933877
256 0.00093235202724
257 0.00961325294489
258 0.0304304319878
259 0.014324082226
260 0.00140128306948
261 0.000633842740067
262 0.000413118160949
263 0.00112233639805
264 0.00161337297214
265 0.00160261544705
266 0.000711746933437
267 0.000558491114809
268 0.00115126216887
269 0.00175096864811
270 0.0909825513309
271 0.0677893523434
272 0.000514781616647
273 0.000239917646873
274 0.00155741441265
275 0.000426785524498
276 0.00275194840097
277 0.000295281981761
278 0.000477031636863
279 0.00465904811978
280 0.000782271468144
281 0.000448970952342
282 0.000506249676518
283 0.000470133721075
284 0.000634856888451
285 0.000832100591716
286 0.00961006157639
287 0.00106332703214
288 0.305238923367
289 0.00139642896545
290 0.000245470573488
291 0.00048434873031
292 0.000662681042979
293 0.00135333488215
294 0.00214234511427
295 0.00200558423492
296 0.00850662162838
297 0.0243337050589
298 0.166340777188
299 0.00023011522634
300 0.00296445723509
301 0.000581195849983
302 0.00233228218202
303 0.000205916065073
304 0.000921373301218
305 0.00207766360195
306 0.000990268472786
307 0.000611549202239
308 0.00302225187386
309 0.00268185507068
310 0.000191703938218
311 0.000763778353429
312 0.000251287411722
313 0.00136289454175
314 0.000507629370838
315 0.000919117647059
316 0.000428553568193
317 0.00208791052484
318 0.00060309324111
319 0.000192566772152
320 0.000885185438153
321 0.000505633775078
322 0.00105863859165
323 0.00734038339883
324 0.085449660003
325 0.0988282877596
326 0.0573158449457
327 0.000990334111571
328 7.009194159e-05
329 0.00398720639813
330 0.000992001984004
331 0.000921373301218
332 0.000490642956595
333 0.000295281981761
334 0.00351569733187
335 0.00021651762748
336 0.000455791505651
337 0.00125250404314
338 0.000633842740067
339 0.00167607208292
340 0.0337132006662
341 0.115744540518
342 0.000319333578922
343 0.00212567156451
344 0.00313521614698
345 0.00107727499475
346 0.00824191511906
347 0.000986815054412
348 0.00202563296085
349 0.00100249928642
350 0.00202563296085
351 0.00110308281964
352 0.00547939651578
353 0.0150367968296
354 0.00193553544362
355 0.000225281513892
356 0.000483458375007
357 0.000997229916898
358 0.00336563156156
359 0.000920459737941
360 0.00107385909746
361 0.000327038455203
362 0.000433998589851
363 0.000837316968989
364 0.00021651762748
365 0.00880051777738
366 0.00190112656602
367 0.00392320259369
368 0.00404207075065
369 0.0362032923159
370 0.219141719716
371 0.0140036397707
372 0.00675022436988
373 0.00105584166132
374 0.00146193771626
375 0.00221134611205
376 0.00696327814934
377 0.00126773475254
378 0.0218318768602
379 0.00185725369343
380 0.0039397198358
381 0.00297917615482
382 0.00614779138169
383 0.000997229916898
384 0.00403111995346
385 0.000433531891009
386 0.000933236880628
387 0.000596150531456
388 0.000296349858082
389 0.00355187277412
390 0.00106912962454
391 0.000386263049258
392 0.0015210361043
393 0.00784815436627
394 0.000386263049258
395 0.00104065485909
396 0.000454841535455
397 0.00511751220237
398 0.0185966240788
399 0.070372299918
400 0.000284254625522
401 0.00100249928642
402 0.00104405879869
403 8.98764496075e-05
404 0.00170220426055
405 0.000711111111111
406 0.000776991343831
407 0.000253942250203
408 0.00073872728666
409 0.0979830126689
410 0.00097486928402
411 0.000875438814594
412 0.000480917205294
413 0.00180606570288
414 0.000859834802247
415 0.000832100591716
416 0.000664816110926
417 0.000465256370261
418 0.00087468597214
419 0.0234769475592
420 0.000898501872919
421 0.00095006927998
422 0.0264058210149
423 0.00124458989426
424 0.00358504674513
425 0.000747418348639
426 0.00129849269845
427 0.00239184778546
428 0.00064727990111
429 0.000464915613558
430 0.00725726102044
431 0.00170162383599
432 0.00206754147726
