1 0.000182923910084
2 0.00363778124304
3 0.0002055472052
4 0.000346519749685
5 0.000640699769163
6 0.000718543352947
7 0.000899083373536
8 0.00233659787698
9 0.000165424261536
10 0.000598381593208
11 0.00412419651056
12 0.212145257131
13 0.00320918560319
14 0.00645717293101
15 0.000116444538527
16 0.00053565892383
17 0.00116642833668
18 0.00163304825229
19 0.00642208675058
20 0.000598381593208
21 0.000425475715888
22 0.015149220185
23 0.00102732967754
24 0.0708732501865
25 0.00124323582821
26 0.00153975642828
27 0.00018993519715
28 0.00458952369699
29 0.0012869754067
30 0.00045115636791
31 0.00124580768458
32 0.00173316230296
33 0.000803521607043
34 0.00051841234767
35 0.000324415118471
36 0.00216385968767
37 0.000512590466981
38 0.00933510700366
39 0.00443713750866
40 0.00143391565877
41 0.00161858025667
42 0.0588169492523
43 0.0110492836361
44 0.0142834377322
45 0.000349375491309
46 0.000397642267655
47 0.000944964570716
48 0.00221456277042
49 0.0181179478637
50 0.00446754421889
51 0.00336292661366
52 0.00716171904326
53 0.000896207804125
54 0.000746520022264
55 0.000448974564152
56 0.0010298147782
57 0.000783547415369
58 0.000450343910069
59 0.00133119027039
60 0.00102299763445
61 0.00084981123576
62 0.00224479193715
63 0.0421238195459
64 0.00302566216008
65 0.0017286743711
66 0.00463787770154
67 0.00152679738562
68 0.000949019472805
69 0.00209223455549
70 0.0014091842715
71 0.000748441507471
72 0.000627612327352
73 0.00867032458317
74 0.00175204387296
75 0.00102836065349
76 0.000748441507471
77 0.00241046515724
78 0.00104245007943
79 0.000584573252173
80 0.00702380681344
81 0.000857586454795
82 0.000451778318715
83 0.000633374695582
84 0.00033009819497
85 0.000952353679338
86 0.00128313655603
87 0.000754049086501
88 0.00156183765677
89 0.00103296594283
90 0.000967992192983
91 0.00278406971984
92 0.0278188008155
93 0.0144090660459
94 0.129905473271
95 0.000287633393381
96 0.000676713155811
97 0.00183237577299
98 0.00241577021868
99 0.000504469845779
100 0.000465866557803
101 0.00277896792977
102 0.000799738850709
103 0.00153223166774
104 0.297371696002
105 0.0183917264506
106 0.00021080299472
107 0.000213171157362
108 0.000947067447516
109 0.00328741329939
110 0.000552910223336
111 0.000451778318715
112 0.000672441754677
113 0.000212772105314
114 0.000618796564441
115 0.000184793648296
116 0.19930896104
117 0.0239603016016
118 0.0002055472052
119 0.00025764893739
120 0.0081101345001
121 0.000239912249994
122 0.000786094855446
123 0.00114965761801
124 0.00355636761293
125 0.000834104445516
126 0.00161329510018
127 0.0005385282971
128 0.00274467085309
129 0.000541268265839
130 0.00315844833761
131 0.0201958044339
132 0.00581612721396
133 0.000387291349398
134 0.00165128044091
135 0.00133119027039
136 0.000363642499277
137 0.000453465053444
138 0.000951619405106
139 0.00380158968819
140 0.0012334747792
141 0.000253459072795
142 0.00734015390757
143 0.0582709014304
144 0.00237953599048
145 0.00137798438935
146 0.000963602848497
147 0.000250703906952
148 0.000580076551542
149 0.000586117046913
150 0.0172183347596
151 0.00174123082154
152 0.00256369171607
153 0.000456570969391
154 0.00381248636918
155 0.00428712568452
156 0.000975619343363
157 0.00387406427119
158 0.00234433510697
159 0.000409775606878
160 0.0034620175811
161 0.000584573252173
162 0.00393736749695
163 0.00123661699254
164 0.000305211399182
165 0.0050778705886
166 0.00297182857425
167 0.000717761983124
168 0.00109023615413
169 0.00068449161709
170 0.000448787647181
171 0.000248489407654
172 0.000314593106023
173 0.000363642499277
174 0.000117031727941
175 0.00573376890463
176 0.0150548279071
177 0.0594926582992
178 0.0240049941278
179 0.201294895624
180 0.00436504874005
181 0.00215088243339
182 0.00041784142851
183 0.00493637927213
184 0.00524013629668
185 0.0254847058178
186 0.0204851597924
187 0.00102518770577
188 0.000502627150216
189 0.00033009819497
190 0.000504673147373
191 0.0017451888008
192 0.000184793648296
193 0.000212772105314
194 6.6911730881e-05
195 0.000112127215334
196 0.00068449161709
197 0.00120940058359
198 0.00935583158724
199 0.000540508178875
200 0.000384870405201
201 0.00572668737223
202 0.00218665862241
203 0.0204346128597
204 0.000505569945326
205 0.00121007939082
206 0.000167844088577
207 0.00156166972519
208 0.000150770317753
209 0.00111695884291
210 0.627185184963
211 0.0176173102926
212 0.00295330399611
213 7.78831207204e-05
214 0.00020628591873
215 0.00741883240932
216 0.000850599186748
217 0.000397420794842
218 0.000632886357343
219 0.000552188644002
220 0.000520188896709
221 0.000237599355512
222 0.0017451888008
223 0.000751747282977
224 0.000697559554717
225 0.000563659532505
226 0.000341921676412
227 0.00637812483564
228 0.0618342819491
229 0.00054897840122
230 0.000672707189662
231 0.000221113583284
232 0.00122316671692
233 0.00118967482631
234 0.000583457073032
235 0.00628983059833
236 0.00108036534794
237 0.00135734072022
238 0.00394335747487
239 0.00105079531473
240 0.000777209533966
241 0.1284283252
242 0.000197676681256
243 0.00102205440726
244 0.000809612169853
245 0.00135734072022
246 0.00120377485976
247 0.000754049086501
248 0.000254406279346
249 0.000968140266791
250 0.000446591577354
251 0.00139696902522
252 0.000186628445161
253 0.000716951834931
254 0.00107816996832
255 0.000725006978752
256 0.066371154968
257 6.76784455013e-05
258 0.000285214119602
259 0.00252751038184
260 0.00105566343886
261 0.00108285512802
262 0.00110379481902
263 0.00107580930388
264 0.00100845071616
265 0.000464662789099
266 0.0017262073183
267 0.00106571739035
268 0.000548822398968
269 0.000224812617122
270 0.00020628591873
271 0.00265104860752
272 0.00101036933401
273 0.000346519749685
274 0.002992183505
275 0.000552614715487
276 0.00126577271469
277 0.000679583464266
278 0.000618796564441
279 0.00112031149279
280 0.00106719016077
281 0.00224569660555
282 0.170612489875
283 0.000510891084358
284 0.01704947577
285 0.00583067747466
286 0.00344569297756
287 0.000796596928096
288 0.000681673046861
289 0.00243259330556
290 0.00157419397138
291 0.00124627311912
292 0.000877147896468
293 0.00388223272199
294 0.00238086901719
295 0.0198814564166
296 0.000219756283928
297 0.00126462456863
298 0.000305211399182
299 0.0013048171596
300 0.000386992743886
301 0.000968140266791
302 0.000253459072795
303 0.000803521607043
304 0.00199153287481
305 0.000148947967704
306 0.282618152576
307 0.000845901195491
308 0.00306161412257
309 0.00303642475386
310 0.000323379914481
311 0.00496349706204
312 0.00391833429286
313 0.00267346550674
314 0.00266682363147
315 0.00199153287481
316 0.00065222556049
317 0.00111523779692
318 0.00594027366864
319 0.00113800677065
320 0.00479333575118
321 0.0116483758393
322 0.00338914896811
323 0.000444932101064
324 0.0106038371575
325 0.000253459072795
326 0.000248489407654
327 0.000600513602209
328 0.000346519749685
329 0.00068449161709
330 0.000310833311782
331 0.000253459072795
332 0.00102218197994
333 0.000600513602209
334 0.0018010433963
335 0.00138529932828
336 0.579170570357
337 0.000995363307607
338 0.00101635265278
339 0.000951261710713
340 0.00130299418265
341 0.000487564474481
342 0.00100959032912
343 0.000850366339393
344 0.00079598274388
345 0.00136967077701
346 0.000221113583284
347 0.0103966283914
348 0.00454163781299
349 0.000380801573832
350 0.00108548299737
351 0.000218742221109
352 0.00230324785767
353 0.00258766193484
354 0.00033009819497
355 0.00623811260558
356 0.000599554315304
357 0.000980092615764
358 0.000973350812102
359 0.000462705970928
360 0.00155149864042
361 0.000253459072795
362 0.0378495507182
363 0.0325932350735
364 0.0031423440045
365 0.00159369769199
366 0.00272505702638
367 0.000583214168339
368 0.00234657090458
369 0.000711657675892
370 0.0284752550972
371 0.000394932498718
372 0.00189371831315
373 0.00661745510282
374 0.000663258036016
375 0.00257370613684
376 0.000387500775002
377 0.00186916970921
378 0.00094674556213
379 0.00187039072548
380 0.00033009819497
381 0.000672441754677
382 0.000305211399182
383 0.0012681052258
384 0.000337380528206
385 0.0002055472052
386 0.000542807588978
387 0.00221268234153
388 0.00057589047166
389 0.00396805096054
390 0.00291213638259
391 0.00426097816161
392 0.0477615923412
393 0.00260531598639
394 0.00108285512802
395 0.00112245577601
396 0.00398021176037
397 0.00284480277405
398 0.000847799340371
399 0.00101783352038
400 0.704818392677
401 0.00199516540096
402 0.000794663452364
403 0.0266234517323
404 0.00122308817821
405 0.000248489407654
406 0.000238978739294
407 0.00207380125598
408 0.000466888631747
409 0.000187011469063
410 0.000718543352947
411 0.000213559978361
412 0.0022606616808
413 0.000503627731274
414 0.000501824231446
415 0.000341921676412
416 0.00243257354813
417 0.00284185734174
418 0.00573123269691
419 0.00320843456506
420 0.00624716560132
421 0.00174789597608
422 0.00212608692041
423 0.00194413722375
424 0.0103940907716
425 0.00233011279586
426 0.00803172532296
427 0.0013774046126
428 0.000607891880255
429 0.00189806433637
430 0.217918444848
431 0.0145720595016
432 0.00687989835825
