1 0.00132533634667
2 0.0944488239473
3 0.00458295563123
4 0.000464476813317
5 0.000292472933405
6 0.000292005724247
7 0.00117327433164
8 0.000288054406795
9 0.000885185438153
10 0.000305772044552
11 0.00112789001068
12 0.00208930858766
13 0.00754017771717
14 0.00305662901308
15 0.000914155757648
16 0.00136892394761
17 0.000426883409603
18 0.013761147565
19 0.00180093633369
20 0.00662702655544
21 0.00909582828725
22 0.000565815167649
23 0.000637171238031
24 0.0294257029787
25 0.000398723065459
26 0.000205916065073
27 0.000980718336484
28 0.00196485984607
29 0.00115673697899
30 0.000419914001612
31 0.000426883409603
32 0.000370481358938
33 0.000766937647557
34 0.0211058674722
35 0.102780920795
36 0.000273124591585
37 0.00047250947987
38 0.00368730093127
39 0.000505144392343
40 0.0283005105047
41 0.00401529261837
42 0.000631689677844
43 0.000473345935728
44 0.000992816635161
45 0.00124567474048
46 0.00220540420771
47 0.00286829712365
48 0.0181238820637
49 0.0966621696549
50 0.00112702825244
51 0.000729364636733
52 0.000444335118257
53 0.001024
54 0.000329849666109
55 0.000870733673744
56 0.000523166218697
57 0.000872162862955
58 0.109605607273
59 0.00114962535492
60 0.000948678791244
61 0.000578669844809
62 0.000566893424036
63 0.00157195167023
64 0.000452069359036
65 0.000866467120715
66 0.000472291440393
67 0.00264743437309
68 0.00030566893424
69 0.000503529127873
70 0.000379372768406
71 0.00201403578567
72 0.00118274480971
73 0.00183502653099
74 0.00097486928402
75 6.46881670967e-05
76 0.00115148364423
77 9.91307088736e-05
78 0.0016820620442
79 0.000870733673744
80 0.000254470884455
81 0.0004581359073
82 0.000227839088644
83 0.000398723065459
84 0.000828114486828
85 0.000190249702735
86 0.000523022244661
87 0.000420603232521
88 0.000150782567415
89 0.000102398579057
90 0.000523022244661
91 0.001380350474
92 0.0311696338893
93 0.0379561735958
94 0.229503662698
95 0.00172516960912
96 0.00337486966445
97 0.00166875079596
98 0.000231689677844
99 0.000601691657055
100 0.000664316654004
101 0.000476470588235
102 0.00702293608302
103 0.00521219083522
104 0.013603537053
105 0.0174807106894
106 0.00097486928402
107 0.000930124854353
108 0.000601281498411
109 0.000230440465346
110 0.00101426705155
111 0.000577001321432
112 0.00229276458553
113 0.00111317158561
114 0.000299740640419
115 0.00153237248517
116 0.00026241595489
117 0.000909769394151
118 0.000158741182423
119 0.00401517485182
120 0.00285797593311
121 0.0265109913461
122 0.000877832815971
123 0.00235369081463
124 0.167606776897
125 0.00055940976452
126 0.00435505370611
127 0.00225551347739
128 0.000303042773926
129 0.00019593729505
130 0.00339745509718
131 0.00435367772895
132 0.0110873445549
133 0.00110677971356
134 0.00254719454285
135 0.0355412805298
136 0.000376745688824
137 0.000292005724247
138 0.00178433412604
139 0.00197205362144
140 0.000593275116687
141 0.00399154525229
142 0.000621542191972
143 0.000943517105616
144 0.00128712871287
145 0.00138688051174
146 0.00552145876102
147 0.000181082405934
148 0.000568022658657
149 0.489312511194
150 0.00059575271903
151 0.000735705491598
152 0.000537689361567
153 0.000217428985353
154 0.00017199677506
155 0.000445533526398
156 0.000818924226761
157 0.0039961387264
158 0.000930512083685
159 0.000947067447516
160 0.000499137091796
161 0.00211723360011
162 0.00180387214747
163 0.00208930858766
164 0.000436174927049
165 0.000775189625379
166 0.000776385905665
167 0.000921373301218
168 0.00017524467771
169 0.000962451914055
170 0.00598199957054
171 0.000410440017967
172 0.0015341843232
173 0.0109434695673
174 0.0105865900782
175 0.00729266409041
176 0.00436327509839
177 0.000250446076621
178 0.00270853644496
179 0.0118983362715
180 0.0047962807097
181 0.00181801961029
182 0.000818924226761
183 0.000746513780644
184 0.00269422458493
185 0.00175017301038
186 0.00202563296085
187 0.00100735875262
188 0.00130726643599
189 0.000246059207997
190 0.00304739561416
191 0.000555077234997
192 0.000299481070787
193 0.000182710600627
194 0.00060309324111
195 0.000228269582811
196 0.00107891110196
197 0.00117551020408
198 0.000385676529084
199 0.00329826827291
200 0.000566893424036
201 0.00515133665092
202 0.000612685030879
203 0.00184114105059
204 0.000207109332407
205 0.577460141946
206 0.000767124888194
207 0.000500988651081
208 0.00848895746312
209 0.00043547816199
210 0.00477043019126
211 0.0355432150184
212 0.0176423317499
213 0.00167350704994
214 0.0013084229215
215 0.0138107316593
216 0.00102765062099
217 0.00715252014831
218 0.00110658980914
219 0.000243455129519
220 0.00161314162859
221 0.000422514406734
222 0.000448865268601
223 0.000963882282996
224 0.00110643978166
225 0.0011361950923
226 0.000557298786159
227 0.000953106872606
228 0.000917586957482
229 0.00476078708057
230 0.129642487651
231 0.000714587219673
232 0.00154797097554
233 0.000608757961013
234 0.00191368871442
235 0.0049666071818
236 0.000749989787721
237 0.0030420165393
238 0.000729364636733
239 0.0022378742957
240 0.00114263043047
241 0.000821534342164
242 0.0500223587947
243 0.0122225725102
244 0.00125057414477
245 0.000391490285516
246 0.000456421033474
247 0.000501920949583
248 0.00127046368003
249 0.00178433412604
250 0.000604683810743
251 0.000398723065459
252 0.000205179335556
253 0.00090754713678
254 0.000157535404924
255 0.00995773053412
256 0.00874325622465
257 0.00126076454526
258 0.00321449702735
259 0.000482834089323
260 0.000420603232521
261 0.000917437033191
262 0.0025869131982
263 0.000540832882639
264 0.000324882797336
265 0.000883724133511
266 0.000292726331148
267 0.000216923336721
268 0.000336425034544
269 0.00440540689582
270 0.00346574394464
271 0.00102025263695
272 0.1327817066
273 0.000834719317373
274 0.0506198881233
275 0.00324516686745
276 0.0018750423441
277 0.000963139120095
278 0.0003738375894
279 0.00115561476298
280 0.000496430182955
281 0.0014451237666
282 0.000952861539137
283 0.00223460641585
284 0.00427245976555
285 0.00609583773207
286 0.000148268616399
287 0.000502236443004
288 0.00689657140248
289 0.00239328185265
290 0.0164528323424
291 0.00382454662868
292 0.000882266444466
293 0.000684675233642
294 0.000861595685717
295 0.00687806380409
296 0.0926611784784
297 0.00681885905487
298 0.00111317158561
299 0.000774949926529
300 0.000330705972208
301 0.00562837633639
302 0.000236435057097
303 0.00119592389273
304 0.00430863513261
305 0.000729364636733
306 0.00175096864811
307 0.00168134311374
308 0.000270404730393
309 0.000885185438153
310 0.0231511150619
311 0.0116247655991
312 0.00302545691502
313 0.00520560874763
314 0.0020106324117
315 0.000918273645546
316 0.000338028909653
317 0.0356853840666
318 0.00228551621953
319 0.021724748992
320 0.0284359911765
321 0.015245856197
322 0.000863651582035
323 0.00584541059983
324 0.000412275503105
325 0.475429699158
326 0.00995787813724
327 0.000401006677835
328 0.00115148364423
329 0.00136124937036
330 0.00116660485581
331 0.000565815167649
332 0.000576737988393
333 0.000884406019416
334 0.0005514684763
335 7.9403980002e-05
336 0.000239811324913
337 0.000336588951901
338 0.000861810048607
339 0.0149836603962
340 9.76478256285e-05
341 0.0118939744037
342 0.000499137091796
343 0.0908544464365
344 0.000818924226761
345 0.00229424617005
346 0.00385036160421
347 0.000616884661118
348 0.0145111411151
349 0.00359408541379
350 0.00464342826117
351 0.043725256055
352 0.000244131436072
353 0.0172117073116
354 0.00693823752398
355 0.000258403084275
356 0.00045115636791
357 0.000393867349217
358 0.000338048977454
359 0.00168134311374
360 0.000119605544651
361 0.000554154652594
362 0.000246059207997
363 0.00115561476298
364 0.00066016779881
365 0.000449583453031
366 0.00187240636611
367 0.00182193181511
368 0.000418907976831
369 0.00345679218595
370 0.00369795471147
371 0.00143835846217
372 0.0113464531297
373 0.00495471852251
374 0.00047258979206
375 0.000752712712663
376 0.000405504747681
377 0.000106559018562
378 0.000437088865417
379 0.0013594203504
380 0.000214913580247
381 0.000597309617929
382 0.000935517844498
383 0.0024279895018
384 0.000506469135802
385 0.00217363554804
386 0.000194328922495
387 0.0026783852526
388 0.000455791505651
389 0.000449583453031
390 0.000286108756118
391 0.000895338188931
392 0.000879383872805
393 0.00136105860113
394 0.000724470724747
395 0.00392439747848
396 0.00366614635481
397 0.000896770730034
398 0.00296645965646
399 0.00112775673869
400 0.00221559665621
401 0.00605185340493
402 0.00166002104503
403 0.0016983102725
404 0.0026587888937
405 0.00160137634922
406 0.000632307264968
407 0.00071311330522
408 0.00265838371405
409 0.000812531874363
410 0.544008651825
411 0.00243484734983
412 0.0089187093729
413 0.00472421717897
414 0.00135882539766
415 0.000508274728438
416 0.0048346966337
417 0.000933459216435
418 0.000710465263193
419 0.000593275116687
420 0.00430863513261
421 0.0746095562991
422 0.00101230466443
423 0.000769732337493
424 0.000765692762277
425 0.000206482572389
426 0.00085312726725
427 0.000652728468113
428 0.00477096966092
429 0.020149776855
430 0.455372958914
431 0.00128825885255
432 0.0425351894768
