1 0.000243984997514
2 0.00363170793124
3 0.00228085374797
4 0.000298030311526
5 0.00143399774573
6 0.0021856389967
7 0.000292761208056
8 0.000213506807615
9 0.000471768967566
10 8.38342086511e-05
11 0.00122636224621
12 0.00319898514182
13 0.00143533949794
14 0.00292461132737
15 0.00102599884702
16 0.0014451237666
17 0.000500224749966
18 0.000532910225762
19 0.00229874272847
20 0.000179166666667
21 0.00828992671209
22 0.000530365225478
23 0.00283001037529
24 0.00224957109345
25 0.00291475848602
26 0.00577647650888
27 0.00603792326808
28 0.00809834719176
29 0.00323698505189
30 0.00115150333402
31 0.00256977774985
32 0.00320298820138
33 0.00153410767818
34 0.00045423855446
35 0.00089926575569
36 0.0045035552758
37 0.000243984997514
38 0.0201588274483
39 0.0114832491913
40 0.000528443551141
41 0.00290591425347
42 0.0173443285151
43 0.0013357200571
44 0.00141043143818
45 0.00226757369615
46 0.00040009765625
47 0.000337611284542
48 0.00120760935293
49 0.00116882168164
50 0.000786701410118
51 0.0190230002035
52 0.0145005805152
53 0.000313437809568
54 0.00367006556956
55 0.00180606570288
56 0.00225071190483
57 0.000584377698429
58 0.00056081418145
59 0.00308106835443
60 0.000313037014999
61 0.000295000291358
62 7.04978236522e-05
63 0.0031964439561
64 0.148120010218
65 0.00345464642383
66 0.0349183309114
67 0.004068516474
68 0.00703133967167
69 0.00227358449191
70 0.000993740051098
71 0.000438025697508
72 0.0015031186924
73 0.0200501413947
74 0.00162241998097
75 0.000988560077872
76 0.00170969976151
77 0.00665974376596
78 0.00522603128153
79 0.00485619589894
80 0.000747418348639
81 0.000499137091796
82 0.00089926575569
83 0.00110226072667
84 0.00162377185769
85 0.000396172026423
86 0.000374963256879
87 0.00112363779079
88 0.00146604264322
89 0.00110764700999
90 0.000901126055567
91 0.000837460324025
92 0.00249415281296
93 0.000278084204306
94 0.00176806686894
95 0.000614224945297
96 0.00161448250958
97 0.000388801545016
98 0.000643515125017
99 0.00207546110647
100 0.000576127302112
101 0.000651160484031
102 0.0354289842052
103 0.0749504835981
104 0.00133915548984
105 0.000485775795556
106 0.000543852712674
107 0.00123734634619
108 0.000313037014999
109 0.000423377195211
110 0.000313037014999
111 0.000882266444466
112 0.00149366659868
113 0.000932801847212
114 0.000234086254605
115 0.000623751872503
116 0.000355681496721
117 0.0018123476658
118 0.00713272970218
119 0.000903482204926
120 0.000638980248865
121 0.000759833868422
122 0.0360122083525
123 0.000593724944807
124 0.000246488630617
125 0.00567425518477
126 0.000652548209366
127 0.00119577304102
128 0.00242387058762
129 0.00292749710787
130 0.00117414054477
131 0.00631293699957
132 0.000951312237247
133 0.00198909784021
134 0.000524990487006
135 0.000976712988571
136 0.000780610055485
137 0.000604986054008
138 0.00060546996094
139 0.00297689779051
140 0.00342862213085
141 0.001296
142 0.000346004287132
143 0.000900573772574
144 0.0367109658052
145 0.00855327122505
146 0.00812993818798
147 0.000156106519743
148 0.0032210416454
149 0.00277885149512
150 0.00148898056896
151 0.00658547062206
152 0.0118976277905
153 0.0378006455007
154 0.00235780050082
155 0.00390625
156 0.00241397087973
157 0.00491646225273
158 0.000487749609614
159 0.000282185549124
160 0.00178815899279
161 0.00123596191406
162 0.00245734386634
163 0.00106332703214
164 0.00109422238902
165 0.00104619989683
166 0.000638980248865
167 0.000204149071717
168 0.000234086254605
169 0.0002044465528
170 0.0424711019501
171 0.0106093863271
172 0.001296
173 0.00116072626951
174 0.000404514014537
175 0.00236385070235
176 0.0940870727043
177 0.000273891495987
178 0.000432358698377
179 0.00427720822129
180 0.00158635855098
181 0.00497842186584
182 0.000613900072784
183 0.0021288405134
184 0.00157659497635
185 0.0122505067105
186 0.00143860190579
187 0.0476190009845
188 0.00373759836413
189 0.00204792197178
190 0.000961480680248
191 0.00044962702539
192 0.000895237733046
193 0.000625898817541
194 0.000425475715888
195 0.00143399774573
196 0.000569059204009
197 0.000569059204009
198 0.00102420230158
199 0.000471768967566
200 0.00239041507788
201 0.240430544583
202 0.000861475373887
203 0.00373325686483
204 0.000459476321045
205 0.342177500211
206 0.000639123847999
207 0.000694109673755
208 0.000101517045346
209 0.000932334382712
210 0.00154766833528
211 0.0124756989858
212 0.00386013775453
213 0.000584139410591
214 0.0060275937436
215 0.781805754114
216 0.000208345556273
217 0.000743801652893
218 0.00728350483556
219 0.000470885935028
220 0.000215248848333
221 0.000665972944849
222 0.000895237733046
223 0.000373260011132
224 0.00108483747109
225 0.000567444742675
226 0.256526111615
227 0.000719376343143
228 0.0206841238689
229 0.00580590258171
230 0.0222464363667
231 0.00226510668077
232 0.000686485764955
233 0.000655271011
234 0.000403591844369
235 0.00147972804959
236 0.000352935103376
237 0.00216963402257
238 0.0139832213998
239 0.00157174556213
240 0.000433576316943
241 0.00098967369194
242 0.000979014961492
243 0.00980997845167
244 0.00190295631389
245 0.00125550251101
246 0.000295001397705
247 0.0036194114444
248 0.00162377185769
249 0.00153410767818
250 0.00123379709922
251 0.000251453469812
252 0.000267169311676
253 0.000536830432874
254 0.0438641171749
255 0.0127452124071
256 0.00383548896932
257 0.0015465219038
258 0.0143168419123
259 0.00110764700999
260 0.000137168919238
261 0.0132626576458
262 0.0346089837727
263 0.027023209081
264 0.000975573036245
265 0.000894235245118
266 0.00144506148282
267 0.0016489429382
268 0.00606326552604
269 0.0262380400675
270 0.000718877862546
271 0.00105862517173
272 0.000650770512287
273 0.0238638123724
274 0.000126360242741
275 0.000623751872503
276 0.00129341188282
277 0.000895237733046
278 0.000313037014999
279 0.00143399774573
280 0.000668988194976
281 0.000153403973813
282 0.00359730193927
283 0.00106285543794
284 0.0006486328125
285 0.0030476691891
286 0.000865051903114
287 0.000993740051098
288 0.00155149864042
289 0.00147574035617
290 0.000633771822583
291 0.00309178510584
292 0.0332380910363
293 0.00247272522261
294 0.000523166218697
295 0.000492076001729
296 0.000675931847687
297 0.00109673899265
298 0.00245734386634
299 0.00089926575569
300 0.000239905012609
301 0.000496471477912
302 0.000822256859754
303 0.00162377185769
304 0.000223167401806
305 0.000254979063828
306 0.000882947205612
307 0.00322486928493
308 0.168469912177
309 0.0142567542908
310 0.0109407301358
311 0.00194734652367
312 0.000166191926524
313 0.00143806905291
314 0.000255488766977
315 0.0018154062271
316 0.00108904226931
317 0.000627946972631
318 0.0445843577933
319 0.00196092961401
320 0.533656912712
321 0.0040922871395
322 0.00348258788877
323 0.00602099195068
324 0.0054208894325
325 0.000247011921676
326 6.03001159102e-05
327 0.000573428164589
328 0.00102441181172
329 0.000372002250931
330 0.00149602129671
331 0.000512792743121
332 9.89680561201e-05
333 0.00374538007368
334 0.000510223284617
335 0.000655338143236
336 0.000650770512287
337 0.0321073625529
338 0.0390562884202
339 0.00399901495521
340 0.00058570559719
341 0.00126119539069
342 0.00075751199394
343 0.062751379574
344 0.000690560759208
345 0.00048406150704
346 0.00060421943922
347 0.00216963402257
348 0.00283635950485
349 0.000366595553234
350 0.00941828083858
351 0.000717474489796
352 0.00139273314098
353 0.00239620519341
354 0.0026433872364
355 0.000961480680248
356 0.00062250748005
357 0.000524771923107
358 0.000649113554302
359 0.000313037014999
360 0.000485401257549
361 0.000231321159571
362 0.00015288730056
363 0.000525262937745
364 0.000202311565743
365 0.000344024807487
366 0.000154075693295
367 0.00456730474382
368 0.00157373873919
369 0.000959218385349
370 0.00223229498556
371 0.00726215970387
372 0.000461290017832
373 0.00116597263534
374 0.00148394545311
375 0.00115185434861
376 0.000420079815165
377 0.00218229714252
378 0.000532882228599
379 0.00155214482894
380 0.00341961901797
381 0.108681940605
382 0.00108881852268
383 0.000496471477912
384 0.000484565743523
385 0.000256197530864
386 0.00417895693592
387 0.000471768967566
388 0.000213506807615
389 0.00045423855446
390 0.000485401257549
391 0.000623751872503
392 0.00038628317709
393 0.000269134719896
394 0.0004994542807
395 0.000492076001729
396 0.00198909784021
397 0.000366077471507
398 0.00407966502125
399 0.0270231399017
400 0.00036458531616
401 0.0160118111817
402 0.00102036879719
403 0.00967977686413
404 0.0134540474143
405 0.00738854257316
406 0.00416468466959
407 0.000563026959417
408 0.00101631416729
409 0.000471768967566
410 0.263377538685
411 0.000423377195211
412 0.000507877154431
413 0.000313037014999
414 0.000234086254605
415 0.00319999405506
416 0.000638443671539
417 0.000210039907582
418 0.000719376343143
419 0.0059817156344
420 0.000521256854528
421 0.00132349520333
422 0.0020701280064
423 0.00052231125656
424 0.0057007902189
425 0.00456730474382
426 0.00158647857131
427 0.000686485764955
428 0.000800996796013
429 0.00220540427963
430 0.00647750295014
431 0.101901836616
432 0.000631838191633
