1 0.000391808015326
2 0.00233515788818
3 0.0141243026304
4 0.00132907080087
5 8.39966650213e-05
6 0.000495587683734
7 0.000606663592904
8 0.00054662387831
9 0.00164701123353
10 0.000200131179734
11 0.000604279848282
12 0.000616409036861
13 0.00147465630251
14 0.000197061105812
15 0.000306687969197
16 0.000447150666741
17 0.000510826718046
18 0.00645150884663
19 0.00248985474605
20 0.0325539467054
21 0.000250955788648
22 0.000729364636733
23 0.000350965771601
24 0.00183883561986
25 0.000445837518262
26 0.000235370470525
27 0.000550573291956
28 0.00607769557054
29 0.00731144632674
30 0.000466828341402
31 0.171211330891
32 0.0106200697002
33 0.00424123756022
34 0.000227681938377
35 0.000247513025856
36 0.000349433994998
37 0.000616884661118
38 0.00235071912359
39 0.000505340382267
40 0.000251313969961
41 0.00033478887246
42 0.00192417723121
43 0.00060004235301
44 0.00158186983471
45 0.0965240959523
46 0.00644128705795
47 0.00070392510547
48 0.000445147456425
49 0.000513722979199
50 0.00191565688776
51 0.0016618171046
52 0.000759529266299
53 0.000163705424126
54 0.00838045385234
55 0.115758585043
56 0.000302398601459
57 0.221213105479
58 0.000690500293036
59 0.000149861056556
60 0.00015922737259
61 0.00062401902497
62 0.000268175238592
63 0.000607860758066
64 0.000306687969197
65 0.00190384964583
66 0.00125797762625
67 0.000561936350429
68 0.00102765062099
69 0.0543670845438
70 0.000325715997993
71 0.00135673105248
72 0.000349123786441
73 0.0848912280539
74 0.000960568675859
75 0.000507264020778
76 0.00150389594881
77 0.00102036879719
78 0.00154387735486
79 0.000877592812789
80 0.000309306545484
81 0.000618647066454
82 0.00174500283081
83 0.00363638909676
84 0.00194519902035
85 0.00218516099032
86 0.757721837688
87 0.000325715997993
88 0.000632307264968
89 0.000194247835958
90 0.000165542527313
91 0.000544880261473
92 0.000275731539603
93 0.00187701157243
94 0.0039602084137
95 0.000283099870998
96 0.00109684665051
97 0.0040638951877
98 0.0146284988666
99 0.00635572244185
100 0.000613817250885
101 0.00357348075326
102 0.000768823182265
103 0.0018599109277
104 0.00263126204962
105 0.0132293123335
106 0.00229249891892
107 0.00445498254257
108 0.000750046986367
109 0.00175338267125
110 0.000215105113326
111 0.00173291338086
112 0.00172898410147
113 0.00485551211151
114 0.00331966820553
115 0.00122044215498
116 0.000738292167825
117 0.000536830432874
118 0.000354391965452
119 0.000384479319189
120 0.00102836065349
121 0.000606663592904
122 0.000275731539603
123 0.00177778627728
124 0.0747271419247
125 0.0131337634213
126 0.00289137112009
127 0.000931571206319
128 0.000780008197308
129 0.000440010488332
130 0.0138764088814
131 0.000550350344976
132 0.00108585096842
133 0.000557297861504
134 0.000517003676471
135 0.0146011437495
136 0.00810120192968
137 0.00547690523618
138 0.00423446108815
139 0.00782345422523
140 0.00286394295618
141 0.00105376048577
142 0.00926267666828
143 0.00435623232929
144 0.00248982707057
145 0.000559815847546
146 0.00114197384067
147 0.00384077496899
148 0.000770393857988
149 0.000998018037507
150 0.00281011005729
151 0.000257747607592
152 0.00195816161274
153 0.256043137137
154 0.0013462969271
155 0.0219813306971
156 0.000585278491507
157 0.00532694900732
158 0.000655271011
159 0.000780008197308
160 0.00275020966735
161 0.000251311742895
162 0.000332995897491
163 0.000664168469811
164 0.708518584741
165 0.00027302460219
166 0.00713411363221
167 0.00531547304145
168 0.00102765062099
169 0.000965020933305
170 0.000463619908698
171 0.00128157496374
172 0.00071311330522
173 0.000238517613035
174 0.00993381825721
175 0.00227645574184
176 0.129665643648
177 0.0514759965754
178 0.00749139759803
179 0.000284888888889
180 0.00461687164116
181 0.00166327978736
182 0.00194177692879
183 0.00437312402499
184 0.000960568675859
185 0.000586115308237
186 0.00195222139378
187 0.000391808015326
188 0.00280416404117
189 0.000362011883936
190 0.000423864131224
191 0.000237599355512
192 0.00272434887629
193 0.000367042509611
194 0.0122328232505
195 0.000732119080309
196 0.00164701123353
197 0.00076158600138
198 0.00085385393827
199 0.0215594160676
200 0.00393694732795
201 0.00475759044306
202 0.00417985006275
203 0.00130007951164
204 0.0017654674332
205 0.00431122007959
206 0.00141923929478
207 0.00112330428306
208 0.000966468898494
209 0.000965279781867
210 0.00050453312926
211 0.000705831068086
212 0.000611473592657
213 0.00051361321151
214 0.099569502652
215 0.00977206660604
216 0.00136199920163
217 0.00154965242496
218 0.000705831068086
219 0.00114197384067
220 0.00233515788818
221 0.000403219302914
222 0.000306687969197
223 0.000304963428121
224 0.00310564839522
225 0.00807696912959
226 0.00184866057453
227 0.00195956089323
228 0.00428819499376
229 0.000293206980672
230 0.000611473592657
231 0.00246810521239
232 0.000370686290101
233 0.000649269743987
234 0.0010150314275
235 0.00429198416063
236 0.000803937111904
237 0.000483033450066
238 0.00155149864042
239 0.00821156865113
240 0.00346657706829
241 0.000451111348117
242 0.000391808015326
243 0.000206656769745
244 0.00050635126519
245 0.000259589404308
246 0.000267646923524
247 0.00325948301862
248 0.00189860499998
249 0.00340223005548
250 0.00423543249483
251 0.000804788491525
252 0.00172144188144
253 0.000970565055095
254 0.166592043682
255 0.000266113307524
256 0.00442536065584
257 0.00738289760623
258 0.0012792370398
259 0.000301825870442
260 0.000219590178769
261 0.00126123589857
262 0.00154194183874
263 0.0303429267549
264 0.0011995387018
265 0.0110913930035
266 0.0167849413357
267 0.00384077496899
268 0.00251254703174
269 0.00178859163902
270 0.000520124019603
271 0.00423283495427
272 0.000527558285741
273 0.00164701123353
274 0.000496380624028
275 0.00105376048577
276 0.000864395344915
277 0.000616409036861
278 0.000332995897491
279 0.000214288883178
280 0.00227575617537
281 0.00192116750772
282 0.000741642578116
283 0.00514165144184
284 0.0198794641656
285 0.000350685238957
286 0.00116120001273
287 0.006085586425
288 0.00191677536347
289 0.000241618456495
290 0.00197076507036
291 0.000929191452873
292 0.013544238272
293 0.00110292615841
294 0.000502513487568
295 0.00113596488687
296 0.00967649537565
297 0.0272674929708
298 0.0208530245747
299 0.00256775300924
300 0.000966468898494
301 0.00132548309179
302 0.000521636817808
303 0.000421986794852
304 0.000924488677867
305 0.000616884661118
306 0.00104619989683
307 0.000580076551542
308 0.000561936350429
309 0.000306687969197
310 0.000597225742013
311 0.000421907611981
312 0.000527558285741
313 0.0367880324872
314 0.00287339899725
315 0.00310796537532
316 0.00209321201247
317 0.00246521109273
318 0.0021765275657
319 0.0226050703895
320 0.00204953003571
321 0.00780915339123
322 0.0017658757446
323 0.000377203889915
324 0.00189035916824
325 0.00366542214357
326 0.00079598274388
327 0.0275618871741
328 0.00402459783544
329 0.000520306089829
330 0.00150516967168
331 0.000758671598813
332 0.000206656769745
333 0.00187701157243
334 0.000463619908698
335 0.000523196135706
336 0.000945460205638
337 0.000919999343434
338 0.00050635126519
339 0.075695195153
340 0.00217335389653
341 0.0121580419336
342 0.00186920222635
343 0.00552747140523
344 0.00256775300924
345 0.00154194183874
346 0.000335038986355
347 0.000692520775623
348 0.167196011669
349 0.000217765531787
350 0.0489095622346
351 0.00105186267348
352 0.000520306089829
353 0.00365900239767
354 0.000250924920929
355 0.00263819353106
356 0.000518256430376
357 0.00281011005729
358 0.000622194180883
359 0.00357092728159
360 0.000523196135706
361 0.00200979534575
362 0.000424561351202
363 0.00429907870911
364 0.00146166901476
365 0.00916960845007
366 0.00135673105248
367 0.000804788491525
368 0.000258403084275
369 0.000647779345478
370 0.00329448621159
371 0.00706701305426
372 0.000812453100581
373 0.0018985028709
374 0.00060524669604
375 0.00214458795219
376 0.00075450787786
377 0.00441529077079
378 0.0183319741513
379 0.010049771802
380 0.0926266728866
381 0.00270233676769
382 0.00204387142546
383 0.000940662952291
384 0.000304875148633
385 0.000427589877682
386 0.00020777534291
387 0.000109646117157
388 0.000971881384631
389 0.000732860995484
390 0.00149097003715
391 0.000705188293874
392 0.00177433988321
393 0.00248463934012
394 0.00033593192353
395 0.000316161785803
396 0.00121456711634
397 0.000280764614135
398 0.000422661973723
399 0.0022014977469
400 0.00196169142115
401 0.0013654784683
402 0.0114173177411
403 0.000784896768586
404 0.442411352971
405 0.00146806907154
406 0.0195398311944
407 0.000562980913209
408 0.000429811527109
409 0.00182183224271
410 0.00198666950516
411 0.00114958382878
412 0.000459708904966
413 0.00239777690489
414 0.000522852103804
415 0.0174956029525
416 0.00914959443277
417 0.0287666616002
418 0.00991193797597
419 0.010974526164
420 0.000725006978752
421 0.00026801218711
422 0.0010235494361
423 0.00238169199545
424 0.000837460324025
425 0.0768692622418
426 0.00103872038625
427 0.00423964289038
428 0.00104245007943
429 0.00409768821452
430 0.00207059635302
431 0.00268436412458
432 0.00409768821452
