1 0.000309584999777
2 0.0133864180429
3 0.00124663590927
4 0.00236669101534
5 0.000262788078865
6 0.000480549997927
7 0.00114477924134
8 0.000243189737393
9 0.00034091231408
10 0.0011070072878
11 0.232013543639
12 0.0103086730806
13 0.000708530881046
14 0.0120870103501
15 0.00181408626462
16 0.00208602202904
17 0.000320707547557
18 0.000618796564441
19 0.00106309591177
20 0.000262788078865
21 0.000679053879199
22 0.000638227146814
23 0.012370044795
24 0.00549943174734
25 0.00241711939313
26 0.000179870142189
27 0.0142048749539
28 0.000564739984675
29 0.0199578010905
30 0.00208541607134
31 0.000595085066163
32 0.000841514180098
33 7.88720663535e-05
34 0.000751753656823
35 0.0033853613268
36 4.26489368582e-05
37 0.00385237150188
38 0.0115302660202
39 0.00216745049154
40 0.0390115816307
41 0.000317063173189
42 0.000551924269111
43 0.0226855292432
44 0.000917914788425
45 0.0269228652661
46 0.00453355389581
47 0.00069712592771
48 0.00201717073531
49 0.000164102458909
50 0.001047435226
51 0.00217810915547
52 0.0123484160021
53 0.00225464500851
54 0.0971560232289
55 0.0630979374312
56 0.0551526922361
57 0.000222351734387
58 0.00223420294156
59 0.000180572759932
60 0.000222351734387
61 0.00104120982987
62 0.00034091231408
63 0.00112565565533
64 0.00340408792145
65 0.000179870142189
66 0.00157419397138
67 0.000671540264551
68 0.00942833979504
69 0.00374485596708
70 0.000269913892472
71 0.00133013850611
72 0.000621266807752
73 0.000365331688818
74 0.0059293180471
75 0.000429719836418
76 0.00261492768595
77 0.000895834315204
78 0.000445294107137
79 0.00612263390813
80 0.00711083661817
81 0.00117619524329
82 0.00283027537833
83 0.00109861579567
84 0.00226682266384
85 0.000146380604028
86 0.000280917443321
87 0.0017448243276
88 0.000246919178361
89 0.00112484181912
90 0.00056979834433
91 0.000243189737393
92 0.00814555122574
93 0.0158873460779
94 0.0015348017967
95 0.00112484252907
96 0.00162770233806
97 0.00620001240002
98 0.00168698520076
99 0.00702617742925
100 0.00173353121225
101 0.000428274021486
102 0.00031838920849
103 0.000137597715878
104 0.00411358146649
105 0.0147185577368
106 0.00146623470804
107 0.000158720317441
108 0.000507992628135
109 0.00228113165516
110 0.000574817780073
111 0.000621266807752
112 0.00268550541723
113 0.00050635126519
114 0.000278996005952
115 0.00113409540578
116 0.00054692100973
117 0.0134805359006
118 0.00333641778206
119 0.000220703163728
120 0.000795349809809
121 0.000798371454742
122 0.00199496333331
123 0.00152155105535
124 0.000829389897918
125 0.00310769800621
126 0.0005337444881
127 0.00343771026344
128 0.00162209373441
129 0.00338603596908
130 0.000891067052796
131 0.000893085741342
132 0.0108099936139
133 0.000618431672668
134 0.00298246210704
135 0.00157625787956
136 0.000547524437869
137 0.00757353497164
138 0.000715643129717
139 0.000169872430432
140 0.000473635437102
141 0.000473266058852
142 0.000243189737393
143 0.000377545412941
144 0.00670117208535
145 0.0731907240997
146 0.0155371105475
147 0.000571380908191
148 0.000790319032113
149 0.00133013850611
150 0.0012304429125
151 0.0105699758318
152 0.000608924303394
153 0.000826404635928
154 0.000841025101907
155 0.000166045602802
156 0.00599522323001
157 0.00342789090635
158 0.000787351977828
159 0.0036628425039
160 0.00297367094986
161 0.00102283341214
162 0.00287792227502
163 0.000699024988012
164 0.000187331557098
165 0.00237515030021
166 0.0028476898214
167 0.000254449147298
168 0.000207401478222
169 0.000948366007811
170 0.000212427674605
171 0.000714680044584
172 0.00104889763766
173 0.00187039072548
174 0.00506623713171
175 0.00143923900119
176 0.000928401248308
177 0.0305318956526
178 0.00143153803513
179 0.0046497089661
180 0.0120585800168
181 0.000931887074875
182 0.00123254324677
183 0.000589122443209
184 0.000198491114136
185 0.00432334176296
186 0.000439136089328
187 0.000214744457531
188 0.000450166623224
189 0.0158568230978
190 0.0514413013182
191 0.00736881144058
192 0.00058650489038
193 0.000252661896868
194 0.00162479748451
195 0.000332995897491
196 0.000339907414659
197 0.000871862853845
198 0.000559839118398
199 0.000512590466981
200 0.000586150605817
201 0.000455791505651
202 0.000274505076308
203 0.000467459768195
204 0.0099446925816
205 0.003308230942
206 0.00428689456911
207 0.0388226369686
208 0.00178200354472
209 0.0244621900466
210 0.00113912251381
211 0.000696588436632
212 0.00133013850611
213 0.00194871669131
214 0.000450377973215
215 0.0659598758114
216 0.000657462195924
217 0.00203791661717
218 0.0100426972105
219 0.00492980464292
220 0.00195960048449
221 0.00130964874577
222 0.000520306089829
223 0.000542850914031
224 0.000225704776389
225 0.00278839765165
226 0.000525086093116
227 0.00215392915908
228 0.000262982589972
229 0.000429719836418
230 0.000751753656823
231 0.0821932166801
232 0.0022927687661
233 0.00215424359702
234 0.016148242144
235 0.00898263198126
236 0.000588108798499
237 0.000841514180098
238 0.000290880163413
239 0.00253952507905
240 0.00246466475529
241 0.000477189178999
242 0.00194519902035
243 0.00346904975302
244 0.172435690031
245 0.0035506949524
246 0.000564739984675
247 0.00036253552123
248 0.00161158250795
249 0.000317654821378
250 0.000363642499277
251 0.000463677025582
252 0.00116414910477
253 0.00187039072548
254 9.23445968491e-05
255 0.0017448243276
256 0.00288240716149
257 0.00104238813639
258 0.00123114804555
259 0.0139072323597
260 0.00240395001691
261 0.00368704744553
262 0.00243452983026
263 0.152909327879
264 0.00108567089387
265 0.0025691089184
266 0.00054692100973
267 0.00119600913379
268 0.000538826083321
269 0.00123912092086
270 0.00125694743688
271 0.000253459072795
272 0.00222618046526
273 0.000795349809809
274 0.000904516931426
275 0.00502183680007
276 0.010478020956
277 0.00109861579567
278 0.000332995897491
279 0.00375801881945
280 0.00044429650333
281 0.000866091316542
282 0.00124567474048
283 0.000564739984675
284 0.000520306089829
285 0.00022995537872
286 0.0154517126436
287 0.00673106841175
288 0.000777204419646
289 0.000486878052239
290 0.0195203732816
291 0.000932570041595
292 0.000611473592657
293 0.000869282893979
294 0.00171597593628
295 0.00105024005487
296 0.0764130696914
297 0.00158380595226
298 0.0100045770945
299 0.00034091231408
300 0.00179981634527
301 0.00187701157243
302 0.00130578832415
303 0.00201717073531
304 0.000239811324913
305 0.00126795164173
306 0.000225450675901
307 0.000401027790305
308 0.00589255775736
309 0.00133567853634
310 0.000520306089829
311 0.024798406167
312 0.000242247148647
313 0.000654345813783
314 0.000188620162464
315 0.000185459940653
316 0.000297265160523
317 0.000199425250197
318 0.000813441626883
319 0.00408398925465
320 0.00299244896712
321 0.00155647872442
322 0.31213665388
323 0.00618824996696
324 0.0112860138704
325 0.000652645029364
326 0.00138426937271
327 0.00164569573881
328 0.00104238813639
329 0.000455014036273
330 0.000250459583552
331 0.000311711992084
332 0.0007546309145
333 0.00268550541723
334 0.000271229219502
335 0.00219282163907
336 0.000813085782999
337 0.000780680995136
338 0.27329466441
339 0.00126105344098
340 0.000472287203669
341 0.00107268972469
342 0.00168768781851
343 0.000468506962013
344 0.00189030153358
345 0.00100905394307
346 0.00203183892085
347 0.0019406649042
348 0.000729258319963
349 0.0011411220655
350 0.000304129995193
351 0.000269836986714
352 0.000601691657055
353 0.00118906064209
354 0.000231317497723
355 0.00148328508689
356 0.000827967403752
357 0.00181779941109
358 0.000393548492845
359 0.000278172687521
360 0.00047258979206
361 0.000517469351325
362 0.00360964976974
363 0.00406848707864
364 0.00219069486001
365 0.00296845628678
366 0.00218779395952
367 0.000181693138742
368 0.0377934864754
369 0.00354268648479
370 0.000552620031054
371 0.00100959032912
372 0.000756418749269
373 0.000804548149938
374 0.000509181147747
375 0.00175096864811
376 0.0071247057142
377 0.000186373749257
378 0.00126001902801
379 0.000763358334482
380 0.00255459729803
381 0.000222351734387
382 0.000191900451641
383 7.43162901308e-05
384 0.0012530346934
385 0.00311527971596
386 0.0753666739344
387 0.00462111689522
388 0.000525086093116
389 0.00611170627218
390 0.000443586764507
391 0.00753587091358
392 0.00883070970502
393 0.000989216661565
394 0.00118906064209
395 0.00204283571132
396 0.0104177888298
397 0.00169394443813
398 0.000993372690522
399 0.00103921398892
400 0.000234876176216
401 0.132064749415
402 0.00237524273743
403 0.022904608562
404 0.000971496036431
405 0.000675624600868
406 0.000754049086501
407 0.00334435602049
408 0.000979962192817
409 0.000757585645791
410 0.00370107996357
411 0.00034091231408
412 0.00126795164173
413 0.00201717073531
414 0.00050635126519
415 9.9627498953e-05
416 0.000277441135734
417 0.00104613919668
418 0.00207081640342
419 0.59119479083
420 0.00136333259078
421 0.00369591586673
422 7.0880962861e-05
423 0.00069882811507
424 6.56231239686e-05
425 0.00025847540865
426 0.000851281505589
427 0.000324085184444
428 0.000769688553858
429 0.000772760658001
430 0.00228113165516
431 0.00594753711736
432 0.0215126045291
