1 0.000225721731694
2 0.000819305489684
3 0.000417856443246
4 0.00101239669421
5 0.000900281315932
6 9.11364141239e-05
7 0.000138204987149
8 0.000284854635119
9 0.000646804423935
10 0.00880735868465
11 0.00132192650815
12 0.00226133516919
13 0.000221113583284
14 0.000834083093705
15 0.0185444876664
16 0.00428564135164
17 0.00171636241765
18 0.0010451930175
19 0.000466082609227
20 0.00103288946406
21 0.00158742451541
22 0.00245495227804
23 0.00144762326411
24 0.00409203194505
25 0.0125311478784
26 0.00415310775149
27 0.121347235779
28 0.000151585484218
29 0.000131361811479
30 0.000665019170614
31 0.000950598850702
32 0.00105376048577
33 0.000628096596123
34 0.00117047761976
35 6.95732241005e-05
36 0.00199880787469
37 0.000534845848869
38 0.000213117374394
39 0.000477560027385
40 0.000278539548922
41 0.000643571712563
42 0.0349894956319
43 0.000830435328267
44 0.0137901506662
45 0.00180681791683
46 0.00151254930947
47 0.12200543625
48 0.0036451811544
49 0.000971496036431
50 0.00433966751203
51 0.000268962656415
52 0.00191064910344
53 0.000553482152787
54 0.0309672919959
55 0.026760445826
56 0.0337022793377
57 0.0443726776697
58 0.000468259186208
59 0.000990409813513
60 0.000551037051731
61 0.00062750752005
62 0.000361983926755
63 0.0010499699835
64 0.00256962461541
65 0.000600730488274
66 0.00844365406075
67 0.00048176203114
68 0.000142358174279
69 0.000434931293069
70 0.00918388624784
71 0.00629576138148
72 0.00277921774791
73 0.0695615854548
74 0.00364598696571
75 0.00129675148098
76 0.000291075302995
77 0.00074766152441
78 0.000728081347502
79 0.000466662005344
80 0.000165898086604
81 0.0260664619391
82 0.000563162644935
83 0.000373533575257
84 0.0233185929087
85 0.000619786638945
86 0.218618023565
87 0.00064727990111
88 0.000924488677867
89 0.000527985780709
90 0.000445837518262
91 0.000773275944423
92 0.000187331557098
93 0.000434931293069
94 0.0027532911241
95 0.00439742458029
96 0.00188877848696
97 0.0153146536534
98 0.00215705646053
99 0.00605498591325
100 0.00171546808378
101 0.00288986677665
102 0.00279975364631
103 0.00221127979438
104 0.000501810179763
105 0.00323696502967
106 0.00265436938566
107 0.000260411065444
108 0.000534688509061
109 0.00100095124851
110 0.0112753869918
111 0.00109971544757
112 0.00018765246763
113 0.000320707547557
114 0.000618796564441
115 0.0004581359073
116 0.00294731294355
117 0.00050817924661
118 0.000527985780709
119 0.00050817924661
120 0.000634637756491
121 0.000249964848693
122 0.00042163036107
123 0.0345388133038
124 0.000557105520101
125 0.00184904088474
126 0.00149998710011
127 0.0276138974405
128 0.00190672624079
129 0.0758724018679
130 0.00465237233097
131 0.0199564035952
132 0.000848135754462
133 0.000741138881424
134 0.00104432246357
135 0.0301697860808
136 0.00768769778658
137 0.00323946940137
138 0.000591672753835
139 0.00137815081256
140 0.000497357638339
141 0.000901501877086
142 0.000238913155946
143 0.00321802215492
144 0.00480932750047
145 0.00072766626298
146 0.000310060088415
147 0.000706915774476
148 0.168423980238
149 0.00538147244636
150 0.00412961088605
151 0.00225995524589
152 0.00019458668951
153 0.075524978514
154 0.000455933015002
155 0.00313352364041
156 0.00199880787469
157 0.00617219744463
158 0.00277637291072
159 0.000445091205566
160 0.00199964036443
161 0.00172705894794
162 0.00326530612245
163 0.371740163434
164 0.00281241737132
165 0.00171562620356
166 0.000423377195211
167 0.00107694059127
168 0.000281489285297
169 0.00135323927086
170 0.00113835091951
171 0.00113835091951
172 0.00106676987448
173 0.00110905635221
174 0.00197669416728
175 0.00175396303601
176 0.00109483131488
177 0.00193553111419
178 0.00211820921011
179 0.00348966237298
180 0.00088405186634
181 0.000361827789164
182 0.000469256573153
183 0.00950683599092
184 0.000220646455754
185 0.00203578781003
186 0.00047884098072
187 0.00941150194597
188 0.000479669783647
189 0.000745061271636
190 0.000626176276169
191 0.12984071248
192 0.00618250431571
193 0.00151432195359
194 0.000257027080213
195 0.000284854635119
196 0.0007196146064
197 0.00135219590982
198 0.00300758725564
199 0.00026710042663
200 0.00241063288902
201 0.00139696902522
202 0.00089611858986
203 0.0200525648054
204 0.00261909326634
205 0.00524985302763
206 0.00306701808879
207 0.00187230828752
208 0.00198909784021
209 0.000814397410195
210 0.000619006231517
211 0.0114530866562
212 0.000327467300832
213 0.000276669991133
214 0.141635869395
215 0.000430433360307
216 0.0013116930962
217 0.000195608587217
218 0.00359969723183
219 0.00063536062769
220 0.000866467120715
221 0.000540691809124
222 0.0045576741619
223 0.000999752567021
224 0.000627253880507
225 0.00172710406477
226 0.000527985780709
227 0.00198909784021
228 0.0449589173207
229 0.0167362139145
230 0.00278119490605
231 0.000761213071179
232 0.00524771940521
233 0.00205445821076
234 0.00106285543794
235 0.000627122071169
236 0.0607629687281
237 0.00218827833984
238 0.000565143600256
239 0.000796596928096
240 0.000557105520101
241 0.00299579985391
242 0.00553871439007
243 0.000708300559136
244 0.00118782617217
245 0.000788244423247
246 0.000950598850702
247 0.00127179963091
248 0.000434752062638
249 0.000423377195211
250 0.000271519800263
251 0.000527985780709
252 0.00018261504748
253 0.0006910354768
254 0.00494359101701
255 0.00440087172274
256 0.0545065872717
257 0.00047884098072
258 0.00108148281609
259 0.00292336961004
260 0.0193624527269
261 0.00370861992883
262 0.00123385237872
263 0.00356329379695
264 0.00121962121681
265 0.000536830432874
266 0.000330578512397
267 0.00113312636961
268 0.0030469320672
269 0.000872816326531
270 0.0151165953388
271 0.178597245511
272 0.000446591577354
273 0.0323323436989
274 0.000937485039182
275 0.0045311507876
276 0.00176454362162
277 0.00026710042663
278 0.00315804646653
279 0.000546466520492
280 0.00162912641912
281 0.000527728378797
282 0.000543498536539
283 0.000877914951989
284 0.00177907268612
285 0.000243717321005
286 0.00299730491358
287 0.00052922546429
288 0.000158395038237
289 0.024902689723
290 0.000947265625
291 0.00184316377366
292 0.000926052294802
293 0.0026948823546
294 0.000586803674624
295 0.00894592285156
296 0.00812573546488
297 0.00285101088998
298 0.00232604494559
299 0.00104374808428
300 0.059164490052
301 0.0400330131934
302 0.000985095115646
303 0.000866467120715
304 0.000308546306118
305 9.56561270708e-05
306 0.00113320711433
307 0.00026710042663
308 0.00198356488645
309 0.000213117374394
310 0.000529932270416
311 0.00026710042663
312 0.012436619156
313 0.00410318860054
314 0.00840657525251
315 0.0194993370877
316 0.00133018400825
317 0.000672707189662
318 0.000696218821773
319 0.000477560027385
320 0.000285739480209
321 0.000963139120095
322 0.590175998763
323 0.0265467494522
324 0.000142146095091
325 0.000504469845779
326 0.00123381893759
327 0.000563026959417
328 0.00237160763186
329 0.00083968
330 0.00194519902035
331 0.000296170510307
332 0.00050635126519
333 0.000252618953918
334 0.000228284983658
335 0.000622691599386
336 0.00571423373272
337 0.00379996246951
338 0.394452044011
339 0.00380054164379
340 0.0310905413444
341 0.00155096125374
342 0.00840896813601
343 0.000661619884252
344 0.000901501877086
345 0.000503627731274
346 0.00344752125242
347 0.000503627731274
348 0.000524319878649
349 0.00099103256883
350 0.000985095115646
351 0.0163903345913
352 0.000458024321735
353 0.00050817924661
354 0.0384177601354
355 0.0190612069639
356 0.000204568410376
357 0.00202831017517
358 0.00029600637336
359 0.00331842365155
360 0.000910592594831
361 0.000347036364969
362 0.000949990617377
363 0.000417856443246
364 0.000918084730627
365 0.00292184075968
366 0.000720347784084
367 0.000571326591315
368 0.000665019170614
369 0.000304678032346
370 0.00144886601985
371 0.000539828084189
372 0.000902435586185
373 0.000820227727115
374 0.00198854090337
375 0.00103639948342
376 0.00327085714286
377 0.000902197480386
378 0.00143371621681
379 0.00283970962305
380 0.0101677622023
381 0.000662923959046
382 0.0971756735926
383 0.000932784636488
384 0.000466082609227
385 0.000208150219411
386 0.000519313857578
387 0.00119966537227
388 0.000381469726563
389 0.000652100650953
390 0.00121451912633
391 0.00236876652139
392 0.00264233261557
393 0.00206228779093
394 0.000482095175533
395 0.000527397398422
396 0.00177752781293
397 0.00176299243184
398 0.00107497984413
399 0.000249964848693
400 0.000304004299919
401 0.000539828084189
402 0.00812978782764
403 0.00331283772937
404 0.000327404233128
405 0.13072923031
406 0.00538492135288
407 0.000263956822398
408 0.000160392069503
409 0.00058570559719
410 0.000504469845779
411 0.00167014352383
412 0.00321802215492
413 0.00112986371019
414 0.0017612582223
415 0.000563026959417
416 0.00128313655603
417 0.000659322723873
418 0.00287811527197
419 0.000550573291956
420 0.00681276795213
421 0.000997422294492
422 0.00231607429432
423 0.00475905228042
424 0.237727143662
425 0.00607659729493
426 0.000402475380562
427 0.0146204884344
428 0.00132788683813
429 0.00130708352906
430 0.00809225671406
431 0.00803599324775
432 0.00425939452966
