1 0.000755059659148
2 0.0117312810559
3 0.00377120765438
4 0.00056242090956
5 0.0011929758626
6 0.000479371262961
7 0.000374511154536
8 0.000964801854564
9 0.000494706247388
10 0.00126795164173
11 0.0180289511915
12 0.000253459072795
13 0.00084015963033
14 0.000452647045213
15 0.00283663064224
16 0.000293251559367
17 0.000371535284855
18 0.000634637756491
19 0.00273913255677
20 0.000287544465668
21 0.000386806713343
22 0.000141723356009
23 0.000969870050305
24 0.00217279560179
25 0.00102661440458
26 0.00261541020794
27 0.00816158972101
28 0.000111095488308
29 0.000387500775002
30 9.17879150328e-05
31 0.000254406279346
32 0.000592363245469
33 0.000877164245662
34 0.000653713899363
35 0.000259912732696
36 0.000479371262961
37 0.00182855248151
38 0.000290822855894
39 0.000874901111436
40 0.000253459072795
41 0.00246605018279
42 0.0293879188685
43 0.00111022302151
44 0.0249675371824
45 0.000128644480258
46 0.001728771357
47 0.0060038430637
48 0.00360804533161
49 0.00137219558095
50 0.000794192313591
51 0.00553782389367
52 0.000200331825594
53 0.000314494406562
54 0.00207790521181
55 0.00413931399122
56 0.0198355263052
57 0.00825128477733
58 0.00346361336448
59 0.000475065159937
60 0.00420060239016
61 0.000940305134821
62 0.000620029840796
63 0.000817786211198
64 0.000258752668387
65 0.000110949261949
66 0.0014944635298
67 0.00328554591024
68 0.0893323295078
69 0.00535918317474
70 0.00389422152369
71 0.0798266184383
72 0.188756005736
73 0.000406466117451
74 0.00166721363839
75 0.000859631350191
76 0.000978071286952
77 0.000936239694686
78 0.00117932677026
79 0.000424074973741
80 0.300119662381
81 0.00195222139378
82 0.000323118622769
83 0.0577524908109
84 0.00985272500739
85 0.00339598241696
86 0.00145964281682
87 0.0023819066364
88 0.00131964675012
89 0.000222766763199
90 0.000489466677109
91 0.000254406279346
92 0.00163450751016
93 0.000236246023115
94 0.00379873071507
95 0.000651797524212
96 0.101881995153
97 0.00607830604843
98 0.00416770685684
99 0.000532780612245
100 0.00140734927688
101 0.00121701370761
102 0.000202169514481
103 0.000613761424148
104 0.000485939956141
105 0.00100681169827
106 0.000710058782567
107 0.00554452071006
108 0.0339666063959
109 0.00226757369615
110 0.0111093068994
111 0.000273205382146
112 0.000487226828032
113 0.000230029295171
114 0.00148862297725
115 0.000479371262961
116 0.000861491210066
117 0.00056242090956
118 0.00110496389684
119 0.000287815542217
120 0.00326610331633
121 0.00288060452687
122 0.0108873017785
123 0.000922693637512
124 0.00349277692119
125 0.000985855219902
126 0.000595803866946
127 0.00452797654512
128 0.00332088238196
129 0.0136314189626
130 0.00760180266325
131 0.000532711621966
132 0.664179873269
133 0.0568158564397
134 0.00083477400555
135 0.00069542600245
136 0.000331014919245
137 0.00108429752066
138 0.000479371262961
139 0.0004819426588
140 0.000479371262961
141 0.000438410013669
142 0.00104195416964
143 0.000138799933554
144 0.000258579328805
145 0.00133004121532
146 0.014271117654
147 0.00975853322701
148 0.00205125114499
149 0.000247513025856
150 0.00148915876117
151 0.00020628591873
152 0.000726750342801
153 0.000665972944849
154 0.003379786621
155 0.000577660769175
156 0.004580747197
157 0.000454745715986
158 0.00657113679119
159 0.000168906226616
160 0.000945363982108
161 0.00770220408163
162 0.0218257074791
163 0.000165779439665
164 0.000111529455059
165 0.000835612089936
166 0.000817786211198
167 0.000570146751213
168 0.00051100127551
169 0.000497583884803
170 0.000618796564441
171 0.000964801854564
172 0.0686540847319
173 0.00180305328007
174 0.00841916580407
175 0.00238640849806
176 0.000817909920503
177 0.00292152079164
178 0.00418902990598
179 0.00163042721094
180 0.00263829809161
181 0.000930262403457
182 0.000224893919201
183 0.00137174211248
184 0.151853694022
185 0.0148504053172
186 0.00115325122213
187 0.00448661192993
188 0.0482702293984
189 0.00193473629246
190 0.00328650015005
191 0.00019667731038
192 0.000289300369112
193 0.000471423258691
194 0.00177752781293
195 0.000817786211198
196 0.00181676239012
197 0.00100603543636
198 0.000976712988571
199 0.00087936186555
200 0.00205999915031
201 0.0331729049313
202 0.00092992790105
203 0.00234226074719
204 0.00876806588933
205 0.000641572458167
206 0.0108293242981
207 0.000652184339332
208 0.00179468045722
209 0.00228123491927
210 0.000966969799897
211 0.00129157021783
212 0.00338035271409
213 0.000485742317028
214 0.0043436272331
215 0.00423691263913
216 0.000756785641301
217 0.000260670962986
218 0.000754944593672
219 0.000479371262961
220 0.000433501774584
221 0.00182855248151
222 0.00221559665621
223 0.000639055476941
224 0.000639055476941
225 0.000638899495619
226 0.000333542219763
227 0.00525215484004
228 0.00327568033183
229 0.00789905013614
230 0.000624426078972
231 0.000248783448935
232 0.00134978204447
233 0.00108300638801
234 0.000585508569376
235 0.000609663161103
236 0.020229490612
237 0.000171153999154
238 0.00316359907463
239 0.0019557468493
240 0.0015465219038
241 0.0036105797478
242 0.00159869527915
243 0.0034587149568
244 0.00118225630331
245 0.00095817662537
246 0.000260670962986
247 0.000641572458167
248 0.00021826447345
249 0.000111095488308
250 0.000983379669536
251 0.000632568044079
252 0.000479371262961
253 0.00382691227865
254 0.0157048380568
255 0.0119825950315
256 0.00288282721554
257 0.00143096900586
258 0.00487855667455
259 0.000277038515889
260 0.00109579364466
261 0.00138056560896
262 0.00485021580835
263 0.0013681424557
264 0.000402572340639
265 0.000747194130375
266 0.00240231796176
267 0.0145374659654
268 0.0104966162686
269 0.000359440820055
270 0.00109752066116
271 0.000232944372139
272 0.000622680043529
273 0.000485939956141
274 0.000281511105178
275 0.00181676239012
276 0.00056242090956
277 0.000817786211198
278 0.000235236553879
279 9.74883263578e-05
280 0.000931251082064
281 0.000287324717002
282 0.00174203134931
283 0.00048516369423
284 0.473302958774
285 0.00443713750866
286 0.016318075059
287 0.14314802765
288 0.000279212333794
289 0.00230428610059
290 0.00162623569199
291 0.00105124973745
292 0.00106003244997
293 0.000769228942951
294 0.000594575963719
295 0.000761254257348
296 0.00245728359281
297 0.0012185371872
298 0.00488430938873
299 0.000396088311146
300 0.00372710995422
301 0.00020263167893
302 0.00112031149279
303 0.000387500775002
304 6.59789649285e-05
305 0.000318892034702
306 0.00104195416964
307 0.000817786211198
308 0.000636403718227
309 0.00056242090956
310 0.00103316326531
311 0.000932346599849
312 0.00138145457225
313 0.000450346428631
314 0.0235591203835
315 0.00127747788762
316 0.000787331271662
317 0.00114048766408
318 0.00186466233604
319 0.00639620753208
320 0.00054340888701
321 0.0202021634986
322 0.00174689249774
323 0.00126370668071
324 0.00254536314293
325 0.713862979362
326 0.0025130599666
327 0.00139614762099
328 0.0047684146493
329 0.000264392887831
330 0.00083477400555
331 0.000532872249633
332 0.000271229219502
333 0.00060309324111
334 0.00174203134931
335 0.00277833453736
336 0.015008590403
337 0.00105584166132
338 0.00204708203419
339 0.00600481295968
340 0.000475065159937
341 0.0057741521235
342 0.000206388325705
343 0.000422681137465
344 0.00190205556012
345 0.000429222138502
346 0.00197244736746
347 0.00161593443732
348 0.000284130701896
349 0.00394546627392
350 0.00378267028502
351 0.000517013976322
352 0.0433609489817
353 0.0138950205255
354 0.00168467364669
355 0.00045151642572
356 0.000754944593672
357 0.00182855248151
358 0.000817786211198
359 0.0028476898214
360 0.000251453469812
361 0.000258752668387
362 0.000262466178531
363 0.000224018845585
364 0.000488162896609
365 0.0395107079679
366 0.00312242482268
367 0.000704236529152
368 0.00176124697662
369 0.000475894605716
370 0.00648979345781
371 0.000582639714625
372 0.00249684135659
373 0.47092570976
374 0.000242244394313
375 0.00319791069058
376 0.000391485145048
377 0.00294618666402
378 0.000986815054412
379 0.000892076555343
380 0.00141950539641
381 0.000636403718227
382 0.00190046351997
383 0.00051652892562
384 0.000387500775002
385 0.000803521607043
386 0.000387500775002
387 0.000273205382146
388 0.00133216928126
389 0.000465073758812
390 0.00246466475529
391 0.0386329843454
392 0.0374211368976
393 0.00157284644599
394 0.000714083359121
395 0.0158335865442
396 0.000687486108378
397 0.000804788491525
398 0.00105625875085
399 0.000682506145715
400 0.0957248619093
401 0.00352647896045
402 0.00681024082478
403 0.000454190597529
404 0.0210774110902
405 0.00335319455402
406 0.0102934837962
407 0.000217683418436
408 0.00181676239012
409 0.000994200296052
410 0.000376616758475
411 0.000149124858009
412 0.00119685206015
413 0.000817786211198
414 0.000817786211198
415 0.000489466677109
416 0.000202489278118
417 0.000569008301603
418 0.132155336621
419 0.000522448979592
420 0.00882579835339
421 0.00525152278933
422 0.0200596066057
423 0.00182819671732
424 0.000544880261473
425 0.000486378370503
426 0.000941909066529
427 0.00207841251289
428 0.00498714142228
429 0.000359819538431
430 0.0414246956522
431 0.013532940327
432 0.000678159903191
