1 0.00109931740448
2 0.00167570086302
3 0.00131006792758
4 0.0113726354454
5 0.000816956412195
6 0.000566144308262
7 0.000308408859285
8 0.00152945269282
9 0.000793795423167
10 0.000358188322374
11 0.000752616969494
12 0.000586642726146
13 0.000743939613877
14 0.00661557237614
15 0.0230887777643
16 0.00595495691899
17 0.00108068578197
18 0.00711884753902
19 0.000323379914481
20 0.0111656220792
21 0.000637755102041
22 0.00195440605209
23 0.000606138545953
24 0.001871035689
25 0.00221412989562
26 0.00558197912538
27 0.000239905012609
28 0.00251504292991
29 0.00372026509653
30 0.000413118160949
31 0.00130124354948
32 0.000197329727955
33 0.0019672547503
34 0.00180995611497
35 0.000783922573637
36 0.000440048496066
37 0.000172562088648
38 0.000489399003447
39 0.000805209724092
40 0.000962241924484
41 0.00192050541601
42 0.001168913125
43 0.00129430892205
44 0.000645960423823
45 0.000344464781645
46 0.000510939834995
47 0.00177001828003
48 0.00103759765625
49 0.00694154822598
50 0.000967504632007
51 0.00131030783309
52 0.000502627150216
53 0.00868604188506
54 0.00122201623521
55 0.000351652201473
56 0.00108232875571
57 0.00611851858196
58 0.000484920299481
59 0.000960928818769
60 0.000566144308262
61 0.0016976980403
62 0.000273024840018
63 0.000154848903434
64 0.000429996298199
65 0.00572235224866
66 0.000798246495669
67 0.0410171044701
68 0.0074145742189
69 0.00150325157302
70 0.000599903130876
71 0.000197329727955
72 0.00103175879957
73 0.00130964874577
74 0.000601733099174
75 0.00914564936148
76 0.00393873426766
77 0.00937444340878
78 0.00273317514446
79 0.00111085343892
80 0.00606155850332
81 0.00037329961134
82 0.00045115636791
83 0.000703737350023
84 0.000927619881986
85 0.00117327433164
86 0.000680770901453
87 0.000483033450066
88 0.00053471185352
89 0.00658485537826
90 0.116575486558
91 0.00255845310815
92 0.000526049995792
93 0.0170461667717
94 0.00658561319893
95 0.00315727564728
96 0.00168397617223
97 0.120995219717
98 0.00345178225739
99 0.000745205479452
100 0.00081501040379
101 0.000216776130606
102 0.00163991530633
103 0.00254364062771
104 0.00071483331487
105 0.000231757892669
106 0.000170595585173
107 0.000549025152294
108 0.00173385275543
109 0.000873595573782
110 0.00116136510302
111 0.00189371831315
112 0.00074212500658
113 0.00048176203114
114 0.000303629781583
115 0.295075189537
116 0.000927619881986
117 0.000287896492743
118 0.000662585310505
119 0.00105948484185
120 0.000255270236348
121 0.000835091649881
122 0.00157431347672
123 0.0010131640974
124 0.00125557163606
125 0.000611473592657
126 0.0043121506663
127 0.00353755610473
128 0.036496415725
129 0.00174203805996
130 0.000557787090666
131 0.00181866246125
132 0.00319009194971
133 0.000189813100004
134 0.000170595585173
135 0.000367463177127
136 0.000566144308262
137 0.000397454008667
138 0.000286876710761
139 0.000171261974177
140 0.000273024840018
141 0.00161066222407
142 0.00142393681831
143 0.12901569095
144 0.00956445757937
145 0.000535836762689
146 0.00108258391575
147 0.000855971037661
148 0.00111111111111
149 0.000436436969292
150 0.00118654264427
151 0.00313201628326
152 0.00295669837273
153 0.00307789256198
154 0.00590103305785
155 0.0415321172578
156 0.00857131081573
157 0.000537551440329
158 0.0171404043959
159 0.000476400367309
160 0.000197676681256
161 0.00146460725312
162 0.000358188322374
163 0.000482609085097
164 0.000217149116935
165 0.00122397980433
166 0.000885185438153
167 0.000757004466091
168 0.000220021666022
169 0.00120053245838
170 0.00021969969228
171 0.016512070334
172 0.00263795933797
173 0.000986920332937
174 0.0184550701294
175 0.37309750853
176 0.000652804313344
177 0.00327569690704
178 0.00190326701173
179 0.000416493127863
180 0.0444116320098
181 0.003025
182 0.000659339317584
183 0.00223420294156
184 0.000589974847383
185 0.000766612675657
186 0.00197470444736
187 0.000418540612502
188 0.00110190940239
189 0.00109931740448
190 0.000910592594831
191 0.00105584166132
192 0.000367463177127
193 0.0032313885585
194 0.000167844088577
195 0.000220021666022
196 0.000605378900137
197 7.50332786486e-05
198 0.000342868469762
199 0.0912796038632
200 0.00341098512816
201 0.0013297636763
202 0.002562890625
203 0.00209587124018
204 0.048918024519
205 0.000470950279707
206 0.000824237117108
207 0.00451992677384
208 0.000993752103842
209 0.00382020257273
210 0.0221247632556
211 0.000219478737997
212 0.00106912962454
213 0.00118433155159
214 0.000273024840018
215 0.000402295547656
216 0.000273024840018
217 0.000244140625
218 0.00101309299144
219 0.000260222818684
220 0.00155149864042
221 0.000529932270416
222 0.00394193335381
223 0.00126795164173
224 0.00084486452426
225 0.00173014817163
226 0.00969237354806
227 0.000935863131546
228 0.00169394443813
229 0.000632902195622
230 0.00130964874577
231 0.002784481663
232 0.000994807996468
233 0.0278629193722
234 0.0151030613078
235 0.0296699683819
236 0.0050406052561
237 0.000735434206706
238 0.000734867179562
239 0.00151360544218
240 0.00121966317995
241 0.000543864167966
242 0.0010131640974
243 0.00133036464925
244 0.000238057820153
245 0.000483381259633
246 0.000588840093611
247 0.000534767054411
248 0.000303629781583
249 0.000218393905525
250 0.0905497053846
251 0.000374943933617
252 0.0267851320359
253 0.000239905012609
254 0.000659339317584
255 0.000447527733827
256 0.00585878569115
257 0.00402134492368
258 0.000318477170376
259 0.000837460324025
260 0.00444467582952
261 0.000250459583552
262 0.00252360333096
263 0.000102668969839
264 0.00504494800365
265 0.00208305785124
266 0.00860403803666
267 0.00132498944405
268 0.000492585625226
269 0.000273024840018
270 0.000661526867517
271 0.00104928906516
272 0.000273024840018
273 0.00102582287458
274 0.00104432246357
275 0.00074212500658
276 0.0769347336805
277 6.48039400796e-05
278 0.0177675984367
279 0.000315460130643
280 0.00170750653202
281 0.000346145767484
282 0.000416493127863
283 0.00444456013698
284 0.000274380165289
285 0.000209280956414
286 0.000950920840692
287 0.0005789604834
288 0.00149904351801
289 0.00169643751382
290 0.0436760420116
291 0.00682722993684
292 0.0128820213241
293 0.00369404473115
294 0.00561096382331
295 0.000546356939584
296 0.00148310564152
297 0.000172183173189
298 0.000470950279707
299 0.000505569945326
300 0.000685307483887
301 0.00116136510302
302 0.0027429477581
303 0.000193909866755
304 0.000219478737997
305 0.00103766308992
306 0.000500952078278
307 0.000777765432295
308 0.000367609971564
309 0.329825200112
310 0.00912765825532
311 0.000452693526483
312 0.0291344887083
313 0.000609640214694
314 0.00240035401671
315 0.00020473105669
316 0.00137231404959
317 0.00212565463004
318 0.0141738083152
319 0.00133211420358
320 0.00737235128866
321 0.00186100707011
322 0.00133036464925
323 0.000347928803458
324 0.00226757369615
325 0.00118433155159
326 0.00048176203114
327 0.000406477627471
328 0.00171924610843
329 0.000201912489865
330 0.00454360898936
331 0.0016830283602
332 0.000486575680857
333 0.000256418074034
334 0.037441126683
335 0.00120940058359
336 0.125287727874
337 0.00470752774986
338 0.00206318400267
339 0.000835066972232
340 0.00108293593358
341 0.000533631820075
342 0.00100073819886
343 0.000598762105223
344 0.00141634871083
345 0.0016789879217
346 0.00256973184657
347 0.00110292615841
348 0.00196355464578
349 0.00024177378851
350 0.000402295547656
351 0.00109962683562
352 0.000566144308262
353 0.00104885222541
354 0.000532740567258
355 0.000302457466919
356 0.000590276070063
357 0.00371362067449
358 0.0138306098797
359 0.00588175954503
360 0.000596046447754
361 0.000596046447754
362 0.00125020085318
363 0.00111566017948
364 0.000842650097707
365 0.000707260852034
366 0.000472379942791
367 0.0528034508214
368 0.000431370675273
369 0.00586095432062
370 0.0332778860734
371 0.22241866011
372 0.000500030401848
373 0.046297016171
374 0.00198069462078
375 0.0033789775788
376 0.00024177378851
377 0.000278006700209
378 0.00186056587061
379 0.00105948484185
380 0.000427155351937
381 9.7977323805e-05
382 0.000366771109651
383 0.00193730981442
384 0.000963368566258
385 0.000510939834995
386 0.00148743636082
387 0.00426703954214
388 0.000459157127992
389 0.000433305301369
390 0.00192050541601
391 0.00252360333096
392 0.00369545735904
393 0.000840629449982
394 0.00598259771068
395 0.0100063978014
396 0.00107167352538
397 0.000663533956116
398 0.00482420579025
399 0.00591610170997
400 0.0106202350597
401 0.0145236709299
402 0.000273024840018
403 0.00111111111111
404 0.0497802839196
405 0.0033789775788
406 0.000855336479665
407 0.000250570636982
408 0.0016
409 0.000566144308262
410 0.00104058272633
411 0.00260059364137
412 0.000872162862955
413 0.00121451912633
414 0.00177650659498
415 0.0565793931188
416 0.000579243389577
417 0.00156183765677
418 0.000898501872919
419 0.00268037849957
420 0.00221614066724
421 0.000983476936693
422 0.00098454568484
423 0.000887279311906
424 0.000387500775002
425 0.123658444903
426 0.0113499680389
427 0.000741600068447
428 0.000863640149938
429 0.0870514332279
430 0.00369610516784
431 0.00775823694612
432 0.0817601570691
