1 0.000422661973723
2 0.000618796564441
3 0.00757460417012
4 0.000492863323332
5 0.00148394545311
6 0.00052184024212
7 0.000204957561728
8 0.000370686290101
9 0.000445837518262
10 0.00136944534125
11 0.00142620394369
12 0.00103555587721
13 0.00270993555149
14 0.187575193886
15 0.00171272941015
16 0.309840261539
17 0.00579196014941
18 0.001300952607
19 0.00025342496385
20 0.000620590355496
21 0.00237953599048
22 0.00112392393639
23 0.008627959291
24 0.000568446197197
25 0.236438581918
26 0.704415326021
27 0.0144243554366
28 0.000445837518262
29 0.0032097181829
30 0.000768454393817
31 0.000183328387509
32 0.00173322120548
33 0.00207790521181
34 0.00052184024212
35 0.00171756909048
36 0.000469060656641
37 0.407841848732
38 0.000280559099856
39 0.035934994185
40 0.00352089538204
41 0.000784581916959
42 0.00112986371019
43 0.00106003244997
44 0.00222160285094
45 0.000329140695272
46 0.000479234206741
47 0.00175169791452
48 0.00195222139378
49 9.91307088736e-05
50 0.000257150745058
51 0.00302582076486
52 0.019702459134
53 9.0375814314e-05
54 0.000764509758118
55 0.00104808239739
56 0.00113993958684
57 0.000688488639937
58 0.000393680732473
59 0.00115240463456
60 0.000496471477912
61 0.000117942241891
62 0.00234537330688
63 0.000431838500679
64 0.00138471749896
65 0.00168981319668
66 0.000729549043066
67 0.0956554591511
68 0.00473487030174
69 0.00123398368397
70 0.000160484563078
71 0.00355041351882
72 0.00180576066852
73 0.000344972406197
74 0.00100936503096
75 0.00158046313873
76 0.00064595204217
77 0.000504632305264
78 0.00522068896388
79 0.00127604144532
80 0.00122850751431
81 0.00756395119457
82 0.0950268770824
83 0.00128673988025
84 0.000334948948421
85 0.00142788440675
86 0.000196106898022
87 0.00217690623285
88 0.000846965269849
89 0.000423486109532
90 0.00509625710609
91 0.000372383439917
92 0.0134740128824
93 0.00183780614475
94 0.00709450158129
95 0.00465163159634
96 0.00270298628512
97 0.00254061164422
98 0.000151014273208
99 0.0164585491655
100 0.000514862084783
101 0.000935132980676
102 0.00445632004221
103 0.0155388597966
104 0.00184179290335
105 0.00222732078552
106 0.0462978904656
107 0.0004581359073
108 0.000770415566675
109 0.000200331825594
110 0.00568940837952
111 0.000304424174249
112 0.000657462195924
113 0.000710100727884
114 0.000246183066696
115 0.000914358387599
116 0.014076781244
117 0.00167450500716
118 0.00106782501512
119 0.000520306089829
120 0.0031407092973
121 0.000322016876742
122 0.000281495684052
123 0.0171307873577
124 0.000489466677109
125 0.00267730359825
126 0.00233044802209
127 0.000356695286965
128 0.000433464835672
129 0.00129715276846
130 0.000871920547962
131 0.000332951793572
132 0.000260670962986
133 0.000515366892732
134 0.00175997490148
135 0.00061026574388
136 0.00102115611879
137 0.000458677638787
138 0.00199736165123
139 0.0013438780195
140 0.0009765625
141 0.0160616789852
142 0.000382829292839
143 0.000777628243509
144 0.0009765625
145 0.00174773220502
146 0.000645454006671
147 0.000187741982614
148 0.000459515404502
149 0.016961402192
150 0.0223507466805
151 0.00215758308564
152 0.00077101002313
153 0.000213015897878
154 0.00179395026227
155 0.000875031817804
156 0.000265327380132
157 0.00175396303601
158 0.00331326665286
159 0.000890236414712
160 0.000408451615475
161 0.00113716643291
162 0.000238517613035
163 0.00141351243983
164 0.0122321561299
165 0.000663362617188
166 0.00218126287962
167 0.00321180059587
168 0.000517510320886
169 0.000688042799807
170 0.00125875722255
171 0.000635511595836
172 0.00384077496899
173 0.000191615491978
174 0.00312427299251
175 0.000181140391306
176 0.000781935479237
177 0.00219512142837
178 0.00137426485606
179 0.0120586726434
180 0.0428374735003
181 0.00656940614904
182 0.00174856389332
183 0.000809806087425
184 0.000555927947482
185 0.000628766942754
186 0.000993740051098
187 0.000403108660616
188 0.000838106512546
189 0.000418919565364
190 0.000526049995792
191 0.000305211399182
192 0.000925202017896
193 0.00118080186115
194 0.00148456350619
195 0.0059633805468
196 0.000973931378762
197 0.000533214789527
198 0.0006897206972
199 0.00792135359338
200 0.000686303302435
201 0.0010595567867
202 0.00130388926641
203 8.24779218822e-05
204 0.00986108482915
205 0.00664640589004
206 0.00475187202638
207 0.000552901558462
208 0.00873923182083
209 0.000378358332136
210 0.00679259450566
211 0.00109165895127
212 0.000361433590192
213 0.00197434015366
214 0.000430185503199
215 0.00120749541599
216 0.00642052925707
217 0.00102036879719
218 0.000332471478602
219 0.0006425989741
220 0.00320925794209
221 0.00453918020369
222 0.00128727579857
223 0.00288928491869
224 0.00580832422996
225 0.0276823121005
226 0.240236983085
227 0.0478899893291
228 0.00109081727127
229 0.000562598792348
230 0.00171853035235
231 0.00246687469665
232 0.0012383794429
233 0.00238156465091
234 0.0123300565707
235 0.00988996487415
236 0.0690057528527
237 0.00153239359733
238 0.00237794387659
239 0.0014272899503
240 0.000730630277277
241 0.00142946408681
242 0.00190724482955
243 0.000418919565364
244 0.000460516874295
245 0.0009765625
246 0.000764509758118
247 0.000709927405763
248 0.00158698670899
249 0.00840812962625
250 0.00189003160011
251 0.00058132499583
252 0.000581083817645
253 0.00405534516472
254 0.0028491911177
255 0.000703793588636
256 0.000601910125669
257 0.0011725001111
258 0.000129249704432
259 0.000546556266118
260 0.000123566602695
261 0.00549836453756
262 0.013680262269
263 0.0098594775006
264 0.000229290399409
265 0.000456570969391
266 0.000641572458167
267 0.000890236414712
268 0.0016211044711
269 0.00223703433163
270 0.00223943785271
271 0.00713340029218
272 0.000489100070036
273 0.0181302984977
274 0.00749128634612
275 0.00146812863233
276 0.000485862336846
277 0.0143578251582
278 0.00061734444084
279 0.329801936215
280 0.00150041400428
281 0.00418147137447
282 0.132950733198
283 0.000476726225663
284 0.00976740632551
285 0.00945636765671
286 0.133846820322
287 0.00177819712585
288 0.00322565660653
289 0.0120464009518
290 0.000641572458167
291 0.000927619881986
292 0.00332840236686
293 0.00173322120548
294 0.000890453757587
295 0.000526049995792
296 0.000996142317345
297 0.000175763277882
298 0.00299515171548
299 0.00301416776131
300 0.000361433590192
301 0.0632226847185
302 0.000138833730747
303 0.000540504019999
304 0.000499329347922
305 0.00300364607104
306 0.000612685030879
307 0.00102205440726
308 0.000253459072795
309 0.000980565364661
310 0.000709272721084
311 0.000938641387928
312 0.0372037290767
313 0.00157419397138
314 0.000917835253179
315 0.000548973244362
316 0.000770415566675
317 0.00217342874686
318 0.00190724482955
319 0.000634637756491
320 0.000924488677867
321 0.00295302984874
322 0.00533466245921
323 0.00103555587721
324 0.00742739506985
325 0.0108382063671
326 0.0100832983328
327 0.0846004929621
328 0.000250955788648
329 0.000232093434504
330 0.00139986424155
331 0.000277981144122
332 0.000897074681213
333 0.00088084199837
334 0.000997229916898
335 0.000780386539018
336 0.000567572124894
337 0.00797842783296
338 0.00116551101139
339 0.00176023419478
340 0.00144189656454
341 0.00360588475586
342 0.000650490630675
343 0.00188707587026
344 0.00372998135711
345 0.0208589323585
346 0.00325367547765
347 0.000145758358714
348 0.000246542387474
349 0.000255474568922
350 0.00089402986722
351 0.00576290153001
352 0.000281676365592
353 0.000203596590323
354 0.0014272899503
355 0.00096007423013
356 0.000646804423935
357 0.000136352158909
358 0.000200173654649
359 0.00103624053228
360 0.00524590181805
361 0.00301667644036
362 0.00132767296628
363 0.000752460131999
364 0.00188707587026
365 0.000965546300439
366 0.0101100236477
367 0.00162882824911
368 0.000711997152011
369 0.000575631536872
370 0.00268085366806
371 0.000504632305264
372 0.0137337999007
373 0.00125339579303
374 0.00261025793248
375 0.00238883105294
376 0.000103727412827
377 0.000270961404935
378 0.000735056832443
379 0.000305211399182
380 0.00052184024212
381 0.000460516874295
382 0.000408451615475
383 0.000875031817804
384 0.000195951009186
385 0.00067834286246
386 0.00337055219565
387 0.0010339016346
388 0.00157732695134
389 0.149812263684
390 0.0094636333035
391 0.00254753809138
392 0.00323075199485
393 0.00098967369194
394 0.000577507606095
395 0.00183554387116
396 0.00352156970464
397 0.00221651943699
398 0.000350160457528
399 0.000618796564441
400 0.00481164686596
401 0.00391304052458
402 0.0493439449997
403 0.0915497407184
404 0.00401529261837
405 0.0157751987106
406 0.000885834679753
407 0.000371535284855
408 0.000618796564441
409 0.000460516874295
410 0.000281893708467
411 0.000281403209309
412 0.00052184024212
413 0.000366250580828
414 0.000492076001729
415 0.000488104961694
416 0.151612225652
417 0.00325477941049
418 0.010951642825
419 0.0187525176563
420 0.000688488639937
421 0.000481686672822
422 0.00376293060278
423 0.00390580408945
424 0.000534324477087
425 0.00045308691645
426 0.000597225742013
427 0.00210697942057
428 0.000577660769175
429 0.0281245621802
430 0.00590900483473
431 0.000315720793296
432 0.0327137896269
