1 0.000718881640109
2 0.000224018845585
3 0.016443892766
4 0.00100271057347
5 0.000482609085097
6 0.000411397937183
7 0.000482609085097
8 0.000529415299561
9 0.000273205382146
10 0.000500926112196
11 0.00131964675012
12 0.000671980963712
13 0.000906030133891
14 0.00152199379285
15 0.000665629349888
16 0.00041684021103
17 0.00152199379285
18 0.0190262634757
19 0.000811031675593
20 0.00997463223496
21 0.00048516369423
22 0.00115308015516
23 0.000241826010291
24 0.00165291828912
25 0.00180293696254
26 0.000327074603269
27 0.000482084768825
28 0.0214270455865
29 0.0250186737787
30 0.00554452071006
31 0.239794390454
32 0.0147924185492
33 0.00715787799123
34 0.00127046368003
35 0.00116529278318
36 0.00138024901993
37 0.000413786437206
38 0.00249069822485
39 0.000909633136095
40 0.000580076551542
41 0.0006428744821
42 0.000877147896468
43 0.000409112807784
44 0.00710529015194
45 0.00959078582853
46 0.000873595573782
47 0.00243108550701
48 0.00522106154423
49 0.00243939619274
50 0.000575343316031
51 8.77078052367e-05
52 0.00701573073722
53 0.103552897146
54 0.00210280189821
55 0.277441786374
56 0.00199319179432
57 0.000876471606648
58 0.000250955788648
59 0.000582193503871
60 0.000955626369983
61 0.00617222724278
62 0.00409469659837
63 0.000422681137465
64 0.00149522186624
65 0.000466888631747
66 0.00328202823005
67 0.000192233178846
68 0.000314804482369
69 0.000737866258165
70 0.000411773697082
71 0.000285650114706
72 0.000729391125265
73 0.000230029295171
74 0.000317446010654
75 0.00102404058801
76 0.00114909508762
77 0.000591329926993
78 0.00215821808982
79 0.000418561875088
80 0.00218232191379
81 0.00382904741868
82 0.00690985199788
83 0.000198699685879
84 0.00190692362009
85 0.565156954458
86 0.000421716102487
87 0.000267360946746
88 0.000304785275116
89 0.000245573701254
90 0.00117086311289
91 0.000684080663889
92 0.00047258979206
93 0.000273205382146
94 0.000859425564197
95 0.000863403206385
96 0.0012172195489
97 0.00949825741469
98 0.00288821611481
99 0.0019922324906
100 0.000686485764955
101 0.00273411118078
102 0.000758144079062
103 0.00182331917075
104 0.00422324860443
105 0.002442834784
106 0.00633388783501
107 0.0014428219458
108 0.0010131640974
109 0.000135274657288
110 0.00114809658363
111 0.00160765902126
112 0.0053936803032
113 0.00526677774946
114 0.000649418365516
115 0.00269051640578
116 0.000474237880756
117 0.000915313609467
118 0.000939928994083
119 0.00435084191875
120 0.000582193503871
121 0.00027977897461
122 0.000584573252173
123 0.457039915073
124 0.0043427956535
125 0.00505863767339
126 0.000127936027431
127 0.000556968852687
128 0.00412044707822
129 0.00859979601562
130 0.00423964289038
131 0.00094598816568
132 0.000899018441404
133 0.000200131179734
134 0.0218378619949
135 0.033285309138
136 0.00591715976331
137 0.00302831130981
138 0.00445183913571
139 0.000868113128336
140 0.000305977261469
141 0.00443746790213
142 0.000826618278137
143 0.000520249979709
144 0.000561532759821
145 0.000280764614135
146 0.000475755441975
147 0.00133915548984
148 0.000613665326929
149 0.00047258979206
150 9.50887167925e-05
151 0.000903007516701
152 0.00306584571545
153 0.005066321877
154 0.001555352832
155 0.00302509619831
156 0.100836610074
157 0.00145022389945
158 0.0055308978142
159 0.000446072639801
160 0.00139423349541
161 0.00191996003269
162 0.000743060775967
163 0.000781387175065
164 0.00407318812128
165 0.70939578694
166 0.000496852071006
167 0.00162444814751
168 0.0127454870065
169 0.000232199546485
170 0.00172123413271
171 0.00051841234767
172 0.000565143600256
173 0.000512792743121
174 0.000131735465482
175 0.0015556576747
176 0.0293427968021
177 0.0915310017224
178 0.000514655748828
179 0.00076428961277
180 0.000584573252173
181 0.00112147106544
182 0.00112147106544
183 0.000339949680931
184 0.000473912975974
185 0.000930289555688
186 0.0026986001012
187 0.000263321387868
188 0.000520249979709
189 0.000765692762277
190 0.000445085367373
191 0.000876471606648
192 0.00583607288321
193 0.000173806483726
194 0.000788414157803
195 0.000280764614135
196 0.00139968533302
197 0.001997440779
198 0.000280764614135
199 0.00572736989179
200 0.00051070892783
201 0.0127557093426
202 0.00278924602801
203 0.000619044482556
204 0.00203640872981
205 0.00139773597999
206 0.000309522241278
207 0.00278924602801
208 0.000192731627185
209 0.00309819492578
210 0.000572122577143
211 0.00128106984955
212 0.00100585456792
213 0.00061026574388
214 0.177149653947
215 0.010440332287
216 0.00307175368599
217 0.00114263043047
218 0.00113622017422
219 0.000634856888451
220 0.000280764614135
221 0.000440378597417
222 0.000422681137465
223 0.000290415498616
224 0.00188815616276
225 0.00403598615917
226 0.0016191177224
227 0.00154389660219
228 0.00265334230978
229 0.00101845562693
230 0.0012320301147
231 0.0137664092108
232 0.00094598816568
233 0.0055638808165
234 0.00238103512941
235 0.00363170793124
236 0.00057753907747
237 0.000812162127865
238 0.000421294161739
239 0.00272998363239
240 0.000744332662808
241 0.00090925443787
242 0.000213171157362
243 0.00117086311289
244 0.00115024758378
245 0.000632002746481
246 0.000667005327505
247 0.000124840048688
248 0.00167136571404
249 0.0020273322695
250 0.000621666623564
251 0.000565143600256
252 0.00110988775738
253 0.000898501872919
254 0.00155497319987
255 0.000652501288093
256 0.0010131640974
257 0.00443380260991
258 0.00190026063975
259 0.000489587020504
260 0.000168662506325
261 0.000659332068842
262 0.00359434374583
263 0.0135345480566
264 0.00205303425975
265 0.05665076574
266 0.00399943757909
267 0.00429535719148
268 0.00725065447049
269 0.000445085367373
270 0.000286108756118
271 0.000304785275116
272 0.00104120982987
273 0.000602205577929
274 0.00105267429592
275 0.000422315103727
276 0.00107858534166
277 0.00168698520076
278 0.00112825703158
279 0.00027977897461
280 0.00649118128514
281 0.00293862943068
282 0.0011507684928
283 0.00479188611191
284 0.0175305082585
285 0.000644543955312
286 0.000645454006671
287 0.00111110066661
288 0.00052291889799
289 0.000743590390619
290 0.00120579281604
291 0.00251261455374
292 0.0188946713125
293 0.00659230984131
294 0.000203717688664
295 0.00354389185216
296 0.00453134134513
297 0.0213122032667
298 0.0120469941034
299 0.000853461740028
300 0.0160965669817
301 0.00129331493859
302 0.000706706822294
303 0.000668485716714
304 0.000858027556191
305 0.000496852071006
306 0.00155720710059
307 0.0136616630123
308 0.000416493127863
309 0.000124840048688
310 0.00051841234767
311 0.000561532759821
312 0.00029650618798
313 0.00678134748467
314 0.0218940655527
315 0.000492003239021
316 0.00459934257899
317 0.000127995123236
318 0.00169489322111
319 0.00223614310364
320 0.000644543955312
321 0.00302844538157
322 0.00123782978073
323 0.000778346758041
324 0.00293118562349
325 0.00195672098076
326 0.000637421964176
327 0.0170870585098
328 0.00284118707746
329 0.00120377485976
330 0.00090925443787
331 0.000566893424036
332 0.000677349375238
333 0.000318933862153
334 0.000424379369999
335 0.000490792899408
336 0.000445085367373
337 0.00166869580076
338 0.000244618161561
339 0.0502251112488
340 0.000612816816726
341 0.00254743100944
342 0.0019771015247
343 0.00952484345715
344 0.00210716094717
345 0.000587088713036
346 0.00188478106509
347 0.000436302551305
348 0.174833118848
349 0.000712821425962
350 0.0470416025251
351 0.00113709688732
352 0.000396187472108
353 0.000435879035126
354 0.00121217109571
355 0.000632568044079
356 0.00031869095746
357 0.00247100534824
358 0.000510833612627
359 0.000272641781714
360 0.0018400189752
361 0.000477460612881
362 0.000359649272591
363 0.00107497984413
364 0.00132788683813
365 0.090472096065
366 0.00114263043047
367 0.00177518819118
368 0.000226586435672
369 0.00071640800984
370 0.00123355145747
371 0.00250647767109
372 0.000921834478717
373 0.00200047504041
374 0.000973180467908
375 0.00126442689496
376 0.00316942660467
377 0.0105495798026
378 0.00341015917097
379 0.00125376518308
380 0.0604508745052
381 0.000569569023501
382 0.00966742055823
383 0.00140182470655
384 0.00090925443787
385 0.00107497984413
386 0.00117086311289
387 0.000513722979199
388 0.00051841234767
389 0.000602205577929
390 0.00633767817637
391 0.00147235469181
392 0.00125525520815
393 0.00497421658192
394 0.000232199546485
395 0.00157793594494
396 0.00377805539511
397 0.000793493354493
398 0.00187222633136
399 0.00101255747217
400 0.00242184126068
401 0.00235651321935
402 0.00474197015692
403 0.00175396303601
404 0.376044781422
405 0.00247941790584
406 0.0428985871535
407 0.00128080445961
408 0.000315047387062
409 0.000863640149938
410 0.000462133827673
411 0.000527397398422
412 0.00051841234767
413 0.00103872038625
414 0.000493827160494
415 0.00469616831898
416 0.042335645593
417 0.0498456891904
418 0.00158571518509
419 0.0026454249678
420 0.000887828804286
421 0.000298499051251
422 0.000630087948175
423 0.00447169870952
424 0.00057753907747
425 0.0482015219856
426 0.000295352467405
427 0.0024073994779
428 0.00226498294078
429 0.00179359936772
430 0.00064974908889
431 0.00105679367018
432 0.00330380897358
