1 0.000352796206284
2 0.00111928922205
3 0.00196994460197
4 0.00194213325029
5 0.000258579328805
6 0.00160224189177
7 0.00662710537613
8 0.0010294832566
9 0.00107302444691
10 0.00439096864869
11 0.000201197122881
12 0.000779400276426
13 0.00793007295678
14 0.00142408354623
15 0.000831670226299
16 0.00189708641975
17 0.00153975642828
18 0.00152662423725
19 0.000365607816521
20 0.000256680388242
21 8.79485086938e-05
22 0.00323328976299
23 0.00274263271432
24 0.00379461803625
25 0.00974835081262
26 0.00665209938705
27 0.0283332780388
28 0.000502627150216
29 0.000540832882639
30 0.000188944391304
31 0.0014524367526
32 0.000409112807784
33 0.00169835490878
34 0.000542850914031
35 0.000514670931771
36 0.000968140266791
37 7.90904404068e-05
38 0.000189269456863
39 0.00101856043459
40 0.000428983377922
41 6.86132553736e-05
42 0.0113615848073
43 0.000155277996137
44 0.00307469890085
45 0.00183037198745
46 0.012376678859
47 0.000531586741978
48 0.000626251877503
49 0.00426877450173
50 0.000594882523863
51 0.00121061258357
52 0.000856632956573
53 0.0171110995137
54 0.0562185368352
55 0.0846792043058
56 0.0328579293514
57 0.000743525736488
58 0.0011265242168
59 0.000497265832277
60 0.00207766360195
61 0.000432584627396
62 0.000906030133891
63 0.000710724269769
64 0.00084833631822
65 0.0021720533767
66 0.00159600748752
67 0.000951619405106
68 0.00101495810165
69 0.00323034628156
70 0.00108526831321
71 0.00606553547538
72 0.0114432740965
73 0.000948926650182
74 0.000222351734387
75 0.00270738317139
76 0.000368531239629
77 0.000160618679358
78 0.000637171238031
79 0.0255712692557
80 0.00158215074389
81 0.000393073096902
82 0.0562995273374
83 9.26677279001e-05
84 0.188619499758
85 0.000393867349217
86 0.000409584402821
87 0.000540832882639
88 0.000439136089328
89 0.00061549674336
90 0.00112986371019
91 0.000463677025582
92 0.000230279920061
93 0.00340300876487
94 0.00128785020489
95 0.0164866168037
96 0.00118308192842
97 0.00156571778029
98 0.0145469088034
99 0.00125720336707
100 0.00126547853616
101 0.00126842208107
102 0.00628726366399
103 0.00320203695845
104 0.000197038992598
105 0.000231780225449
106 0.000541698215251
107 0.000434116308492
108 0.0162138716062
109 0.00116882168164
110 0.0004071548358
111 0.00214091901691
112 0.00228795627859
113 0.000394031392261
114 0.00207322886328
115 0.000723923666271
116 0.00101495810165
117 0.000394928735899
118 0.000544880261473
119 0.000519357924031
120 0.000621266807752
121 0.00107839298301
122 0.000974657941701
123 0.0579496219334
124 0.00142881570398
125 0.00371073810441
126 0.000205817060853
127 0.00746018471786
128 0.0389712476101
129 0.00532577310025
130 0.0588108555689
131 0.000545949049741
132 0.00169407033138
133 0.00192780796752
134 0.0316740105969
135 0.0126428687284
136 0.00163642055224
137 0.00203176691258
138 0.00106995457024
139 0.00117298844934
140 0.000906030133891
141 0.000202271604938
142 0.0021720533767
143 0.000187331557098
144 0.00558694792442
145 0.00231654208192
146 0.00130905785207
147 0.0878345623268
148 0.0161694038706
149 0.00118572058576
150 0.505084064251
151 0.106871495415
152 0.000335359623603
153 0.00282332427234
154 0.000177588299744
155 0.00589032330912
156 0.0043568713307
157 0.000910592594831
158 0.000540832882639
159 0.00543851863454
160 0.00374765421589
161 0.309093244248
162 0.0203743393506
163 0.000916729680043
164 0.000236782179366
165 0.000542850914031
166 0.000973350812103
167 0.00126544704651
168 0.000610924824229
169 0.00214091901691
170 0.000126424185737
171 0.000308387864366
172 0.00121522143894
173 0.0179803813847
174 0.00266945559387
175 0.0111861088459
176 0.000575529844291
177 0.000379874137801
178 0.000828753464055
179 0.0253406029892
180 0.00274068725445
181 0.000564650524458
182 0.00112565565533
183 0.000255464911348
184 0.000564650524458
185 0.000563825258892
186 0.000306602196245
187 0.00304451365739
188 0.000226024568538
189 0.000385993081767
190 0.203122256318
191 0.00485076916594
192 0.00173441129077
193 0.00055674789743
194 0.000213015897878
195 0.00084833631822
196 0.00159600748752
197 0.00433390838554
198 0.0048469796507
199 0.000436935828458
200 0.000714282171219
201 0.00220601033226
202 0.0147009397036
203 0.0049131624496
204 0.0018541081344
205 0.00953015856891
206 0.0150544216543
207 0.145166951246
208 0.012132519067
209 0.000774349943738
210 0.00176263691065
211 0.0196089571135
212 0.0011382175724
213 0.000334200829704
214 0.0861188496356
215 0.00295461409995
216 0.00112147106544
217 0.000258579328805
218 0.00480713520141
219 0.000906030133891
220 0.00103501067355
221 0.00121246422698
222 0.000800160495576
223 0.000935550287484
224 0.000905588677953
225 0.000151934596625
226 0.00287792227502
227 0.00247240674531
228 0.00357295473639
229 0.0594553006486
230 0.00557272065061
231 0.00101806266446
232 0.00198023943126
233 0.002983664163
234 0.000788549482697
235 0.00177514049191
236 0.353015125702
237 0.00204126819851
238 0.000219551393685
239 0.00103148742032
240 0.000974657941701
241 0.0104922006501
242 0.0116006533188
243 0.00166249539751
244 0.0145102574388
245 0.000465160792064
246 0.00340422125404
247 0.00168698520076
248 0.000928047330414
249 0.000260145681582
250 0.000286463980138
251 0.000209280956414
252 0.00119156300703
253 0.00189958377345
254 0.0111899992242
255 0.00419232958957
256 0.0337359433569
257 0.00082110734927
258 0.000936356485756
259 0.00106332703214
260 0.00587967212253
261 0.00623311101011
262 0.00240346398077
263 0.00168751367104
264 0.00096007423013
265 0.00249220577247
266 0.000409112807784
267 0.00146149371716
268 0.00250194095127
269 0.00543851863454
270 0.0245812577957
271 0.33718340835
272 0.00158594147863
273 0.00213275298365
274 0.00158701830921
275 0.0060929172675
276 0.0012154436526
277 0.000436935828458
278 0.00159600748752
279 0.00121246422698
280 0.0006773964097
281 0.000349114422392
282 0.00177514049191
283 0.000648081167103
284 0.00221016903788
285 0.00328091090846
286 0.000910592594831
287 0.00101495810165
288 0.000383959415599
289 0.0236293718468
290 0.0107505090356
291 0.00473118196636
292 0.000339907414659
293 0.0024234873221
294 0.00144559331418
295 0.000540832882639
296 0.00115561476298
297 0.000334200829704
298 0.00139773597999
299 0.00698293729297
300 0.010213043907
301 0.0442486184605
302 0.000355461827381
303 0.00464094400522
304 0.000451117922608
305 0.000243531415942
306 0.00106912962454
307 0.000729364636733
308 0.000968140266791
309 0.00387033065047
310 0.000344464781645
311 0.00348387864366
312 0.0658164074071
313 0.000998560637998
314 0.000369541939322
315 0.00560929660092
316 0.000966468898494
317 0.000748480510243
318 0.00052971325106
319 0.000970564289221
320 0.00126046006792
321 0.00177170318071
322 0.318124727615
323 0.00633735624567
324 0.00046202808186
325 0.00109081727127
326 0.000510939834995
327 0.000130072840791
328 0.000794863611866
329 0.000948366007811
330 0.00328875528321
331 0.00022521017554
332 0.000466888631747
333 0.000957269045004
334 0.00046208363492
335 0.000142997267412
336 0.000191834009868
337 0.00345244446529
338 0.752438591142
339 0.00366997519408
340 0.0215425883871
341 0.00284352776704
342 0.00567339884484
343 0.00635423217253
344 0.000524019894771
345 0.000230279920061
346 0.00357152473359
347 0.000544880261473
348 0.000970564289221
349 0.00167749456805
350 0.00165254405955
351 0.0125425170068
352 0.00107628641325
353 0.00022253146783
354 0.0729726061446
355 0.0214385987703
356 0.00302311026086
357 0.001024
358 0.000566893424036
359 0.00296011774164
360 0.00190724482955
361 0.000394928735899
362 0.000961480680248
363 0.000945129266117
364 0.000626251877503
365 0.00179670382299
366 0.000492950414709
367 0.000567768259567
368 0.00125167798355
369 0.000888118942152
370 0.00145633776846
371 0.000873240034828
372 0.000520826241473
373 0.00109696596369
374 0.00115343538626
375 0.00216538646422
376 0.00114355060795
377 0.000563667863446
378 0.00186916970921
379 0.00698132645203
380 0.0060687209327
381 0.000145597164495
382 0.0380780314098
383 0.000517469351325
384 0.00072310046963
385 0.000178968915337
386 0.000491203913284
387 0.000496471477912
388 0.00104058272633
389 0.000204247752524
390 0.000729364636733
391 0.01392087324
392 0.000390015600624
393 0.000179870142189
394 0.000889514062543
395 0.00089759667123
396 0.00135586637999
397 0.00843339208732
398 0.00578402792894
399 0.00323059983784
400 0.000466082609227
401 0.00106332703214
402 0.00107194041965
403 0.00187452789642
404 0.00155307812219
405 0.160099987344
406 0.0126773382554
407 0.00055940976452
408 0.000207588498838
409 0.000222351734387
410 0.000504986744098
411 0.00176299243184
412 0.00331055231931
413 0.00024976582019
414 0.000710724269769
415 0.000505376394363
416 0.00167572928422
417 0.00047465230979
418 0.0160735982945
419 0.00291525248655
420 0.00112803136491
421 0.00560605166379
422 0.000949990617377
423 0.00186879719587
424 0.227318284739
425 0.000571326591315
426 0.00061026574388
427 0.000843441503886
428 0.000252182085942
429 0.000714282171219
430 0.0157471892393
431 0.0315010836678
432 0.00202087366383
