1 0.00193349012105
2 0.00512191074177
3 0.000446468335056
4 0.00118000116543
5 0.000796596928096
6 0.00050635126519
7 0.00023275859864
8 0.000256114535862
9 0.000287324717002
10 8.60877882878e-05
11 0.000548040909003
12 0.000796537532324
13 0.130419536023
14 0.00509083087011
15 0.0111541705268
16 0.0003738375894
17 0.000510017144736
18 0.507332645042
19 0.000495587683734
20 0.00198685171658
21 0.00210999909689
22 0.00291823608263
23 0.00135133307226
24 0.000787284367241
25 0.00217018284896
26 0.00149807301293
27 0.00736044444444
28 0.00102100056377
29 0.0090278411819
30 0.000329667320384
31 0.000576
32 0.000213897309239
33 0.000216709207443
34 0.0011810073849
35 0.00189371831315
36 0.00103480151056
37 0.00187250764706
38 0.000853793827022
39 0.0028606524486
40 0.21400759105
41 0.0222878496175
42 0.000855241754275
43 0.00417801055776
44 0.00026710042663
45 0.00655786292734
46 0.00177044798534
47 0.00106864102617
48 0.00137338165159
49 0.0154817459663
50 0.000484309908748
51 0.00062250748005
52 0.00238568684732
53 0.00040257001728
54 0.006684623813
55 0.000352759115604
56 0.000169013520811
57 0.00505795655979
58 0.00135123803456
59 0.000682506145715
60 0.000264392887831
61 0.000495587683734
62 0.000437088865417
63 0.000329140695272
64 0.000915683807123
65 0.0115399095025
66 0.00202499870607
67 0.00297312396878
68 0.000260561914672
69 0.000188572165302
70 0.00240178597923
71 0.000274838351075
72 0.00125764166532
73 0.000867553977309
74 0.000761655268801
75 0.000664257625678
76 0.00493746973308
77 0.000796294741033
78 0.00133294892863
79 0.0674006051976
80 0.000789318911819
81 0.0327707013172
82 0.0249661378272
83 0.00332466044998
84 0.00288756726426
85 0.00212232807014
86 0.0029776245722
87 0.000908477108921
88 0.000587357281691
89 0.000352301128545
90 0.00226245044332
91 0.000264392887831
92 0.00309958818061
93 0.000576115366694
94 0.000576115366694
95 0.000544996127389
96 0.00251939443237
97 0.0899894985854
98 0.00322642022087
99 0.0259695486541
100 0.00103211657108
101 0.00110496389684
102 0.000423596357071
103 0.00191064910344
104 0.000464418908823
105 0.000207401478222
106 0.000471444013318
107 0.000772195839653
108 0.0593051512787
109 0.00119837334785
110 0.0148090519457
111 0.0032260063814
112 0.0492132246018
113 0.000949097771706
114 0.00309716446125
115 0.000563498950416
116 0.000283036469589
117 0.00303875375486
118 0.00301895906292
119 0.000446160593734
120 0.000442840299743
121 0.000729364636733
122 0.000459515404502
123 0.00170121529549
124 0.00216948360145
125 0.00123371656813
126 0.0122072319279
127 0.000141797755738
128 0.00326497296194
129 0.00087750268221
130 0.00144892791231
131 0.0023131140658
132 0.0102042602724
133 0.00963692336036
134 0.000780753293661
135 0.000603221680829
136 0.0509346050665
137 0.0290686304631
138 0.0114733772116
139 0.0935011677538
140 0.00248768144494
141 0.000201912489865
142 0.00105581900949
143 0.00187250764706
144 0.000161353938829
145 0.000416493127863
146 0.000755200745877
147 0.00147465630251
148 0.000426860576835
149 0.00189371831315
150 0.000544996127389
151 0.000441126027005
152 0.00417385242567
153 0.109323892587
154 0.00580389832099
155 0.0012320301147
156 0.00209712638658
157 0.00155445073933
158 0.00731682372708
159 0.000411772552158
160 0.0147079548703
161 0.000409767388276
162 0.0013903432164
163 0.000731023816609
164 0.00101675687507
165 0.000153076528697
166 0.00270298628512
167 0.006630299122
168 0.00225694653469
169 0.000882266444466
170 0.000127504286184
171 0.000278907136542
172 0.000233086649962
173 0.000256821170283
174 0.0061461229346
175 0.000929977872295
176 0.00213530738052
177 0.00889115504683
178 0.0014668518616
179 0.000269187148713
180 0.00502280100516
181 0.000767605700588
182 0.000804928001628
183 0.000896315905252
184 0.000644393425824
185 0.00393790849673
186 0.00343521522322
187 0.00165149927532
188 0.00375306304299
189 0.00869003160011
190 0.00304193334342
191 0.00101675687507
192 6.90602435525e-05
193 0.000805809691336
194 0.00899288529004
195 0.000256114535862
196 0.000205671077505
197 0.00021826447345
198 0.000257542939752
199 0.00335550479865
200 0.000796537532324
201 0.044232800135
202 0.00984269209195
203 0.000857828119256
204 0.000404578730705
205 0.0018362578806
206 0.000363393643738
207 0.000650955010269
208 0.00914933837429
209 0.00211051222896
210 0.00116439433077
211 0.001884876829
212 0.00213952247566
213 0.0023498273804
214 0.24827486789
215 0.000348073067498
216 0.00215808270254
217 0.000241470009258
218 0.000882266444466
219 0.000505569945326
220 0.000208903022484
221 0.00135123803456
222 0.000979962192817
223 0.000497583884803
224 0.00189531888175
225 0.000174562791805
226 0.00317397341797
227 0.00324788344412
228 0.00188285480362
229 0.00132133328637
230 0.00160523731237
231 0.0412284197071
232 0.000835061579932
233 0.000564890018669
234 0.00203822694638
235 0.000571237419067
236 0.000306889019127
237 0.000453960321177
238 0.00102258556576
239 0.00251727373261
240 0.0210033383771
241 0.000543890671883
242 0.00186248514949
243 0.00468046041946
244 0.0027084383159
245 0.143170993682
246 0.0655536053663
247 0.000657989325344
248 0.000809886109766
249 0.0162097723224
250 0.00716092912858
251 0.00297120364315
252 0.00187292327911
253 0.000961480680248
254 0.000664182411208
255 0.000927619881986
256 0.000212762188209
257 0.00299105098855
258 0.0061461229346
259 0.00610015327299
260 0.00359392220104
261 0.251257829528
262 0.00215755554299
263 0.000713222798475
264 0.00101239669421
265 0.000546772643899
266 0.00146699854679
267 0.00225079555402
268 0.0340757628641
269 0.00153027467217
270 0.00073398742988
271 0.0123314376612
272 0.0752176046569
273 0.0576676183566
274 0.00165081172358
275 0.00135439493548
276 0.000497357638339
277 0.0018836338085
278 0.000174562791805
279 0.00070347669438
280 0.000393692082428
281 0.0010499699835
282 0.00247672627095
283 0.000489820465805
284 0.000719736194652
285 0.000343953895869
286 0.00021826447345
287 0.00601660092045
288 0.0101789084783
289 0.133842379693
290 0.00101675687507
291 0.00159245363123
292 0.00026217146769
293 0.000263535166133
294 0.0037466929062
295 0.000352191131971
296 0.00133924007703
297 0.00201795892771
298 0.00062250748005
299 0.00192338145898
300 0.00072961151026
301 0.00131937503057
302 0.00575881298406
303 0.00615856080243
304 0.00640001511303
305 0.000490643795946
306 0.000374996775028
307 0.0115976331361
308 0.000874052009583
309 0.00108731290157
310 0.000490334141142
311 0.000229134239547
312 0.00094674556213
313 0.0151210010576
314 0.00145181146889
315 0.000360537679937
316 0.000352026489993
317 0.0466848819478
318 0.00675395224345
319 0.224419633963
320 0.0173440041773
321 0.000620628534882
322 0.00222842208041
323 0.00624838942074
324 0.00196638070474
325 0.000390570076083
326 0.000649282341548
327 0.0252275164672
328 0.0017310985221
329 0.000186056111907
330 0.00201511493386
331 0.00323151738997
332 0.000343953895869
333 0.000574528266331
334 0.00140900061059
335 0.00703867505968
336 0.00185536066545
337 0.00100603543636
338 0.00195928186322
339 0.00175696511169
340 0.000712165780764
341 0.0987334752309
342 0.00120836563083
343 0.000436206081899
344 0.00023397884685
345 0.00023190600304
346 0.00137471493101
347 0.00236953645063
348 0.00329915300845
349 0.00257106764274
350 0.0012766605308
351 0.000948366007811
352 0.00153410767818
353 0.00219446566909
354 0.00298072573335
355 0.000576
356 0.00327221537416
357 0.0013213429459
358 0.000181022576421
359 0.00108731290157
360 0.00062250748005
361 0.000796596928096
362 0.000805809691336
363 0.000135602126411
364 0.000495587683734
365 0.000264392887831
366 0.00329596201959
367 0.0259617072932
368 0.0229341932878
369 0.00697999524012
370 0.00617346938776
371 0.000262524645767
372 0.000424774478734
373 0.000698389569524
374 0.000289113674896
375 0.000341921676412
376 0.00342087085717
377 0.000165211702275
378 0.0033416804305
379 0.000664257625678
380 0.000637162808225
381 0.00494509039715
382 0.000352266681096
383 0.00690305498698
384 0.013969565911
385 0.000880812359102
386 0.000930318901699
387 0.000383865134973
388 0.000193572778828
389 0.00283568321503
390 0.000721244343904
391 0.000199148234477
392 0.00464031955097
393 0.0195605416485
394 0.0120530296093
395 0.000652100650953
396 0.00215010707446
397 0.000802514987904
398 0.00062250748005
399 0.00268993176234
400 0.00162480221119
401 0.0141723356009
402 0.000906827136962
403 0.000961480680248
404 0.115398051911
405 0.0471517307095
406 0.000199425250197
407 0.00217568204977
408 0.00445911256796
409 0.000335656033243
410 0.000285721992045
411 0.000580076551542
412 0.00343330104837
413 0.000244379057074
414 0.000852357381858
415 0.000492950414709
416 0.00441622593895
417 0.00179283336465
418 0.000752541527119
419 0.000352759115604
420 0.0206193275749
421 0.0088143314731
422 0.0677763486409
423 0.366577458258
424 0.00582758923641
425 0.00131646652142
426 0.00238374931126
427 0.000401926934185
428 0.00101590892429
429 0.00145694432313
430 0.00116439433077
431 0.000796294741033
432 0.00813506773065
