1 0.000303851847373
2 0.00043547816199
3 0.000705571659077
4 0.000139591859683
5 0.000441179210851
6 0.00252487546872
7 0.000301582680777
8 0.00382677598371
9 0.000271556072703
10 0.00126544704651
11 0.000567974765563
12 0.000344464781645
13 0.000577001321432
14 0.00079924050658
15 0.00427587378962
16 0.00336184143443
17 0.00932542424916
18 0.000520291363163
19 0.00196747014957
20 0.000217861957217
21 0.00226774031348
22 0.0119654366318
23 0.00324467232815
24 0.00103744155834
25 0.00102679107915
26 0.00269649143626
27 0.00229111170085
28 0.000498740833328
29 0.000196294331081
30 0.0106687369927
31 0.000436174927049
32 0.00219914376324
33 0.000104220863684
34 0.000706683789648
35 0.00100603543636
36 0.00238316748326
37 0.000995520159283
38 0.000258438316108
39 0.00019458668951
40 0.00184116569031
41 0.00289224691358
42 0.052923323787
43 0.000313588666192
44 0.00135854195491
45 0.00712929760779
46 0.00119198040196
47 0.00319198897708
48 0.00198927777675
49 0.00130578832415
50 0.000622164180943
51 0.00208479235964
52 0.0257954393697
53 0.000265733143971
54 0.0221805254109
55 0.232556999246
56 0.000562598792348
57 0.000461290017832
58 0.00259522961908
59 0.000706683789648
60 0.00171487447777
61 0.000129688009901
62 0.000210039907582
63 0.000534845848869
64 0.00227433752146
65 0.00137795915713
66 0.000473099042288
67 0.00098381273074
68 0.000565846136337
69 0.000521331242748
70 0.00795317840363
71 0.000411810836472
72 0.00119961709807
73 0.000837039959075
74 0.00337531044558
75 0.00191064910344
76 0.000929737625022
77 0.00336184143443
78 0.000576176253721
79 0.000249964848693
80 0.00166488667379
81 0.00591763864456
82 0.000784804363255
83 0.00225286771662
84 0.00118551535773
85 0.0016904913601
86 0.000226161519805
87 0.00100426502678
88 0.00157708642707
89 0.000182306966476
90 0.000461386944841
91 0.00186052494545
92 0.000344464781645
93 0.00272585792422
94 0.00392469895671
95 0.00049815341056
96 0.000582514919561
97 0.00163079484261
98 0.0260866734853
99 0.000837039959075
100 0.000310783148491
101 0.00119448557401
102 0.00409337981775
103 0.00136143217448
104 0.00231457927068
105 0.00273259432399
106 0.00709523559021
107 0.00121031740276
108 0.001972914743
109 0.0128820381601
110 0.000557434154446
111 0.000230440465346
112 0.000208562726774
113 0.00519292213265
114 0.000248219777015
115 0.00302311026086
116 0.00086289715224
117 0.000300156225312
118 0.000754049086501
119 0.000415813970817
120 0.00139696902522
121 0.000905912790888
122 0.0335655845353
123 0.0122666868412
124 0.102568422572
125 0.249747639591
126 0.000359493720229
127 0.000757913372608
128 0.000819253670136
129 0.00166597251145
130 0.711705265451
131 0.0109166989511
132 0.00103952186803
133 0.0301693701808
134 0.00661699314421
135 0.00182380390173
136 0.00577439588975
137 0.0301366350031
138 0.0468710386721
139 0.000659045487815
140 0.00114136766999
141 0.00307629869168
142 0.00368704744553
143 0.00541985020136
144 0.000196294331081
145 0.000586131373264
146 0.00198069462078
147 0.000608501835557
148 0.00166513333629
149 0.123202090918
150 0.000475538863171
151 0.0354522765922
152 0.00861775103812
153 0.000596776210917
154 0.000242018332211
155 0.00045115636791
156 0.00196117334636
157 0.000208025147929
158 0.0163631508645
159 0.000212783397265
160 0.00984126155423
161 0.000174045015003
162 0.000627686001247
163 0.058489218643
164 0.000515591061218
165 0.00061026574388
166 0.000550003696025
167 0.0015769787173
168 0.000243295116977
169 0.000754049086501
170 0.000441179210851
171 0.000484309908748
172 0.00068793353052
173 0.000563667863446
174 0.000922929017786
175 0.00966579417014
176 0.00219634068875
177 0.000500926112196
178 0.000801391601563
179 0.00501835017244
180 0.00251530159226
181 0.00452973109456
182 0.000586841235503
183 0.00159228701128
184 0.00198512396694
185 0.00196710383821
186 0.00836197774171
187 0.000535578809461
188 0.00254061164422
189 0.000227439867819
190 0.000515591061218
191 0.0012822258533
192 0.00212697429327
193 0.00212483705305
194 0.00563430905923
195 0.000450734240634
196 0.000426156477034
197 0.00132329590517
198 0.000706683789648
199 0.0010705876941
200 0.000211186098675
201 0.00120940058359
202 0.00152929059642
203 0.00986653455136
204 0.00564483950617
205 0.00998673566988
206 0.00168759408965
207 0.000358700642792
208 0.00107190082645
209 0.00117309570313
210 0.00228635269421
211 0.00104058272633
212 0.000561815188268
213 0.000337195903666
214 0.00085385393827
215 0.000197260446913
216 0.000694757718799
217 0.000595803866946
218 0.000356743710302
219 0.419294902425
220 0.000386320365294
221 0.000447372957596
222 0.00223346975494
223 0.000609356064692
224 0.00261373948754
225 0.000230440465346
226 0.000445085367373
227 0.000531889543988
228 0.00182682496858
229 0.00166597251145
230 0.01187046856
231 0.00178068500879
232 0.00996614718028
233 0.00159241124136
234 0.000713533644852
235 0.00191366709381
236 0.000275829503314
237 0.000389953305431
238 0.00308240100448
239 0.00071483331487
240 0.0110996856519
241 0.00191366709381
242 0.000313825195837
243 0.00496027962982
244 0.00198069462078
245 0.00133373015785
246 0.00021507526374
247 0.00334945066403
248 0.000198723049157
249 0.00159820932588
250 0.000170039899597
251 0.00107709768274
252 0.0033789775788
253 0.000203717688664
254 0.000637755102041
255 0.000484309908748
256 0.000346946918721
257 0.00828920851102
258 0.00401352629589
259 0.000723258906247
260 0.0107533261808
261 0.00709299029187
262 0.00213976826813
263 0.0519421267011
264 0.00232786849277
265 0.00184720654932
266 0.00172615929076
267 0.000698553583169
268 0.00115276166784
269 0.000971496036431
270 0.000725200876552
271 0.00198069462078
272 0.319052761061
273 0.00235996326905
274 0.00116882168164
275 0.0580912835497
276 0.00476939043375
277 0.000475538863171
278 0.00114513064314
279 0.000441179210851
280 9.89015387078e-05
281 0.000517469351325
282 0.00340700002257
283 0.00382677598371
284 0.00013664880232
285 0.000791015625
286 0.00193718146109
287 0.000652501288093
288 0.0969565795507
289 0.000812422626109
290 0.00138432092609
291 0.0013958509286
292 0.000683484217273
293 0.0015244202473
294 0.000464915613558
295 0.0014900265118
296 0.000332025771575
297 0.0016894629153
298 0.00192329150962
299 0.0016201890748
300 0.00318886580486
301 0.010768997004
302 0.00578280990389
303 0.000198723049157
304 0.000547076472922
305 0.00139561256825
306 0.000414225868966
307 0.0015769787173
308 0.00381737350041
309 0.000904516931426
310 0.000497357638339
311 0.000484309908748
312 0.000835071846598
313 0.0049170401609
314 0.000129317573254
315 0.000480500740241
316 0.00114048766408
317 0.000197061105812
318 0.000249412611115
319 0.000688488639937
320 0.00223631886252
321 0.0016729329071
322 0.000484309908748
323 0.0137488054688
324 0.00998788088643
325 0.4635068036
326 0.00886081292615
327 0.00593120906126
328 0.000253626523488
329 0.000659045487815
330 0.000398086889948
331 0.000450734240634
332 0.000754049086501
333 0.00307629869168
334 0.000862231849887
335 0.000484309908748
336 7.90904404068e-05
337 7.71899054702e-05
338 0.00702160434619
339 0.00326027879084
340 0.00791039836112
341 0.000399188394487
342 0.000650770957103
343 0.00186532496498
344 0.00220921600695
345 0.00709299029187
346 0.0201126282137
347 0.0005387852446
348 0.000208526111379
349 0.000705872741384
350 0.000836691482822
351 0.000630568198136
352 0.000256245576591
353 0.00286588180979
354 0.00299454907382
355 0.322895700456
356 0.000398086889948
357 0.000272641781714
358 0.00177282979653
359 0.000564083790643
360 0.00738064028531
361 0.000450734240634
362 0.00252526029961
363 0.000899900599215
364 0.000230440465346
365 0.000825472974996
366 0.0010705876941
367 0.000659045487815
368 0.000317151708127
369 0.00404131609882
370 0.00479124983327
371 0.00626916527983
372 0.0117344947339
373 0.000320248574381
374 0.000340953963045
375 0.00474671895226
376 0.000792456552629
377 0.00165647354047
378 0.000512637949448
379 0.00298771948037
380 0.00109364556413
381 0.00219346173804
382 0.000515591061218
383 0.00114048766408
384 0.00027034386607
385 0.00173588645993
386 0.00205466381301
387 0.000347036364969
388 0.00238316748326
389 0.00159739095029
390 0.000415813970817
391 0.000706683789648
392 0.000714282171219
393 0.000743939613877
394 0.00129455354535
395 0.00191415592358
396 0.00209963476991
397 0.00435951669853
398 0.0128107713674
399 0.123198815218
400 0.00267505291482
401 0.0013069274463
402 0.000225281513892
403 0.00525943429643
404 0.00236473475696
405 0.00223272197729
406 0.0147514282701
407 0.0445384747382
408 0.000630721542044
409 0.000578097760751
410 0.000332975908736
411 0.000211186098675
412 0.00107709768274
413 0.00382677598371
414 0.00106332703214
415 0.000565846136337
416 0.00049815341056
417 0.000258241485707
418 0.000390570076083
419 0.000213897309239
420 0.00203206438151
421 0.00376203047608
422 0.0822750783456
423 0.000355162470588
424 0.000467494521549
425 0.00103810071713
426 0.000256155134238
427 0.000323563829088
428 0.00130706037416
429 0.00153457881621
430 0.0208830067371
431 0.00676239085459
432 0.00131087563306
