1 0.000504564659725
2 0.00720989182402
3 0.000448063307194
4 0.000451625223548
5 0.00104512826794
6 0.000224438552932
7 0.00122636224621
8 0.000248000496001
9 0.000947539219894
10 0.00539942847682
11 0.195970800435
12 0.00927106985965
13 0.00124204900448
14 0.0098574746467
15 0.00124033669362
16 0.00435294294625
17 0.00534606292385
18 0.000823478992397
19 0.00122150748574
20 0.000242244394313
21 0.00031887755102
22 0.00138310224711
23 0.00686845780868
24 0.00310598840089
25 0.00727353131969
26 0.000503627731274
27 0.0109116150926
28 0.000645708622138
29 0.0137393556781
30 0.000342975924295
31 0.000470669782927
32 0.00054794568587
33 0.000200131179734
34 0.000862231849887
35 0.000287264133166
36 0.000358074566569
37 0.00589156576607
38 0.0274659143423
39 0.00620762354529
40 0.0288671893721
41 0.000610472203972
42 0.00130031607348
43 0.00826996075096
44 0.000700046580843
45 0.00367351460294
46 0.000661885768216
47 0.00192419625111
48 0.00855766443154
49 0.00056469616477
50 0.00149456656948
51 0.00556146597045
52 0.00812181819911
53 0.00146112658449
54 0.0353365697842
55 0.0673139883563
56 0.0545421097192
57 0.000123251417769
58 0.000862231849887
59 0.000265017043303
60 0.000155158663317
61 0.000339907414659
62 0.00028295097241
63 0.000469319284292
64 0.00207560286326
65 0.000235990266277
66 0.00303002192613
67 0.00121897294887
68 0.00198151496982
69 0.000946504859007
70 0.000192984089701
71 0.00144991005935
72 0.000845597542547
73 0.542696866481
74 0.000224438552932
75 0.00129105356851
76 0.00133209891452
77 0.00092035029018
78 0.00037039210004
79 0.00457911696535
80 0.00485246390821
81 0.000224438552932
82 0.00517479627345
83 0.000890277578527
84 0.00198791026005
85 0.000198360463259
86 0.000479851800019
87 0.000773195056218
88 0.000307007578662
89 0.000661224489796
90 0.00610193960909
91 0.000359649272591
92 0.00416770685684
93 0.00472561317082
94 0.00350816469127
95 0.0240858178829
96 0.0088702455924
97 0.00101856043459
98 0.000986815054412
99 0.0032191539661
100 0.00220210094512
101 0.000282638219961
102 0.00242740166682
103 0.000358037952023
104 0.00225549626754
105 0.0130441345815
106 0.00273081221156
107 0.000357925493061
108 0.0018118101235
109 0.00538309310019
110 0.00028295097241
111 0.0021190155564
112 0.00131547155628
113 0.000136794227284
114 0.000632986856317
115 0.000602205577929
116 0.000177186663381
117 0.00864265585692
118 0.00300674863797
119 0.000211955446303
120 0.0019841695006
121 0.00201636170192
122 0.00183465255819
123 0.00639568257565
124 0.000335439895879
125 0.000959354687133
126 0.00196224798361
127 0.00419604578564
128 0.00165906006731
129 0.00211809142562
130 0.00268116169709
131 0.00140769286801
132 0.00269543593795
133 0.00118727506725
134 0.000728498737343
135 0.000468265504067
136 0.000491203913284
137 0.000535836762689
138 0.000592363245469
139 0.000221113583284
140 0.00054794568587
141 0.00100775151798
142 0.000529932270416
143 0.000713533644852
144 0.00484204599129
145 0.10230405333
146 0.00905544859174
147 0.0285713823997
148 0.000686016528926
149 0.000575280898876
150 0.00140835179926
151 0.000357616136556
152 0.00291090368988
153 0.000501109711756
154 0.000488519022587
155 0.000159221407318
156 0.000945129266117
157 0.00544169034741
158 0.00194610215698
159 0.000487738640762
160 0.00228528492265
161 0.000584533379257
162 0.0004362772897
163 0.000491203913284
164 0.00113544490696
165 0.0001709827048
166 0.00115792307121
167 0.000342428039432
168 0.00228635269421
169 0.000246024234433
170 0.000415813970817
171 0.00018371679489
172 0.000951619405106
173 0.000461290017832
174 0.00046202808186
175 0.00349514556661
176 0.00248880158883
177 0.00423995535852
178 0.00756180132559
179 0.000586940441179
180 0.00279830612663
181 0.000188944391304
182 0.000211955446303
183 0.000517449177369
184 0.000518918557774
185 0.00031887755102
186 0.000180759748758
187 0.00049179361332
188 0.00677406519241
189 0.0247088712409
190 0.00606922396182
191 0.00275905876087
192 0.000407792024762
193 0.000458247996334
194 0.000609297494552
195 0.00104619989683
196 0.000159221407318
197 0.000443658793857
198 0.00102218197994
199 0.000941307111557
200 0.000221113583284
201 0.00111006307765
202 0.000360310669191
203 0.00145862238543
204 0.00346408579333
205 0.00686369561675
206 0.0478245438534
207 0.0017720917325
208 0.0379985567059
209 0.0193206774163
210 0.00124676084989
211 0.00133036464925
212 0.000357120714241
213 0.00275459699389
214 0.00109886755594
215 0.0199140479119
216 0.00100183833421
217 0.00454110038455
218 0.0106150494938
219 0.00960704931683
220 0.00157701331816
221 0.00159739095029
222 0.0007196146064
223 0.00143581539449
224 0.000224206893065
225 0.00260059364137
226 0.00307573086154
227 0.000187446989991
228 0.00106332703214
229 0.000260481678552
230 0.0010073347473
231 0.0458217390068
232 0.00327278249349
233 0.000574993321458
234 0.0061719018211
235 0.000922506096341
236 0.00787456686024
237 0.00136143217448
238 0.000288725733075
239 0.00797885939491
240 0.00427589336977
241 0.00214013116532
242 0.000905214861157
243 0.00195113051747
244 0.182296409747
245 0.0151722480336
246 0.00120715250277
247 0.000229779411765
248 0.000910592594831
249 0.000377331379662
250 0.00149073508147
251 0.000273205382146
252 0.000488601513023
253 0.000864918059294
254 0.000479851800019
255 0.00224413639922
256 0.000450377973215
257 0.00110905635221
258 0.000439136089328
259 0.0064070223897
260 0.00294414371606
261 0.000535836762689
262 0.00190546967895
263 0.125558436758
264 0.000912043849979
265 0.00215326226505
266 0.000592930277891
267 0.00116541364675
268 0.00100123258084
269 0.000432584627396
270 0.000726596282453
271 0.000474237880756
272 0.000278108455515
273 0.000411106046285
274 0.000194247835958
275 0.00085988279665
276 0.00128862590401
277 0.00145158849491
278 0.000461301710595
279 0.000415813970817
280 0.00117209415347
281 0.000192535231948
282 0.00067255212548
283 0.0006129902655
284 0.00210138888889
285 0.000252618953918
286 0.0019085714133
287 0.00351962864073
288 0.0033582247031
289 0.000447347551112
290 0.0118497049102
291 0.00050612576436
292 0.00196994460197
293 0.00111111111111
294 0.00122201623521
295 0.00159030717061
296 0.168875460659
297 0.000926488242356
298 0.0108558685182
299 0.000293609047105
300 0.00404867793171
301 0.00161066222407
302 0.000434027777778
303 0.00127100254201
304 0.00141634871083
305 0.00109483131488
306 0.000223373278005
307 0.00119581143568
308 0.0124736283057
309 0.00126533438523
310 0.00277667108289
311 0.0113830285619
312 0.000453465053444
313 0.00103645097449
314 0.000242244394313
315 0.00033593192353
316 0.000696588436632
317 0.00101856043459
318 0.00122201623521
319 0.00275459699389
320 0.00160353954661
321 0.0020902834196
322 0.0981705100433
323 0.0158764972537
324 0.0010073347473
325 0.00101137484548
326 0.000587088713036
327 0.000354391965452
328 0.00111111111111
329 0.000427155351937
330 0.000262788078865
331 0.000979962192817
332 0.00142735873121
333 0.000710058782567
334 0.000260481678552
335 0.00180824596818
336 0.000591416978304
337 0.00449424959895
338 0.0808386758545
339 0.000279212333794
340 0.00166736111111
341 0.000650234409135
342 0.000915189605254
343 0.000534749183385
344 0.00216538646422
345 0.00346249768336
346 0.00111739355401
347 0.00298707521143
348 0.00145534966003
349 0.00399564634374
350 0.000271556072703
351 0.000488077507622
352 0.000451625223548
353 0.00234927262246
354 0.000516520601195
355 0.00101856043459
356 0.000773195056218
357 0.000270032839019
358 0.000580635796197
359 0.00309716446125
360 0.00111196844993
361 0.000691509427418
362 0.00136784125415
363 0.00327822445095
364 0.00203154081133
365 0.00566689929658
366 0.00452445521349
367 0.000187974203478
368 0.0265034053697
369 0.0112107164533
370 0.00396107389114
371 0.000242244394313
372 0.000534749183385
373 0.000538289103506
374 0.000377331379662
375 0.00189313723767
376 0.0163536286157
377 0.000769228942951
378 0.000517835766149
379 0.000971496036431
380 0.00224413639922
381 0.0035060215085
382 0.000203894229868
383 0.000181931480618
384 0.000910592594831
385 0.00608110672137
386 0.0215158918618
387 0.0477986867191
388 0.00107302444691
389 0.0152513922279
390 0.000426883409603
391 0.00862601440551
392 0.0116083597026
393 0.00148161495413
394 0.00174203134931
395 0.000492950414709
396 0.0133171934359
397 0.000852200993182
398 0.00305329161773
399 0.000769228942951
400 0.0016955017301
401 0.0927076931104
402 0.00308219033289
403 0.0237394048326
404 0.00176299243184
405 0.00018870847771
406 0.00130412684671
407 0.00339128714085
408 0.000535836762689
409 0.000505340382267
410 0.000591416978304
411 0.000749573365921
412 0.00389422152369
413 0.00130905785207
414 0.00179981634527
415 0.000210039907582
416 0.000216262975779
417 0.000507413182842
418 0.0125195533121
419 0.625653005212
420 0.000344531780772
421 0.0180588450066
422 0.000135874634135
423 0.00345335242597
424 0.000260145681582
425 0.000699067609567
426 0.0010131640974
427 0.000210244292987
428 0.00108868969866
429 0.00130905785207
430 0.00108148281609
431 0.00952476274905
432 0.0234734407192
