1 0.00188190148015
2 0.00241308659378
3 0.00508486659393
4 0.000601864371132
5 0.00508363039783
6 0.000220744673998
7 0.000508193566662
8 0.0016955017301
9 0.00050453312926
10 0.000244140625
11 0.00106711111111
12 0.00369461410197
13 0.00126995041322
14 0.00240541106082
15 0.109167124931
16 0.00188139412593
17 0.0191118216289
18 0.00032575247165
19 0.00232625925388
20 0.00324924068004
21 0.000664579841556
22 0.000237172593952
23 0.000911654278452
24 0.0012722835363
25 0.00116434928345
26 0.00630239183015
27 0.000328917660775
28 0.0016762550305
29 0.00179050295161
30 0.00554492630385
31 0.000278222222222
32 0.00117431297768
33 0.00124070694986
34 0.000323011883935
35 0.000113777777778
36 0.000611305236816
37 0.00100959032912
38 0.000822483385773
39 0.000900694444444
40 0.0144642973568
41 0.0031074498326
42 0.0323261019071
43 0.0046627626128
44 0.0130581231597
45 0.00357691370594
46 0.00186215354072
47 0.01295342819
48 0.000980310098092
49 0.00285477335858
50 0.000361662744468
51 0.00496954687839
52 0.000681780315169
53 0.0213720117274
54 0.00141889438067
55 0.00101495810165
56 0.000248000496001
57 0.00132231404959
58 0.00101495810165
59 0.00132327625734
60 0.00181651904529
61 0.000173415299158
62 0.00292678256135
63 0.000401925131492
64 0.00161291238323
65 0.00187039072548
66 0.0208189275917
67 0.00400833290202
68 0.0672060573213
69 0.000427853603315
70 0.000534497545791
71 0.00133532719941
72 0.000318175941728
73 0.000599554315304
74 0.00239777690489
75 0.000489466677109
76 0.00377431155087
77 0.00459714040637
78 0.00151474908853
79 0.00154275081352
80 0.000404575021446
81 0.00267523892951
82 0.00391603396611
83 0.00146480442428
84 0.000490249823792
85 0.00179050295161
86 0.00199153287481
87 0.000405169574812
88 0.000424074973741
89 0.0088664744415
90 0.000492950414709
91 0.000240370170062
92 0.000297893738661
93 0.000317063173189
94 0.000922929017786
95 0.00112804237904
96 0.00315474612851
97 0.000529823849922
98 4.74169749258e-05
99 0.00353397857254
100 0.000328917660775
101 0.000813741175052
102 0.00225284806799
103 0.000832742644642
104 0.00132909564759
105 0.00188384624539
106 0.00515768627752
107 0.00103120580839
108 0.00112775673869
109 0.00328437369151
110 0.00292834712137
111 0.00112819618314
112 0.00810535802863
113 0.000202839151536
114 0.00116439433077
115 0.0046331473766
116 0.000692520775623
117 0.00124070694986
118 0.000489466677109
119 0.00121687398594
120 0.00141238137851
121 0.000462766145889
122 0.0189457129803
123 0.00647958013931
124 0.0846011868857
125 0.00400512695313
126 0.00101631416729
127 0.0226050077702
128 0.00129811851211
129 0.000160484563078
130 0.00169835490878
131 0.000881657364488
132 0.000229134239547
133 0.00120256299682
134 0.00212286626688
135 0.00173855578538
136 0.00101036933401
137 0.00244975002551
138 0.00274394564722
139 0.00588596103066
140 0.00274811331322
141 0.000441353011793
142 0.00354358311949
143 0.00050453312926
144 0.001937541096
145 0.00156687177971
146 0.000240370170062
147 0.0815687026892
148 0.019409687511
149 0.000548512716538
150 0.000818885596383
151 0.000911111111111
152 0.00101963551168
153 0.000915189605254
154 0.00103695694354
155 0.00146692208875
156 0.00292678256135
157 0.000917520905878
158 0.0066602649187
159 0.0171451335204
160 0.00184461805556
161 0.000865051903114
162 0.000372012428374
163 0.00112795138889
164 0.000868620488983
165 0.00159026403547
166 0.000880040385508
167 0.00107422222222
168 0.00508409169808
169 0.00278548324273
170 0.000361662744468
171 0.000301001596748
172 0.000576
173 0.0018345946012
174 0.00170462590814
175 0.00504087760558
176 0.00287310365339
177 0.06321959506
178 0.00882846237053
179 0.00176144093639
180 0.000437667407783
181 0.000242511243905
182 0.00673029432189
183 0.00862196783628
184 0.000328577955651
185 0.170508235108
186 0.0245811479174
187 0.00862209939707
188 0.00517760124156
189 0.000245094299316
190 0.00565536836766
191 0.00125122070313
192 0.000246034612536
193 0.000596046447754
194 0.00377940931859
195 0.000489466677109
196 0.0021288405134
197 0.000346004287132
198 0.000814027829801
199 0.000181179726764
200 0.000853087314321
201 0.00337277547502
202 0.00963991149122
203 0.000506603525207
204 0.000905683238045
205 0.00295221343724
206 0.00380282060103
207 0.00188033518678
208 0.000277180890616
209 0.00287950140929
210 0.0372364772173
211 0.00193913066923
212 0.00606694353663
213 0.0013364487483
214 0.000926052294802
215 0.00230420714458
216 0.00116714431972
217 0.00633699792244
218 0.00524092801904
219 0.000165957457843
220 0.000329618923607
221 0.000213015897878
222 0.000868201552441
223 0.000230003818423
224 0.00181651904529
225 0.0016955017301
226 0.00206682047372
227 0.0348006799442
228 0.00347028099174
229 0.000888891753971
230 0.000201998590211
231 0.00085988279665
232 0.00741233355119
233 0.0128692788833
234 0.00168408653572
235 0.000699174790463
236 0.000925537324772
237 0.000929955708058
238 0.00185725369343
239 0.000914149821641
240 0.00164268786416
241 0.0178859585344
242 0.00346020761246
243 0.00320855196178
244 0.000457049179329
245 0.00101574124834
246 0.000717474489796
247 0.0018345946012
248 0.000606438712877
249 0.000209196882514
250 0.000413786437206
251 0.000182134560217
252 0.000571127032655
253 0.0016955017301
254 0.039627068285
255 0.000771844701572
256 0.020636496454
257 0.000292405321496
258 0.000664067443837
259 0.0011638426812
260 0.0004581359073
261 0.000649113554302
262 0.000608502060272
263 0.00317310646534
264 0.000872418290871
265 0.00022691456808
266 0.000697830911081
267 0.000224940193943
268 0.00498946100572
269 0.00836276143293
270 0.00106102168625
271 0.000570946120801
272 0.000116319668037
273 0.000657735778142
274 0.00292678256135
275 0.000173701109244
276 0.000209196882514
277 0.000685487603306
278 0.0037815265606
279 0.000814027829801
280 0.000222766763199
281 0.0017720917325
282 0.00022155899334
283 0.0470627916568
284 0.0056705311214
285 0.00137080222951
286 9.16826305466e-05
287 0.00466423466857
288 0.00178178620866
289 0.000649113554302
290 0.0032871390871
291 0.00391477460845
292 0.0596971513732
293 0.00375918656081
294 0.00506806065939
295 0.109170251207
296 0.00458439929059
297 0.00436234291871
298 0.00123596191406
299 0.000868201552441
300 0.0247212619432
301 0.00133970785196
302 0.00563543115214
303 0.000508193566662
304 0.000814027829801
305 0.000576
306 0.000922929017786
307 0.00390720367432
308 0.000509096951609
309 0.000346557893991
310 0.00132921006944
311 0.00340652877169
312 0.0124785276354
313 0.000188888888889
314 0.00125550251101
315 0.00365841003778
316 0.113604416943
317 0.00443418569651
318 0.00024583986864
319 0.00154431963773
320 0.0012179530962
321 0.00122107734718
322 0.00626955513804
323 0.000601890939477
324 0.00103921398892
325 0.00550273921002
326 0.0162502029652
327 0.00112377213157
328 0.000325179990422
329 0.0322657429014
330 0.000227409811134
331 0.0100331399939
332 0.000963139120095
333 0.00124070694986
334 0.00102036879719
335 0.00150818387537
336 0.00288759595652
337 0.00015058106576
338 0.0088233036636
339 0.000758671598813
340 0.00745261313108
341 0.00286240186834
342 0.00146954613756
343 0.00318982517108
344 0.000316009014019
345 0.00156653429911
346 0.0031972323306
347 0.00016948692468
348 0.00174500283081
349 0.00100077838319
350 0.00103921398892
351 0.0140967726073
352 0.000424074973741
353 0.000521421087114
354 0.0328027234226
355 0.000297893738661
356 0.000328437167072
357 0.000529932270416
358 0.00193740876837
359 0.00060546996094
360 0.000297893738661
361 0.00115999208771
362 0.000372793358823
363 0.0104189221835
364 0.0091928893086
365 0.00257245184737
366 0.00116120001273
367 0.000377888782608
368 0.000323591710001
369 0.0016955017301
370 0.00135321811785
371 0.000562431212237
372 0.00114909508762
373 0.000448020670402
374 0.00368119315989
375 0.0170344140422
376 0.0011430328714
377 0.000197016896292
378 0.0105687652034
379 0.000207169754121
380 0.00684165154637
381 0.000182215140636
382 0.0372525780233
383 0.0023036407333
384 0.000508193566662
385 0.000492950414709
386 0.00115126216887
387 0.00182044444444
388 0.00143601108033
389 0.00186879719587
390 0.000214938797555
391 0.00116838894168
392 0.0217517441131
393 0.00073155821335
394 0.00506462792718
395 0.00135072782654
396 0.00214873065576
397 0.00162912641912
398 0.00041717395019
399 0.000354861996882
400 0.000550573291956
401 0.00258204266866
402 0.000174412974763
403 0.175047679235
404 0.0454860222254
405 0.000649113554302
406 0.000483697641738
407 0.104225466309
408 0.000441353011793
409 0.00226757369615
410 0.00257272993122
411 0.00162912641912
412 0.000868201552441
413 0.000346004287132
414 0.00020783732726
415 0.00104619989683
416 0.00447339166835
417 0.000223879204731
418 0.0362019323795
419 0.10716495479
420 0.000521073204143
421 0.000517969396012
422 0.00144455116482
423 0.276360099355
424 0.00577103784598
425 0.0122725812307
426 0.000536364885107
427 0.000963877582111
428 0.00818090823089
429 0.00533060469105
430 0.000954475331653
431 0.00278757758057
432 0.0544839286007
