1 0.000817623831211
2 0.00986906851524
3 0.000540691809124
4 0.000149685583118
5 0.000873595573782
6 0.000870733673744
7 0.00165582045942
8 0.000243189737393
9 0.000521354017835
10 0.00184102612862
11 0.00241921097929
12 0.0145694019657
13 0.00374843815077
14 0.00251569854856
15 0.00373864733824
16 0.00240312994849
17 0.000906283768692
18 0.000717474489796
19 0.00237229786238
20 0.00222102101675
21 0.00010766417525
22 0.00204447522315
23 0.00872079819528
24 0.00282626571451
25 0.000482277318641
26 0.00251407641952
27 0.000282608112278
28 0.00442325166293
29 0.00200001928938
30 0.00504847645429
31 0.00103107196533
32 0.00312427299251
33 0.00162644583312
34 0.00059488399762
35 0.000168116231359
36 0.000993740051098
37 0.000527985780709
38 0.0411458890155
39 0.0531553532836
40 0.000919808833027
41 0.000214681533363
42 0.007688761455
43 0.0052774468511
44 0.000928335638068
45 0.000450346428631
46 0.00016705810674
47 0.0350648757696
48 0.0003908274958
49 0.000598934949472
50 0.00031887755102
51 0.00145706618247
52 0.00211982285677
53 0.00158429506246
54 0.00083968
55 0.055164201203
56 0.00852914161738
57 0.00451498446692
58 0.00632093669226
59 0.00289219725634
60 0.000268765142742
61 0.000209295167744
62 0.0016265568208
63 0.00165582045942
64 0.000537826869658
65 0.000364031426912
66 0.00436504874005
67 0.000594784904232
68 0.00196994460197
69 0.00157965293381
70 0.00148064414225
71 0.00089402986722
72 0.0019570480826
73 0.0380752967208
74 0.000618177113913
75 0.165616017538
76 0.038949596865
77 0.000515718202455
78 0.337788618962
79 0.000595690893421
80 0.0201452422834
81 0.00167450500716
82 0.000678168402778
83 0.0101125316001
84 0.077528902035
85 0.000348002575693
86 0.000632788086879
87 0.00215310060836
88 0.000703924063573
89 0.00104808239739
90 0.00106525596967
91 0.000598381593208
92 0.000191088147772
93 0.000409112807784
94 0.000404514014537
95 0.000472287203669
96 0.00526510563284
97 0.00176867333401
98 0.00114727048692
99 0.00606920232468
100 0.000943517105616
101 0.000625977708102
102 0.011426406477
103 0.000825472974996
104 0.000955726497428
105 0.000848006654706
106 0.000593619555822
107 0.000359698610427
108 0.000875530934211
109 0.000978465199286
110 0.0151489859431
111 0.0363427266652
112 0.00114750471779
113 0.00372544681932
114 0.0583066013217
115 0.00269603355976
116 0.00117327433164
117 0.00341496318532
118 0.00140625
119 0.000214681533363
120 0.00155433183988
121 0.000209659916873
122 0.000229568411387
123 0.00519309807256
124 0.0564081278091
125 0.00200093155731
126 0.00231998417542
127 0.0161219399163
128 0.0271123800727
129 0.000894634307998
130 0.00403124864666
131 0.00152992753545
132 0.00149766603725
133 0.000262851990357
134 0.000420296698336
135 0.000457352434322
136 0.000204149071717
137 0.000369277089955
138 9.07257687372e-05
139 0.00345893646827
140 0.00105566343886
141 0.00139696902522
142 0.00145730534926
143 0.000872835828127
144 0.000246242760961
145 0.000363464399768
146 0.00117327433164
147 0.000881483472185
148 0.00264678818457
149 0.000274505076308
150 0.000597212308498
151 0.000403867826015
152 0.00159739095029
153 0.0108168904157
154 0.00976283711151
155 0.08066949771
156 0.00096209535372
157 0.00395056890167
158 0.000837460324025
159 0.00036868719045
160 0.000437088865417
161 7.75502544797e-05
162 0.00196523737408
163 0.00102288320444
164 0.00459460434974
165 0.00423031264459
166 0.0027732785832
167 0.00142503950681
168 0.00122713617096
169 0.000272194447279
170 0.000995482690046
171 0.000401926934185
172 0.000482609085097
173 0.000461235241025
174 0.000511865031429
175 0.000532872249633
176 0.00186790956892
177 0.00700431894248
178 0.339408745689
179 0.00696288830869
180 0.0341446124764
181 7.5143923617e-05
182 0.000272413355951
183 0.18278461643
184 0.000912320629765
185 0.00247298235454
186 0.0161100940295
187 0.000542905920291
188 0.00124080407168
189 0.00108682526265
190 0.000231757892669
191 0.00466957293314
192 0.0133451779111
193 0.000534749183385
194 0.000214288883178
195 0.00554859540305
196 0.00188380111883
197 0.00573921028466
198 0.00145996860283
199 0.000761823431685
200 0.000390730325834
201 0.00369003504237
202 0.00031887755102
203 0.00121923570103
204 0.000421294161739
205 0.000208903022484
206 0.000173892042024
207 0.000732404240914
208 0.00956122196423
209 0.000353858844858
210 0.000608924303394
211 0.00578077383256
212 0.00111945802203
213 0.000196983687288
214 0.000640699769163
215 0.000974657941701
216 0.00736482068306
217 0.00141685003404
218 0.414461785422
219 0.00444455465185
220 0.0074623347676
221 0.000319055570585
222 0.00055940976452
223 0.000717623062988
224 0.000618555071163
225 0.000262733750694
226 0.000882930305708
227 0.00107694059127
228 0.000560469754362
229 0.00107694059127
230 0.00103027761096
231 7.78833022155e-05
232 0.000231757892669
233 0.000560452978035
234 0.00384306779911
235 0.00100269524972
236 0.0010691970998
237 0.00651813325032
238 0.00913058238726
239 0.000346456060816
240 0.000480000981472
241 0.0241950943649
242 0.000395652526612
243 0.000556822884062
244 0.0020691926378
245 0.000396952177817
246 0.00622908054937
247 0.00262673464643
248 0.0106743536244
249 0.000365533335538
250 0.000520464369877
251 0.000249307479224
252 0.000281413913833
253 0.000524124837312
254 0.000513722979199
255 0.000221154408803
256 0.000244618161561
257 0.00316839280645
258 0.000154231383365
259 0.00326874628431
260 0.0240379240904
261 0.000904822766014
262 0.000187331557098
263 0.00330520826007
264 0.00188380111883
265 0.00153728
266 0.00114628644449
267 0.000617566964021
268 0.00124003291877
269 0.000552188644002
270 0.000353858844858
271 0.000473412760633
272 0.00253840537452
273 0.000532872249633
274 0.000319055570585
275 0.000743915020009
276 0.0164276663107
277 0.000521354017835
278 0.00165582045942
279 0.00128058685659
280 0.00391389058497
281 0.000749573365921
282 0.000509096951609
283 0.000510017144736
284 0.00259854519253
285 0.00895055623232
286 0.000944964570716
287 0.00563442599688
288 0.00585742856446
289 0.000409767388276
290 0.00115344517808
291 0.00816027431578
292 0.00061312829354
293 0.00163079484261
294 0.00116982694169
295 0.00132921006944
296 0.00154688
297 0.000975619343363
298 0.000774619020062
299 0.0527379512181
300 0.00582577642943
301 0.0240509839137
302 0.00207380356822
303 0.0011404522971
304 0.000363642499277
305 0.000352796206284
306 0.000877914951989
307 0.000452489028742
308 0.00165179231173
309 0.000403867826015
310 0.000837460324025
311 0.0196513834803
312 0.0132799985682
313 0.000571562282391
314 0.140848694496
315 0.00279314092501
316 0.000206720424702
317 0.00110723343216
318 0.0367494419552
319 0.00248640098295
320 0.00114182618595
321 0.000717474489796
322 0.000374460795218
323 0.0013029236622
324 0.000281490550851
325 0.000725745020809
326 0.00408920379345
327 0.000390846442744
328 0.00495933346558
329 0.00439534396094
330 0.732677417877
331 0.00109483131488
332 0.000220293885812
333 0.00113367116734
334 0.000218668106232
335 0.000117925950039
336 0.000290317898098
337 0.0008588096061
338 0.000208526111379
339 0.000476726225663
340 0.00189317518735
341 0.00542369942903
342 0.0172917307911
343 0.00271087423067
344 0.00138937460843
345 0.000814343092266
346 0.00110359092215
347 0.0177896799771
348 0.00146061946077
349 0.000690002229682
350 0.00053321382474
351 0.00300173143207
352 0.000778944264123
353 0.157743508821
354 0.0325662084977
355 0.035001314573
356 0.00045230064863
357 0.000511350723467
358 0.00564589134693
359 0.000513722979199
360 0.000314699038204
361 0.00253798480331
362 0.000646804423935
363 0.000995482690046
364 0.000905067272988
365 0.000257600353326
366 0.00076936488937
367 0.0425717114835
368 0.00260507630642
369 0.00917465130795
370 0.0105326288291
371 0.000118376436699
372 0.000561780219094
373 0.00633684991044
374 0.00905720139379
375 0.000579115505155
376 0.00108483747109
377 0.000955726497428
378 0.000916745801135
379 0.000167572606068
380 0.000466373431972
381 0.514982065904
382 0.00327426879521
383 0.000765099657622
384 0.00569974946653
385 0.000286733529858
386 0.00269603355976
387 0.000474637864169
388 0.000401926934185
389 0.000357075726906
390 0.000547524437869
391 0.000245097100578
392 0.000243664485425
393 0.00106332703214
394 0.00105566343886
395 0.0805956349262
396 0.00057925068263
397 0.501975900997
398 0.00160054722102
399 0.00374843815077
400 0.00406325697526
401 0.000210478900923
402 0.00439238050652
403 0.00315297769299
404 0.00138615860073
405 0.00244045211184
406 0.00818792454736
407 0.018757660282
408 0.00161314162859
409 0.00145869106841
410 0.00161646513691
411 0.000479234206741
412 0.000504179639947
413 0.00299363859588
414 0.000264931092044
415 0.00100249928642
416 0.000431370675273
417 0.000208903022484
418 0.000461872883964
419 0.000274505076308
420 0.00155149864042
421 0.00074212500658
422 0.029389690504
423 0.00161836497909
424 0.00299730491358
425 0.000371306958329
426 0.0281806990906
427 0.00129811851211
428 0.00111881952904
429 0.00354313340091
430 0.00100151037339
431 0.00166390284259
432 0.00337998061856
