1 0.000813741175052
2 0.00015600614518
3 0.00210328891887
4 0.000471768967566
5 0.000619633572825
6 0.00196447020623
7 0.000340525631327
8 0.00044962702539
9 0.00129952814876
10 0.000670049754021
11 0.00023936160851
12 0.00184116569031
13 0.000560732574199
14 0.222111946107
15 0.144348199238
16 0.000968140266791
17 0.000949013465614
18 0.000226981745702
19 0.000275624832034
20 0.000500830450491
21 0.000712059356804
22 0.000543839423086
23 0.00046073530905
24 0.0172894229363
25 0.729933991679
26 0.0150410135707
27 0.000813741175052
28 0.00217174097464
29 0.00136331360947
30 0.00137492296269
31 0.000619633572825
32 0.00184496193865
33 0.000276962898172
34 0.00106188376521
35 0.000422100039995
36 0.358925225015
37 0.000164955843764
38 0.129736647125
39 0.00220051074235
40 0.000281409438776
41 0.000450377973215
42 0.000872162862955
43 0.000550883701938
44 0.000242079031684
45 0.000217613230884
46 0.000586115308237
47 0.00086289715224
48 0.000616109188774
49 0.000246059207997
50 0.0125646730885
51 0.00532091220495
52 0.00053385768123
53 0.00103872038625
54 0.0011070072878
55 0.000848672592647
56 0.00134175958352
57 0.000209796594649
58 0.0006712083004
59 0.00411304382169
60 0.0015057965645
61 0.000583757488401
62 0.00045115636791
63 0.0003951429343
64 0.0321244813024
65 0.0289204799917
66 0.000668419710527
67 0.000679108208494
68 0.000106555671176
69 0.000121959346513
70 0.00267756238618
71 0.000891398450467
72 0.000243547431698
73 0.000366771109651
74 0.00375411115511
75 0.000286127547666
76 0.000398723065459
77 0.00320065342413
78 0.00161578937805
79 0.00149675686096
80 0.00575568559897
81 0.0347194268273
82 0.00328149101029
83 0.000274337838475
84 0.00220236073199
85 0.000935517844498
86 0.00144779797563
87 0.000284374856244
88 0.000300640749205
89 0.00278839765165
90 0.000500926112196
91 0.0225932641488
92 0.00164191657055
93 0.00520600541402
94 0.0071690129151
95 0.00046073530905
96 0.00114998173506
97 0.000380280421825
98 0.00948559518532
99 0.00297444473941
100 0.000986146937812
101 0.00283234687412
102 0.0164247666251
103 0.0015844409352
104 0.00451844296829
105 0.0131822678051
106 0.000603045636717
107 0.000209796594649
108 0.000223167401806
109 0.0109944386841
110 0.000458092328226
111 0.00184496193865
112 0.000322156476003
113 0.000540270551509
114 0.000742669296515
115 0.0175931707442
116 0.00263254814075
117 0.00381559766764
118 0.00106414750053
119 0.000595237524234
120 0.00080014089305
121 0.000689317243728
122 0.00133088058202
123 0.0200674316929
124 0.000241304552738
125 0.000498791350239
126 0.00299138048408
127 0.000549584725409
128 0.00106332703214
129 0.00761811847209
130 0.000939071979295
131 0.000583757488401
132 0.000678561031748
133 0.00122397980433
134 0.00186052494545
135 0.000846965269849
136 0.0019830720962
137 0.000243455129519
138 0.000165167873431
139 0.00474193216972
140 0.00161660300763
141 0.00353466578998
142 0.0160823414531
143 0.000474729011942
144 0.0699704529633
145 0.000342853718212
146 0.000901207032811
147 0.000412442975634
148 0.000284374856244
149 0.000556247775009
150 0.00521773946078
151 0.0101556396851
152 0.00120136281157
153 0.000206029233427
154 0.000290014344863
155 0.000509052049045
156 0.000255264160533
157 0.000227839088644
158 0.00032582204903
159 0.00491461110761
160 0.00336063852132
161 0.000332995897491
162 0.000636403718227
163 0.00108148281609
164 0.00100603543636
165 0.00991474094364
166 0.000401838300519
167 0.00631970656401
168 0.0018549078071
169 0.00974069175477
170 0.00121792278915
171 0.00108731290157
172 0.000129839481008
173 0.00124812083659
174 0.000463619908698
175 0.00101988823143
176 0.000156371309455
177 0.00124957142524
178 0.00121284126631
179 0.00227559340234
180 0.00584254560028
181 0.039824876711
182 0.054897036204
183 0.000421748526942
184 0.00136583109513
185 0.000218668106232
186 0.00046208363492
187 0.000566893424036
188 0.000826895412649
189 0.00515450361604
190 0.000281518850502
191 0.00179004683598
192 0.0011070072878
193 0.000668419710527
194 0.00377693244696
195 0.00259845765411
196 0.00446355799007
197 0.00123283606754
198 0.000510972681058
199 0.00185630664404
200 0.00139889272228
201 0.000430173213169
202 0.00116882990452
203 0.00142619114013
204 0.000299928800285
205 0.00541532523514
206 0.00320065342413
207 0.00140906672438
208 0.000556247775009
209 0.00532174560964
210 0.00034896206394
211 0.00364689082592
212 0.00218699801667
213 0.000292705212845
214 0.0004582835896
215 0.00181866246125
216 0.000590268038355
217 0.00134175958352
218 0.00115999208771
219 0.000690500293036
220 0.000498999093409
221 0.00217910805189
222 0.00153707418695
223 0.000681531280884
224 0.00412099498001
225 0.00439053090394
226 0.0153150985542
227 0.0416255345801
228 0.00260724698042
229 0.00655156570352
230 0.00047258979206
231 0.000272954677519
232 0.000979962192817
233 0.000193572778828
234 0.000283036469589
235 0.0121905762957
236 0.0108060074531
237 0.165494263047
238 0.00115343538626
239 0.0105686086121
240 0.00026929651545
241 0.000245820436605
242 0.000848672592647
243 0.00137492296269
244 0.00113197659184
245 0.00106332703214
246 0.00184496193865
247 0.000939071979295
248 0.00337284791552
249 0.00134457644123
250 0.0274884935755
251 0.000246238445411
252 0.00119332928433
253 0.000720084033244
254 0.00213438032154
255 0.00267748202976
256 0.000617260136569
257 0.00047258979206
258 0.00116324733989
259 0.000160179158702
260 0.000412442975634
261 0.000530047799029
262 0.00527948775186
263 0.0186213797416
264 0.00597500483154
265 0.000875530934211
266 0.00123909066612
267 0.00044962702539
268 0.00134175958352
269 0.000935517844498
270 0.000877303363161
271 0.00921128496323
272 0.00319276523899
273 0.00113286130779
274 0.0679719206375
275 0.000521238142398
276 0.00061367663101
277 0.0184577790084
278 0.000412442975634
279 0.145432949947
280 0.0005683410117
281 0.0021288405134
282 0.0607995852556
283 0.000241168104809
284 0.00431441014651
285 0.0544143994048
286 0.151722025271
287 0.000556247775009
288 0.00133306452608
289 0.0038245933394
290 0.000287856061719
291 0.00137492296269
292 0.00184496193865
293 0.000619633572825
294 0.000238978739294
295 0.00244480852394
296 0.00108993680425
297 0.000412442975634
298 0.000678561031748
299 0.00275643889476
300 0.00186380484776
301 0.0405146867788
302 0.000617260136569
303 0.00107062799023
304 0.000999375650364
305 0.000872162862955
306 0.000266542253235
307 0.00033023451687
308 0.00138883530728
309 0.000514655748828
310 0.000341178239041
311 0.00163450751016
312 0.0261466574358
313 0.00107897826381
314 0.00174471190598
315 0.000470413510913
316 0.000392429193216
317 0.00084902605895
318 0.000690500293036
319 0.00335674551438
320 0.00106332703214
321 0.000964468963389
322 0.00101845562693
323 0.0048841672775
324 0.00234095970897
325 0.00403085828255
326 0.0213072189451
327 0.141417761386
328 0.00102116703358
329 0.000301633745029
330 0.000324415118471
331 0.00133036151783
332 0.000532288440036
333 0.00125893933443
334 0.00094674556213
335 0.00357152473359
336 0.00136850688482
337 0.000255393305691
338 0.000676633841048
339 0.00133306452608
340 0.00109353920935
341 0.00297120364315
342 0.00230555052947
343 0.00259645421721
344 0.00496513425351
345 0.0328840852774
346 0.00118863386765
347 0.000253139368042
348 0.00117431297768
349 0.000240370170062
350 0.000246542387474
351 0.00135496255034
352 0.00196447020623
353 0.000490334141142
354 0.00321345382739
355 0.00156910772601
356 0.000864599998493
357 0.000335615448573
358 0.00108245075817
359 0.00429649143671
360 0.0107583889424
361 0.0113699701767
362 0.000557625509119
363 0.00143526132502
364 0.00115343538626
365 0.000214532020482
366 0.0200495759472
367 0.00199665061758
368 0.00170408291453
369 0.000636286885619
370 0.00206301459117
371 0.000558550735389
372 0.00187029750005
373 0.000821534342164
374 0.000900694444444
375 0.00244480852394
376 0.000254640108646
377 0.000209796594649
378 0.000428985871535
379 0.000391808015326
380 0.000848672592647
381 0.000412442975634
382 0.00295527228503
383 0.00115343538626
384 0.00124812083659
385 0.000622716016609
386 0.000867135691024
387 0.000964565410285
388 0.00137971502283
389 0.367499553284
390 0.0220754403652
391 0.0005319761437
392 0.00678190472423
393 0.000393867349217
394 0.000411809791933
395 0.000419967786748
396 0.00386660246813
397 0.000846789696271
398 0.000256386087284
399 0.000198519296312
400 0.019108060227
401 0.00120248008408
402 0.0165486844043
403 0.0367387330306
404 0.00189628201191
405 0.0315318909406
406 0.000547524437869
407 0.000556247775009
408 0.000678561031748
409 0.000281969280663
410 0.000699024988012
411 0.000496708242412
412 0.00134175958352
413 0.000246712018141
414 0.00106332703214
415 0.00024999035531
416 0.0259706064572
417 0.00468886177181
418 0.0258660213362
419 0.016939793707
420 0.00234367311253
421 0.00115999208771
422 0.00293483872666
423 0.00186944703639
424 0.00115999208771
425 0.000223032991754
426 0.000586841235503
427 0.000746060730265
428 0.000311112220987
429 0.0383102694634
430 0.00717148700216
431 0.000278892231133
432 0.0347263892412
