1 0.000845597542547
2 0.0026178099397
3 0.000818924226761
4 0.00275194840097
5 0.00067517058859
6 0.000230878356868
7 0.00149201495699
8 0.000798483866436
9 0.000352935103376
10 0.00308985196828
11 0.00098909537311
12 0.0724264531937
13 0.00886264085776
14 0.0583876718034
15 0.00198947437365
16 0.00101101564521
17 0.000857828119256
18 0.00428905334447
19 0.00222215095205
20 0.00125946367402
21 0.0010477885831
22 0.001737958978
23 0.000134230932784
24 0.00243049600122
25 0.000502724768244
26 0.00151297556059
27 0.0213004220437
28 0.00118906064209
29 0.00173466525557
30 0.00150815345461
31 0.000956530980976
32 0.00152199379285
33 0.00104619989683
34 0.000230878356868
35 0.000236686390533
36 0.0219324762188
37 0.00118906064209
38 0.0016
39 0.0116736449378
40 0.00671786755519
41 0.302992265262
42 0.000576737988393
43 0.0030362126413
44 0.000303776799996
45 0.000554925673973
46 0.00028484864179
47 0.000466296810309
48 0.000831101371642
49 0.00109589137174
50 0.136552996774
51 0.00172705894794
52 0.00130524466295
53 0.000284704454742
54 0.000470950279707
55 0.001258948288
56 0.000799738850709
57 0.000146037367311
58 0.00166805555556
59 0.00147990605492
60 0.000268500369499
61 0.000954889572473
62 0.0682163049941
63 0.0470474015033
64 0.00153173452827
65 0.04733640461
66 0.0035541245541
67 0.00155287541898
68 0.00258952907349
69 0.00394894780216
70 0.000192901234568
71 0.0034875182242
72 0.000622082370232
73 0.0002044465528
74 0.001190368705
75 0.00031779527275
76 0.653071000443
77 0.00228509789333
78 0.0189707405171
79 0.000864014359696
80 0.0156529169287
81 0.00161942368874
82 0.00156657384233
83 0.00104808239739
84 0.000395560621877
85 0.000419914001612
86 0.000606663592904
87 0.00571199839576
88 0.00238567016347
89 0.000942257971847
90 0.000662170109253
91 0.000989499481572
92 0.000723683259908
93 0.541103656651
94 0.00421749442959
95 0.000742350822901
96 0.00402004061853
97 0.0013357886789
98 0.00328613736866
99 0.169845035484
100 0.00219886885048
101 0.000775137659354
102 0.00090925443787
103 0.00101766550827
104 0.00730229392134
105 0.000214532020482
106 0.00120374040311
107 0.00171853035235
108 0.0018123476658
109 0.000863640149938
110 0.000891067052796
111 0.00309922960069
112 0.0139158978799
113 0.00190972839506
114 0.00786556708777
115 0.000806058374548
116 0.000999887625017
117 0.00102479012346
118 0.000971496036431
119 0.000499137091796
120 0.00328663822788
121 0.00214024755541
122 0.00248513896926
123 0.000556499876938
124 0.00484243809119
125 0.00523974153483
126 0.00172081471778
127 0.000298584916709
128 0.00119592389273
129 0.000891067052796
130 0.000546003339694
131 0.000485084804602
132 0.000499137091796
133 0.000821534342164
134 0.0140369946492
135 0.00215705646053
136 0.00210937733864
137 0.0016
138 0.0010961468225
139 0.000183949313017
140 0.0164979753086
141 0.0019943260106
142 0.000287883371249
143 0.00636343415033
144 0.000851708080869
145 0.0748526430148
146 0.0139324106423
147 0.00420060239016
148 0.0398311983942
149 0.00266580732451
150 0.000514158021011
151 0.000213771943061
152 0.00170559662138
153 0.0066212450536
154 0.00090925443787
155 0.00584541059983
156 0.000177777777778
157 0.00126560336621
158 0.00050453312926
159 0.000270664935403
160 0.000248479873614
161 0.000278765361598
162 0.000506249676518
163 0.000460498443515
164 0.0127958216113
165 0.0010477885831
166 0.00247794588831
167 0.000713827865509
168 0.000615904743795
169 0.00714004073675
170 0.00440808922333
171 0.00145740956695
172 0.00051590259016
173 0.00390625
174 0.00105363022203
175 0.0182694041768
176 0.00248870075396
177 0.000419914001612
178 0.000910470835473
179 0.00264678818457
180 0.00837056466027
181 0.000247513025856
182 0.000385071309045
183 0.000622194180883
184 0.00068259451662
185 0.00272952936277
186 0.000177777777778
187 0.00129063116715
188 0.00146148618088
189 0.000490792899408
190 0.0310176241974
191 0.0010896472694
192 0.0112553914371
193 0.00121193297457
194 0.00250951124785
195 0.000236104851709
196 0.0308442647424
197 0.00164284158651
198 0.00381432110033
199 0.000541950159806
200 0.000949453018005
201 0.00179670382299
202 0.000900694444444
203 0.00418517563656
204 0.00857526740477
205 0.0112797471991
206 9.45336018362e-05
207 0.00216057872234
208 0.00623066241321
209 0.000195456687718
210 0.000466373431972
211 0.000931457592414
212 0.000453223474355
213 0.00155149864042
214 0.000741873457585
215 0.0045260262028
216 0.000415136473625
217 0.000505340382267
218 0.0755310570893
219 0.000891067052796
220 0.00518228076675
221 0.00257999496095
222 0.00145297638452
223 0.0291848074922
224 0.00278045052007
225 0.00214769492455
226 0.000877914951989
227 9.21776242204e-05
228 0.000649614413526
229 0.000327508518543
230 0.000354391965452
231 0.0221178388692
232 0.00575089266961
233 0.0083769982979
234 0.00235792033269
235 0.000434722222222
236 0.0010084637875
237 0.000461290017832
238 0.00151715823183
239 0.00268294528932
240 0.000207028621707
241 0.000430407388156
242 0.000207028621707
243 0.000546003339694
244 0.00050453312926
245 0.000209269846947
246 0.00883854758777
247 0.00217981636152
248 0.00858183816171
249 0.000983596704033
250 0.00650275158387
251 0.0010150314275
252 0.00240512479247
253 0.0277828959972
254 0.000366994025337
255 0.000430663800054
256 0.000240836681684
257 0.00310853277836
258 0.00989496529555
259 0.0066030471418
260 0.00153571507297
261 0.201283767608
262 0.00482818397112
263 0.00322215624851
264 0.0266175072231
265 0.000414448495506
266 0.000240836681684
267 0.00038568742314
268 0.0047155040616
269 0.00362487820462
270 0.000206656769745
271 0.000553112519016
272 0.00127054712936
273 0.000576737988393
274 0.00366456348491
275 0.000191900451641
276 0.00195145723336
277 0.000327508518543
278 0.00149394461085
279 0.000631297189465
280 0.000573892108284
281 0.000448121385667
282 0.000240836681684
283 0.00517479627345
284 0.00035655665261
285 0.00101856043459
286 0.000491989839545
287 0.000489026987305
288 0.00159695787689
289 0.00100000208225
290 0.00341541575308
291 0.000172668637463
292 0.000285816581518
293 0.000394928735899
294 0.00455645291057
295 0.00151234567901
296 0.00026710042663
297 0.00247672627095
298 0.00330650831592
299 0.000983379669536
300 0.000278035158146
301 0.00104245007943
302 0.0286532798154
303 0.00909689847986
304 0.00117531012632
305 0.000502724768244
306 0.000244764626343
307 0.00807414207555
308 0.00236669101534
309 0.000319333578922
310 0.00097486928402
311 0.000227084371109
312 0.000161249685059
313 0.000272079923478
314 0.000491203913284
315 0.00741484651127
316 0.00215601401571
317 0.032334731399
318 0.00240913088619
319 0.000270067364662
320 0.0161217769785
321 0.00158960197717
322 0.000224812617122
323 0.00089402986722
324 0.000613992370749
325 0.000819556112739
326 0.000505440970964
327 0.00203219563954
328 0.000216552953834
329 0.0018612998413
330 7.36017190933e-05
331 0.000544880261473
332 0.00219016643063
333 0.0547062222633
334 0.0461916940674
335 0.000722015603297
336 0.0069820898897
337 0.0117342468661
338 0.00971412777371
339 0.00205202024072
340 0.000231708897818
341 0.0034357861327
342 0.000239164181547
343 0.000557549095768
344 0.00358188055731
345 0.000454168742218
346 0.00832280804026
347 0.00621032298854
348 0.0123742281392
349 0.000236686390533
350 0.00169096022557
351 0.00174500283081
352 0.00130905785207
353 0.000878728401055
354 0.00152199379285
355 0.00148914776634
356 0.000544880261473
357 0.000864413117483
358 0.000385071309045
359 0.000820973667973
360 0.000475065159937
361 0.00315206470331
362 0.00316942660467
363 0.00860670945693
364 0.00289540740741
365 0.000632859986457
366 0.00220558057538
367 0.000474334856221
368 0.000236231880046
369 0.00043710752453
370 0.000176700796735
371 0.000476695511832
372 0.0463625821615
373 0.00102755618412
374 0.000910592594831
375 0.00039989367812
376 0.000415800691983
377 0.00490279819832
378 0.00181871222199
379 0.000111978947958
380 0.0378670562454
381 0.00113700297869
382 0.000925154528353
383 0.00150815345461
384 0.0016675624832
385 0.00118225630331
386 0.00029471900385
387 0.00104245007943
388 0.000766901258528
389 0.000320078930804
390 0.000415800691983
391 0.00159478827708
392 0.00524795035062
393 0.00665281107172
394 0.00150532048144
395 0.000212270093222
396 0.00128429847459
397 0.00198390319122
398 0.00704829923603
399 0.000233532109297
400 0.000370183744319
401 0.000418231500596
402 0.00309716446125
403 0.000340395444559
404 0.168912324487
405 0.00209278454282
406 0.00426071484569
407 0.00402102351937
408 0.000142129149233
409 0.0386730804381
410 0.000910592594831
411 0.00029835751007
412 0.00140776752142
413 0.000423377195211
414 0.000702840261839
415 0.000157725208185
416 0.00213222724045
417 0.000783651671669
418 0.000446591577354
419 0.000746457811266
420 0.00365393183337
421 0.0058981342928
422 0.000565003779289
423 0.00743748769619
424 0.00302311026086
425 0.000468506962013
426 0.000617413383955
427 0.000472131128663
428 0.000544880261473
429 0.00197050103209
430 0.00108178104099
431 0.606339057549
432 0.000262511398245
