1 0.000461290017832
2 0.00383685438722
3 0.00134977488767
4 0.000164743484139
5 0.000872911080806
6 0.000919821514881
7 0.0007196146064
8 0.000846965269849
9 0.00641025230112
10 0.00022628190623
11 0.0064943980019
12 0.00090925443787
13 0.0591860817339
14 0.00778020232782
15 0.0270120127985
16 0.00158357620239
17 0.000622082370232
18 0.149202167186
19 0.0004
20 0.00184903047091
21 0.00226014246663
22 0.00155190532544
23 0.00210610790553
24 0.00118070986418
25 0.00158182248521
26 0.000768439382887
27 0.00190586444167
28 0.0161747874154
29 0.0408238836462
30 0.000224206893065
31 0.000785550939285
32 0.000922929017786
33 0.000193048959913
34 0.00103867547223
35 0.000304360042834
36 0.000269849769574
37 0.00148506841716
38 0.000289388297554
39 0.00089759667123
40 0.00414588539655
41 0.010098224909
42 0.000396172026423
43 0.00261134743508
44 0.076801809939
45 0.00374079997007
46 0.00041647927317
47 0.000617980957031
48 0.00212989401032
49 0.00541409038905
50 0.00055940976452
51 0.000669654053329
52 0.00323812444671
53 0.000418069103988
54 0.00329073724008
55 0.00100426502678
56 0.000156494427026
57 0.00361226407706
58 0.000737262553131
59 0.000754024927553
60 0.000225721731694
61 0.000919821514881
62 0.000232642463974
63 0.000830768698225
64 0.000567974765563
65 0.000693461522217
66 0.00377693244696
67 0.00242864792616
68 0.00236713095899
69 0.000309958341599
70 0.00311467723475
71 0.00192948250205
72 0.0016318136375
73 0.00811983471074
74 0.00398699538901
75 7.77022392634e-05
76 0.00120545261579
77 0.000168345640374
78 0.000833435690726
79 0.0378600760607
80 0.0105539477193
81 0.0180601328346
82 0.0139672805605
83 0.00311527660217
84 0.00115751595038
85 0.0091419672818
86 0.000543864167966
87 0.00157419397138
88 0.00116922954055
89 0.000217888810574
90 0.00459956178686
91 0.000826792148537
92 0.000938705296514
93 0.000728271546386
94 0.00112147106544
95 0.000768439382887
96 0.00130286371684
97 0.0185424596951
98 0.00304193334342
99 0.00132562983535
100 0.000248783448935
101 0.000441317155464
102 0.000473837106317
103 0.000311711992084
104 0.00119747278879
105 0.000682683247372
106 0.000898166072815
107 0.000119703709379
108 0.0590609028442
109 0.00228957283699
110 0.0138541188241
111 0.00164321577431
112 0.0229014968138
113 0.00156847367905
114 0.000517469351325
115 0.000938705296514
116 0.000862231849887
117 0.00260890224196
118 0.0014821592061
119 0.00078746662516
120 0.00147928994083
121 0.000560469754362
122 0.00116922954055
123 0.000938705296514
124 0.0260362751632
125 0.0263069627994
126 0.0228072036859
127 0.000408451615475
128 0.00077031333962
129 0.00246487163094
130 0.00218584839782
131 0.00331813957727
132 0.000538750895055
133 0.00306027110177
134 0.0243120569999
135 0.0578877052337
136 0.0148679156869
137 0.136353945643
138 0.000774236155248
139 0.000922247211245
140 0.000565632074443
141 0.000504755231554
142 0.000473412760633
143 0.000816201913291
144 0.000180079857472
145 0.00172436081586
146 0.000781071819348
147 0.000475367370684
148 0.0157406768123
149 0.0219415245197
150 0.00129533741924
151 0.00396232546589
152 0.0691676979909
153 0.077925097057
154 0.000619916683198
155 0.000838808348473
156 0.0141327186339
157 0.015870920899
158 0.00184749153586
159 0.015366757362
160 0.000193572778828
161 0.00151787368088
162 0.0016785513331
163 0.00102582287458
164 0.00170408291453
165 0.000809044722716
166 0.00116922954055
167 0.00176267046611
168 0.00262144
169 9.38036806219e-05
170 0.000234497111461
171 0.000494706247388
172 0.00107497984413
173 0.00051841234767
174 0.00221085139531
175 0.00286032077051
176 0.00462019712006
177 0.00137024123548
178 0.00113149828367
179 0.000631120984821
180 0.00817252677393
181 0.000802117462957
182 0.00091841909597
183 0.00101649516322
184 0.00111846584705
185 0.00322979980465
186 0.00547323664466
187 0.000527526627219
188 0.0268109045093
189 0.00354129229581
190 0.000886650370361
191 0.000836999459013
192 0.00063160796089
193 0.000490415584105
194 0.000667048395534
195 0.0070973882321
196 0.0007196146064
197 0.00216127952068
198 0.00215183045535
199 0.000272641781714
200 0.000741232844066
201 0.000792253036817
202 0.204902659593
203 0.000538826083321
204 0.00082944
205 0.00519498557741
206 0.00038628317709
207 0.00341073851779
208 0.00124612993153
209 0.000948531593292
210 0.00173664476929
211 0.00123629927283
212 0.00542466115702
213 0.00506384610416
214 0.438146274962
215 0.00130578832415
216 0.000633106634527
217 0.000370963906494
218 0.000234497111461
219 0.000931177336052
220 0.00588358729339
221 0.00134921294975
222 0.000578310930478
223 0.00248118820875
224 0.000613714542355
225 0.000191607077753
226 0.00160803578794
227 0.00117743485996
228 0.00262327879227
229 0.0194514352618
230 0.000906161864167
231 0.00817800446265
232 0.000434752062638
233 0.00112557411194
234 0.00171375274658
235 0.00906469949388
236 0.0401073440323
237 0.00118539943233
238 0.00149306905768
239 0.000205082708066
240 0.0186559027778
241 0.00160052892562
242 0.0456496119932
243 0.000424727272727
244 0.000506309633733
245 0.0848925740712
246 0.0315318396598
247 0.00124957142524
248 0.000849710698422
249 0.0849829045625
250 0.00606134984016
251 0.00319553696173
252 0.000560304820143
253 0.000540832882639
254 0.00167014352383
255 0.00120284673728
256 0.000479732923686
257 0.00931298265965
258 0.00211989226949
259 0.00637048266164
260 0.0195815837772
261 0.0953895973968
262 0.00181627641147
263 0.000206720424702
264 0.000655254472622
265 0.000913653408118
266 0.000360483484557
267 0.000413786437206
268 0.00163042721094
269 0.00103970676558
270 0.000208591951682
271 0.00555985931111
272 0.0331133485594
273 0.0322062331217
274 0.000415813970817
275 0.00125136200349
276 0.00544543347787
277 0.000232642463974
278 0.000272641781714
279 0.000246054511127
280 0.000833435690726
281 0.000886650370361
282 0.00113622017422
283 0.0007196146064
284 0.000119895235314
285 0.000479732923686
286 0.000479732923686
287 0.0193310195664
288 0.00104218856387
289 0.00335517376996
290 7.61963187791e-05
291 0.00145024958565
292 0.0010958507133
293 0.00124323582821
294 0.000479133491703
295 0.000462481211701
296 0.000579749005262
297 0.00145421637473
298 0.000311711992084
299 0.000421603986456
300 0.000803676352234
301 0.00158960197717
302 0.000553835525123
303 0.0087625341391
304 0.00948242508721
305 0.00101226035503
306 0.00104371007495
307 0.00608843994582
308 0.000105871527383
309 0.000631120984821
310 0.00448866749995
311 0.0016426292741
312 0.000906161864167
313 0.0079160914882
314 0.000739314172014
315 0.00306695925638
316 0.000868620488983
317 0.0356721038661
318 0.00513407079534
319 0.0214424951267
320 0.000885447357894
321 0.000435447665938
322 8.53821536541e-05
323 0.00430863513261
324 0.000776314964021
325 0.000919821514881
326 0.00131295568291
327 0.0273678198132
328 0.00492416410646
329 0.000431454546887
330 0.00254031367351
331 0.000804548149938
332 0.000443586764507
333 0.000510017144736
334 0.000816201913291
335 0.00209321201247
336 0.00116922954055
337 0.000581004674025
338 0.00932542424916
339 0.00538074679859
340 0.0017658757446
341 0.26286428519
342 0.00162558680066
343 0.0004
344 0.00155399602213
345 0.000479006446012
346 0.00500869750977
347 0.00410355662372
348 0.00176468432049
349 0.0191552221501
350 0.00207850859367
351 0.00357423751265
352 0.000562598792348
353 0.00236684330975
354 0.00399513802648
355 0.000833435690726
356 0.00156976124859
357 0.00137963228957
358 0.00160803578794
359 0.00119730367213
360 0.00054794568587
361 0.000289388297554
362 0.000678561031748
363 0.00016948692468
364 0.00332440548657
365 0.00133317489966
366 0.000768439382887
367 0.00401277751794
368 0.00992870328033
369 0.00329465704116
370 0.000877914951989
371 0.00105186267348
372 0.00142688515653
373 0.000369000716126
374 0.000107706978336
375 0.000473099042288
376 0.00843750935454
377 0.000254531785726
378 0.00157682660537
379 0.000491203913284
380 0.000230440465346
381 0.00250407622358
382 0.00168313242568
383 0.0181224337459
384 0.0046253703786
385 0.000180474747282
386 0.00107385239787
387 0.00055940976452
388 0.00147928994083
389 0.00045115636791
390 0.00113102721861
391 0.000155007460199
392 0.0026561518689
393 0.00121976682691
394 0.000225202661697
395 0.00142688515653
396 0.00280694410304
397 0.00216217967875
398 0.00136699559998
399 0.00622059758423
400 0.00066490119708
401 0.0218802899328
402 0.00393718596014
403 0.00110865734538
404 0.105784962115
405 0.0692494784945
406 0.000939908249936
407 0.000810885645346
408 0.00150312646671
409 0.000420603232521
410 0.000573730654492
411 0.000992044964737
412 0.00515646220009
413 0.000223182955099
414 0.00117653810836
415 0.000375368831203
416 0.0027199884203
417 0.00239827525957
418 0.000956530980976
419 0.000443586764507
420 0.0035144360658
421 0.00710977994544
422 0.072628929409
423 0.393218307671
424 0.000646365986785
425 0.00204219289701
426 0.00281338430689
427 0.000528464276378
428 0.00154343086261
429 0.00110979203814
430 0.000851088421257
431 0.00171478753313
432 0.038638534978
