1 0.00142900117193
2 0.00102765062099
3 0.000915189605254
4 0.000360535852901
5 0.00238374931126
6 0.00238680729561
7 0.00151234567901
8 0.000867346938776
9 0.000613900072784
10 0.000178371855151
11 0.000559468573925
12 0.000223527204089
13 0.00344879292248
14 0.0103026693694
15 0.00633632265242
16 0.000561532759821
17 0.00245809294236
18 0.00394267171444
19 0.00199767062815
20 0.00207955937983
21 0.000315737466246
22 0.00171155046826
23 0.0229032175333
24 0.000532276300069
25 0.0719672700891
26 0.000556247775009
27 0.000888578619141
28 0.00065431268095
29 0.00130578832415
30 0.00109841798345
31 0.00173022100132
32 0.00065145729037
33 0.000246913580247
34 0.000858027556191
35 0.000383546080801
36 0.00355931828231
37 0.00218499519758
38 0.00344120421984
39 0.00384126180357
40 0.00323102493075
41 0.00289731849495
42 0.000307787011388
43 0.000381018544575
44 0.000804788491525
45 0.00357164385221
46 0.00151234567901
47 0.00235835851961
48 0.00455921300689
49 0.00143903904171
50 0.00213688145247
51 0.000590268038355
52 0.000683855324662
53 0.000360447852937
54 0.000318422499275
55 0.000245577447549
56 0.000363642499277
57 0.271899033894
58 0.00162106150204
59 0.0168740310567
60 0.001152771645
61 0.000191315418153
62 0.000520179041795
63 0.00218902554499
64 0.00356426821118
65 0.000903704281761
66 0.223358764389
67 0.00146562708844
68 0.00142509158335
69 0.00097972234577
70 0.0014599242593
71 0.00169149708597
72 0.00120597452134
73 0.0102804277795
74 0.00060524669604
75 0.000225281513892
76 0.000342935528121
77 0.00104432246357
78 0.000650955010269
79 0.00043547816199
80 0.00136424626797
81 0.000654014896439
82 0.000344032921811
83 0.000645510948865
84 0.000456570969391
85 0.0254652767436
86 0.00664458233572
87 0.000167031613343
88 0.000601910125669
89 0.000434027777778
90 0.00244063997949
91 0.000520306089829
92 0.00609406867846
93 0.000171998959236
94 0.000520868472792
95 0.00236589342646
96 0.00359015793646
97 0.0026335702568
98 0.00963459322649
99 0.00143903904171
100 0.000140208821554
101 0.000504433535644
102 0.000916729680043
103 0.00506623713171
104 0.00157674637302
105 0.00145407197687
106 0.000754049086501
107 0.00328082200524
108 0.000280107140981
109 0.00106525596967
110 0.0109521190967
111 0.00134978204447
112 0.000711659807956
113 0.00304156080102
114 0.0011698816119
115 0.000485995929784
116 0.00037191999864
117 0.000489466677109
118 0.000911805555556
119 0.00101495810165
120 0.0005485379026
121 0.00668335650852
122 0.00173900825055
123 0.0021368547419
124 0.00070804577997
125 0.0009
126 0.0002044465528
127 0.000117737569927
128 0.000997886313073
129 0.000483381259633
130 0.00085169222887
131 0.00173022100132
132 0.00040375409423
133 0.00207932673064
134 0.000215125949128
135 0.00174175100383
136 7.20897116412e-05
137 0.0201553327112
138 0.000711111111111
139 0.00332252381545
140 0.000140466392318
141 0.0204166631251
142 0.00058570559719
143 0.00494081135605
144 0.237095616503
145 0.000779400276426
146 0.000596717461685
147 0.0228936267306
148 0.00135505463058
149 0.00110960093648
150 0.00085853867849
151 0.0151334639518
152 0.000229161260868
153 0.000482609085097
154 0.000613900072784
155 0.00373044863573
156 0.000331146215198
157 0.000550003696025
158 0.00109841798345
159 0.00109841798345
160 0.000704832015036
161 0.00176336110558
162 0.00213792741939
163 0.000503627731274
164 0.00021042093228
165 0.000383546080801
166 0.000454142145767
167 0.000139226077044
168 0.000309821961294
169 0.0123988785361
170 0.00327114484479
171 0.05063031723
172 0.0289582456117
173 0.00285464644747
174 0.0173808403101
175 0.0232297260393
176 0.00582703603642
177 0.00187292327911
178 0.00732626181702
179 0.00066608876624
180 0.0441824670082
181 0.0315150945166
182 0.00131116321542
183 0.0165571576475
184 0.0271700700366
185 0.109239693748
186 0.00119866993802
187 0.00478434606583
188 0.00483954004302
189 0.000406780809158
190 0.00207790521181
191 0.665604592301
192 0.000903007516701
193 0.000899083373536
194 0.000364224327276
195 0.000914155757648
196 0.000851900161543
197 0.000491916131783
198 0.000399438664956
199 0.000269480744291
200 0.000261197836955
201 0.0657632197846
202 0.00397341367772
203 0.00145407197687
204 0.0172494397464
205 0.000277522701765
206 0.00116909435283
207 0.00128171890002
208 0.00485076916594
209 0.000130935331702
210 0.00650712145917
211 0.000627803631048
212 0.00537501231316
213 0.000892049629372
214 0.00114513064314
215 0.000693981019342
216 0.0146901427528
217 0.454200222127
218 0.000590874005693
219 0.000354087177708
220 0.000203335842158
221 0.000924933079823
222 0.000913653408118
223 0.000556247775009
224 0.00141804240122
225 0.000171327790375
226 0.00172361111111
227 0.00520248126877
228 0.0518864788488
229 0.00108567453704
230 0.0054912722653
231 0.0010150314275
232 0.00430274805126
233 0.000142358174279
234 0.000235796907174
235 0.0002044465528
236 0.000433305301369
237 0.0190972003815
238 0.00101845562693
239 0.00215654413151
240 0.00101495810165
241 0.00764008653582
242 0.00261522745027
243 0.00130578832415
244 0.000189269456863
245 0.0186230012409
246 0.00043547816199
247 0.00104432246357
248 0.00065145729037
249 0.00032217555542
250 0.000129957920665
251 0.004599738297
252 0.00018614757809
253 0.000677256554568
254 0.0477424275881
255 0.0150477934669
256 0.00100468024975
257 0.000512792743121
258 0.000738223123105
259 0.018160269671
260 0.0184280535127
261 0.0612214960628
262 0.00147220353214
263 0.000331014919245
264 0.000167684080582
265 0.000315737466246
266 0.00208762316718
267 0.00437119964782
268 0.471610206644
269 0.000351177579076
270 0.0026659974839
271 0.000158970566227
272 0.000851088421257
273 0.000360447852937
274 0.0007546309145
275 0.000754049086501
276 0.00139755085322
277 0.00201717073531
278 6.43702386622e-05
279 0.000471008850646
280 0.00138056560896
281 0.00295001993583
282 0.159266642933
283 0.00166527893422
284 0.00334518335958
285 0.000909594488634
286 0.000526049995792
287 0.000794664274893
288 0.00161412900518
289 0.00191250652551
290 0.00696790292229
291 0.00195576694411
292 0.00105024005487
293 0.000720334659729
294 0.000386261734018
295 0.00105802113786
296 0.00136424626797
297 0.000313925062823
298 0.000478438601552
299 0.00013905734738
300 0.000413786437206
301 0.000450295154402
302 0.00395228652124
303 0.000434068078237
304 0.000561416799552
305 0.00295318877551
306 0.0015860747787
307 0.00159842092287
308 0.00157740307705
309 0.000997886313073
310 0.000280107140981
311 0.00262863571918
312 0.00149097003715
313 0.00268199719664
314 0.0239442023605
315 0.000804788491525
316 0.0180919007095
317 0.0442228748685
318 0.00354133895751
319 0.0030321081817
320 0.0046331473766
321 0.00352889930851
322 0.00918598047597
323 0.00120597452134
324 0.00394327263987
325 0.000441353011793
326 0.000779400276426
327 0.000177777777778
328 0.00228268455793
329 0.00235835851961
330 0.00194898963394
331 0.0107031726366
332 0.00173906745134
333 0.00109081727127
334 0.000900367459423
335 0.00021229342217
336 0.150147495092
337 0.000755200745877
338 0.000378105360813
339 0.00156657384233
340 0.000418231500596
341 0.00513822538962
342 0.000265095631519
343 0.00160378620744
344 0.000983494838027
345 0.00163007155624
346 0.00512593411368
347 0.105283347424
348 0.000914165043783
349 0.000601910125669
350 0.000309897717015
351 0.000372951747259
352 0.000613900072784
353 0.00168408114805
354 0.000261197836955
355 0.000161249685059
356 0.000938705296514
357 0.00024177378851
358 0.0704954889945
359 0.0365784372634
360 0.0420877741523
361 0.000270237135245
362 0.000330839771846
363 0.0105593758713
364 0.0039811813416
365 0.000491848693404
366 0.000737085645257
367 0.00149097003715
368 0.000177481851441
369 0.000740432227313
370 0.000465814398841
371 0.00121802988612
372 0.00211809142562
373 0.00149097003715
374 0.263820409577
375 0.000846527236294
376 0.0192310188036
377 0.00127551020408
378 0.00555724964033
379 0.000764334705075
380 0.000458868924751
381 0.000928047330414
382 0.00431914239707
383 0.00157674637302
384 0.000251453469812
385 0.000228269582811
386 0.000413774869456
387 0.000441353011793
388 0.00941222528179
389 0.000226161519805
390 0.00193907295428
391 0.00125469569109
392 0.000861880313105
393 0.000561532759821
394 0.00101577414242
395 0.000320146714149
396 0.00041062950299
397 0.00405207814833
398 0.00477503857301
399 0.00244604130376
400 0.00130319125358
401 0.0152380339112
402 0.000477560027385
403 0.00958311353541
404 0.00101495810165
405 0.000168116231359
406 0.00323032280147
407 0.000574123779748
408 0.000634870763084
409 0.000603729003114
410 0.000444696397077
411 0.000306495147078
412 0.000561532759821
413 0.000355555555556
414 0.0028153101172
415 0.00301134752319
416 0.0014624696785
417 0.000928047330414
418 0.00198666950516
419 0.222976015072
420 0.000290278183461
421 0.000840943877551
422 0.0121951807127
423 0.000598070667247
424 0.000947796827431
425 0.000906367409173
426 0.00276197663157
427 0.0340865383709
428 0.00597807788778
429 0.00189150120668
430 0.00322521950248
431 0.00336063852132
432 0.00123731354916
