1 0.00119747278879
2 0.0274931412894
3 0.0011265242168
4 0.000441353011793
5 0.000493827160494
6 0.000969019153511
7 0.0015921919596
8 0.00065145729037
9 0.00161646234322
10 0.00128298023323
11 0.00276319449315
12 0.000125384267467
13 0.0012227502414
14 0.0167811218045
15 0.007009194159
16 0.00581732967535
17 0.00384039740381
18 0.00391628300489
19 0.000522448979592
20 0.00147728038454
21 0.000807216420572
22 0.000164102458909
23 0.000920291013976
24 0.00146440722334
25 0.000210748779564
26 0.217993073672
27 0.000438074634938
28 0.000232289835022
29 0.00107497984413
30 0.0017059346236
31 0.000131010299674
32 0.000154874344317
33 0.000393675988914
34 0.00346357439174
35 0.00142101367835
36 0.000165306122449
37 0.00780759664904
38 0.0494216692207
39 0.000589236189949
40 0.00232460986692
41 0.119381653153
42 0.00111196844993
43 0.000468506962013
44 0.000556247775009
45 0.000555849051553
46 0.00249996214931
47 0.00028502211871
48 0.00168258117138
49 0.00110652298412
50 0.00267682850718
51 0.00200072176392
52 0.00715024849091
53 0.000971496036431
54 0.000686089466951
55 9.28688232658e-05
56 0.00272039184497
57 0.000402680059507
58 0.000446340011902
59 0.000314427342923
60 0.00118000116543
61 0.000645490448807
62 0.0009765625
63 0.0007196146064
64 0.000915189605254
65 0.00264678818457
66 0.000486062071927
67 0.0024210388412
68 0.0149939906927
69 0.00132191674949
70 0.000216783151119
71 0.000902886926775
72 7.23625201454e-05
73 0.000197061105812
74 0.00263589574622
75 0.00392667480179
76 0.00443380260991
77 0.0513560374722
78 0.0406967803927
79 0.00506818762169
80 0.000194236109678
81 0.00169724938531
82 0.000337019868695
83 0.000641572458167
84 0.0016983102725
85 0.00371663736035
86 0.001704944297
87 0.00155211471786
88 0.000692520775623
89 0.000399532503262
90 0.0253371521249
91 0.0345003170795
92 0.00397054309284
93 0.000688662115316
94 0.00554431599496
95 0.147955287984
96 0.000984252999562
97 0.00860846192421
98 0.000315893885965
99 0.00184255967808
100 0.0019725680129
101 0.00297255411833
102 0.00109081727127
103 0.00328875528321
104 0.00277249449137
105 0.00219890312615
106 0.000154795391935
107 0.00021080299472
108 0.000542651486371
109 0.000616409036861
110 0.00120597452134
111 0.00206537577332
112 0.00350588642659
113 0.00200614827947
114 0.000968977577253
115 0.000995518301822
116 0.00218870763654
117 0.000229568411387
118 0.00178390075696
119 0.00154404251036
120 0.00183187491881
121 0.00245308943927
122 0.00128683292001
123 0.00100600844679
124 0.000542233096636
125 0.000803363456848
126 0.000429694498194
127 0.000480348299088
128 0.000185108056828
129 9.0375814314e-05
130 0.00047111304281
131 0.000470950279707
132 0.0071441588085
133 0.0290216369155
134 0.0007358033241
135 0.00225959631026
136 0.000827244373912
137 0.000491502602433
138 0.000114387028511
139 0.00371663736035
140 0.00106719016077
141 0.00047258979206
142 0.00107004482376
143 0.000344558168081
144 0.00050360117271
145 0.027656761001
146 0.00264693877551
147 0.00205847050754
148 0.298705780113
149 0.000961899093635
150 0.000794561613348
151 0.000718543352947
152 0.000809886109766
153 0.00118502137319
154 0.0007312319002
155 0.00154404251036
156 0.000426252918131
157 0.00929072154425
158 0.00459102919171
159 0.00474521598525
160 0.000279265206326
161 0.00054692100973
162 0.00139451208391
163 0.104088068891
164 0.000501824231446
165 0.00162377185769
166 0.000612685030879
167 0.000470950279707
168 0.00443781379848
169 0.00240968671138
170 0.00107497984413
171 0.00378166988562
172 0.0528515644505
173 0.0237736519056
174 0.00019265006278
175 0.000701782986037
176 0.000122265211392
177 0.00285872017834
178 0.0016955017301
179 0.000557827160494
180 0.000514655748828
181 0.000441353011793
182 0.000590190738916
183 0.00723541845626
184 0.00525461816034
185 0.00054692100973
186 0.000276553433997
187 0.00622278966103
188 0.000220336076818
189 0.000279265206326
190 0.00238665856866
191 0.000940305134821
192 0.000322386054813
193 0.00133139116519
194 0.0004
195 0.00067255212548
196 0.000692520775623
197 0.000816326530612
198 0.00799969136993
199 0.00499026313472
200 0.00983670016972
201 0.0132303996121
202 0.000801305316682
203 0.0024496987086
204 0.00939032120613
205 0.00203886492567
206 0.000557827160494
207 0.00205086766821
208 0.000624132847832
209 0.000701782986037
210 0.000721764312765
211 0.00438583847574
212 0.00154678685051
213 0.00497600054083
214 0.0132711071624
215 0.00136444498996
216 0.223524710132
217 0.00509566885259
218 0.000180242774058
219 0.000832100591716
220 0.000147854244576
221 0.000470950279707
222 0.000260415669364
223 0.00045184
224 0.000558734122315
225 0.00106719016077
226 0.000473850311062
227 0.00117047761976
228 0.0184449314027
229 0.00151234567901
230 0.196838916011
231 0.000469183750603
232 7.17128617017e-05
233 0.0385798656821
234 0.000280917443321
235 0.000570487718049
236 0.00113409540578
237 0.00167588880731
238 0.000216873439811
239 0.000803363456848
240 0.00229686547696
241 0.00238665856866
242 0.752018767176
243 0.000795485465818
244 0.00129484876755
245 0.000646523233525
246 0.000673556146233
247 0.000748045876251
248 0.000136994438347
249 0.00276319449315
250 0.000995518301822
251 0.00643083094696
252 0.000663698956547
253 0.000569059204009
254 0.00129206422489
255 0.00236566791322
256 0.000279019474235
257 0.000976590330903
258 0.011363858214
259 0.00446965904076
260 0.00106027596224
261 0.000233086649962
262 0.0017843564441
263 0.00342597583203
264 0.00271500808479
265 0.00112454690207
266 0.0304989033781
267 0.122756992417
268 0.0779326076025
269 0.00067255212548
270 0.000233086649962
271 0.00596237189897
272 0.000926142311903
273 0.000574528266331
274 0.000993740051098
275 0.000968977577253
276 0.00127144397608
277 0.00502280100516
278 0.00128298023323
279 0.000692520775623
280 0.00276319449315
281 0.00047258979206
282 0.000920015273691
283 0.00518920525373
284 0.000942257971847
285 0.00253952507905
286 0.000409112807784
287 0.00207600951315
288 0.00230895632511
289 0.0102628485289
290 0.000814061628123
291 0.00100766064903
292 0.000904331545858
293 0.00347728842109
294 0.000213171157362
295 0.00113409540578
296 0.00299477831686
297 0.000489981331245
298 0.000730674983292
299 0.000393183337046
300 0.000299928800285
301 0.00654580492454
302 0.0131481280084
303 0.00116308683425
304 0.00114244946492
305 0.000229568411387
306 0.000280694059922
307 0.00236566791322
308 0.000816956412195
309 0.000968977577253
310 0.000870035756348
311 0.00157576376146
312 0.00253115234752
313 0.00104058272633
314 0.000995520159283
315 0.00154468559346
316 0.00221242536622
317 0.00223525691006
318 0.00043690401163
319 0.00131158537951
320 0.00042645880847
321 0.000358248166466
322 0.000451923966866
323 0.000803363456848
324 0.0047166729827
325 0.0237367194969
326 0.0159037049047
327 0.000198723049157
328 0.000230465162994
329 0.00127266784239
330 0.000244140625
331 0.00328703151975
332 0.00371663736035
333 0.00162377185769
334 0.00586136413177
335 0.000995932928354
336 0.000968977577253
337 0.00106039846365
338 0.00558922495452
339 0.00107978226613
340 0.00828033757217
341 0.000655338143236
342 0.00134893208157
343 0.000266991328122
344 0.00265522959184
345 0.000804075500648
346 0.000166493236212
347 0.00158275790197
348 0.000284182751789
349 0.00105862517173
350 0.000970364086587
351 0.00262984878369
352 0.029668567586
353 0.00231532060082
354 0.0044099834115
355 0.00339414790301
356 0.000637171238031
357 0.000422038863408
358 9.26693502722e-05
359 0.000968977577253
360 0.0004
361 0.000306590561553
362 0.000701070414828
363 0.00125122070313
364 0.000259141582107
365 0.00310555241705
366 0.00193950222462
367 0.000435075582309
368 0.00963342775527
369 0.00399738376281
370 0.0583269525664
371 0.00646940031718
372 0.0233319820429
373 0.000853741707483
374 0.00283737024221
375 0.000689284577455
376 0.00220802703316
377 0.000549833609672
378 0.0414048005939
379 0.00495205069244
380 0.00160910838923
381 0.00775190364456
382 0.000860088701206
383 0.00117968068867
384 0.0002055472052
385 0.000693055128074
386 0.00200614827947
387 0.000995518301822
388 0.00115343538626
389 0.000833435690726
390 0.00268615808654
391 0.000498507735015
392 0.0147112860931
393 0.000408451615475
394 0.00161143474403
395 0.000484729224479
396 0.00323634567901
397 0.000904331545858
398 0.00130280670487
399 0.00597359019624
400 0.000549659890004
401 6.4e-05
402 0.0041085390237
403 0.00150318019756
404 0.142446437186
405 0.0290163635035
406 0.0036090369797
407 0.0045973033482
408 0.00271687232756
409 0.00208541607134
410 0.00041024
411 0.00067255212548
412 0.00124176148222
413 0.000851973907794
414 0.000505440970964
415 0.0667118098997
416 0.00159673662733
417 0.00158661769871
418 0.000530365225478
419 0.00250609663161
420 0.00102503761429
421 0.00202171534383
422 0.00443891787452
423 0.0349403138593
424 0.000746014523825
425 0.00100455375388
426 0.000842373438527
427 0.000847799340371
428 0.00129393175736
429 0.000403867826015
430 0.00812659799839
431 0.000172085156649
432 0.0911421768695
