1 0.00242426534457
2 0.00217332606946
3 0.000979962192817
4 0.00107107438017
5 0.000569588872772
6 0.000673858984487
7 0.00368704744553
8 0.00114909508762
9 0.000215470078276
10 0.00440315737811
11 0.0380504237188
12 0.000629615914647
13 0.00266920955561
14 0.00171816693066
15 0.00372884984633
16 0.28548487919
17 0.000598106841052
18 0.00265350558862
19 0.000473836114408
20 0.0102400512249
21 0.00126631375805
22 0.000217060257963
23 0.000426562432611
24 0.0430994659275
25 0.0114274089678
26 0.00119592389273
27 0.000326293060243
28 0.00062836976767
29 0.00101822895562
30 0.00214761781057
31 0.000350257558917
32 0.000812607507973
33 0.00107497984413
34 0.00198429752066
35 0.000696302247917
36 0.000905067272988
37 0.000537826869658
38 0.00371254503796
39 0.000237496751891
40 0.00104784692207
41 0.00160126449573
42 0.00510806981529
43 0.000378943625768
44 0.00631551247752
45 0.000875731556239
46 0.00263160729675
47 0.00264253802358
48 0.0105515995324
49 0.00439718692357
50 0.00487878966802
51 0.000988539501535
52 0.00377971008073
53 0.00545592675256
54 0.000979962192817
55 0.00120164504503
56 0.00490969337053
57 0.00242475019764
58 0.000466082609227
59 0.00338512396694
60 0.000404517914966
61 0.00048516369423
62 0.00410767828928
63 0.000582318391199
64 0.00151957312716
65 0.00198429752066
66 0.000296696504201
67 0.000216009279522
68 0.000508879812627
69 0.00349929491455
70 0.00317728740722
71 0.00264783400929
72 0.404614815161
73 0.00169236020575
74 0.00108682526265
75 0.000360204081633
76 0.00131169922285
77 0.00570051471863
78 0.0128521159558
79 0.000723062381853
80 0.00286350264538
81 0.00204312920518
82 0.000582308535766
83 0.00109886755594
84 0.00057715763761
85 0.000576737988393
86 0.000696302247917
87 0.00107107438017
88 0.000211570247934
89 7.62022313142e-05
90 0.000278172687521
91 0.0012214492892
92 0.0250287068313
93 0.000809188344618
94 0.000230440465346
95 0.000160230732254
96 0.134619660334
97 0.00121923570103
98 0.000711870236876
99 0.000912121075627
100 0.00559581716984
101 0.000192901234568
102 0.000529932270416
103 0.000232093434504
104 0.00619271303378
105 0.000644217710764
106 0.0175747530218
107 0.00217985800597
108 0.0398329031684
109 0.471917333658
110 0.0166301510373
111 0.000825472974996
112 0.00102765062099
113 0.00162456328944
114 0.000995482690046
115 0.000238517613035
116 0.00051652892562
117 0.000417856443246
118 0.000696302247917
119 0.000526049995792
120 0.00459061331806
121 0.000520249979709
122 0.00767186963667
123 0.000876399034559
124 0.193429747014
125 0.000431090203964
126 0.00021042093228
127 0.00337988622474
128 0.00043987320391
129 0.000251936084698
130 0.000520464369877
131 0.0287059177252
132 0.00467972985934
133 0.00280413121442
134 0.00113462603878
135 0.00100585456792
136 0.00186335194628
137 0.00168981690014
138 0.000813079993405
139 0.000526049995792
140 0.00244439505201
141 0.0506883837222
142 0.00109081727127
143 0.0527065256431
144 0.0145450724831
145 0.00257370613684
146 0.00101193993629
147 0.00327867239632
148 0.00223330687359
149 0.00047258979206
150 0.000436935828458
151 0.00119254524562
152 0.00143611648851
153 0.00244440494612
154 0.00373731616819
155 0.0034930841708
156 0.00031802333763
157 0.00648264229808
158 0.000384467512495
159 0.000240836681684
160 0.000866467120715
161 0.000241777449972
162 0.000665096952909
163 0.00302311026086
164 0.000183233556936
165 0.00073258396099
166 0.0250623507805
167 0.0927740135199
168 0.00182748237648
169 0.00601146825738
170 0.00127298319092
171 0.00179681076852
172 0.0487356792343
173 0.00047839601852
174 0.000680529300567
175 0.00770774160904
176 0.00135227727043
177 0.00216239426395
178 0.00056242090956
179 0.0036637767831
180 0.00440084803965
181 0.340464132888
182 0.000500158213312
183 0.00281196093047
184 0.00067255212548
185 0.00048516369423
186 0.00027018125892
187 0.00100585456792
188 0.00109886755594
189 0.00277008310249
190 0.000673578443694
191 0.000384467512495
192 0.00058347107438
193 0.0260269590111
194 0.0832935867938
195 0.00485198669229
196 0.0211211657993
197 0.00507444162939
198 0.000209280956414
199 0.000912824872753
200 0.00197043158861
201 0.00176035830353
202 0.000544346428172
203 0.00129051607743
204 0.000608502060272
205 0.00315423070725
206 0.00045423855446
207 0.00108682526265
208 0.00033035976865
209 0.001294219836
210 0.00329568820322
211 0.0553348654401
212 0.00336704685647
213 0.000395557352968
214 0.00151519995687
215 0.00108682526265
216 0.000466828341402
217 0.00405567867036
218 0.00045423855446
219 0.000245939512073
220 0.00411188640118
221 0.00100585456792
222 0.00113462603878
223 0.00051652892562
224 0.000820227727115
225 0.00322098683329
226 0.000292483116209
227 0.00216127952068
228 0.0095703794796
229 0.000607529231966
230 0.00238845044099
231 0.00196438026105
232 0.000440491253815
233 0.000233086649962
234 0.00107722524787
235 0.000218055025924
236 0.00218609783812
237 0.00163414410622
238 0.000721130652164
239 0.00254509441171
240 0.0230337110756
241 0.016534322067
242 0.013530008282
243 0.000468445061721
244 0.000418540612502
245 0.000467696746926
246 0.00223703433163
247 0.000514544935965
248 0.000215125949128
249 0.000694443762333
250 0.000214681533363
251 0.000524124837312
252 0.00241994421603
253 0.0138447557729
254 0.00196438026105
255 0.087243993615
256 0.00109421387768
257 0.0321951331873
258 0.000211143239729
259 0.00870343696889
260 0.000973555380923
261 0.00556850576729
262 0.0145802815666
263 0.00154554624797
264 0.002343699589
265 0.00568779878076
266 0.00099725678374
267 0.0196463235029
268 0.00193473629246
269 0.000418540612502
270 0.000436935828458
271 0.000645960423823
272 0.00047258979206
273 0.000665096952909
274 0.00274860967103
275 0.00265104860752
276 0.00107107438017
277 0.000673578443694
278 0.000401838300519
279 0.000363580867567
280 0.000527264831964
281 0.000713009229255
282 0.000553112519016
283 0.126826383169
284 0.000524019894771
285 0.000267220879069
286 0.0047041910579
287 0.00163450751016
288 0.00609858055886
289 0.000369254183354
290 0.00177929985187
291 0.0035283317616
292 0.00441510121317
293 0.0044678353974
294 0.00108682526265
295 0.0111841294885
296 0.00389382357237
297 0.00105537010597
298 0.00128614841682
299 0.00144944815722
300 0.00378380597598
301 0.000215470078276
302 0.000183949313017
303 0.000212427674605
304 0.000500158213312
305 0.00085324783079
306 0.000119703709379
307 0.00106726763796
308 0.00471049992262
309 0.0345846281627
310 0.000159122898866
311 0.202631885495
312 0.00369656158709
313 0.000531985435957
314 0.00171393967665
315 0.000604473912583
316 0.000921689447101
317 0.000352935103376
318 0.0238478285628
319 0.0191169375166
320 0.0283645221344
321 0.0197385312067
322 0.00201579960624
323 0.000364754555201
324 0.000200614192945
325 0.00115148364423
326 0.000211570247934
327 0.000665096952909
328 0.000866467120715
329 0.00016569053797
330 0.000226554887789
331 0.000359002770083
332 0.000532872249633
333 0.000626957712192
334 0.000473099042288
335 0.000367664166183
336 0.00616402016242
337 0.00135352688047
338 0.01495774732
339 0.000223637039468
340 0.000294011941119
341 0.0708275799042
342 0.00339829662144
343 0.00115148364423
344 0.00178620343316
345 0.00105584110568
346 0.00220262399263
347 0.0122948214804
348 0.000836760697408
349 0.167471989657
350 0.135596614706
351 0.0135774371293
352 0.000764778252674
353 0.00484268771105
354 0.000603032472499
355 0.0015296993954
356 0.00422484320696
357 0.00015576286078
358 0.000393595510449
359 0.000350257558917
360 0.00017659849229
361 0.000359002770083
362 0.00171594348614
363 0.000211570247934
364 0.00260890224196
365 0.000375012912771
366 0.00109081727127
367 0.00163059636438
368 0.258729063763
369 0.000526891675785
370 0.00291689228446
371 0.00392413805734
372 0.00255296448712
373 0.00119764899008
374 0.0319328555353
375 0.000395557352968
376 0.000275477350597
377 0.00181550094518
378 0.00395533816833
379 0.000222182262715
380 0.00433966751203
381 0.000271663186253
382 0.0180338285273
383 0.0011921212461
384 0.00184425458241
385 0.0357626837459
386 0.000386891257558
387 0.000245939512073
388 0.00312427299251
389 0.000461290017832
390 0.00017659849229
391 0.00040516514363
392 0.00185523976397
393 0.00014940346581
394 0.011721266391
395 0.00170508503842
396 0.0096975949498
397 0.0010751127547
398 0.000296148889903
399 0.00151767494798
400 0.000644170259155
401 0.000386891257558
402 0.00719074714335
403 0.00209846938776
404 0.000490792899408
405 0.00306645070263
406 0.0049891142884
407 0.000836115546523
408 0.071935643394
409 0.00187282158653
410 0.00183139146851
411 0.0049842625295
412 0.000384467512495
413 0.00443600347807
414 0.000542935243661
415 0.00181745152355
416 0.000735420856076
417 0.00047839601852
418 0.00257778329443
419 0.001024
420 0.00181077410593
421 0.00624373722699
422 0.00687797070698
423 0.0066217369924
424 0.0160754202501
425 0.000609663161103
426 0.000195532359692
427 0.000404517914966
428 0.000875731556239
429 0.000492364509506
430 0.00109161825066
431 0.000804428086358
432 0.00303545790469
