1 9.48341680098e-05
2 0.00566085320816
3 0.00117104483222
4 0.00185073701883
5 0.00125549447907
6 0.000413889369806
7 0.000421736480433
8 0.00103501067355
9 0.000776390073709
10 0.000299231930143
11 0.000572646610039
12 0.000487375301947
13 0.517627892891
14 0.00176681121098
15 0.035081183225
16 0.00210230211575
17 0.000844206010082
18 0.617781570341
19 9.34639150793e-05
20 0.00336665955124
21 0.00207294457291
22 0.00179359936772
23 0.00106885212031
24 0.00124094304237
25 0.00242566676341
26 0.000507478304869
27 0.0045141633404
28 0.0167303673578
29 0.0179255750007
30 0.00126046006792
31 0.000629615914647
32 0.000164893630726
33 0.000886650370361
34 0.00362798122865
35 0.00088981121703
36 0.000817623831211
37 0.000902197480386
38 0.00048009797555
39 0.000817623831211
40 0.161655673013
41 0.00560563799366
42 0.00386087284381
43 0.00383104835795
44 0.000399360767182
45 0.00218275111116
46 0.00200846096381
47 0.00113531638724
48 0.000891025652265
49 0.00132036042358
50 0.00108483747109
51 0.000594950628621
52 0.0010950697406
53 0.000390440150005
54 0.00133592085657
55 0.00106719016077
56 0.000226886784195
57 0.00166822183456
58 0.00343490453381
59 0.000446468335056
60 0.000889440771061
61 0.00133842758026
62 0.000495587683734
63 0.00164534998465
64 0.000966468898494
65 0.0117474296834
66 0.000951836610273
67 0.00119126956622
68 0.00401862557099
69 0.000971599039165
70 0.000267292871927
71 0.00110658980914
72 0.00166527893422
73 0.00122548928061
74 0.00123896070525
75 0.000129130150299
76 0.00166173069901
77 0.00353859567025
78 0.00489274879863
79 0.0181053162006
80 0.00116808203813
81 0.0126255039053
82 0.022991511486
83 0.00350344537077
84 0.00630338629277
85 0.00133409430617
86 0.00021746055342
87 0.000424774478734
88 0.000397724044448
89 0.000901501877086
90 0.00361215808151
91 0.000222351734387
92 0.0017457296125
93 0.000678499660999
94 0.001024
95 0.000404395737505
96 0.00176681121098
97 0.294542045232
98 0.00264883045941
99 0.00299121037595
100 0.00021746055342
101 0.000446591577354
102 0.000203717688664
103 0.00340366409093
104 0.000761034566167
105 0.00190384964583
106 0.000681939401983
107 0.000507478304869
108 0.0428481385572
109 0.000615011361991
110 0.0142308437663
111 0.00176109913305
112 0.0715550714561
113 0.000837244941701
114 0.00151734668816
115 0.000248479873614
116 0.00157164776238
117 0.00050998835095
118 0.001024
119 0.000240992487394
120 0.000500830450491
121 0.000514505874001
122 0.000231528730493
123 0.000343148884868
124 0.0033040132697
125 0.0033316449854
126 0.0728475873604
127 0.00046228558699
128 0.000924775374815
129 0.000565643568651
130 0.000540832882639
131 0.00376442635251
132 0.00879584418403
133 0.00912709857751
134 0.000104669560631
135 0.00119113692165
136 0.0259770317778
137 0.135837662775
138 0.0123406462933
139 0.102507372533
140 0.000500030401848
141 0.00060273069158
142 0.000467696746926
143 0.00243868945538
144 0.000421736480433
145 0.000465867061454
146 0.000212204716836
147 0.00048009797555
148 0.000204812452597
149 0.00297689779051
150 0.0006718464
151 0.0066845703125
152 0.00172021016622
153 0.00344580943205
154 0.00551371227541
155 0.00156073769242
156 0.00090257694929
157 0.000459730809165
158 0.00321644389253
159 0.00111718274523
160 0.0039602084137
161 0.0183576866875
162 0.000176994197758
163 0.00126047665521
164 0.000902514880779
165 0.000265470941302
166 0.000497357638339
167 0.00280225302238
168 0.00185073701883
169 0.00170479265335
170 0.000567974765563
171 0.000211186098675
172 0.000483458375007
173 0.000326293060243
174 0.000500030401848
175 0.00246733746611
176 0.161685238907
177 0.00664128144448
178 0.00157331611658
179 0.00579819135785
180 0.0089019993427
181 0.000980092615764
182 0.000637359619141
183 0.00162696706072
184 0.00137589890438
185 0.000514655748828
186 0.0015818459096
187 0.00210999909689
188 0.000876589297286
189 0.000899119275708
190 0.00610428705009
191 0.000245153020349
192 0.000286266431651
193 0.000285121916019
194 0.000889440771061
195 0.0013080947984
196 0.000413889369806
197 0.00211686393793
198 0.000781318896235
199 0.000251813865637
200 0.0846236105653
201 0.000277704523543
202 0.0180689677647
203 0.00330216344773
204 0.00112509282714
205 0.00129621161775
206 0.0014019973677
207 0.000890277578527
208 0.000526486915383
209 0.00292678256135
210 0.000926052294802
211 0.00333643299414
212 0.00246521109273
213 0.00337402025872
214 0.00202848496044
215 0.323199531849
216 0.00110658980914
217 0.000354107648725
218 0.000523166218697
219 0.000378723144531
220 0.000394301616132
221 0.000615712403962
222 0.00242792224884
223 0.000889440771061
224 0.00048009797555
225 0.000781318896235
226 0.000205179335556
227 0.000374416509312
228 0.000219072859697
229 0.00165649331298
230 0.00037871548203
231 0.00180867685971
232 0.0145123263732
233 0.000580301477303
234 0.000493203230932
235 0.00194355365548
236 0.00100888380573
237 0.00136541343759
238 0.000777360164197
239 0.00114573621454
240 0.00030422144434
241 0.00507292560814
242 0.00108881852268
243 0.00335854256941
244 0.00236556046534
245 0.00431526428061
246 0.110284260844
247 0.0621947984876
248 0.000780914789657
249 0.000494095139137
250 0.0258590695444
251 0.0048770520583
252 0.000678499660999
253 0.000564834341928
254 0.00108483747109
255 0.00110991210557
256 0.000582514919561
257 0.000438965225712
258 0.00533334870439
259 0.00246733746611
260 0.000715895868889
261 0.210979534463
262 0.00163905788105
263 0.00069966274744
264 0.00290290673287
265 0.000528376577941
266 0.00246336109806
267 0.00106801360997
268 0.0023273872214
269 0.0005408475525
270 0.00100075887882
271 0.00893739848881
272 0.0789666984936
273 0.0638393421507
274 0.000848990898713
275 0.000285121916019
276 0.00066553230269
277 0.000237142214
278 0.000493213097168
279 0.00204883756603
280 0.0032000015605
281 0.000779085872576
282 0.000889440771061
283 0.000781318896235
284 0.000400374433748
285 0.000603027420997
286 0.000251453469812
287 0.00125831341108
288 0.00782930763412
289 0.0969846521053
290 0.000776390073709
291 0.000605544370544
292 0.000132932203729
293 0.0016575050664
294 0.00128412207531
295 8.05436895493e-05
296 8.66563512852e-05
297 0.00106912962454
298 0.000951486620108
299 0.000833435690726
300 0.00413414807313
301 0.00424533420139
302 0.000749399690546
303 0.00723070133372
304 0.0104763940146
305 0.000891686585758
306 0.000493827160494
307 0.0029246464
308 0.0016426292741
309 0.000240992487394
310 0.00108682526265
311 0.000817623831211
312 0.000534845848869
313 0.00268116169709
314 0.000428577766356
315 0.00131964675012
316 0.000427589877682
317 0.03223846715
318 0.00674327101212
319 0.192157476832
320 0.00663518959921
321 0.000768987111699
322 0.000558352778899
323 0.00488595330926
324 0.00355762775019
325 0.000204812452597
326 0.00580521613285
327 0.0228059732728
328 0.0059527223225
329 0.000320644061155
330 0.00246757203191
331 0.00190586444167
332 0.000164893630726
333 0.00129570316157
334 0.000918273645546
335 0.000880812359102
336 0.000514505874001
337 0.000257087762175
338 0.00103501067355
339 0.00305193816867
340 0.00167853267861
341 0.203913734018
342 0.0024785342913
343 0.000548217894885
344 0.000138204987149
345 0.000154075693295
346 0.00154614701892
347 0.00757094221484
348 0.00200524328204
349 0.00409027820281
350 0.000285693011933
351 0.000879871642255
352 0.000751753656823
353 0.00664171154868
354 0.00273304019684
355 0.000506469135802
356 0.00233515788818
357 0.00180300375417
358 0.00213097048646
359 0.000297444483217
360 0.000514655748828
361 0.00196807780965
362 0.00195282442675
363 0.000776390073709
364 0.00103501067355
365 0.00020859034256
366 0.0010683859491
367 0.0174218934911
368 0.0200805843195
369 0.000442840299743
370 0.00107890398753
371 0.00167836697537
372 0.0017267325047
373 0.000519357924031
374 0.000183347219189
375 0.000257340164847
376 0.000856137224326
377 0.000213679202513
378 0.00185740684057
379 0.00179050295161
380 0.000376161360585
381 0.00121535384675
382 0.00103183088349
383 0.00832928434246
384 0.00691268403507
385 0.00363025993036
386 0.00190384964583
387 0.000514505874001
388 0.00154468559346
389 0.000241304552738
390 0.00106543158785
391 0.00011690891339
392 0.00563777334488
393 0.0122734485798
394 0.00977794052642
395 0.00204009669499
396 0.00788477293507
397 0.00637756235623
398 0.000421968232398
399 0.000805713935218
400 0.00172479912345
401 0.0134521344588
402 0.000895059930809
403 0.00111460475614
404 0.191778390068
405 0.038649869188
406 0.000248979766504
407 0.00168127317663
408 0.00451453788279
409 0.000421736480433
410 0.00165914370229
411 0.00108338375147
412 0.00263406835587
413 0.000231528730493
414 0.000901501877086
415 0.000125906932818
416 0.00169826207616
417 0.000941301247361
418 0.00106550435826
419 0.000251963602376
420 0.00389062441191
421 0.0105513947958
422 0.0735271760121
423 0.112824463688
424 0.000764509758118
425 0.00233447334356
426 0.000456416077034
427 0.000346592194333
428 0.000203717688664
429 0.000995482690046
430 0.000359002770083
431 0.000812882118712
432 0.0732206826291
