1 0.000233200153758
2 0.01235432815
3 0.0012887294715
4 7.97193877551e-05
5 0.000497583884803
6 0.000463677025582
7 0.0010294832566
8 0.0022809635324
9 0.000405169574812
10 0.000840281795123
11 0.0034922315752
12 0.000597399740462
13 0.0189042665656
14 0.00103848735452
15 0.0216338965793
16 0.000251172211103
17 0.00385899345976
18 0.000367507741314
19 0.00124715504422
20 0.00189958377345
21 0.00174203134931
22 0.0295742463804
23 0.000699826195265
24 0.00753165892817
25 0.00809295666704
26 0.0122579179723
27 0.00475430223486
28 0.00345440565729
29 0.000236686390533
30 0.00033167202066
31 0.000251574086491
32 0.000569059204009
33 0.00202718844876
34 0.000393675988914
35 0.000817623831211
36 0.000941030678906
37 0.000228269582811
38 0.00184102612862
39 0.00123355145747
40 0.00497389469055
41 0.0533683953363
42 0.00356875592799
43 0.000167559015103
44 0.000233086649962
45 0.00190496151563
46 0.00230552406148
47 0.00138565601011
48 0.0140219381688
49 0.001352886775
50 0.00120921519425
51 0.000771489674104
52 0.00154156907462
53 0.00205692324451
54 0.000244508356817
55 0.000450560697757
56 0.000569969698736
57 0.000348593161662
58 0.00228454014427
59 0.000615118732678
60 0.000548822398968
61 0.000399869461219
62 0.0235207104215
63 0.0464362640006
64 0.220508203536
65 0.00241599084307
66 0.00237738178315
67 0.00058570559719
68 0.000754774461924
69 0.000968772887998
70 0.00277603173925
71 0.00293405011647
72 0.00298751190319
73 0.00270298628512
74 0.000673278952524
75 0.00153308458669
76 0.0557146848989
77 0.000308219448302
78 0.0021940484302
79 0.00195130432893
80 0.000279338458703
81 0.0007037028397
82 0.00216950512513
83 0.00160523731237
84 0.000817623831211
85 0.000514655748828
86 0.000267596834652
87 0.00021826447345
88 0.000704333283748
89 0.000355774022581
90 0.00627937333617
91 0.000432257953914
92 0.00106309591177
93 0.00295518746737
94 0.006016858184
95 0.000198373338623
96 0.000133072110009
97 0.0107772550991
98 0.000979962192817
99 0.000555711605616
100 0.00186052494545
101 0.00323776622336
102 0.168098533558
103 0.0156954431843
104 0.000451878218098
105 0.00133317489966
106 0.00212524801478
107 0.000681825634746
108 0.000164365548981
109 0.000523570314944
110 0.00173316230296
111 0.000485939956141
112 0.00214091901691
113 0.00151474908853
114 0.00243114332587
115 0.00116529278318
116 0.000263535166133
117 0.00218340495868
118 0.016546098603
119 0.000637930286689
120 0.0131583966713
121 5.78782684251e-05
122 0.00183755493935
123 0.000458921395209
124 0.000372953716954
125 0.000933841142841
126 0.00301933564336
127 0.00297007918614
128 0.00018765246763
129 0.00152790029345
130 0.000330578512397
131 0.000839387488385
132 0.000339907414659
133 0.00404616798156
134 0.0153111742777
135 0.0315220568943
136 0.0320531986945
137 0.000997229916898
138 0.000497265832277
139 0.000193572778828
140 0.00655114800078
141 0.00206995428168
142 0.000236686390533
143 0.00110496389684
144 0.000534845848869
145 0.000280317910687
146 0.000833435690726
147 0.00113709688732
148 0.000873541989893
149 0.000342428039432
150 0.000469864186527
151 0.00101845562693
152 0.0045353661425
153 0.00145573008123
154 0.00377971008073
155 0.00258409507148
156 0.000205671077505
157 0.0196163265306
158 0.00401821501551
159 0.00346604516266
160 0.00153308458669
161 0.00145255198488
162 0.00335537765402
163 0.00214364842498
164 0.00237349715947
165 0.000345935869444
166 0.0057442442063
167 0.00446695166543
168 0.000741802186988
169 0.000204149071717
170 0.00179948289585
171 0.000417856443246
172 0.0010294832566
173 0.00121451912633
174 0.000664257625678
175 0.0013774046126
176 0.000348609044474
177 0.000464912451287
178 0.00420469571684
179 0.282827560124
180 0.0157164891695
181 0.00131601944115
182 0.018437841798
183 0.286339607397
184 0.0102264747191
185 0.00301416776131
186 0.000430433360307
187 0.000405640296579
188 0.000728330578512
189 0.00932509348118
190 0.00382545266997
191 0.000989138835379
192 0.000465073758812
193 0.000940305134821
194 0.000534324477087
195 0.000348593161662
196 0.000204149071717
197 0.00133915548984
198 0.0042192681843
199 0.000379776506597
200 0.000347036364969
201 0.000793493354493
202 0.000415813970817
203 0.000617752234249
204 0.000300181281352
205 0.00425958960708
206 0.0218490461624
207 0.000330578512397
208 0.00157722348199
209 0.000671331428912
210 0.00357851163784
211 0.000685487603306
212 0.000953653316835
213 0.000366432228213
214 0.00306117307175
215 0.00190165916447
216 0.00125167798355
217 0.00482178879715
218 0.000236686390533
219 0.0136623218502
220 0.000458868924751
221 0.00269925893911
222 0.00940029688527
223 0.000244379057074
224 0.00176299243184
225 0.000219072859697
226 0.00155184192143
227 0.000411773697082
228 0.000561532759821
229 0.00339746716169
230 0.0270542979571
231 0.00297327966242
232 0.0577849073753
233 0.0245366829736
234 0.000375812893255
235 0.00277314362703
236 0.00109846374004
237 0.00161004707108
238 0.00112356043819
239 0.00414580389798
240 0.000370963031902
241 0.00319059540274
242 0.260634370314
243 0.000754096764936
244 0.0122651209548
245 0.00121545625529
246 0.000413091372913
247 0.00160523731237
248 0.00106719016077
249 0.00183780614475
250 0.000458778224224
251 0.000276623977248
252 0.0072554408551
253 0.000485084804602
254 0.0151956846439
255 0.00985655464208
256 0.00147135658636
257 0.00218499519758
258 0.000339907414659
259 0.000260813609765
260 0.00217494214876
261 0.000931887074875
262 0.00144698124751
263 0.000549869252553
264 0.000374365550071
265 0.00148106953759
266 0.000347591623153
267 0.00068793353052
268 0.000319387755102
269 0.0294827334673
270 0.101567693873
271 0.0923052633116
272 0.00553199346264
273 0.00228530636526
274 0.000249531700131
275 0.000268172431173
276 0.000115310121166
277 0.121690867457
278 0.000228269582811
279 0.0011698816119
280 0.000450560697757
281 0.0010294832566
282 0.000450560697757
283 0.000465073758812
284 0.000546466520492
285 0.000462879301815
286 0.151163129664
287 0.0013134543489
288 0.155049739284
289 0.000546466520492
290 0.000383959415599
291 0.000547309833024
292 0.00202044012751
293 0.00749791453404
294 0.000497908387026
295 0.00151035826624
296 0.00138513469484
297 0.0007053758669
298 0.000243664485425
299 0.00108263391539
300 0.000430104647641
301 0.00133036464925
302 0.00202848496044
303 0.00106885212031
304 0.000171153999154
305 0.00368006109476
306 0.00184749153586
307 0.000203354717353
308 0.000255513601815
309 0.00107497984413
310 0.026299959083
311 0.00281170091583
312 0.000735110370679
313 0.00468588162459
314 0.058908893115
315 0.000690500293036
316 0.000532740567258
317 0.00336390365789
318 0.00177170318071
319 0.000541840489096
320 0.000699557781448
321 0.00537265974069
322 0.00177411827612
323 0.0562694729894
324 0.0367971640516
325 0.00570793726995
326 0.000740152475836
327 0.00018765246763
328 0.000891233870253
329 0.000949990617377
330 0.000189922109679
331 0.000821452587285
332 0.0010294832566
333 0.000220703163728
334 0.000417856443246
335 0.000272079923478
336 0.00018573928589
337 0.00428154935444
338 0.00410904671355
339 0.235049981207
340 0.0039370682285
341 0.00205742527976
342 0.000276623977248
343 0.000413786437206
344 0.00128776173478
345 0.000597490793616
346 0.00352120755421
347 0.000312202750886
348 0.000458024321735
349 0.0049891142884
350 0.00195082297971
351 0.00188700895327
352 0.0144996217728
353 0.000135404958678
354 0.0223488446812
355 0.0153572243239
356 0.00397686146379
357 0.000541840489096
358 0.00509001479619
359 0.00133915548984
360 0.000474729011942
361 6.93160220134e-05
362 0.000575907998473
363 0.000557137771449
364 0.00436588921283
365 0.000664257625678
366 0.00147878081274
367 0.0135856182267
368 0.00173385056502
369 0.00106719016077
370 0.000415541915927
371 0.00181550094518
372 0.00115475184157
373 0.001225
374 0.000705460217002
375 0.00243114332587
376 0.000414419306382
377 0.00199711552407
378 0.00808086238117
379 0.000224438552932
380 0.00117104483222
381 0.000259912732696
382 0.00116370529651
383 0.000615118732678
384 0.00115343538626
385 0.00100603543636
386 0.00151474908853
387 0.000538826083321
388 0.000607375998849
389 0.000365663876744
390 0.00218446395634
391 0.0220666123387
392 0.00124032367166
393 0.00786004853881
394 0.142435123563
395 0.0471473861018
396 0.000355523732452
397 0.00103512394111
398 0.00114197384067
399 0.00905005017644
400 0.000454010719839
401 0.000395169104763
402 0.00316510963633
403 0.00643622045683
404 0.000371774558624
405 0.00860067893035
406 0.00441081880411
407 0.000571565635084
408 0.0004581359073
409 0.00051841234767
410 0.00268972058786
411 0.000394301616132
412 0.000722842780022
413 0.000117159687611
414 0.000556247775009
415 0.000203354717353
416 0.000251952632905
417 0.000519241807426
418 0.000461255675442
419 0.00408409556424
420 0.000332995897491
421 0.000483372530262
422 0.000223944901805
423 0.00220454199224
424 0.00142181417634
425 0.000882294073516
426 0.000443586764507
427 0.00624129512641
428 0.0173441815889
429 0.000212744520042
430 0.00306117307175
431 0.00202848496044
432 0.00556537957416
