1 0.000729966104606
2 0.000409302014768
3 0.00206228779093
4 0.000502886695156
5 0.000524124837312
6 0.000557590287179
7 0.000748330115206
8 0.000243263513577
9 0.00101675687507
10 0.00045115636791
11 0.000547176909134
12 0.000685496246881
13 0.0299111111111
14 0.00110174350698
15 0.0240250965205
16 0.00287310365339
17 0.00113743155471
18 0.0148964137191
19 8.80740169689e-05
20 0.000221937864334
21 0.0100978129203
22 0.000222766763199
23 0.000688185045923
24 0.000219522278522
25 0.00142584026288
26 0.000154075693295
27 0.0101429257124
28 0.0016189748552
29 0.0822270281571
30 0.0116879305372
31 0.000794736587134
32 0.000544500838837
33 0.00245597947317
34 0.000139146448201
35 0.00173316230296
36 0.000407134030477
37 0.000197011901373
38 0.000476656037085
39 0.00511821609929
40 0.00778640277435
41 0.25889936494
42 0.00132381796081
43 0.000990112911515
44 0.000990268472786
45 0.00112356043819
46 0.00295367979594
47 0.00224135919158
48 9.05505379355e-05
49 0.00201431657476
50 0.000232642463974
51 0.0016686735
52 0.000750390625
53 0.000426922393655
54 0.00037374289049
55 0.00104419119776
56 0.00530467676217
57 0.0151512177681
58 0.00164022210916
59 0.00168612036136
60 0.000238978739294
61 0.0579203368203
62 0.000536830432874
63 0.000136528997272
64 0.000789637928139
65 0.000197011901373
66 0.000536830432874
67 0.000553932179618
68 0.000557590287179
69 0.000632012620211
70 0.00936298017188
71 0.000550848385462
72 0.000651578004618
73 0.000949412737149
74 0.000592623372655
75 0.000121257535374
76 0.00709701732586
77 0.000685207795785
78 0.00503887097241
79 0.00165371792897
80 0.0329419210321
81 0.012792335046
82 0.000536830432874
83 0.000408930375935
84 0.00156404609148
85 0.00266819358213
86 0.00157723952326
87 0.000224438552932
88 5.84698652811e-05
89 0.00045115636791
90 0.000541840489096
91 0.0454660793474
92 0.000775997784156
93 0.157614936377
94 0.000995147485577
95 0.000583444187729
96 0.00100720575607
97 0.00135360680062
98 0.00489803902391
99 0.000278357386964
100 0.000886660356058
101 0.003189473235
102 0.000720688257286
103 0.0102116930855
104 0.00929302557886
105 0.00148277242877
106 0.000493827160494
107 0.00025163733571
108 0.00166458564574
109 0.000936239694686
110 0.000411763815959
111 0.000539516875684
112 0.000780610055485
113 0.000332025771575
114 0.00317518169267
115 0.00129342014642
116 0.00319138439908
117 0.00312701011793
118 0.01347010227
119 0.000211570247934
120 0.143332990843
121 0.00237588997505
122 0.00412370099971
123 0.000748330115206
124 0.00132329590517
125 0.000997886313073
126 0.000526891675785
127 0.00573860854838
128 0.000289399822255
129 0.0235378009198
130 0.0191067339751
131 0.163702175258
132 0.00160825969639
133 0.0174459143896
134 0.00237953599048
135 0.0109050885365
136 0.00615928823049
137 0.000877914951989
138 0.000557590287179
139 0.000581375465955
140 0.000287883371249
141 0.000197093955476
142 0.000162870807922
143 0.000563905848609
144 0.00120743702594
145 0.0141589344787
146 0.00178042641766
147 0.000258631706934
148 0.000794736587134
149 0.00245987746658
150 0.000270375314734
151 0.000367557115435
152 0.000616781176248
153 0.00202458679794
154 0.00213756630741
155 0.000577847633136
156 0.00131037448046
157 0.311499661636
158 0.0147142852411
159 0.000115069730836
160 0.000369242599
161 0.00167853267861
162 0.00133804815397
163 0.000399361022364
164 0.00843226488105
165 0.000526049995792
166 0.000588107925603
167 0.00172436081586
168 0.000244140625
169 0.0009172156911
170 0.00968215018557
171 0.00685626191732
172 0.0104161012163
173 0.0464086018843
174 0.000515072141507
175 0.00112356043819
176 0.000721800430522
177 0.00355100582934
178 0.000183300740288
179 0.0880680855268
180 0.000758096493935
181 0.000400094625315
182 0.00092811021231
183 0.00986849881997
184 0.0956028877132
185 0.0035657825239
186 0.019239137161
187 0.00141663393577
188 0.000541840489096
189 0.000142027521778
190 0.000541840489096
191 0.00286350264538
192 0.000944927520184
193 0.00153227748756
194 0.00144506148282
195 0.000447347551112
196 0.000215520133103
197 0.00106857303654
198 0.000552604402445
199 0.00051652892562
200 0.031345895185
201 0.00801828843166
202 0.000710611731838
203 0.00277029137333
204 0.0015455289103
205 0.00361218472723
206 0.00646018131628
207 0.018617353296
208 0.000775458865132
209 0.00144506148282
210 0.0108922279011
211 0.000632064247472
212 0.00213530738052
213 0.00375494100827
214 0.0228834116926
215 0.00721385027372
216 0.00120982986767
217 0.000447347551112
218 0.0139416254479
219 0.000376161360585
220 0.00963040579785
221 0.00138703374759
222 0.000298076310069
223 0.00153227748756
224 0.000909769394151
225 0.00477018098248
226 0.00753636341118
227 0.00859264071597
228 0.114378477576
229 0.00129541836263
230 0.000882266444466
231 0.000906030133891
232 0.00210999909689
233 0.003937890625
234 0.000886660356058
235 0.000705831068086
236 0.000442586334113
237 0.000822483385773
238 0.000913941150312
239 0.000482609085097
240 0.00418726369397
241 0.00248036850687
242 0.0392013403903
243 0.00235236988232
244 0.00104889110294
245 0.00277464478653
246 0.000864257366391
247 0.00101371277688
248 0.000423377195211
249 0.000336093606008
250 0.000236686390533
251 0.000462705970928
252 0.00023118353008
253 0.00173316230296
254 0.000221937864334
255 0.0032876258505
256 0.00219719882608
257 0.000200873524151
258 0.000598380358935
259 0.283249022324
260 0.000500030401848
261 0.00327562010194
262 0.000640022440293
263 0.00902292869028
264 0.000407134030477
265 0.00144828254189
266 0.000553112519016
267 0.00141437094226
268 0.000768117462787
269 8.40936439076e-05
270 0.000752900059488
271 0.00637639068664
272 0.000506611800953
273 0.00151359117674
274 0.000376161360585
275 0.000557820982374
276 0.000409302014768
277 0.000234876176216
278 0.00170471476372
279 0.000234876176216
280 0.00240214249916
281 0.0307133581436
282 0.0375262646121
283 0.00128553382137
284 0.000433305301369
285 0.000906030133891
286 0.00285477335858
287 0.00384547669516
288 0.000463633044296
289 0.00490325783315
290 0.00486396581238
291 0.00213530738052
292 0.0112995634453
293 0.00201347797502
294 0.000436920091166
295 0.000569149714042
296 0.000542707433878
297 0.00101413498128
298 0.00172436081586
299 0.000423377195211
300 0.000882266444466
301 0.009087596249
302 0.00472349899454
303 0.00240440878694
304 0.00178202300326
305 0.00219721083022
306 0.00255156548136
307 0.000232642463974
308 0.000594938307704
309 0.000962657017259
310 0.289314694127
311 0.00144914934095
312 0.0116354556804
313 0.00173316230296
314 0.000892131967015
315 0.00029471900385
316 0.00190568309474
317 0.000258770131591
318 0.00310747406751
319 0.000808512360672
320 0.00222873061599
321 0.000795349809809
322 0.00222040816327
323 0.000350150689528
324 0.0101163695926
325 0.000383877394711
326 0.000757077827453
327 0.000877914951989
328 0.00090754713678
329 0.00293173691097
330 0.000427589877682
331 0.000398723065459
332 0.00570189583485
333 0.000363669318858
334 0.000930767020971
335 0.000424054598723
336 0.00323714860729
337 0.00214091901691
338 0.00437837971928
339 0.0194124154791
340 0.00221768577413
341 0.00018113562286
342 0.000665019170614
343 0.00323714860729
344 0.00127359381286
345 0.000501849213673
346 0.000898501872919
347 0.0209001540177
348 0.00110944029494
349 0.000892131967015
350 0.00646914146365
351 0.00122004632828
352 0.0025431653552
353 0.000221427154213
354 0.0103893996755
355 0.000936239694686
356 0.00987087614927
357 0.000263877753248
358 0.000909067952829
359 0.00151359117674
360 0.00316282690009
361 0.00108682526265
362 0.000887334514166
363 0.00144506148282
364 0.000927619881986
365 0.000989382092005
366 0.0893943831996
367 0.00038167850238
368 0.00112717284348
369 0.0319055633136
370 0.00624544852061
371 0.00127094104228
372 0.00567562031235
373 0.000655166648229
374 0.00116109379992
375 0.00334510699492
376 0.000500926112196
377 0.00221985946746
378 0.000683057229233
379 0.0884748524173
380 0.003305859669
381 0.000573428164589
382 0.000427999125471
383 0.000581589331457
384 0.000289108405488
385 0.000363088377454
386 0.00021746055342
387 0.000409302014768
388 0.000398723065459
389 0.000729843637772
390 0.000654661508176
391 0.00199158109033
392 0.000228177607503
393 0.000567974765563
394 0.000447347551112
395 0.000390761608622
396 0.0783166654738
397 0.0032590603608
398 0.00080316018948
399 0.0251000357658
400 0.000827430105442
401 0.00246937776336
402 0.0041482671844
403 0.00243088925321
404 0.00054794568587
405 0.000935517844498
406 0.00150213344298
407 0.558798818446
408 0.00137052385694
409 0.000752900059488
410 0.00193222200396
411 0.000443785122977
412 0.000400326730638
413 0.000948618643309
414 0.000376161360585
415 0.00422879932245
416 0.00256767002927
417 0.000573428164589
418 0.000298980973183
419 0.000221101504854
420 0.252108668839
421 0.000447347551112
422 0.000313508174278
423 0.264002964992
424 0.00031806753518
425 0.00130617041291
426 0.228921800536
427 0.00166733332211
428 0.000321799292911
429 0.00362198048701
430 0.000828844478259
431 0.00994864835685
432 0.00177956453009
