1 0.00297010149307
2 0.00116750906387
3 0.00114477924134
4 0.00256628983267
5 0.000458921395209
6 0.00164537249802
7 0.00204935407615
8 0.00289245109809
9 0.000543498536539
10 0.000994238664898
11 0.000439241277923
12 0.00260794530185
13 0.00803088275388
14 0.00184102612862
15 0.000351652201473
16 0.000286666106772
17 0.000896113653439
18 0.00126450617284
19 0.000956079607692
20 0.000436882240408
21 9.57834335115e-05
22 0.0171712404661
23 0.0084034532334
24 0.00916082270188
25 0.0113453494008
26 0.00647935968681
27 0.0228642478273
28 0.000202271604938
29 0.000235342597468
30 0.000446340011902
31 0.00435957961532
32 0.00122160429824
33 0.00146316701006
34 0.0023781036137
35 0.000455791505651
36 0.000606663592904
37 0.00011734888695
38 0.00046208363492
39 0.000969128642854
40 0.000444397917084
41 0.00175096864811
42 0.00959533461633
43 0.000564083790643
44 0.000488353038744
45 0.000552073322404
46 0.00493700573357
47 0.00164059831979
48 0.000947734905684
49 0.00100567143797
50 0.000293489337653
51 0.000660280894497
52 0.00147610064434
53 0.0314502915662
54 0.0462895719953
55 0.0664306970751
56 0.00616454543863
57 0.00023871109091
58 0.000586982898743
59 0.000486878052239
60 0.000573246949475
61 0.00177661915954
62 0.001875257526
63 0.00228977203369
64 0.00687551738268
65 0.000363642499277
66 0.000737332761388
67 0.00101137484548
68 0.000461290017832
69 0.0303549792752
70 0.00120027572864
71 0.000152180852676
72 0.245862250621
73 0.000713924604353
74 0.00127232932671
75 0.000221159608125
76 0.000236977965978
77 0.000756676142062
78 0.00018573928589
79 0.000470006184292
80 0.0166620397812
81 0.000921690474765
82 0.000480500740241
83 0.0256440746585
84 0.000452651648895
85 0.23165072079
86 0.000469748861965
87 0.000594078740186
88 0.000589122443209
89 0.00236150243674
90 0.000537826869658
91 0.000870267760476
92 0.000699868424736
93 0.000454797166974
94 0.00100095586777
95 0.00710914562891
96 0.114339957099
97 0.00110007705388
98 0.0125253082155
99 0.00211228651083
100 0.00581827998843
101 0.00131416320801
102 0.00116660485581
103 0.00180125958991
104 0.0012473720926
105 0.000956530980976
106 0.00100074369291
107 0.000140445054774
108 0.00159109354438
109 0.0106730415452
110 0.00033167202066
111 9.77874071211e-05
112 0.000493827160494
113 0.000284182751789
114 0.000574528266331
115 0.00581176425381
116 0.000550003696025
117 0.000469748861965
118 0.000594078740186
119 0.00463385354142
120 0.00043987320391
121 0.00116088714333
122 0.00055295663972
123 0.000554154652594
124 0.189121710967
125 0.000641591631819
126 0.00172821478547
127 0.000616102922651
128 0.00160770773674
129 0.0105362734235
130 0.00608970935371
131 0.00430083947642
132 0.00125797762625
133 0.00105444735092
134 0.00201347797502
135 0.0249897170519
136 0.00829830550169
137 0.0087506324844
138 0.00183755493935
139 0.00259645421721
140 0.000529932270416
141 0.000160649743525
142 0.000269827154411
143 0.00105115231546
144 0.000616166188823
145 0.00247100534824
146 0.00046208363492
147 0.000642483706365
148 0.00345870642292
149 0.000733006718492
150 0.000790864549979
151 0.110587114785
152 0.00184255967808
153 0.0775685213127
154 0.000227868393147
155 0.00147574035617
156 0.003954925543
157 0.00488010795885
158 0.000999074205747
159 0.0007546309145
160 0.0109560769148
161 0.00108285512802
162 0.0239366619994
163 0.296349917322
164 0.0139582404558
165 0.00038858295997
166 0.00143255056237
167 0.000563667863446
168 0.000790571372582
169 0.00283696893216
170 0.00237882853478
171 0.000589122443209
172 0.00175096864811
173 0.000226537838525
174 0.00325109622128
175 0.000572331219523
176 0.00559755909455
177 0.0851217583155
178 0.000873867601518
179 0.0203612568103
180 0.00703867505968
181 0.00707209077624
182 0.000467293760241
183 0.00243548809928
184 0.00174203134931
185 0.000198073535344
186 0.00287190361075
187 0.00216963402257
188 0.000528957682539
189 0.00109171645927
190 0.137146696929
191 0.00344031238436
192 0.00299415690962
193 0.00109171645927
194 0.000145645977558
195 0.000434027777778
196 0.0032097181829
197 0.00105115231546
198 0.002149923607
199 0.00233033564093
200 0.00038087437788
201 0.000752253283973
202 0.0192790646549
203 0.00211686393793
204 0.0151174198217
205 0.00180322804517
206 0.00243468016463
207 0.0101737004682
208 0.00262356130375
209 0.000373608123024
210 0.000946758743595
211 0.00438203263383
212 0.00117431297768
213 0.000600513602209
214 0.0687436993727
215 0.000682426906619
216 0.000192076830732
217 0.00020020425508
218 0.00261619512255
219 0.000460313213023
220 0.000623751872503
221 0.000525086093116
222 0.00033629410341
223 0.00112381155523
224 0.00576538680845
225 0.000518397608028
226 0.000211889328334
227 0.00300897823376
228 0.0112823729122
229 0.0327973385036
230 0.0128479349156
231 0.0013884352626
232 0.00058859181651
233 0.00380314095373
234 0.00428034172626
235 0.000971496036431
236 0.392058662927
237 0.00160900113107
238 0.000999667636276
239 0.000109216834239
240 0.000228517467724
241 0.0100572939556
242 0.0067108400803
243 0.000809801836727
244 0.00777596966942
245 0.00160786850751
246 0.00102421964139
247 0.000233532109297
248 0.00105911594494
249 0.00109229313995
250 0.000589122443209
251 0.000266313992417
252 0.00102479012346
253 0.000535578809461
254 0.0075808847096
255 0.00719286202811
256 0.042896608975
257 0.000177481851441
258 0.000552910223336
259 0.00257575329301
260 0.00370602349992
261 0.000256596258066
262 0.00134083412916
263 0.00240882231172
264 0.00118225630331
265 0.000822087891366
266 0.000416493127863
267 0.00105716174445
268 0.00454110038455
269 0.00432100534915
270 0.00687287124028
271 0.192651167446
272 0.00046208363492
273 0.0262063379617
274 0.00106140332917
275 0.0189724593678
276 0.000403058234323
277 0.000375578390722
278 0.0032097181829
279 0.00175096864811
280 0.000217060257963
281 0.00189708641975
282 0.000687486108378
283 0.000923381829647
284 0.00202798654676
285 0.00106140332917
286 0.00246904054628
287 0.000439262532345
288 0.000821345519442
289 0.0462873178541
290 0.00125797762625
291 0.00637165009022
292 0.00207380356822
293 0.000511350723467
294 0.00236590448001
295 0.00105911594494
296 0.00301046261383
297 0.000337233020394
298 0.00114263043047
299 0.0160480144464
300 0.0543108595579
301 0.0507412943328
302 0.000524968776233
303 0.001024
304 0.000539828084189
305 0.000269827154411
306 0.00148463837855
307 0.00249609832287
308 0.000870267760476
309 0.00011734888695
310 0.000295187804593
311 0.000550003696025
312 0.00511584235489
313 0.00201602991136
314 0.0004
315 0.00528337505763
316 0.00564841721469
317 0.00186969516057
318 0.000525926230865
319 0.00281621191995
320 0.000622194180883
321 0.000552910223336
322 0.453091154703
323 0.0276109708707
324 0.000230878356868
325 0.00178126166148
326 0.00111938751537
327 0.000208358922681
328 0.000192316902336
329 0.000469748861965
330 0.00148463837855
331 0.000286666106772
332 0.000189269456863
333 0.00119134181306
334 0.00390974010958
335 0.000180172064321
336 0.000546466520492
337 0.000537051432089
338 0.593878482764
339 0.00163720805907
340 0.121890013597
341 0.0152500965247
342 0.00426793879934
343 0.00237283610235
344 0.000943626376036
345 0.00113102721861
346 0.00233952304647
347 0.000439262532345
348 0.000522944388693
349 0.00110879087128
350 0.00050453312926
351 0.00409417450804
352 0.00089725895024
353 0.000208150219411
354 0.0138120111371
355 0.0217926594174
356 0.00036814520682
357 0.00050453312926
358 0.00116972355022
359 0.00168374275921
360 0.00557658326805
361 0.000199425250197
362 0.000181484358449
363 0.00046208363492
364 0.00043987320391
365 0.000590171928058
366 0.000546112226129
367 0.000947734905684
368 0.000192901234568
369 0.000966634560341
370 0.000858560394843
371 0.00119685206015
372 0.00149542264127
373 0.00449826164679
374 0.00203353739686
375 0.00108188298869
376 0.00248556424446
377 0.000888118942152
378 0.00232039078664
379 0.00192948250205
380 0.00365677567748
381 0.000432584627396
382 0.0955957617314
383 0.000469256573153
384 0.00141065485243
385 0.000286496306031
386 0.00146316701006
387 0.000870267760476
388 0.00195222139378
389 0.000172562088648
390 0.000912121075627
391 0.00411509698437
392 0.00056953153123
393 0.00024484299443
394 0.000529804014831
395 0.00437284464806
396 0.000279522060951
397 0.00163843799357
398 0.00500448122652
399 0.000589122443209
400 0.00025583623861
401 0.000111883342123
402 0.00411279948583
403 0.0031116997826
404 0.000574874119204
405 0.190410634544
406 0.00915229602265
407 0.00116660485581
408 0.000160393114542
409 0.0011867860168
410 0.000737332761388
411 0.00111938751537
412 0.00780381825219
413 0.000486878052239
414 0.000616166188823
415 0.000926488242356
416 0.000441353011793
417 0.000343444145816
418 0.0084880323901
419 0.00108285512802
420 0.00373670706823
421 0.000770415566675
422 0.000343444145816
423 0.00242201352666
424 0.196106278594
425 0.000564448395201
426 0.000334044140843
427 0.0246880688994
428 0.000551037051731
429 0.00321125054114
430 0.023158158248
431 0.0410398470573
432 0.00719666076936
