1 0.00155952771469
2 0.00283970962305
3 0.000296532875457
4 9.09192935003e-05
5 0.000540025595734
6 0.00247245200085
7 0.000494415032026
8 0.0154635023759
9 0.000192942451522
10 0.00208153442291
11 0.00252948865821
12 0.0720995321898
13 0.00821486491832
14 0.00107994931809
15 0.000714751389016
16 0.00362724646595
17 0.000457295550997
18 0.000411773697082
19 0.00152242733843
20 0.000683863066478
21 0.000482532850389
22 0.000644132459856
23 0.01610451184
24 0.000667005327505
25 0.00185073701883
26 0.0102013372315
27 0.000256060919305
28 0.000219072859697
29 0.000347120820021
30 0.00140040888482
31 0.00101518407929
32 0.000405169574812
33 0.000739314172014
34 0.000469748861965
35 0.000379096670257
36 0.00112978497164
37 0.000299368197197
38 0.234212448887
39 0.000698635719692
40 0.0232249498775
41 0.000438145719393
42 0.0027429477581
43 0.000446626402936
44 0.00305588585018
45 0.000418540612502
46 0.00101856043459
47 0.00103479920424
48 0.000403867826015
49 0.00122969976174
50 0.00147050398383
51 0.00261792147072
52 0.00135178424355
53 0.0208267336353
54 0.0142174344924
55 0.002819369917
56 0.00341416769804
57 0.0029708947496
58 0.000335439895879
59 0.000198100547205
60 0.00166458564574
61 0.00198539474103
62 0.000566893424036
63 0.00355153490235
64 0.00124627311912
65 0.00023629489603
66 0.00070696205117
67 0.00203496305944
68 0.0526848014865
69 0.000300494524778
70 0.00345335038817
71 0.0375753486826
72 0.00179879415796
73 0.000293094506634
74 0.430905375355
75 0.00266983700417
76 0.000437423414082
77 0.395451974266
78 0.000682979037957
79 0.00277368646225
80 0.00254680731352
81 0.000979058505372
82 0.00933255218185
83 0.0761375576935
84 0.000201983049142
85 0.00127336693972
86 0.000510833172168
87 0.00094674556213
88 0.000829734990662
89 0.001454708696
90 0.00240746291757
91 0.00247089351236
92 0.000177999288003
93 0.00099725678374
94 0.000460641871172
95 0.000769199202552
96 0.000572376882256
97 0.000604290510695
98 0.00577791578461
99 0.000758193340515
100 0.00102420230158
101 0.00420690266371
102 0.00167675492465
103 0.00113743155471
104 0.00210202657987
105 0.000317625156723
106 0.0013774046126
107 0.00234661531191
108 0.00173604576762
109 0.00301825105246
110 0.0197626929184
111 0.000307688649944
112 0.00112770237989
113 0.0368750896789
114 0.000763791267712
115 0.00108881852268
116 0.000340614482145
117 0.000456570969391
118 0.000581215132589
119 0.000453438137591
120 0.001454708696
121 0.000827162083816
122 0.00217876151294
123 0.013127117425
124 0.00418750804932
125 0.0186757149047
126 0.00381510330727
127 0.0120303100481
128 0.000715643129717
129 0.0049516345772
130 0.0021266059846
131 0.001476970396
132 0.00169946066339
133 0.000576615412451
134 0.000789781109972
135 0.000270682168908
136 0.000335644775945
137 0.000276999430384
138 0.00703867505968
139 0.000208903022484
140 0.00108965866043
141 0.00138764497041
142 0.00051361321151
143 7.29128034883e-05
144 0.000682506145715
145 0.00205466381301
146 0.000904794582236
147 0.000555711605616
148 0.00117641723356
149 0.001296
150 0.000683855324662
151 0.00255964005062
152 0.0143943189659
153 0.00106494700516
154 0.00113749942498
155 0.000220533926992
156 0.000211242889047
157 0.00481046396452
158 0.00319554055924
159 0.000450741823749
160 0.000407792024762
161 0.00048176203114
162 0.00264678818457
163 0.000298110979929
164 0.00738647593003
165 0.0025747453381
166 0.00533219559523
167 0.00200979534575
168 0.00183612279329
169 0.00100325810553
170 0.00233051720292
171 0.000990268472786
172 0.00021042093228
173 0.00033756669707
174 0.00216127952068
175 0.000243664485425
176 0.00659633476176
177 0.291372536921
178 0.00546305828449
179 0.000563498950416
180 0.00101934636085
181 0.000273212930491
182 0.000375988806051
183 0.009046346822
184 0.00101856043459
185 0.00097840061329
186 0.00422795889482
187 0.000791393462208
188 0.00019090743674
189 0.000340756345736
190 0.00378746903682
191 0.00410631907969
192 0.00160800368979
193 0.000523166218697
194 0.0209347433368
195 0.00259654710587
196 0.0241334903179
197 0.00214902855138
198 0.00218193185939
199 0.000675351506952
200 0.000491989839545
201 0.000336919232104
202 0.000255897142397
203 0.000467696746926
204 0.00104666356037
205 0.000221525148729
206 0.000637225270264
207 0.00324793694063
208 0.00118122859576
209 0.000847618792434
210 0.00598748434585
211 0.00631376973911
212 0.000668064618692
213 0.00288834696702
214 0.0010150314275
215 0.0219991030776
216 0.00180881005728
217 0.210279683438
218 0.00155714770992
219 0.0269131713418
220 0.000387786982249
221 0.000235525453518
222 0.00175396303601
223 0.000227313609467
224 0.000622082370232
225 0.00021042093228
226 0.000469748861965
227 0.00519980225054
228 0.000172103899861
229 0.00188779487953
230 0.00117775247387
231 0.000277704539659
232 0.00059776121687
233 0.00733735718992
234 0.00110458477233
235 0.00171416590055
236 0.000969815974426
237 0.00116233783356
238 0.00392439747848
239 0.000444397917084
240 0.0023193089763
241 0.000687343068356
242 0.000775189625379
243 0.0327421935504
244 0.00486026814072
245 0.0053764603741
246 0.0055411973131
247 0.0058191123018
248 0.000491203913284
249 0.000392429193216
250 0.000197329727955
251 0.00337988622474
252 0.00134001662244
253 0.00145506384949
254 0.00114263043047
255 0.00110905635221
256 0.00170330794326
257 0.000233106575964
258 0.00156120213657
259 0.0682402803322
260 0.00455054985762
261 0.00121068838524
262 0.0131642718878
263 0.00130937993076
264 0.000572179115021
265 0.0015465219038
266 0.000219928613055
267 0.00286273664455
268 0.00467386836124
269 0.000195608587217
270 0.000756355045664
271 0.000346004287132
272 0.00129203808857
273 0.000276623977248
274 0.000267646923524
275 0.0178478591627
276 0.00150755598866
277 0.000813741175052
278 0.0016729329071
279 0.00126442689496
280 0.000408451615475
281 0.000623751872503
282 0.000697674933558
283 0.00592489666185
284 0.00789307423436
285 0.227171692341
286 0.000674650025299
287 0.0658797135474
288 0.0114066544036
289 0.00431601605517
290 0.00115802950222
291 0.00160658155653
292 0.000756355045664
293 0.00168981690014
294 0.00258735041679
295 0.00185073701883
296 0.00260155848265
297 0.000346004287132
298 0.00048176203114
299 0.011846915637
300 0.0119672180343
301 0.00766633558483
302 0.000521256854528
303 0.00257182396066
304 0.000892669607225
305 0.00073988463048
306 0.000683032770827
307 0.000682506145715
308 0.000510833172168
309 0.000374578275945
310 0.000230440465346
311 0.0016036104306
312 0.00182226999785
313 0.00022685098309
314 0.0066782881976
315 0.0135492182723
316 0.00108087821355
317 0.000987035252551
318 0.0751586643552
319 0.000442178356188
320 0.000379096670257
321 0.00048176203114
322 0.000773604412048
323 0.000386390378458
324 0.000208903022484
325 0.000743034055728
326 0.0109630112433
327 0.000853078683545
328 0.00266486658852
329 0.00301488356466
330 0.523055577943
331 0.00201717073531
332 0.000261726309935
333 0.000629328167243
334 0.00083477400555
335 0.000231340623413
336 0.00233016204943
337 0.000867885814085
338 0.00217777777778
339 0.000276623977248
340 0.00606554672412
341 0.00186307012682
342 0.00105168015955
343 0.00200000644643
344 0.0156054954157
345 0.00204371717324
346 0.00107971488703
347 0.0155176826983
348 0.000521256854528
349 0.000229134239547
350 0.00201580450783
351 0.00162717405705
352 0.000621159763314
353 0.12948273929
354 0.0500506555655
355 0.0442436558498
356 0.000491203913284
357 0.000299351864393
358 0.00129965342575
359 0.000621159763314
360 0.000476726225663
361 0.000985095115646
362 0.0015439164529
363 0.00117431297768
364 0.00085385393827
365 8.10638818799e-05
366 0.0013774046126
367 0.0355567324319
368 0.000800003830519
369 0.0112218180988
370 0.00217568252937
371 0.000835853224824
372 0.00421504194308
373 0.00201428489935
374 0.0138835201867
375 0.00153290865111
376 0.0020830536594
377 0.000109789774026
378 0.00048176203114
379 0.000346004287132
380 0.000457239537172
381 0.730609008052
382 0.00112920517391
383 0.0015465219038
384 0.00700312932971
385 0.0010294832566
386 0.00312427299251
387 0.000551037051731
388 0.000469748861965
389 0.000696286700489
390 0.000998981747771
391 0.000852723530055
392 0.000244350185142
393 0.000540832882639
394 0.000491203913284
395 0.054243162081
396 0.0011720620641
397 0.0770313314446
398 0.00124674223773
399 0.00492166640725
400 0.00731297722711
401 0.000919821514881
402 0.00236062760219
403 0.000508826512431
404 0.00131250545332
405 0.00049054966013
406 0.00220692616297
407 0.00750492968474
408 0.000631656008884
409 0.00479289940828
410 0.000975074704488
411 0.000681262620895
412 0.000653434871885
413 0.00363711242604
414 0.00101856043459
415 0.000256486769973
416 0.00115999208771
417 0.00055940976452
418 0.000904794582236
419 0.000513722979199
420 0.00325735813937
421 0.000629712946622
422 0.00925213688349
423 0.0016924354174
424 0.000454942585678
425 0.000715643129717
426 0.0120804756232
427 0.00104746714504
428 0.000656526639734
429 0.00821540861563
430 0.00124627311912
431 0.00271166863905
432 0.00675022436988
