1 0.000161994770959
2 0.000320248574381
3 0.00340288234175
4 0.0116612466981
5 0.000164102458909
6 0.000500926112196
7 0.000332986472425
8 0.000760941667473
9 0.00269255281996
10 0.00184826100339
11 0.000464476813317
12 0.0148026484575
13 0.00744519154862
14 0.00586608504673
15 0.00109466704295
16 0.000159745062216
17 0.00174097736028
18 0.00065145729037
19 0.000232334862871
20 0.000961480680248
21 7.36095296169e-05
22 0.000662750314123
23 0.0209711942738
24 0.000403784275645
25 0.00246120132378
26 0.000514655748828
27 0.000637690031629
28 0.000476726225663
29 0.00414091665291
30 0.000501824231446
31 0.00264889950628
32 0.000261197836955
33 0.000683235555556
34 0.000383865134973
35 0.000439606809699
36 0.000218003044028
37 0.00506623713171
38 0.00108877778911
39 0.000214913580247
40 0.0121396078816
41 0.00303352579238
42 0.0429382115381
43 0.35860827496
44 0.00921461114341
45 0.000593526073777
46 0.00271357036272
47 0.000516520601195
48 0.00117835183863
49 0.0012311000614
50 0.000289176163236
51 0.000313925062823
52 0.00234634973207
53 0.00738409745685
54 0.000281969280663
55 0.00100347967782
56 0.000399360767182
57 0.00363220080276
58 0.208126361769
59 0.00287127146261
60 0.212657111094
61 0.00341541575308
62 0.000960149199504
63 0.000410897172502
64 0.0017098399473
65 0.000935517844498
66 0.000538428486478
67 0.000781466336885
68 0.00082944
69 0.028184536015
70 0.000931887074875
71 0.014968285512
72 0.00237540957041
73 0.00305588585018
74 0.00331236746149
75 0.492117990332
76 0.00165149927532
77 0.00150755598866
78 0.00140068601457
79 0.0224187779076
80 0.00391701101928
81 0.00562649616353
82 0.00624447936381
83 0.000362917631286
84 0.00658850929414
85 0.00791866612876
86 0.0835438521488
87 0.00022397818189
88 0.000600730488274
89 0.000531862285424
90 0.00416455111111
91 0.00094674556213
92 0.00103872038625
93 0.00184425458241
94 0.000567272199503
95 0.000891067052796
96 0.000935517844498
97 0.00143909585628
98 0.0162336725324
99 0.0109211258354
100 0.0181896099079
101 0.00050635126519
102 0.00029755010195
103 0.000205441928415
104 0.00184749153586
105 0.00051692748189
106 0.00119134181306
107 0.00712383134128
108 0.00191647324722
109 0.0148633188322
110 0.000891754604534
111 0.000678168402778
112 0.000249131522447
113 0.00062891456107
114 0.000485411527217
115 0.000306251993591
116 0.000940405260484
117 0.00284444444444
118 0.00116508444444
119 0.000195951009186
120 0.00167045170706
121 0.000222372374019
122 0.0388838721371
123 0.000556247775009
124 0.00200695834684
125 0.00327086506895
126 0.00118169829976
127 0.000743249012487
128 0.0823356634208
129 0.000301453151127
130 0.000316146983322
131 0.000552073322404
132 0.000619966065993
133 0.0137417952245
134 0.00234439688169
135 0.000947476075681
136 0.000195951009186
137 0.000196983687288
138 0.000569059204009
139 0.000330088403476
140 0.000940405260484
141 0.000720334659729
142 0.000830768698225
143 0.000627253880507
144 0.00040064076882
145 0.00082944
146 0.000499702558001
147 0.00328544555026
148 0.0316387758876
149 0.00810387697055
150 0.00330057469968
151 0.00992153366725
152 0.00398757960524
153 0.00130386451105
154 0.00729996595513
155 0.00089209208173
156 0.000321961544431
157 0.000263321387868
158 0.0135512747905
159 0.10878211919
160 0.0819979266139
161 0.00325490548241
162 0.0224498632544
163 0.00281621191995
164 0.00212483705305
165 0.00036864
166 0.0041891479603
167 0.000935517844498
168 0.00453468466936
169 0.00106801360997
170 0.000261197836955
171 0.000263321387868
172 0.000626251877503
173 0.00662398298817
174 0.436084688101
175 0.00285555555556
176 0.00119685206015
177 0.000365371545221
178 0.00171614847452
179 0.00552510065506
180 0.000959354687133
181 0.000870733673744
182 0.000776331360947
183 0.000739314172014
184 0.000281518850502
185 0.000921690474765
186 0.126310569485
187 0.00114693411943
188 0.000922929017786
189 0.000268195099363
190 0.00184502270177
191 0.000398086889948
192 0.00261449537734
193 0.000202140309156
194 0.000678168402778
195 0.000256492228696
196 0.00314621689694
197 0.00041775147929
198 0.000920291013976
199 0.000626251877503
200 0.000678168402778
201 0.000697083669646
202 0.000748441507471
203 0.0718646108581
204 0.0168435363653
205 0.000357106999754
206 0.00103146070827
207 0.00182045435507
208 0.00239915899732
209 0.00075751199394
210 0.000229568411387
211 0.00120426694701
212 0.000801753715507
213 0.000181693138742
214 0.000768918951979
215 0.000654773191805
216 0.113124125245
217 0.00341541575308
218 0.000574528266331
219 0.00151993585871
220 0.000410897172502
221 0.000290673287306
222 0.00040064076882
223 0.00136331376687
224 0.00040064076882
225 0.000772797066233
226 0.000176013244997
227 0.185214497041
228 0.00214091901691
229 0.000922929017786
230 0.00234013148385
231 0.000434752062638
232 0.000163578170238
233 0.000282384119844
234 0.00159799553168
235 0.000189922109679
236 0.00436829493646
237 0.00166620665088
238 0.00039745223578
239 0.000478931273732
240 0.00109907102039
241 0.00350302504421
242 0.00154650875803
243 0.0136149555931
244 0.0054058887152
245 0.000824792879691
246 0.00119002267574
247 0.00123026692334
248 0.00151993585871
249 0.000493827160494
250 0.00451171450652
251 0.00108087821355
252 0.00589852444444
253 0.000406477627471
254 7.36095296169e-05
255 0.000766863905325
256 0.000552073322404
257 0.00100424892208
258 0.00058583248401
259 0.00299675478046
260 0.0020097901256
261 0.00179016927103
262 0.00373681957759
263 0.0116506326704
264 0.00148008490291
265 0.0643878041138
266 0.0248117017331
267 0.00127640160478
268 0.0200391969318
269 0.00258853621358
270 0.000521256854528
271 0.000554511408079
272 0.000228269582811
273 0.00269255281996
274 0.000574528266331
275 0.00100073819886
276 0.0015341843232
277 6.25461374285e-05
278 0.000997229916898
279 0.000513722979199
280 0.00174051607062
281 0.00384077496899
282 0.229541403275
283 0.222713402234
284 0.00134933742035
285 0.000503627731274
286 0.000138816287489
287 0.00110021806822
288 0.0044742811341
289 0.00141902618145
290 0.00146738819874
291 0.00736995591488
292 0.000256426060402
293 0.000252497099936
294 0.00037212974131
295 0.00927392746237
296 0.000356536541288
297 0.0177659318492
298 0.000995114257704
299 0.000394306266644
300 0.000383865134973
301 0.00106525596967
302 0.000187795359281
303 0.00109603328459
304 0.00190972839506
305 0.000557827160494
306 0.00140553279996
307 0.00147588111359
308 0.00082426035503
309 0.00142794330536
310 0.00256001046905
311 0.000331247361012
312 0.00372539056365
313 0.00023096608494
314 0.000218668106232
315 0.000409584402821
316 0.000922074352513
317 0.00117080439876
318 0.0116513150646
319 0.011406412569
320 0.0275150765883
321 0.000383865134973
322 0.020837286448
323 0.0127415469012
324 0.00341593631637
325 0.00277191955474
326 0.000725144664539
327 0.020968536145
328 0.00454194016484
329 0.000207594264993
330 0.000901501877086
331 0.00016384
332 0.000368924444444
333 0.000493827160494
334 0.00106525596967
335 0.00279703690142
336 0.0012938954141
337 0.00696210197436
338 0.00115561476298
339 0.00114153490809
340 0.000560469754362
341 0.000567800453515
342 0.000625888546923
343 0.00456385325275
344 0.000434752062638
345 0.000314831815079
346 0.0010775895909
347 0.000912631529889
348 0.00160523731237
349 0.00131929698226
350 0.00699249216658
351 0.00216126946143
352 0.0135655867932
353 0.000328446937886
354 0.00129859589319
355 0.00133306452608
356 0.000323913879277
357 0.000556247775009
358 0.00036864
359 0.00047839601852
360 0.00040064076882
361 0.00377993636985
362 0.00336755687324
363 0.0039266909538
364 0.00889996440014
365 0.00220680272109
366 0.000256120930634
367 0.000658991491877
368 0.000740432227313
369 0.00543919489489
370 0.00114693411943
371 0.000547524437869
372 0.00183139146851
373 0.000320248574381
374 0.00104885222541
375 0.0222891939957
376 0.00188634463888
377 0.000407134030477
378 0.401211564417
379 0.00765284835615
380 0.000476726225663
381 0.00500448122652
382 0.0006428744821
383 0.00284444444444
384 0.000825472974996
385 0.000283417791835
386 0.000997229916898
387 0.00036864
388 0.000411508815403
389 0.000147593902296
390 0.000516318171414
391 0.000812890593296
392 0.000553112519016
393 5.90049199083e-05
394 0.0146251388791
395 0.00192828160221
396 0.00265179428069
397 0.00258282582567
398 0.0630402742081
399 0.00673985728698
400 0.0013593841384
401 0.000177777777778
402 0.00100074369291
403 0.00417728985428
404 8.48586056579e-05
405 0.000985340545758
406 0.000349375491309
407 0.000648122415288
408 0.00107302444691
409 0.000105059216874
410 0.000202271604938
411 0.00018077819363
412 0.000591329926993
413 0.00935526558769
414 0.00137589890438
415 0.000567272199503
416 0.000640362811791
417 0.00039745223578
418 0.00138034103111
419 0.0045665077477
420 0.000480074599752
421 0.000304360042834
422 0.00127763920115
423 0.00226482743296
424 0.000517469351325
425 0.00126544704651
426 0.000282062875133
427 0.0227119278221
428 0.000216044035091
429 0.00944439723146
430 0.00174089378635
431 0.00211857486443
432 0.00390266299357
