1 0.000332025771575
2 0.000544504766425
3 0.000752530325272
4 0.000219478737997
5 0.00134134733842
6 0.000926766841326
7 0.00103660894599
8 0.00231286064892
9 0.000784871837575
10 0.00110089405169
11 0.00192091679174
12 0.000688488639937
13 0.000792864343173
14 0.0016960851157
15 0.000911111111111
16 0.00195062822849
17 0.184388558246
18 0.0034052861734
19 0.00040827791433
20 0.00293813778848
21 0.00151726237452
22 0.00135123803456
23 0.00293670385105
24 0.0017069577903
25 0.000591416978304
26 0.00102312551511
27 0.00250391083241
28 0.00308266010736
29 0.00319059540274
30 0.00401078099889
31 0.000948366007811
32 0.00307115683739
33 0.000556636373156
34 0.00217596409659
35 0.000498246173469
36 0.00127551020408
37 0.000589122443209
38 0.00398661438513
39 0.00119628221554
40 0.000903480299187
41 0.037380956363
42 0.00104065485909
43 0.00140235232433
44 0.00215086584185
45 0.00250966749774
46 0.000290535024126
47 0.00467582731644
48 0.000538826083321
49 0.00116808568166
50 0.00151550132902
51 0.00628892945296
52 0.0508428992483
53 0.00215815606504
54 0.000166225023229
55 0.00113197659184
56 0.00118640575981
57 0.000299844455689
58 0.000772797066233
59 0.000530909554248
60 0.000732042128146
61 0.000555083468107
62 0.000400048044688
63 0.0028204910171
64 0.0644569290132
65 0.000291582049025
66 0.00755200628698
67 0.00345584148607
68 0.0328004053748
69 0.00462881929048
70 0.00237283509793
71 0.000948678791244
72 0.0133296152475
73 0.00100585456792
74 0.00218352815079
75 0.384958558541
76 0.00204226286103
77 0.000941976057606
78 0.00148000178888
79 0.00288432671453
80 0.000688488639937
81 0.00117908255493
82 0.000258060353865
83 0.000468506962013
84 0.0123647530597
85 0.000246542387474
86 0.0026638917794
87 0.264847003846
88 0.000293609047105
89 0.000650234409135
90 0.00290481355153
91 0.00263655192515
92 0.000352796206284
93 0.0105086104358
94 0.000774236155248
95 0.00371111425001
96 0.000299844455689
97 0.00313043162372
98 0.00435759059757
99 0.0419137735074
100 0.163079703327
101 0.0135452145932
102 0.000558060289778
103 0.000279106572704
104 0.000545752069891
105 0.00103521353581
106 0.000399840130532
107 0.00110060420925
108 9.16095995527e-05
109 0.00020473105669
110 0.000230003818423
111 0.000788549482697
112 0.000506179911827
113 0.00288514307425
114 0.00433398264086
115 0.00498035498974
116 0.00650429240375
117 0.000452739251318
118 0.000524793158042
119 0.00229734978679
120 0.000630241067208
121 0.000948366007811
122 0.00245
123 0.00112326680634
124 0.00329361635321
125 0.00247848145246
126 0.0041559025684
127 0.000583312767819
128 8.00048642957e-05
129 0.00260890224196
130 0.00374391569458
131 0.000632727924103
132 0.00103645097449
133 0.000555199734215
134 0.000556247775009
135 0.000485557556207
136 0.000601910125669
137 0.000647051240898
138 0.000590268038355
139 0.000543864167966
140 0.00115780032233
141 0.000963285917705
142 0.000352461061934
143 0.000895831583662
144 0.0108807437516
145 0.035960933033
146 0.0246095212757
147 0.025931883846
148 0.00103376595642
149 0.000926052294802
150 0.000265008112493
151 0.000180172064321
152 0.00030224717145
153 0.000936249014701
154 0.0136130477137
155 0.0645266776795
156 0.000740619791901
157 0.00400636844394
158 0.000125716424016
159 0.0046535193033
160 0.000556247775009
161 0.00348547373968
162 0.000212084079555
163 0.000555083468107
164 0.00147727311557
165 0.00401220711701
166 0.112950479596
167 0.000628486743585
168 0.00137313883751
169 0.0127831081025
170 0.162826639703
171 0.000278084204306
172 0.48241288058
173 0.0136373596168
174 0.000784871837575
175 0.000550200501534
176 0.000961480680248
177 0.000251691339873
178 0.00157213293688
179 0.00140357407458
180 0.00250028228386
181 0.00116759938454
182 0.00213978614208
183 0.000183543990691
184 0.00148394545311
185 0.000317026306449
186 0.000180172064321
187 0.000647051240898
188 0.000555083468107
189 0.000530909554248
190 0.0010389785184
191 0.000241304552738
192 0.000242969028124
193 0.000843522372529
194 0.00582968736003
195 0.00683106766401
196 0.0189191341596
197 0.00139786649461
198 0.0018203800628
199 0.0359441268714
200 0.00191732398553
201 0.00506955938073
202 0.000137141387458
203 0.00778640277435
204 0.000582125763343
205 0.000490417253352
206 0.000608827720076
207 0.00319059540274
208 0.000551037051731
209 0.0309765156488
210 0.000449846767693
211 0.000553112519016
212 0.0468951927002
213 0.0001459393721
214 0.000216008773067
215 0.00229371265836
216 0.000448865268601
217 0.000925202017896
218 0.000647051240898
219 0.000399673669196
220 0.000601910125669
221 0.000555511773252
222 0.000649578784807
223 0.00051100127551
224 0.0110184792253
225 0.001024
226 0.00529986869371
227 0.000254956270535
228 0.00155900890927
229 0.000379234593595
230 0.0102920105872
231 0.000548601848399
232 0.000509937639571
233 0.00877805287828
234 0.00460307933627
235 0.000541894383463
236 0.000488385580416
237 0.000293799436986
238 0.0374549243228
239 0.00776417163151
240 0.00843321244588
241 0.00216819526627
242 0.000540832882639
243 0.00146812289896
244 0.000307346686679
245 0.00113285003057
246 0.000561532759821
247 0.000493827160494
248 0.000561936350429
249 0.000195006616567
250 0.000228701298237
251 0.000378506866115
252 0.000259215760318
253 0.000252453283816
254 0.0132122144874
255 0.107704832686
256 0.000656648459092
257 0.000190029521359
258 0.000636245839185
259 0.00322464038004
260 0.000434027777778
261 0.000617319024886
262 0.00125347946944
263 0.0447148200078
264 0.000247505443675
265 0.000380280421825
266 0.0983228465397
267 0.00593609749766
268 0.00075863304923
269 0.000714282171219
270 0.00248519039932
271 0.000866441742158
272 0.00228268455793
273 0.000461290017832
274 0.00327569690704
275 0.00096007423013
276 0.000555199734215
277 0.000983379669536
278 0.00303186750891
279 0.00448079405677
280 0.000870665874564
281 0.013206425723
282 0.0183197674525
283 0.000131173816067
284 0.000792253036817
285 0.000354926291747
286 0.000535836762689
287 0.00112482853224
288 0.0202188211127
289 0.0326237083582
290 0.00143668684269
291 0.000131550211328
292 0.000258060353865
293 0.000724274566506
294 0.00242032386574
295 0.000125716424016
296 0.00292678256135
297 0.0104616756545
298 0.00038628317709
299 0.000474237880756
300 0.000194082840237
301 0.000930767020971
302 0.0135844169432
303 0.000507038207412
304 0.00292184075968
305 0.00132329590517
306 0.0073064099026
307 0.000468506962013
308 0.000601910125669
309 0.000601910125669
310 0.000544880261473
311 0.000125716424016
312 0.0179713772843
313 0.00201146278426
314 0.00920668976085
315 0.000245213311302
316 0.000904794582236
317 0.00525099768956
318 0.0266098497102
319 0.00751841173104
320 0.000772797066233
321 0.00127551020408
322 0.00030692486332
323 0.00278839765165
324 0.000688488639937
325 0.000601910125669
326 0.00105566343886
327 0.000231317497723
328 0.00101297640368
329 0.00188072293779
330 0.000750782406627
331 0.00205375303343
332 0.000604676162322
333 0.000311770222358
334 0.00102312551511
335 0.000250014652194
336 0.000667886659222
337 0.0146566077003
338 0.00201582673886
339 0.00389301061561
340 0.00201802967772
341 0.00201582673886
342 0.0015118206957
343 0.0148138513123
344 0.00227825431238
345 0.000515403650227
346 0.000482609105476
347 0.00288563148061
348 8.28118402529e-05
349 0.000219478737997
350 0.00123355145747
351 0.00102836065349
352 0.000983379669536
353 0.000211570247934
354 0.00152929059642
355 0.000545569716348
356 0.00516561703575
357 0.0250183284402
358 0.00106864102617
359 0.014725553732
360 0.000399014171662
361 0.0003791124771
362 0.00354453189778
363 0.00248058259777
364 0.00119578323304
365 0.000242718217372
366 0.0030528263188
367 0.000434027777778
368 0.00143229826628
369 0.00103810071713
370 0.00245593649311
371 0.00366080419025
372 0.000249727896484
373 0.00365807841117
374 0.00113199633558
375 0.000434027777778
376 0.00441044810011
377 0.000408052891248
378 0.00102878895864
379 0.00117908255493
380 0.00103766308992
381 0.000183543990691
382 0.000446591577354
383 0.00156152445369
384 0.00059488399762
385 0.00249653845243
386 0.00629851623567
387 0.00175253640982
388 0.00459127520193
389 0.000530909554248
390 0.0168276252975
391 0.0143058533612
392 0.00246348002959
393 0.00143170197224
394 0.000596499432037
395 0.000575631536872
396 0.00116466103464
397 0.000605503069798
398 0.000216836734694
399 0.00171594348614
400 0.000249844201261
401 0.00429522951372
402 0.00171523771342
403 0.00865705415627
404 0.037692194674
405 0.00541599984277
406 0.00687238052653
407 0.00252982483619
408 0.00156152445369
409 0.00916394740735
410 0.000372683770367
411 0.0015797149436
412 0.000227409811134
413 0.00132498944405
414 0.000843522372529
415 0.000853277835588
416 0.000995678883798
417 0.0034098779903
418 0.00830968115821
419 0.00073370823183
420 0.00311067857925
421 0.00781479270325
422 0.00697051159813
423 0.000238057820153
424 0.00237283509793
425 0.000223600314438
426 0.00136433348894
427 0.00305424095621
428 0.000339907414659
429 0.0033822069016
430 0.00136024253625
431 0.0115072681317
432 0.0666759244966
