1 0.000317615920008
2 0.00383782066718
3 0.000955928994083
4 0.000169211448212
5 0.000207464022752
6 0.00197351819689
7 0.000202015100629
8 0.00152748843255
9 0.0010708540298
10 0.00018573928589
11 0.000940305134821
12 0.000714164346621
13 0.0141714047642
14 0.00769425139497
15 0.00779691394202
16 0.000742697192399
17 0.00244817863131
18 0.000251217003914
19 0.00188630695254
20 0.000287273771905
21 0.00122017646932
22 0.0101208228791
23 0.000621159763314
24 0.00700354291546
25 0.00797508112969
26 0.00599066414899
27 0.00479289940828
28 0.00208734334146
29 0.00193473629246
30 0.000285477006125
31 0.000971496036431
32 0.000383407831688
33 0.00137079549854
34 0.000264392887831
35 0.000192316902336
36 0.000467696746926
37 0.000413113887236
38 0.00315967254215
39 0.00122675187679
40 0.00132187706543
41 0.0892800319891
42 0.00251298652321
43 0.00039745223578
44 0.000840921161793
45 0.00651610414729
46 0.00216259058312
47 0.0031257946965
48 0.00272250849378
49 0.00122002446743
50 0.00196290189031
51 0.00307040722625
52 0.00114902721478
53 0.000850140877227
54 0.00202087366383
55 0.000489820465805
56 0.000940305134821
57 0.00105034449607
58 0.000898501872919
59 0.00283970962305
60 0.000282907558826
61 0.00268373352149
62 0.00271032039187
63 0.0171154327755
64 0.0468538982589
65 0.0168430302569
66 0.00255175202001
67 0.00118928842876
68 0.00208086835612
69 0.000946758743595
70 0.00179513150391
71 0.00464645551337
72 0.000963139120095
73 0.00723078346985
74 0.0018595099336
75 0.000379874137801
76 0.0184742677155
77 0.000485434019453
78 0.000297895935408
79 0.00459768230917
80 0.000452693526483
81 0.00574684215896
82 0.00015317125772
83 0.000500926112196
84 0.00068793353052
85 0.000971496036431
86 0.000383877394711
87 0.00018573928589
88 0.00417229459033
89 0.000794736587134
90 0.00147234764329
91 0.000246571001613
92 0.00191893169475
93 0.00112484252907
94 0.00193126746969
95 0.000543864167966
96 0.000891067052796
97 0.000664897822143
98 0.000582514919561
99 0.00119229262787
100 0.000474996661365
101 0.0022687640918
102 0.0493560590294
103 0.0364114682175
104 0.000316307067067
105 0.0035910467128
106 0.00224048442907
107 0.000289214246147
108 0.000156985004866
109 0.00101243722528
110 0.00125348742023
111 0.000264392887831
112 0.000942635848216
113 0.000334646162585
114 0.00223090644191
115 0.000951913840189
116 0.000465799302897
117 0.00565376162137
118 0.00944993273895
119 0.0012715356203
120 0.0140343221307
121 0.000135966041992
122 0.00058570559719
123 0.000606768061808
124 0.000386891257558
125 0.00166736111111
126 0.00405168961988
127 0.000615693723766
128 0.000567974765563
129 0.00817024886439
130 0.000256
131 0.00371322311223
132 0.000203354717353
133 0.00357348075326
134 0.0176553838024
135 0.0361475770957
136 0.0181436531807
137 0.00125647126294
138 0.000133649637475
139 0.00077101002313
140 0.00397336553985
141 0.00182183224271
142 0.000648576817558
143 0.000197684618901
144 0.000415550302749
145 0.00168203813491
146 0.00253553054553
147 0.000413113887236
148 0.000522112499481
149 0.000600730488274
150 0.000163350377564
151 0.000823638976965
152 0.0221154488812
153 0.0014451237666
154 0.00193473629246
155 0.00616207710278
156 0.00403811586047
157 0.00522068896388
158 0.00186493431752
159 0.00213839419961
160 0.00102302257374
161 0.000628828402367
162 0.00102302257374
163 0.00272406158003
164 0.00118000116543
165 0.000708766146142
166 0.00430218144327
167 0.000474996661365
168 0.000768045058643
169 0.00207359043211
170 0.000560469754362
171 0.00125893933443
172 0.000940305134821
173 0.000377240324928
174 0.000477560027385
175 0.00034750534572
176 0.00113084807256
177 0.00364201715163
178 0.00621607094867
179 0.003708844532
180 0.129939519274
181 0.00160523731237
182 0.0436353685438
183 0.00294855574412
184 0.00815360770347
185 0.00486845245947
186 0.00218609783812
187 0.000280013404802
188 0.000527985780709
189 0.00303879701745
190 0.000853461740028
191 0.00107569949589
192 0.0011725001111
193 0.000446626402936
194 0.000280013404802
195 0.000332254446403
196 0.000305699737421
197 0.000461920725468
198 0.000200408922618
199 0.000169872430432
200 0.00148277242877
201 0.00256369171607
202 0.00481583987525
203 0.00328149101029
204 0.000329149871766
205 0.00125647126294
206 0.00265834711253
207 0.00190235719833
208 0.0135441051619
209 0.00374338410794
210 0.0073365047591
211 0.000883347718686
212 0.00151294442743
213 0.000244092349479
214 0.00544654893043
215 0.00188584838282
216 0.000188620162464
217 0.00315297769299
218 0.000350160457528
219 0.000283060279677
220 0.000383264172036
221 0.000675624600868
222 0.0137545202677
223 0.000185423268447
224 0.00168203813491
225 0.000751896813911
226 0.00116447008184
227 0.0018345946012
228 0.000966678332627
229 0.00132150701201
230 0.0172949914473
231 0.00182259102332
232 0.0141319159279
233 0.00703675477291
234 0.000396795673751
235 0.00264135050279
236 0.00104512826794
237 0.00215330451494
238 0.00148628145503
239 0.0110796375361
240 0.000510926146122
241 0.00349051153415
242 0.528093050515
243 0.00193126746969
244 0.00412034474634
245 0.000932784636488
246 0.000438400826017
247 0.00103872038625
248 0.00214821926413
249 0.000911805555556
250 0.000445958135666
251 0.00261715759577
252 0.000954889572473
253 0.00120925463064
254 0.0203895517198
255 0.00141278309225
256 0.000878482555846
257 0.00389381487889
258 0.0382909632643
259 0.00506791606119
260 0.000203354717353
261 0.00122951318962
262 0.000262222775736
263 0.000607161981541
264 0.00152685250897
265 0.00120603039402
266 0.00173160100241
267 0.00122308817821
268 0.000675624600868
269 0.000115931737944
270 0.0346011898323
271 0.0942841164857
272 0.101858634248
273 0.0073934415958
274 0.00543050608515
275 0.000445189200384
276 0.00140646433471
277 0.00104928906516
278 0.100509983281
279 0.000544734350635
280 0.000313024811001
281 0.0010500881269
282 0.000676757756456
283 0.0010500881269
284 9.7e-05
285 0.000969815974426
286 0.000452693526483
287 0.450868842998
288 0.00270196343723
289 0.00140373871035
290 0.000321203484211
291 0.027562176235
292 0.00031259440351
293 0.00441883902177
294 0.000358625170561
295 0.00439362030921
296 0.000902997054205
297 0.000768495425109
298 0.000254039188245
299 0.0018803191865
300 0.00230489619563
301 0.000624132847832
302 0.00230377568217
303 0.000473161070089
304 0.000130990844607
305 0.0041042043044
306 0.000486378370503
307 0.00115628315405
308 0.000857293938793
309 0.00301792259942
310 0.0241409167915
311 0.00652762278433
312 0.000881483472185
313 0.0226973367706
314 0.0122099454416
315 0.00186305812402
316 0.000648695906164
317 0.00610726643599
318 0.0082791868379
319 0.000250445897741
320 0.00124934028624
321 0.0219737024221
322 0.00110496389684
323 0.0401748103586
324 0.0297553011627
325 0.0103974413787
326 0.00124600817012
327 0.00116219008264
328 0.00144794352481
329 0.000388129309582
330 0.00287310365339
331 0.000277777777778
332 0.00125946367402
333 0.00148690048105
334 0.00042368960275
335 0.000417856443246
336 0.000446591577354
337 0.00296677229516
338 0.00379825194469
339 0.149744781314
340 0.0177720834433
341 0.000825044824499
342 0.00190724482955
343 0.00216950512513
344 0.00254455195259
345 0.000266072711349
346 0.00205303018016
347 0.000755777565215
348 0.000470950279707
349 0.00136196885653
350 0.000734701223476
351 0.00027297234749
352 0.0138833785529
353 0.000676145916146
354 0.0254950281617
355 0.00119824153486
356 0.0141188926717
357 0.000332254446403
358 0.0006157987502
359 0.000453465053444
360 0.000326293060243
361 0.00134517641364
362 0.000794736587134
363 0.000176684504248
364 0.0019802733567
365 0.00713358857189
366 0.000707197951532
367 0.0230412668366
368 0.000776339906876
369 0.00303926705071
370 0.00148277242877
371 0.00395232602845
372 0.00109483131488
373 0.00142289829151
374 0.000215520133103
375 0.00633608913954
376 0.000761841219794
377 0.00395326493405
378 0.0726696115233
379 0.000192721040605
380 0.000719306592933
381 0.000160230732254
382 0.00301384545436
383 0.00246672013852
384 0.00045423855446
385 0.000278282789455
386 0.000467696746926
387 0.000705872741384
388 0.000597259967289
389 0.000848628422475
390 0.00270471399341
391 0.016526458297
392 0.00200890882979
393 0.0101331914987
394 0.0398877592282
395 0.0359790179281
396 0.000295308154382
397 0.000490672484087
398 0.000237904851276
399 0.013722483991
400 9.64867130347e-05
401 0.00110216581111
402 0.00207782885734
403 0.00158045596491
404 0.000402295547656
405 0.00758890780992
406 0.00199465397672
407 0.00120403823634
408 0.00046173409812
409 0.000160230732254
410 0.00311676061115
411 0.000206656769745
412 0.000433305301369
413 0.000632886357343
414 0.000615542381029
415 0.000285456546489
416 0.000184480040124
417 0.000468506962013
418 0.000856632956573
419 0.0029805771228
420 0.00129735073539
421 0.000488660330728
422 0.000406700089944
423 0.00179318525565
424 0.00217545667186
425 0.00150632483586
426 0.000606768061808
427 0.00619188390218
428 0.0160611704735
429 0.0013077163982
430 0.00606852444822
431 0.00539055406349
432 0.00826372233266
