1 0.000280694059922
2 0.000605733081414
3 9.16439011927e-05
4 0.0002333999078
5 0.000327672245836
6 0.000719097784547
7 0.00133119027039
8 0.00061026574388
9 0.00316839280645
10 0.000586666710985
11 0.000326859647425
12 0.000471768967566
13 0.00320209887575
14 0.0709264032822
15 0.00378305984614
16 0.0308806638431
17 0.0010131640974
18 0.00529679542932
19 0.000414913736026
20 0.00302046928853
21 0.000403219302914
22 0.00219446566909
23 0.00520430815593
24 0.00129406341558
25 0.00260773875384
26 0.00196103612381
27 0.0152979928151
28 0.040204865222
29 0.00236509270979
30 0.0775648755323
31 0.000868555479065
32 0.00087284982315
33 0.000609663161103
34 0.00467781588155
35 0.00112994669211
36 0.000483381259633
37 0.000746636394408
38 0.035325892872
39 0.000922929017786
40 0.00023397884685
41 0.0013738610336
42 0.0936346286747
43 0.000296038904722
44 0.00101575119265
45 0.000862231849887
46 0.00170089715974
47 0.00113622017422
48 0.0016054701628
49 0.0113635619828
50 0.00101309299144
51 0.00631895527066
52 0.0265132661011
53 0.000374388194901
54 0.000437664101403
55 0.000961480680248
56 0.000472783475883
57 0.00216334944135
58 0.000338408376068
59 0.000922128677465
60 0.000510017144736
61 0.00836339405374
62 0.0101184201281
63 0.00397515226848
64 0.00159361634803
65 0.00115455185436
66 0.00672564683933
67 0.00200299091597
68 0.000236986233315
69 0.00155399602213
70 0.00272423167716
71 0.00210498814684
72 0.0010142399286
73 0.01068126496
74 0.00138637392485
75 0.0120200524755
76 0.00879132634466
77 0.00332440548657
78 0.000134755272366
79 0.000537826869658
80 0.00107454484976
81 0.00357742782903
82 0.0010294832566
83 0.000223566882626
84 0.000508075643211
85 0.00235297512917
86 0.00123316326531
87 0.00450401193458
88 0.0065610625
89 0.00921770457154
90 0.000821766440854
91 0.00163348173595
92 0.00218552049992
93 0.00781608840478
94 0.00123550945239
95 0.00998224589786
96 0.00104065485909
97 0.00118454898371
98 0.0614966442063
99 0.00217455502161
100 0.00114087663387
101 0.0344008449818
102 0.012172818491
103 0.151138581374
104 0.000360884507719
105 0.00112775673869
106 0.00108651160299
107 0.000881483472185
108 0.00203204383324
109 0.000609663161103
110 0.000670833059688
111 0.000234676324129
112 0.000858854536297
113 0.0017465596479
114 0.00151255946338
115 0.012895273568
116 0.000198024550403
117 0.0014676899151
118 0.00121552719034
119 0.000280694059922
120 0.0178015053112
121 0.000542498999212
122 0.000673949636013
123 0.00445158077976
124 0.000148064739022
125 0.00218516099032
126 0.00214902855138
127 0.00554895637784
128 0.00157193028096
129 0.000192901234568
130 0.0110451062565
131 0.000521073204143
132 0.00227095183154
133 0.001613813491
134 0.000599650199888
135 0.000875031817804
136 0.000673949636013
137 0.000526049995792
138 0.00178126166148
139 0.000436339983035
140 0.00248277648944
141 0.000816326530612
142 0.00245955066568
143 0.00153173452827
144 0.00048176203114
145 0.00698526747977
146 0.00712136587798
147 0.00179622473246
148 0.00783027412148
149 0.00477520661157
150 0.00213688145247
151 0.20417576807
152 0.00970378849621
153 0.000470950279707
154 0.000748330115206
155 0.000240842141565
156 0.000222146946525
157 0.00105757155133
158 0.000463588287814
159 0.000609663161103
160 0.00239786787766
161 0.001242424449
162 0.0036454254183
163 0.00104219292643
164 0.00231184900932
165 0.0162329292665
166 0.00302734098839
167 0.00409027820281
168 0.00195605046377
169 0.0285660625
170 0.00034453125
171 0.00100822990028
172 0.000423648018175
173 0.00304399524376
174 0.00159686116356
175 0.000998291710998
176 0.00767842056933
177 0.000915683807123
178 0.021393949471
179 0.0013563490558
180 0.000331173440604
181 0.000425626407785
182 0.000179495182996
183 0.000557298786159
184 0.000886509858624
185 0.000202562133078
186 0.000465219976219
187 0.0013000296175
188 0.000355390655277
189 0.000188944391304
190 0.000701723608614
191 0.000988545270236
192 0.00165629186681
193 0.00746197491156
194 0.00139750196524
195 0.00554784916272
196 0.000494415032026
197 0.000370694879208
198 0.000396087429054
199 0.000801900152206
200 0.000673658160574
201 0.00299013449706
202 0.000955726497428
203 0.181136786619
204 0.00068793353052
205 0.000376843325647
206 0.00398093323647
207 0.00260043133746
208 0.000895551508845
209 0.00049930717324
210 0.000775198048299
211 0.0009765625
212 0.000577080674473
213 0.000221154408803
214 0.000346519749685
215 0.000744590312359
216 0.000701723608614
217 0.00208930858766
218 0.243725729771
219 0.00554784916272
220 0.000826792148537
221 0.000849645980841
222 0.00100748845923
223 0.0159082137847
224 0.00122049881199
225 0.000585450571595
226 0.00116684474553
227 0.00113726305638
228 0.000401883993914
229 0.0015844409352
230 0.00330057469968
231 0.00120206924528
232 0.0138620329911
233 0.000466733288015
234 0.00460904730241
235 0.110898630004
236 0.107532507375
237 0.000897815608432
238 0.000623091118447
239 0.000678830959661
240 0.000234558883208
241 0.00235263901925
242 0.000229161260868
243 0.00107454484976
244 0.00118451791218
245 0.000523166218697
246 0.00058570559719
247 0.000208903022484
248 0.000330390640331
249 0.000325742763709
250 0.0387103321642
251 0.00197180165884
252 0.000446072639801
253 0.000676707938648
254 0.00139750196524
255 0.000448865268601
256 0.00159739095029
257 0.00109684665051
258 0.0014392286072
259 0.00464876033058
260 0.00155399602213
261 0.00167279327203
262 0.00103224141546
263 0.000943517105616
264 0.0825054058108
265 0.0140113119468
266 0.00104611238191
267 0.000216661066768
268 0.000199380746857
269 0.000537826869658
270 0.000670833059688
271 0.000718543352947
272 0.00134006117598
273 0.00109684665051
274 0.000624905335191
275 0.00187779333485
276 0.00574775534427
277 0.000901526866035
278 0.0170207138052
279 0.0110520933888
280 0.001844140625
281 0.00100631329901
282 0.000230878356868
283 0.000463677025582
284 0.00109684665051
285 0.00144928642962
286 0.0017032600487
287 0.000979466276511
288 0.0104318706465
289 0.00191157024793
290 0.000882266444466
291 0.091848295218
292 0.00176353250768
293 9.28122482468e-05
294 0.000855241754275
295 0.000510068339712
296 0.000280694059922
297 0.00180920259452
298 0.00123283797395
299 0.00467765210394
300 0.000920117180682
301 0.000278892231133
302 0.00282695206796
303 0.000543864167966
304 0.00482035812432
305 0.00312554870026
306 0.0159819539704
307 0.00110019613501
308 0.0126034179367
309 0.00150400038554
310 0.000276049770911
311 0.00112733572689
312 0.00110912924948
313 0.000210433655202
314 0.000398723065459
315 0.00193473629246
316 0.00163267315686
317 0.00186389255911
318 0.00563520875825
319 0.00358976811473
320 0.000560304820143
321 0.00275194840097
322 0.000609663161103
323 0.00142348821412
324 9.28122482468e-05
325 0.0024004883193
326 0.000556247775009
327 0.000482609085097
328 0.00104065485909
329 0.00059488399762
330 0.00111061196232
331 0.0014424997522
332 0.00117742822043
333 0.00430543901013
334 0.00057062026174
335 0.00144485059395
336 0.00844110774497
337 0.00122265370215
338 0.000573510274753
339 0.000639123847999
340 0.000481260607809
341 0.000203354717353
342 0.00168964916294
343 0.0144048284666
344 0.00378990430272
345 8.57338820302e-05
346 0.00148266777821
347 0.000381483776884
348 0.00396275863876
349 6.85529156571e-05
350 0.000488454239156
351 0.000259141582107
352 0.000508075643211
353 0.000510017144736
354 0.000496471477912
355 0.000239905012609
356 0.00190724482955
357 0.368183343578
358 0.00552353300437
359 0.00104065485909
360 0.00189971072587
361 0.000510840015284
362 0.0157986353416
363 0.000973180467908
364 0.000323999792971
365 0.0224157661024
366 0.00118693983143
367 0.213366000229
368 0.00193081086409
369 0.00436504874005
370 0.000349801812061
371 0.00139099439799
372 0.00178200354472
373 0.0199901412218
374 0.0293183273062
375 0.000503627731274
376 0.00175997490148
377 0.00344752125242
378 0.000227839088644
379 0.00107454484976
380 0.001129476273
381 6.97023623077e-05
382 9.30511471139e-05
383 0.000523073583642
384 0.00105757155133
385 0.0165406858591
386 0.000379844219357
387 0.0285056700341
388 0.000401883993914
389 0.0996440118351
390 0.000269528316834
391 0.00375247578974
392 0.00054878104435
393 0.0428959205415
394 0.000994871157134
395 0.000166045602802
396 0.0821616495598
397 0.000425475715888
398 0.00154900727408
399 0.00564562624041
400 6.78023419431e-05
401 0.0599889488934
402 0.00827322569287
403 0.00155881263841
404 0.000387138723177
405 0.0049969799681
406 0.000314782139821
407 0.000258755160443
408 0.000347074181285
409 0.00103580929289
410 0.000718543352947
411 0.000393230023514
412 0.00133119027039
413 0.000501109711756
414 0.000121383031826
415 0.000661552463138
416 0.00298187690714
417 0.0394938205378
418 0.00365105107481
419 0.0619132469499
420 0.000238913155946
421 0.000293301065915
422 0.00101296505726
423 0.000475547157437
424 0.000473060350683
425 0.000404010816132
426 0.00406727817951
427 0.00193026296139
428 0.00295317437518
429 0.353114623424
430 0.000461074403907
431 0.000535687022128
432 0.0208255448388
