1 0.000225704776389
2 0.000277199977044
3 0.00312386026326
4 0.000610035968734
5 0.00380892512245
6 0.00400713722593
7 0.00240991735537
8 0.000469077905755
9 0.000394928735899
10 0.00106525596967
11 0.00198429752066
12 0.000818924226761
13 0.000566206399457
14 0.00427393019834
15 0.0175890784718
16 0.00133082505329
17 0.0196208852753
18 0.00060124004204
19 0.0180049458392
20 0.000574651978585
21 0.00693740133879
22 0.00347191614693
23 0.0280163835587
24 0.00194870546222
25 0.0013077163982
26 0.0049
27 0.000869515306122
28 0.000628766942754
29 0.014735137938
30 0.00628183504807
31 0.0598162988999
32 0.000298550629988
33 0.000584742508044
34 0.00486908775229
35 0.000535836762689
36 0.000732860995484
37 0.000942066018509
38 0.000712165780764
39 0.00045423855446
40 0.000662681042979
41 0.0233021935661
42 0.00180596780651
43 0.0015564994386
44 0.0655558490608
45 0.00366448286759
46 0.000561532759821
47 0.0187940484561
48 0.000166762098883
49 0.000746060730265
50 0.000335439895879
51 0.000502231293575
52 0.00266884499658
53 0.000221154408803
54 0.000123595484004
55 0.000378506866115
56 0.00346406284086
57 0.0044536902049
58 0.00316391216186
59 0.00388822810938
60 0.000725745020809
61 0.000249471578268
62 0.000733248814674
63 0.000572940244455
64 0.0046802239317
65 0.00028999624812
66 0.000818924226761
67 0.000615118732678
68 0.000572940244455
69 0.000517355371901
70 0.000881910009183
71 0.00108290902055
72 0.00439785549388
73 0.00313631972537
74 0.00251677129563
75 0.0030003967393
76 0.000656997317058
77 0.00297628880002
78 0.00881781523524
79 0.000319333578922
80 0.00280225302238
81 0.00132300284983
82 0.00303950244034
83 0.00901969448302
84 0.000696104871929
85 0.00242799429418
86 0.0180703951495
87 0.0289861987479
88 0.000446733176395
89 0.000234933182239
90 0.000221159608125
91 8.8790617647e-05
92 0.000368121502478
93 0.00021042093228
94 0.00158018594962
95 0.00296172890925
96 0.00111609831991
97 0.000644863376489
98 0.00850563813269
99 0.177577755618
100 0.00712222711331
101 0.00226013723479
102 0.000541698215251
103 0.0131080634772
104 0.00248754671924
105 0.00522583814777
106 0.00072150746153
107 0.0016957605985
108 0.00298232533661
109 0.00120949785198
110 0.00465627316803
111 0.00209321201247
112 0.00207380356822
113 0.00124080407168
114 0.000208963306206
115 0.0014246330862
116 0.000358051751605
117 0.000881910009183
118 0.00089759667123
119 0.000807331265585
120 0.000476033057851
121 0.000349673005467
122 0.00197451724724
123 0.00464879718094
124 0.286092548345
125 0.0164848124474
126 0.00096680410817
127 0.003747810185
128 0.00810965523913
129 0.00222919514463
130 0.000193909866755
131 0.00095426435521
132 0.0071458983004
133 0.00187354531073
134 0.000522448979592
135 0.00196536897962
136 0.00279827198507
137 0.0196296439181
138 0.00538694226927
139 0.0029624519876
140 0.000581195849983
141 0.000628766942754
142 9.92838694212e-05
143 0.000298550629988
144 0.000573382327976
145 0.000818924226761
146 0.00628252802341
147 0.000476033057851
148 0.000613700161994
149 0.000712165780764
150 0.0138468746629
151 0.043485501352
152 0.0694317335682
153 0.000539282424757
154 0.0120029988889
155 0.00296172890925
156 0.000512517065655
157 0.000948678791244
158 0.0010510635722
159 0.000628766942754
160 0.000763502254362
161 0.00203470369162
162 0.000771270401046
163 0.000981668700448
164 0.000452647045213
165 0.000484553617341
166 0.000476033057851
167 0.000537826869658
168 0.00105186267348
169 0.00020777534291
170 0.000508075643211
171 0.000743507231585
172 0.00408711453203
173 0.00184212243545
174 0.00151402888
175 0.00611328125
176 0.00145407197687
177 0.00345208029263
178 0.00121908789249
179 0.00050639139514
180 0.00335847746497
181 0.000108861916484
182 0.000937109537693
183 0.000494706247388
184 0.000398086889948
185 0.00356552203005
186 0.0204485754599
187 0.00499531891432
188 0.0186369486054
189 0.000238057820153
190 0.000252272877719
191 0.00256881709002
192 0.000750793124883
193 0.00361806772571
194 0.000948678791244
195 0.000368121502478
196 0.000537826869658
197 0.00151715823183
198 0.0016426292741
199 0.000165660919963
200 0.101038263656
201 0.00152290303391
202 0.0115112509239
203 0.00714764585895
204 0.00233329742004
205 0.00178815899279
206 0.00114096331319
207 0.00092517494365
208 0.330853560306
209 9.9627498953e-05
210 0.000259554993969
211 0.00688451693077
212 0.00207581113496
213 0.000851281505589
214 0.000951505192668
215 0.666792470896
216 0.00466623934014
217 0.00155817174515
218 0.00121717547851
219 0.00018261504748
220 0.00050817924661
221 0.000723923666271
222 0.000441353011793
223 0.000445837518262
224 0.00258820496359
225 0.000308024501366
226 0.000298550629988
227 0.000600296414306
228 0.00142844665161
229 0.0136361967269
230 0.000467877953872
231 0.00852889745295
232 0.000324324243162
233 0.00182801947631
234 0.000539021089462
235 0.076786079355
236 0.00118572058576
237 0.0033034962211
238 0.00118857671407
239 0.000564743227729
240 0.000807331265585
241 0.000394301616132
242 0.00277873014922
243 0.00083968
244 0.00107458577333
245 0.000746060730265
246 0.000237497654344
247 0.00129536931044
248 0.000235152507638
249 0.000377545412941
250 0.000763336747538
251 0.000151712604176
252 0.000228099129198
253 0.000451923966866
254 0.00150449954086
255 0.0204852652561
256 0.000936924009849
257 0.00890442877969
258 0.0030321081817
259 0.00128862590401
260 0.000277199977044
261 0.0046331473766
262 0.00128136200717
263 0.000475062473969
264 0.00182287413312
265 0.0262226681166
266 0.00119241483124
267 0.000264564934606
268 0.36551303795
269 0.00134272481324
270 0.000576768768683
271 0.000528830557958
272 0.00107107438017
273 0.0248594918019
274 0.000723923666271
275 0.000763336747538
276 0.000763925741942
277 0.00150449954086
278 0.000399360767182
279 0.00171272941015
280 0.00267682850718
281 0.0022012084185
282 0.00119362209737
283 0.01063094884
284 0.00869905803352
285 0.00152290303391
286 0.0633494754131
287 0.00207581113496
288 0.00153664
289 0.000175140813899
290 0.00192121916794
291 0.00719403240624
292 0.119996928876
293 0.000578474063022
294 0.0114510277481
295 0.00599838131576
296 0.000720957950897
297 0.0413840232436
298 0.00169683406463
299 0.000220293885812
300 0.00021746055342
301 0.000932346599849
302 0.00106144253622
303 0.000389960935383
304 0.00111523779692
305 0.000308024501366
306 0.000307787011388
307 0.000541502216696
308 0.00291485102832
309 0.0019771015247
310 0.00210716094717
311 0.00400451660156
312 0.00271817638888
313 0.000250014652194
314 0.016137310828
315 0.000411538197732
316 0.000830768698225
317 0.00137835807481
318 0.00231415693383
319 0.00125530078335
320 0.00915959116066
321 0.132500914444
322 0.00882146454626
323 0.361336866213
324 0.00434431680421
325 0.000220293885812
326 0.000570146751213
327 0.000476033057851
328 0.00037039210004
329 0.00103872038625
330 0.000201912489865
331 0.000924488677867
332 0.00126302693679
333 0.000916098380551
334 0.000989223894552
335 0.453469421745
336 0.00037293073182
337 0.00329545973949
338 0.00205733929171
339 0.000340409308152
340 0.000699676180019
341 0.000840880462423
342 0.000537826869658
343 0.00255191914912
344 0.00462152093562
345 0.000431305515705
346 0.00237634158529
347 0.00704591163613
348 0.0134230545925
349 0.000744929907039
350 0.000529752066116
351 0.000527985780709
352 0.000500926112196
353 0.260328344375
354 0.000484553617341
355 0.00290050998755
356 0.00150449954086
357 0.000160095783376
358 0.000676757756456
359 0.000349114422392
360 0.00258883684957
361 0.000405609335536
362 0.000500926112196
363 0.00179050295161
364 0.00323059983784
365 0.089134528771
366 0.00158848
367 0.00193664
368 0.000923840174207
369 0.000598381593208
370 0.00119241483124
371 0.00554258353157
372 0.00236717756274
373 0.000583775768477
374 0.00356860417466
375 0.0814693268375
376 0.0346570930322
377 0.00134917190024
378 0.00167853267861
379 0.000650768510882
380 0.000728883373995
381 0.000483805534845
382 0.000225704776389
383 0.0010077725998
384 0.000592363245469
385 9.40312213039e-05
386 0.00123362349989
387 0.000527985780709
388 7.61929932804e-05
389 0.0197941910857
390 0.000265798863611
391 0.247128776887
392 0.00984263388307
393 0.000893441403926
394 0.000389337994592
395 0.00192996291346
396 0.00126143264514
397 0.000456455737568
398 0.00716414742925
399 0.00129764953947
400 0.00207988407034
401 0.00114113721401
402 0.00212193930642
403 0.00219023611183
404 0.000237497654344
405 0.000817298318247
406 0.000439993725371
407 0.00225134506465
408 0.00137456898883
409 0.000540691809124
410 0.00148881835382
411 0.000615118732678
412 0.00122004632828
413 0.000189922109679
414 0.000566206399457
415 0.000343444145816
416 0.0166270031577
417 0.00156976124859
418 0.00212656604576
419 0.000857155532713
420 0.00296938451875
421 0.00195844553206
422 0.00227189906225
423 0.00476917051148
424 0.0016426292741
425 0.00842829872824
426 0.000868725320662
427 0.00504311299881
428 0.000513502999529
429 0.000998997956318
430 0.0546681445554
431 0.00172800658398
432 0.00530837574937
