1 0.000209280956414
2 0.157195241514
3 0.000965731762224
4 0.000741552820762
5 0.00017505814916
6 0.000361433590192
7 0.00234424529835
8 0.00263543054756
9 0.000254470884455
10 0.00189035916824
11 0.00124090318733
12 0.000323017281166
13 0.000948678791244
14 0.0122253000923
15 0.00678519957986
16 0.00108868969866
17 0.0157542871691
18 0.00172710406477
19 0.00112023724208
20 0.000545757514378
21 0.00260022945705
22 0.00501188067749
23 0.00326185351246
24 0.00106534090909
25 0.00262170314254
26 0.000945698917588
27 0.00103345640751
28 0.00010242896133
29 0.00120642982859
30 0.00261257604798
31 0.00254061164422
32 0.000242018332211
33 0.000448105446023
34 0.000750046986367
35 0.00308641975309
36 6.97023623077e-05
37 0.00118100265163
38 0.000643976150243
39 0.0010862716623
40 0.000491118675768
41 0.000164365548981
42 0.00157220739805
43 0.00324981240232
44 0.018119150815
45 0.158812799851
46 0.00736752480371
47 0.000956933603714
48 0.00120426694701
49 0.000961480680248
50 0.00369109555873
51 9.79434269211e-05
52 0.00273796646836
53 0.0411737286259
54 0.00308437375214
55 0.00224159135501
56 0.0985715625656
57 0.000475479611529
58 0.00190046351997
59 0.000786438594024
60 0.0036637767831
61 0.000758721392531
62 0.000432188289371
63 0.000282062875133
64 0.000485084804602
65 0.000436935828458
66 0.000219072859697
67 0.000651483231689
68 0.000246542387474
69 0.003900541671
70 0.0015439429186
71 0.000130809024905
72 0.000534845848869
73 0.000534845848869
74 0.00170934415142
75 0.000637891370339
76 0.000565347990524
77 0.00198791026005
78 0.000522905825936
79 0.000947789297705
80 0.00167282312005
81 0.0155529541916
82 0.0156970428479
83 0.481486819601
84 0.00285210314984
85 0.000437667407783
86 0.00397201403083
87 0.00231229793877
88 0.000741049382716
89 0.000480917205294
90 0.00021080299472
91 0.00118100265163
92 0.00145407197687
93 0.000741049382716
94 0.00321345382739
95 0.000935933294326
96 0.00211085166371
97 0.000510939834995
98 0.00237794387659
99 0.0100331399939
100 0.000272044263297
101 0.000485532127305
102 0.00087936186555
103 0.00110496389684
104 0.000993987709779
105 0.000314370504502
106 0.0138811361367
107 0.0462115353476
108 0.541228143005
109 0.000621266807752
110 0.000286876710761
111 0.000259399414063
112 0.00348429671256
113 0.000211186098675
114 0.0064
115 0.000473412760633
116 0.000448105446023
117 0.00212519529625
118 0.00241547108728
119 0.00226424844872
120 0.00123668583278
121 0.0006956013698
122 0.000280339495574
123 0.000505440970964
124 0.00138848328008
125 0.0165215850925
126 0.0191067755206
127 0.000211570247934
128 0.000230924350794
129 0.000314873497309
130 0.00220356123647
131 0.00286509792336
132 0.000954687113757
133 0.00102036879719
134 0.000508193566662
135 0.0123180996396
136 0.000499935711143
137 0.000558820177049
138 0.000737294141302
139 0.00087936186555
140 0.000518380259821
141 0.00102036879719
142 0.000501849213673
143 0.000321423469469
144 0.00121068838524
145 0.000741552820762
146 0.00124090318733
147 0.000669808634226
148 0.00184749153586
149 0.00275503246929
150 0.000482609085097
151 0.0189047068876
152 0.000300572675106
153 0.0014597369921
154 0.00878614681167
155 0.000966468898494
156 0.0039411530284
157 0.000404517914966
158 0.00102287921095
159 0.0017502410762
160 0.00146997425193
161 0.00567562031235
162 0.00097840061329
163 0.01526302482
164 0.00113520857063
165 0.0026545176944
166 0.00042829810096
167 0.000192901234568
168 0.000245097100578
169 0.0044682308774
170 0.000448105446023
171 0.00263543054756
172 0.0004
173 0.000611305236816
174 0.000490334141142
175 0.00111609831991
176 0.00107994684199
177 0.00447405324245
178 0.00913538229872
179 0.00364241557189
180 0.0257
181 0.00327194346414
182 0.000293190805734
183 0.00382020257273
184 0.000957125646995
185 0.00160165077367
186 0.00155874320258
187 0.0010392905133
188 0.000756261454129
189 0.0183078234444
190 0.0118836805556
191 0.00324899337322
192 0.000492076001729
193 0.000478014324024
194 0.000750707793857
195 0.000552455760513
196 0.00118100265163
197 0.000517469351325
198 0.000206656769745
199 0.00510255102041
200 0.00514336734694
201 0.0248049948756
202 0.00405791293175
203 0.00044065107525
204 0.0237019269384
205 0.00210100095569
206 0.00100074369291
207 0.00186969517262
208 0.000238738786917
209 0.000935517844498
210 0.00115999208771
211 0.00156459851394
212 0.000331591706426
213 0.00318494749823
214 0.0432387330399
215 0.000553899164053
216 0.000479234206741
217 0.000243455129519
218 0.00174945805871
219 0.000361433590192
220 0.00119592389273
221 0.000737294141302
222 0.0017954610744
223 0.00107385239787
224 0.00050453312926
225 0.000369000716126
226 0.00167949467335
227 0.00370939757212
228 0.00169187415383
229 0.00352387065031
230 0.000204081632653
231 0.000561199875766
232 0.00068949336602
233 0.00130006660835
234 0.00383015205851
235 0.000451923966866
236 0.00024351276476
237 0.00285394968241
238 0.000532872249633
239 0.000615559696229
240 0.0321503258393
241 0.000576276598003
242 0.00198277603084
243 0.00374996859401
244 0.00286829712365
245 0.00189114648984
246 0.000437667407783
247 0.000737294141302
248 0.00172144188144
249 0.000192901234568
250 0.00113742404514
251 0.002025
252 0.000598381593208
253 0.000482532850389
254 0.161927905613
255 0.0409267383903
256 0.00504900901695
257 0.00127737158319
258 0.000285419915349
259 0.00020263167893
260 0.00107107438017
261 0.00727938715584
262 0.0221041720597
263 0.00144134670211
264 0.000763703453033
265 0.00503157578341
266 0.00183953552108
267 0.00144134670211
268 0.00214948033686
269 0.000418941990859
270 0.000245097100578
271 0.00513114813643
272 7.66419753086e-05
273 0.000178371855151
274 0.000576737988393
275 0.00106912962454
276 0.00180003452466
277 0.00375411115511
278 0.000538826083321
279 0.000669808634226
280 0.000674102752943
281 0.000669808634226
282 0.01838797059
283 0.0111621031379
284 0.00899577699946
285 0.00253537921243
286 0.0221917371929
287 0.0142523627597
288 0.0010447394297
289 0.00107107438017
290 0.00116876229911
291 0.00107107438017
292 0.00531684027778
293 0.000207471253409
294 0.000197329727955
295 7.75441843661e-05
296 0.000578103962939
297 0.000658967714798
298 0.000900517364717
299 0.00606936076778
300 0.000945129266117
301 0.00607780158883
302 0.000853461740028
303 0.000316674603894
304 0.000448105446023
305 0.00202530864198
306 0.00089402986722
307 0.00118100265163
308 0.000229134239547
309 0.000581195849983
310 0.00143328282751
311 0.00110111956386
312 0.0230494284408
313 0.00143502889854
314 0.118373315007
315 0.00231556334445
316 0.00295924309048
317 0.00118494015923
318 0.000537826869658
319 0.000539201341259
320 0.00055940976452
321 0.0005432440751
322 0.00100426502678
323 0.0449469927964
324 0.0131286042342
325 0.000381082793151
326 0.000706981040791
327 0.000192901234568
328 0.00100426502678
329 0.00180003452466
330 0.0004
331 0.000448105446023
332 0.00542231404959
333 0.000244140625
334 0.000408325544715
335 0.000102859917136
336 0.0278905462989
337 0.0218161554706
338 0.00153410767818
339 0.00225979887549
340 0.00180950474301
341 0.000998981747771
342 0.000583757488401
343 0.00124083102055
344 0.141403328527
345 0.000203423208926
346 0.000492076001729
347 0.000425303823873
348 0.101551841827
349 0.00269238952422
350 0.00105320741944
351 0.00144494178276
352 0.000585034583093
353 0.00180003452466
354 0.000361433590192
355 0.000741552820762
356 0.000174379629202
357 0.000670325461876
358 0.00105306297479
359 0.000816264466758
360 0.335854574822
361 0.000494095139137
362 0.0707674319453
363 0.00658325366144
364 0.00653566554924
365 0.0597635641712
366 0.00523105485636
367 0.018882416981
368 0.00652471216123
369 0.00100109247851
370 0.00552448249008
371 0.00129453580764
372 0.000498006853191
373 0.0363805302524
374 0.000597259967289
375 0.0263222727368
376 0.00183121462788
377 0.00211027570656
378 0.00124080407168
379 0.00317397341797
380 0.000604203977755
381 0.00144058761095
382 0.00451882716049
383 0.000233284474396
384 0.000432188289371
385 0.000737294141302
386 0.00219575235666
387 0.000357616136556
388 0.000548811983471
389 0.00179313179333
390 0.0231371778777
391 0.00619263128008
392 0.00214236734694
393 0.000504660018315
394 0.000653662052993
395 0.00331581181562
396 0.00084981123576
397 0.0026800400586
398 0.00111860542643
399 0.000998981747771
400 0.00271984762397
401 0.000737262553131
402 0.000753187069896
403 0.000649933560274
404 0.000522210227634
405 0.0113614727153
406 0.000387593149336
407 7.75502544797e-05
408 0.00211692605385
409 0.00397341367772
410 0.001024
411 0.000432188289371
412 0.000282062875133
413 0.000783651671669
414 0.00124090318733
415 0.0146017760375
416 0.000495022608045
417 0.010998776366
418 0.000711189899005
419 0.000601910125669
420 0.000287324717002
421 0.000690660385686
422 0.0310680511322
423 0.00105371900826
424 0.00141523285106
425 0.0087506324844
426 0.000532872249633
427 0.00094348449015
428 0.00136483304249
429 0.00171631966589
430 0.0219364105243
431 0.0001220703125
432 0.0270077994694
