1 0.0025819856978
2 0.0010175414097
3 0.0019140625
4 0.000604676162322
5 0.00463254844988
6 0.000573702893614
7 0.00112023724208
8 0.000664364638868
9 0.000491989839545
10 0.000220703163728
11 0.000517449177369
12 0.000228269582811
13 0.0065891161698
14 0.0204081632653
15 0.0280305740531
16 0.000512111707327
17 0.0020725037383
18 0.00179123414449
19 0.00210893561554
20 0.000988105127517
21 0.000133959190672
22 0.0010499699835
23 0.0411340396651
24 0.000199947277902
25 0.078662620225
26 0.00024243889209
27 0.000393867349217
28 0.00172800658398
29 0.00142289829151
30 0.00121841201965
31 0.000424774478734
32 0.000880812359102
33 0.00752213953719
34 0.000535836762689
35 0.00237474674748
36 0.0147720101882
37 0.012865636683
38 0.00253712483632
39 0.0129021215261
40 0.00143909591669
41 0.00427744978988
42 0.0017720917325
43 0.00155305879784
44 0.000488601513023
45 0.0020895923329
46 0.00497333298852
47 0.00470403173017
48 0.00550326233391
49 0.000511865031429
50 0.00351251714678
51 0.000333970281454
52 0.00174500283081
53 0.000491203913284
54 0.000192566772152
55 0.000788414157803
56 0.000584533379257
57 0.202062020736
58 0.000505115472927
59 0.00686958820808
60 0.000318430974223
61 0.000531978737997
62 0.00097224564757
63 0.00181396236855
64 0.00266265756434
65 0.00620608859592
66 0.000264909532335
67 0.0142891870653
68 0.00048516369423
69 0.000308652797209
70 0.00729464839267
71 0.00174289279514
72 0.00157519334035
73 0.00212728546268
74 0.012736487272
75 0.00106329810992
76 0.00055940976452
77 0.000488601513023
78 0.000239905012609
79 0.000403113976861
80 0.000815032315151
81 0.000604676162322
82 0.000480178654119
83 0.00615166910703
84 0.000994410099112
85 0.000365839976323
86 0.0185774203235
87 0.0126670355931
88 0.000151712604176
89 0.0017589394145
90 0.00496448137889
91 0.0102195136965
92 0.00137381815019
93 0.0136761581445
94 7.59074453958e-05
95 0.00164043044239
96 0.00303623490212
97 0.00340387696014
98 0.000381726621151
99 0.00795860630313
100 0.00142064175827
101 0.000300725685793
102 0.000513283385896
103 0.00193473629246
104 0.00093393020313
105 0.00118906064209
106 0.000778799351001
107 0.000549977447809
108 0.00107385239787
109 0.000573428164589
110 0.000557741224007
111 0.00559726533966
112 0.000577507606095
113 0.00186963022783
114 0.0040087426954
115 0.000809188344618
116 0.0010175414097
117 0.00217868795241
118 0.000928047330414
119 0.000229134239547
120 0.000713222798475
121 0.00111376416582
122 0.000296129478044
123 0.000548616417272
124 0.00478515333393
125 0.00352181023259
126 0.00111111111111
127 0.0010862716623
128 0.00496193501007
129 0.000444225886121
130 0.00226045136463
131 0.000701070414828
132 0.000424774478734
133 0.000292212565358
134 0.000877914951989
135 0.000381408912769
136 0.00368006109476
137 0.000514617626886
138 0.0021229893306
139 0.000957257672616
140 0.05342977109
141 0.00132876143274
142 0.00738137834933
143 0.00045113395793
144 0.0502269588329
145 0.0593180051306
146 0.000910374554102
147 0.000747435191127
148 0.00662138443511
149 0.00117414054477
150 0.00339128714085
151 0.0013068449615
152 0.0130953072607
153 0.000459576945441
154 5.80744658045e-05
155 0.00058570559719
156 0.02266093238
157 0.0174459620731
158 0.00116439433077
159 0.000500030401848
160 0.00098690470728
161 0.000394276102246
162 0.0101752815012
163 0.00468018359633
164 0.000281518850502
165 0.000239905012609
166 0.000448105446023
167 0.00048516369423
168 0.00210981397273
169 0.000184480040124
170 0.000153729880018
171 0.00384934119365
172 0.000274036705625
173 0.00617204610256
174 0.000953537573523
175 0.00458904814329
176 0.00320846985183
177 0.0080600400495
178 0.00825134726987
179 0.00272970762648
180 0.0251901472734
181 0.0323464730453
182 0.00193821446936
183 0.024594119773
184 0.0151570311304
185 0.0450499269764
186 0.00197678401701
187 0.00253611468984
188 0.00262710692343
189 0.000816326530612
190 0.000184480040124
191 0.754934477741
192 0.00150994798509
193 0.00129152987244
194 0.00102036879719
195 0.000235793661279
196 0.000880812359102
197 0.000538826083321
198 0.000311407050035
199 7.84689069378e-05
200 0.000290278183461
201 0.00104432246357
202 0.00512992500553
203 0.0010131640974
204 0.0164340737564
205 0.000584541845032
206 0.000560304820143
207 0.00518134755628
208 0.00164284158651
209 0.000150551394482
210 0.0192282875984
211 0.00104700714984
212 0.00587707526244
213 0.00669590897973
214 0.000789093207552
215 0.00230776624375
216 0.0182245443835
217 0.446958028622
218 0.00361069041728
219 8.47267379691e-05
220 0.00106285543794
221 0.00185241381369
222 0.000492076001729
223 0.000491203913284
224 0.000651312934028
225 0.00050635126519
226 0.000514617626886
227 0.000983379669536
228 0.0363159998062
229 0.00184425458241
230 0.00156459851394
231 0.0020773611893
232 0.000887446663559
233 0.00115999208771
234 0.000377331379662
235 0.000366771109651
236 0.00248253861307
237 0.0142108942956
238 0.000344679455781
239 0.00193473629246
240 0.000442095717613
241 0.00724107740335
242 0.00104591836735
243 0.000384479319189
244 0.000161249685059
245 0.0189690685777
246 0.000606138545953
247 0.0035262345679
248 0.00036738981288
249 0.000478121492297
250 0.000291606945564
251 0.00464457183424
252 7.55617928625e-05
253 0.000121858660503
254 0.0387297085381
255 0.00710727697448
256 0.00123431096723
257 0.00111730976637
258 0.00093748975561
259 0.270673470038
260 0.0454996028797
261 0.176607388945
262 0.0094698750867
263 0.0022175613981
264 7.7036008114e-05
265 9.64949185776e-05
266 0.000483458375007
267 0.00448168133337
268 0.520707108941
269 0.0002044465528
270 0.00152685250897
271 0.000150551394482
272 0.000290278183461
273 0.00112023724208
274 0.000483458375007
275 0.0005872839444
276 0.000815032315151
277 0.00191107527845
278 0.000149631998803
279 0.000114606843179
280 0.000651312934028
281 0.00525189841389
282 0.468243192966
283 0.000774111557258
284 0.00177722507053
285 0.00112282449102
286 0.000755247808413
287 0.00320790291994
288 0.00424181874376
289 0.00200337077303
290 0.00352541815183
291 0.0020661117933
292 0.000873057893799
293 0.000509628634261
294 0.000509753055314
295 0.000215357163263
296 0.000448105446023
297 0.000686303302435
298 0.000246541704547
299 0.00015455493311
300 0.000311724222199
301 0.00196995082351
302 0.00675931936757
303 0.000273482069156
304 0.000432584627396
305 0.00188590981173
306 0.000879747732426
307 0.00593111806732
308 0.00101675687507
309 0.000671913417039
310 0.00260474297241
311 0.00542255124845
312 0.000518297302287
313 0.00259465880532
314 0.0231644669759
315 0.000367278542516
316 0.028104802807
317 0.0719780974577
318 0.00295857988166
319 0.00406909782239
320 0.00769348350579
321 0.0018345946012
322 0.0081196528779
323 0.000248409137702
324 0.000956530980976
325 0.000398850500394
326 0.00113409540578
327 0.000664364638868
328 0.000517469351325
329 0.000239905012609
330 0.00750730203414
331 0.0237256375613
332 0.00162678382939
333 0.0143833352153
334 0.000670194860133
335 0.0022663026914
336 0.298437180782
337 0.00587335499965
338 0.00072609272473
339 0.000259816063182
340 0.00248769989565
341 0.00899408604163
342 0.000841514180098
343 0.00188700895327
344 0.000935915387399
345 0.00610464624508
346 0.00589923616359
347 0.0989864171505
348 0.00124421053286
349 0.000933066003089
350 0.000220703163728
351 0.00106418369033
352 0.000701070414828
353 0.000815032315151
354 0.000292212565358
355 0.000497136147601
356 0.000389438353985
357 0.000219478737997
358 0.00695973706596
359 0.00682853913039
360 0.0252070457755
361 0.000674194833057
362 0.00126392436334
363 0.00326058638837
364 0.00412602365071
365 0.000794929617342
366 0.00136574679048
367 0.000205298100208
368 0.000815327913122
369 0.000434752062638
370 0.000284487837724
371 0.00113835091951
372 0.00178909120657
373 0.000405822810618
374 0.178077425377
375 0.00182353065581
376 0.0113245080156
377 0.00388822810938
378 0.00165777567384
379 0.00103316326531
380 0.00148509743418
381 0.000999752567021
382 0.000610035968734
383 0.000491203913284
384 0.000778799351001
385 0.000267442610926
386 0.000247020376778
387 0.000573428164589
388 0.00337200190131
389 0.000723253946139
390 0.0179528923879
391 0.00608774572871
392 0.000616109188774
393 0.000419729325771
394 0.000420204535839
395 0.000248000496001
396 0.000792094032187
397 0.00129345230662
398 0.00599240585815
399 0.00149004950789
400 0.00126316099751
401 0.00489021468042
402 0.00241363491077
403 0.000616781176248
404 0.000224893919201
405 0.000365312497077
406 0.00732174082569
407 0.000331206986086
408 0.0014428219458
409 0.000470764508738
410 0.00225004662217
411 0.000490334141142
412 0.00174500283081
413 0.000254899075897
414 0.000441504432329
415 0.000778354763416
416 0.00667530866348
417 0.00312245470476
418 0.00219246195777
419 0.205161241217
420 0.000663686820758
421 0.00108723805489
422 0.00807414207555
423 0.00278091430664
424 0.00147994614512
425 0.000557298786159
426 0.00177722507053
427 0.0598668904037
428 0.00536740201245
429 0.000671920309201
430 0.00536730392755
431 0.00146126887141
432 0.00152685250897
