1 0.000220748709446
2 0.0120070334654
3 0.00505679012346
4 0.000472268902718
5 0.000545505916314
6 0.000629417814645
7 0.000136881109467
8 0.000998981747771
9 0.00023944120409
10 0.111442493563
11 0.00172393817677
12 0.00187378870989
13 0.00606817547379
14 0.00125143453852
15 0.000432257953914
16 0.0632146883033
17 0.000691792381484
18 0.000604307385989
19 0.000258888969303
20 0.00326610331633
21 0.00681290702024
22 0.00121451912633
23 0.0169094674556
24 0.00147618379206
25 0.000457854115115
26 0.000998872123152
27 0.00047884098072
28 0.00120609762788
29 0.00382380373621
30 0.00067301020409
31 0.000634983019393
32 0.000653434871885
33 0.00213260714393
34 0.00399154525229
35 0.000193236569115
36 0.00105186267348
37 0.00490758710082
38 0.0049079146244
39 0.000368229348534
40 0.00982805209558
41 0.0106569254921
42 0.00205692324451
43 0.000850297297702
44 0.00226086986036
45 0.000817333693889
46 0.00196494060488
47 0.00110166269385
48 0.0468564329552
49 0.00188229407793
50 0.00242669708154
51 0.00204861868284
52 0.00726437343949
53 0.00149394461085
54 0.000606663592904
55 0.00353197935114
56 0.00111684509062
57 0.000529932270416
58 0.00288514307425
59 0.0047592796527
60 0.000585520499924
61 0.00206995428168
62 0.000491203913284
63 0.000448121385667
64 0.000617422853292
65 0.00238753463162
66 0.000877015973544
67 0.034839972943
68 0.0108269226033
69 0.013520822066
70 0.000538826083321
71 0.000700046580843
72 0.00114477924134
73 0.000342553281175
74 0.0722864940392
75 0.0006712083004
76 0.000475115879991
77 0.00062750752005
78 0.000496241124773
79 0.000900314544887
80 0.00410914896891
81 0.0174103012634
82 0.000286884643914
83 0.000754956910425
84 0.000245296035652
85 0.000954723453833
86 0.000472268902718
87 0.000612451950405
88 0.000629417814645
89 7.86236016404e-05
90 0.000407815265271
91 0.00489168057923
92 0.0173967507608
93 0.109401467182
94 0.000692640645936
95 0.0011070072878
96 0.0050858726051
97 0.000251453469812
98 0.000876063539443
99 0.00126096014285
100 0.00040357940051
101 0.000517449177369
102 0.000963404660841
103 0.000250677732317
104 0.00255133181202
105 0.00291493536473
106 0.0136631572707
107 0.000879450324621
108 0.0011867860168
109 0.00019493881537
110 0.000587898628694
111 0.00120143769602
112 0.00140235187298
113 0.000998872123152
114 0.00331245794731
115 0.00354440237966
116 0.00255559798248
117 0.0004581359073
118 0.000394506225591
119 0.0695756138639
120 0.00206611570248
121 0.0564216358121
122 0.016393584647
123 0.129057999854
124 0.019382686761
125 0.00256026496274
126 0.0012736528906
127 0.000314782139821
128 0.000223600314438
129 0.000472287203669
130 0.00129811851211
131 0.0061080642393
132 9.91170021145e-05
133 0.00153822696789
134 0.00179359936772
135 0.00182442495137
136 0.0134072022161
137 0.000540832882639
138 0.00325043003189
139 0.000368953167227
140 0.00119362955486
141 0.000220293885812
142 0.000998872123152
143 0.000239905012609
144 0.000505440970964
145 0.00112900616479
146 0.00208276165418
147 0.0181172510213
148 0.000697845264353
149 0.00797141517988
150 0.00950925460739
151 0.0018345946012
152 0.00410004843069
153 0.00691056199978
154 0.000817960130656
155 0.000954889572473
156 0.00164284158651
157 0.184258553834
158 0.000214732845603
159 0.000623159198651
160 0.000447306123878
161 0.00152066697023
162 0.000806058374548
163 0.000825961050463
164 0.00244817863131
165 0.000372704237159
166 0.000368953167227
167 0.000756483464535
168 0.000340944047991
169 0.000333604386898
170 0.00127350821423
171 0.000248489407654
172 0.00376852825785
173 0.000260076255038
174 0.00101226780956
175 0.0098403362215
176 0.000160881745225
177 0.00161368267105
178 8.32110088165e-05
179 0.00191485969388
180 0.000248752781194
181 0.00288514307425
182 0.00175285235262
183 0.000300989992203
184 0.0509786930068
185 0.249031605447
186 0.023189762651
187 0.0573645931174
188 0.00105376048577
189 0.000249471578268
190 0.000192159164724
191 0.332054855752
192 0.0016
193 0.000472268902718
194 0.000806058374548
195 0.00133137614106
196 0.000220703163728
197 0.000846965269849
198 0.00533547554601
199 0.0223163045333
200 0.00207670604762
201 0.0305719730409
202 0.0209517730447
203 0.000547497447737
204 0.000509096951609
205 0.00394534883161
206 0.00940578560832
207 0.00135770462432
208 0.00217332606946
209 2.74348422497e-05
210 0.000949990617377
211 0.00120120626595
212 0.000538576019009
213 0.000353359726072
214 0.0127642295309
215 0.0157969537972
216 0.000627127316629
217 0.00271878825106
218 0.000673949636013
219 0.00690210472603
220 0.00325043003189
221 0.000629417814645
222 0.00105376048577
223 0.000968140266791
224 0.001258948288
225 0.00144656504125
226 0.00627081563005
227 0.000456273068702
228 0.0119674940963
229 0.182546813114
230 0.000400568670031
231 0.000344682549211
232 0.00127551020408
233 0.00166033295933
234 0.00155529230569
235 0.000314782139821
236 0.000636439396581
237 0.000160348799193
238 0.000353359726072
239 0.000803901832137
240 0.00473710933877
241 0.000648122415288
242 0.00213285529896
243 0.000368953167227
244 0.000756483464535
245 0.000772200312452
246 0.00209712638658
247 0.000421255732133
248 0.000559874224823
249 0.000213897309239
250 0.00057300543787
251 0.000694590166581
252 0.000496798998457
253 0.00115126216887
254 0.000398855463457
255 0.00289165315052
256 0.192915502484
257 0.000770618672565
258 0.00582002609524
259 0.000153123876618
260 0.000867688770772
261 0.000770618672565
262 0.000632064247472
263 0.00154752
264 0.00180118061761
265 0.0026657948036
266 0.00328814125494
267 0.00141399831012
268 0.00140235187298
269 0.00103573707537
270 0.00179359936772
271 0.000191237583564
272 0.00207766360195
273 0.000257027080213
274 0.00149332265223
275 0.00505679012346
276 0.00031259440351
277 0.000276049770911
278 0.000266038050263
279 0.00111938751537
280 0.000193236569115
281 0.00851153005646
282 0.00331809303977
283 0.00218551127678
284 0.00301564425772
285 0.000274505076308
286 0.0700985037159
287 0.00126294986498
288 0.00123520788796
289 0.000726146794877
290 0.00212084487535
291 0.00201157631589
292 0.00217332606946
293 0.00193821446936
294 0.0101729424907
295 0.00291885799558
296 0.00215471867573
297 0.000309554015244
298 8.32110088165e-05
299 0.000124111360246
300 0.000472268902718
301 0.000221525148729
302 0.000298256617947
303 0.00168310322156
304 0.000312344760492
305 0.0121939428002
306 0.00715756081779
307 0.00179289138341
308 0.00133686557471
309 0.00153169646903
310 0.00058570559719
311 0.00886009607002
312 0.000537826869658
313 0.00126928466807
314 0.001873488924
315 0.00138994050838
316 0.00101990095202
317 0.000507264020778
318 0.00435126124265
319 0.0010385682536
320 0.0077135913044
321 0.00224304538621
322 0.00482584020077
323 0.000459708904966
324 0.000773807129187
325 0.000152415790276
326 0.000629571481103
327 0.000421255732133
328 0.000218668106232
329 0.000682089920205
330 0.00523749464741
331 0.00074170388377
332 0.000827948428986
333 0.00639408473945
334 0.00153664
335 0.000683746051256
336 0.000495810374199
337 0.0020806026713
338 0.0185149349138
339 0.00324546250334
340 0.00105603096556
341 0.000458868924751
342 0.00333396608371
343 0.00192586735675
344 0.000394448001463
345 0.00716978748223
346 0.000275278092437
347 0.0016211044711
348 0.0016211044711
349 0.00223050203648
350 0.000293318582909
351 0.00147816298567
352 0.00352336630544
353 0.000875831262117
354 0.000199151730415
355 0.000472268902718
356 0.0016
357 0.000254899075897
358 0.00133137614106
359 0.00018765246763
360 0.00118934923509
361 0.00102910305086
362 0.000516347149285
363 0.00272699869683
364 0.000971496036431
365 0.00338360478197
366 0.112929227814
367 0.000692053333333
368 0.000535974607376
369 0.00596364994652
370 0.00174268223747
371 0.000867688770772
372 0.000557158863152
373 0.00335945503968
374 0.000999566717308
375 0.001704944297
376 0.00697564272847
377 0.00826446280992
378 0.000989138835379
379 0.00205086766821
380 0.014220240004
381 0.0180727159415
382 0.000949990617377
383 0.00149804461815
384 0.000780428250658
385 0.000525773799724
386 0.000575631536872
387 0.000618043312455
388 0.00140126156732
389 0.00111718274523
390 0.0149945000622
391 0.00276811661604
392 0.0062945463403
393 0.000494828373944
394 0.000522210227634
395 0.00328177276017
396 0.00132526289992
397 0.00532016486127
398 0.0031817141394
399 0.000213771943061
400 0.000624653444023
401 0.00672824817679
402 0.00147065666473
403 0.0383459084901
404 0.000962075919202
405 0.00111754034157
406 0.00319435963077
407 0.00134394664034
408 0.00251023540383
409 0.000953987919586
410 0.000697674933558
411 0.00475895460969
412 0.0032191539661
413 0.000998872123152
414 0.000197329727955
415 0.000206656769745
416 0.000550003696025
417 0.000735182254665
418 0.00356787765519
419 0.000320552303846
420 0.000933800778213
421 0.424671385225
422 0.000218712980488
423 0.00208374822942
424 0.00031259440351
425 0.00553382018488
426 0.00258409507148
427 0.00030692486332
428 0.0888873935033
429 0.120704687618
430 0.000641846134759
431 0.0156101411926
432 0.512328508155
