1 0.0004581359073
2 0.0919584346482
3 0.00113854595336
4 0.000146143313043
5 0.00042368960275
6 0.000526049995792
7 0.00163248648097
8 0.00649844363141
9 0.000401926934185
10 0.000657786854698
11 0.000263280827419
12 0.000302381554356
13 0.00060287318187
14 0.00965292745921
15 0.00461179035288
16 0.0026172507238
17 0.00987776509346
18 0.0034633703246
19 0.000372108862978
20 0.0112613292631
21 0.00319440566232
22 0.00493092303084
23 0.00277008310249
24 0.00018865614666
25 0.000668698175284
26 0.000118486574011
27 0.000322751562214
28 0.000178334344113
29 0.00124807084426
30 0.00178757490263
31 0.000550883701938
32 0.000442840299743
33 0.000891067052796
34 0.00051652892562
35 0.00072609272473
36 0.000122583535286
37 0.000500030401848
38 0.000475538863171
39 0.00355388098717
40 0.0010499699835
41 0.000811248306351
42 0.000734327874848
43 0.00607901309987
44 0.00657381870185
45 0.490590497743
46 0.0048648925364
47 0.00027130561711
48 0.00308641975309
49 0.000575232767318
50 0.000596246586976
51 0.000723261611647
52 0.00399564634374
53 0.00955173640078
54 0.00601260455147
55 0.00270249631211
56 0.227662309542
57 0.000612495506472
58 0.000262256388402
59 0.000327761732928
60 0.00464876033058
61 0.00029643014644
62 0.00106568971785
63 0.00051692748189
64 0.000681012216695
65 0.00192091679174
66 0.0112855646367
67 0.000565143600256
68 0.00155149864042
69 0.00571566618769
70 0.00157021306353
71 0.000226981745702
72 0.000384345378625
73 0.000554154652594
74 0.00046208363492
75 0.0305638417527
76 0.000482266841809
77 0.00109808675983
78 0.000592473122704
79 0.00114048766408
80 0.00109501534128
81 0.00324705045417
82 0.00361031850139
83 0.544906677221
84 0.0023746290428
85 0.000117329821073
86 0.00232756211281
87 0.000498246173469
88 0.000350160457528
89 0.00101215522731
90 0.000865051903114
91 0.000332720145504
92 0.000875731556239
93 0.000700046580843
94 0.000838106512546
95 0.00644152943033
96 0.00206453442485
97 0.000445787612397
98 0.00046179847994
99 0.00373278618263
100 0.000592786077725
101 0.000243455129519
102 0.00121176814308
103 0.000550003696025
104 0.000256117062185
105 0.00208153442291
106 0.00679915435717
107 0.0324185913567
108 0.530750243551
109 0.00112356043819
110 0.000144046091062
111 0.000573730654492
112 0.0131034195142
113 0.000208903022484
114 0.000482609085097
115 0.000160005610073
116 7.71631993023e-05
117 0.00124627311912
118 0.00196667444887
119 0.000782068865043
120 0.00938525039407
121 0.00199642059965
122 0.00343104061504
123 0.021213037805
124 0.000691509427418
125 0.00488553477906
126 0.00782384648069
127 0.000433501774584
128 0.000171872985863
129 0.00187250764706
130 0.000647166981178
131 0.000259068402123
132 0.00382134667363
133 0.00040064076882
134 0.000214288883178
135 0.00544444112661
136 0.00095817662537
137 0.00105376048577
138 0.000208562726774
139 0.000207401478222
140 0.000837460324025
141 0.000526049995792
142 0.000794736587134
143 0.000505696742948
144 0.00151141256432
145 0.00163886338129
146 0.00105838757876
147 0.000178074444856
148 0.00262563934254
149 0.00284875106042
150 0.0013077163982
151 0.00048627930647
152 0.000799447537302
153 0.00304594909661
154 0.00039307573484
155 0.00206880941603
156 0.00133536806515
157 0.00499064060062
158 0.000911930823533
159 0.000838658407311
160 0.00346836366764
161 0.000254385352425
162 0.00198591825974
163 0.000342028869841
164 0.0105060395902
165 0.000834827605178
166 0.000618796564441
167 0.000225281513892
168 0.00319467439531
169 0.00405534516472
170 0.00212608692041
171 0.000691509427418
172 0.000160129071192
173 0.00105757155133
174 0.000726652981462
175 0.000733118717883
176 0.000271069195037
177 0.00275817474835
178 0.437410649297
179 0.0504713170797
180 0.000288853784976
181 0.000660405021202
182 0.00122197581558
183 0.00397894756844
184 0.000498246173469
185 0.00113465917481
186 0.00133180717429
187 0.00239531772834
188 0.0222671808397
189 0.025014783785
190 0.0116801195094
191 0.00068949336602
192 0.000299716843387
193 0.00163248648097
194 0.000554154652594
195 0.00291211588455
196 0.00103686304127
197 0.00190125504996
198 0.00412896566184
199 0.00437666523877
200 0.0682141191388
201 0.00322722931938
202 0.00246833148657
203 0.0608761633076
204 0.00196457744963
205 0.00040257001728
206 0.000428316478287
207 0.00046662489999
208 0.00105784276063
209 0.000419226463453
210 0.000932448593804
211 0.000523570314944
212 0.0049370440045
213 0.045407148616
214 0.00350076647631
215 0.000297119178294
216 0.00014130249995
217 0.00190662414834
218 0.0019140625
219 0.00096331050403
220 0.00106568971785
221 0.000350160457528
222 0.000445881715441
223 0.00185073701883
224 0.000405258055995
225 0.00638548911723
226 0.00672134439181
227 0.00100600844679
228 0.000779538716001
229 0.000410431816124
230 0.00283825346666
231 0.0117120058023
232 0.000662016507348
233 0.00112155452841
234 0.00041717395019
235 0.000212945574397
236 0.0186879666772
237 0.000587980179894
238 0.00237591279194
239 0.00276391512905
240 0.00519598282697
241 0.00402835196021
242 0.00568114652148
243 0.00105376048577
244 0.00108567453704
245 0.000856632956573
246 0.000332720145504
247 0.000464722060014
248 0.000177481851441
249 0.00185073701883
250 0.000700046580843
251 0.00155149864042
252 0.00048176203114
253 0.0126060514657
254 0.0736228165034
255 0.000737646413336
256 0.0076443011138
257 0.000896085672387
258 0.000264550010771
259 0.000256120930634
260 0.00285925097166
261 0.00493092303084
262 0.00183568558084
263 0.000884933404919
264 0.000732222897602
265 0.00258539238074
266 0.0008535893325
267 0.00210893561554
268 0.000208903022484
269 0.000260465495775
270 0.00408900523391
271 0.000222322111096
272 0.00168127317663
273 0.000221937864334
274 0.000603032472499
275 0.00443852443918
276 0.00583526234568
277 0.000640274385746
278 0.00107608210485
279 0.000164197098519
280 0.000275474784302
281 0.0227812071331
282 0.00238460212583
283 0.000577339994344
284 0.0020602585383
285 0.0108165058631
286 0.002445134773
287 0.0112502279925
288 0.00214902855138
289 0.000959354687133
290 0.00260075592457
291 0.00206076153111
292 0.001455825712
293 0.00152726840747
294 0.000270872221555
295 0.000200447155827
296 0.000596246586976
297 0.000962688835783
298 0.00194600918238
299 0.00589069017913
300 0.000474055047657
301 0.00171051048959
302 0.00253059678443
303 7.12804790048e-05
304 0.00211289419865
305 0.00157419397138
306 0.00197315432956
307 0.000468706524278
308 0.0010131640974
309 0.00147234764329
310 0.00140150257056
311 0.00130732548118
312 0.0110404061201
313 0.0039870994379
314 0.00269271219155
315 0.00245086899802
316 0.000830459766166
317 0.000464476813317
318 0.000238517613035
319 0.00154404251036
320 0.00145568014398
321 0.00274533833141
322 0.00087936186555
323 0.0275721511573
324 0.0167408160575
325 0.000673677556921
326 0.000453737884053
327 0.000170874449998
328 0.00023936160851
329 0.000672707189662
330 0.00072609272473
331 0.00072609272473
332 0.000167844088577
333 0.00636079641688
334 0.00103686304127
335 0.000534947410572
336 0.0171692191015
337 0.020281538515
338 0.000761870125956
339 0.0186687428966
340 0.00745238423471
341 0.000171423715233
342 0.000410897172502
343 0.000128583705732
344 0.143601902322
345 0.000226161519805
346 0.00018765246763
347 0.000768932715384
348 0.101264976164
349 0.000612495506472
350 0.000440748107959
351 0.00141442644857
352 9.0980008999e-05
353 0.00181801961029
354 0.000901501877086
355 0.000956933603714
356 0.0012635297358
357 0.000208150219411
358 0.00020263167893
359 0.00296808273886
360 0.470061489241
361 0.000500830450491
362 0.344960372659
363 0.0041067999009
364 0.0489655209903
365 0.050174471136
366 0.0123840285714
367 0.0141088119302
368 0.00128214126823
369 0.000499043367347
370 0.00301745587833
371 0.000686728651498
372 0.00122363870194
373 0.111825953764
374 0.0004581359073
375 0.0260908514626
376 0.00335454694512
377 0.000983937945546
378 7.14144019044e-05
379 0.000872162862955
380 0.000554154652594
381 0.000218668106232
382 0.00072609272473
383 0.000303042773926
384 0.000582334406421
385 0.00124627311912
386 0.000919117647059
387 0.00054794568587
388 0.000890218184878
389 0.000188270931812
390 0.0900957912482
391 0.00344359251991
392 0.00120067690506
393 0.000631909270002
394 0.000872835828127
395 0.00766797518749
396 0.0045055357478
397 0.000524939130802
398 0.000870106990934
399 8.01960347516e-05
400 0.00232770683799
401 0.00532867712505
402 0.00124893780324
403 0.00267752804784
404 0.000198100547205
405 0.00917276825815
406 0.000298550629988
407 0.00068949336602
408 0.00107062799023
409 0.000418231500596
410 0.00096331050403
411 0.00106568971785
412 0.000656665410021
413 0.000614888067044
414 0.000189269456863
415 0.00625119740313
416 0.000763228957196
417 0.000401926934185
418 0.00185399106131
419 0.000124804234603
420 0.000479713610296
421 0.0022151763042
422 0.019020476971
423 0.000434265318263
424 0.000699320153371
425 0.00431035836359
426 0.000796596928096
427 0.00101806266446
428 0.00212967357307
429 0.00154404251036
430 0.0681687664111
431 0.000244693236414
432 0.0249150021649
