1 0.000864374215739
2 0.00110581649244
3 0.0305447902394
4 0.00991877930902
5 0.00995614149196
6 0.00200979534575
7 0.000839399132853
8 0.000670841745646
9 0.000438400826017
10 0.00036114004518
11 0.000337703941521
12 0.000436206081899
13 0.234588095423
14 0.00345758137966
15 0.000995518301822
16 0.0181257507575
17 0.000271317078303
18 0.00033719090775
19 7.18741651823e-05
20 0.000921168499856
21 0.00327221537416
22 0.000517355371901
23 0.00291199463101
24 0.000900249804542
25 0.0013077163982
26 0.00125462361769
27 0.000480917205294
28 0.00609900369344
29 0.108462809541
30 0.000239905012609
31 0.000210031473834
32 0.000188620162464
33 0.00315173899661
34 0.00100073819886
35 0.000302323064544
36 0.000625898817541
37 0.00107563912886
38 0.000267646923524
39 0.000246059207997
40 0.000911868168813
41 0.0188486208044
42 0.00403294547213
43 0.00509973488362
44 0.000168375075289
45 0.000562598792348
46 0.00407285260861
47 0.00406345084993
48 0.00100073819886
49 0.00100773956379
50 0.00181077410593
51 0.00090754713678
52 0.000705872741384
53 0.000199721284952
54 0.00181077410593
55 0.00514319368283
56 0.00292019834957
57 0.0106416903193
58 0.0193945824411
59 0.00124380157634
60 0.0001920467451
61 0.000899083373536
62 0.00152676232143
63 0.00025342496385
64 0.000449583453031
65 0.00275646534465
66 0.000268195099363
67 0.00150501209838
68 0.00112356043819
69 0.000839399132853
70 0.0023819066364
71 0.000448865268601
72 0.00079598274388
73 0.330527651545
74 0.000274337838475
75 0.114825613582
76 0.000640922929018
77 0.0276381433387
78 0.000737335375327
79 0.00110196178376
80 0.003325217109
81 0.00087839685946
82 0.00155184192143
83 0.00348771266541
84 0.00021568
85 0.013127721919
86 0.188303349136
87 0.00229425080433
88 0.00571673442553
89 0.000370963031902
90 0.00142509158335
91 0.000280107140981
92 0.000436206081899
93 0.000301146710207
94 0.000233551223599
95 0.000802257711671
96 0.000275409470657
97 0.000936557039083
98 0.00147527048673
99 0.000238517613035
100 0.0183416692859
101 0.0038265818679
102 0.000700385708163
103 0.00226757369615
104 0.000995518301822
105 0.000440025935007
106 0.000179082366505
107 0.00619672247578
108 0.211739122059
109 0.0431503347157
110 0.000830768698225
111 0.000436206081899
112 0.000523166218697
113 0.000221154408803
114 0.00257391822554
115 0.000544880261473
116 0.000235808980854
117 0.000791015625
118 0.000523166218697
119 0.000284374856244
120 0.000239381698768
121 0.000683855324662
122 0.00592760282625
123 0.00191205320682
124 0.00349217037021
125 0.00507859192429
126 0.00100424892208
127 0.00281458136343
128 0.00313248516765
129 0.00254143427871
130 0.00212563239537
131 0.00062111198455
132 0.000640922929018
133 0.000492364509506
134 0.0597920969575
135 0.00446983467265
136 0.0301020705468
137 0.0217738640085
138 0.000301146710207
139 0.000222014931795
140 0.000371630500577
141 0.000582318391199
142 0.00015625
143 0.000301146710207
144 0.00243114332587
145 0.000235808980854
146 0.000562598792348
147 0.00204708203419
148 0.00110763093913
149 0.00674526254243
150 0.00163823357775
151 0.00972458312242
152 0.00585813947632
153 0.000703814758066
154 0.00541518539749
155 0.000922084237407
156 0.0031063036924
157 0.000503627731274
158 0.00107107438017
159 0.00140105609862
160 0.000483458375007
161 0.000360884507719
162 0.00169254739938
163 0.000648835557771
164 9.15997851007e-05
165 0.000544880261473
166 0.000542707433878
167 0.000769228942951
168 0.00120067690506
169 0.000140916965862
170 0.00037990167699
171 0.000447372957596
172 0.0111866150367
173 0.00394915339086
174 0.0586304377952
175 0.000586904423339
176 0.00271491816681
177 0.000151946457867
178 0.000199721284952
179 0.000684404791409
180 0.000757568758603
181 0.00201358913958
182 0.000483458375007
183 0.000892259284519
184 0.000738892995559
185 0.00222271959705
186 0.00221468317937
187 0.0842241061901
188 0.00135898574354
189 0.0022201417397
190 0.000436206081899
191 0.000468230819778
192 0.000421986794852
193 0.000160484563078
194 0.000872835828127
195 0.000541840489096
196 0.00460987501133
197 0.00362576318465
198 0.000244618161561
199 0.00114693411943
200 0.00629968750307
201 0.00228905444014
202 0.0643160147514
203 0.000327209322826
204 0.00185802722683
205 0.0031701486332
206 0.00242366863905
207 0.0013380677792
208 0.00347154325634
209 0.00360968261572
210 0.000589318538084
211 0.00577141775028
212 0.00320065342413
213 0.0076791337914
214 0.00358748846353
215 0.00136050432645
216 0.00686325750714
217 0.00204931428919
218 0.000254956270535
219 0.00321569663937
220 0.00152455522043
221 0.00110496389684
222 0.000872162862955
223 0.000910592594831
224 0.00201808142414
225 0.00718184429762
226 0.000460498443515
227 0.000562598792348
228 0.00267503399631
229 0.0153115629831
230 0.000897007483368
231 0.000653434871885
232 0.00299129965382
233 0.00115487195904
234 0.00284804053032
235 0.00237873450035
236 0.000630248115404
237 0.00317755275055
238 0.0016171353084
239 0.00198594147188
240 0.00161578937805
241 0.000633976612439
242 0.0965143773529
243 0.0015391015775
244 0.000544880261473
245 0.000704333283748
246 0.00051652892562
247 0.00142509158335
248 0.000438400826017
249 0.000635902604721
250 0.000309087060676
251 0.00020628591873
252 0.00104432246357
253 0.000482609085097
254 0.000552919471228
255 0.000297613837293
256 0.0474350705247
257 0.00032859923697
258 0.0690774073555
259 0.00732271145886
260 0.00721922373674
261 0.000981817487563
262 0.00501835017244
263 0.000497357638339
264 0.00111860542643
265 0.00212084487535
266 0.00189158933356
267 0.000513665953254
268 0.000756572320169
269 0.0005478886839
270 0.00151057686805
271 0.0119379988417
272 0.0242673348383
273 0.000292405321496
274 0.00545514248498
275 0.000876291438787
276 0.00262628036777
277 0.00040064076882
278 0.00213439027613
279 0.000791015625
280 0.000181999664438
281 0.000812453100581
282 0.000800996796013
283 0.000807331265585
284 0.000198448855792
285 0.000274337838475
286 0.000398535405431
287 0.283257737518
288 0.00120136281157
289 0.0057833907669
290 0.00202784804201
291 0.040571875323
292 0.00688485727158
293 0.00021826447345
294 0.00083768018759
295 0.00155184192143
296 0.000538381032887
297 0.00133038779167
298 0.380324031002
299 0.0316788233562
300 0.0016
301 0.000508887265644
302 0.000132117849121
303 0.000362039338144
304 0.000411538197732
305 0.00200979534575
306 0.000807441786778
307 0.00223419232417
308 0.000812453100581
309 0.00114693411943
310 0.00287792227502
311 0.000954889572473
312 0.090371396938
313 0.000587810140042
314 0.00034091231408
315 0.000297527936832
316 0.00527317718788
317 0.000603027420997
318 0.00286384344919
319 0.00176584184618
320 0.00106484863242
321 0.000646744739857
322 0.000975621497974
323 0.000553471470588
324 0.000345037515428
325 0.000220293885812
326 0.012450941941
327 0.00232530446795
328 0.000537826869658
329 0.000196983687288
330 8.45654165806e-05
331 0.000466828341402
332 0.000930767020971
333 0.000230440465346
334 0.00179124868378
335 0.000211570247934
336 0.000389337994592
337 0.000975724288426
338 0.000416493127863
339 0.00208475454129
340 0.00168698520076
341 0.0117805734678
342 0.00105881622687
343 0.00402074187334
344 0.0813756194795
345 0.0130277476221
346 0.000372987611112
347 0.000567974765563
348 0.02445649645
349 0.00647254484495
350 0.000494389103832
351 0.00135600804614
352 0.000735221460467
353 0.00578770307892
354 0.0133336762179
355 0.00472763017186
356 0.000510939834995
357 0.000265591131879
358 0.000537826869658
359 0.00378051706447
360 0.00287792227502
361 0.000221937864334
362 0.00161578937805
363 0.000254470884455
364 0.000653434871885
365 0.000439136089328
366 0.000600320553709
367 0.181210148734
368 0.00239694390516
369 0.00341040988264
370 0.00756710578916
371 0.389783144682
372 0.00066671889344
373 0.001123783174
374 0.00245114124306
375 0.0066511125814
376 0.000232660207027
377 0.0022429302968
378 0.00249275429692
379 0.000182220843499
380 0.00130964874577
381 0.000319433870365
382 0.00210170702581
383 0.00514533578765
384 0.000546513779224
385 0.00064727990111
386 0.000953252385338
387 0.00040128179405
388 0.000195951009186
389 0.000151946457867
390 0.000273959571938
391 0.000267646923524
392 0.000872162862955
393 0.000179870142189
394 0.000941388384733
395 0.0315519814241
396 0.0833101593051
397 0.00130378738949
398 0.00494539297082
399 0.0155302403199
400 8.966422666e-05
401 0.000532872249633
402 0.00706839383174
403 0.000411555925378
404 0.000466373431972
405 0.0552046057424
406 0.052689193068
407 0.00396629039013
408 0.00211388558594
409 0.00216127952068
410 0.00195354232166
411 0.000254470884455
412 0.000872162862955
413 0.00255156548136
414 0.0014256851242
415 0.000221937864334
416 0.000215520133103
417 0.00021826447345
418 0.001253668078
419 0.00193473629246
420 0.00223722377053
421 0.000238517613035
422 0.000802257711671
423 0.00100763960946
424 0.00343124717506
425 0.00112553941514
426 0.00102179548533
427 0.000131739016774
428 0.000190595241596
429 0.000510926146122
430 0.000590874005693
431 0.00225039516939
432 0.00320317082838
