1 0.0021493132192
2 0.00244664926879
3 0.000512684015479
4 0.000535403505853
5 0.000473412760633
6 0.000979058505372
7 0.00146692208875
8 0.000395557352968
9 0.000396823136498
10 0.0156839509347
11 0.00741588663298
12 0.000445881715441
13 0.00487169695234
14 0.00121451328305
15 0.000805574761698
16 0.362421799647
17 0.000577847633136
18 0.000571419501278
19 0.000302672096309
20 0.00772134568358
21 0.00146348688043
22 0.000278520002638
23 0.00119362955486
24 0.0572808980145
25 0.00769130153695
26 0.000585508569376
27 0.000233086649962
28 0.000872162862955
29 0.000261348665788
30 0.000515796000667
31 0.00143615162896
32 0.00096209535372
33 0.000793493354493
34 0.00167362967216
35 0.00167023058642
36 0.000657996713096
37 0.00117104483222
38 0.00696716265501
39 0.000509544076177
40 0.000999748778303
41 0.000805809691336
42 0.00100757738463
43 0.000577847633136
44 0.0012426893018
45 0.00287002208078
46 0.00184668149902
47 0.00134573667037
48 0.00982953143485
49 0.000510939834995
50 0.00108136011857
51 0.00445979220712
52 0.000989302263496
53 0.00689299250805
54 0.000231317497723
55 0.0017720917325
56 0.00543218626247
57 0.00198791026005
58 0.000426178690929
59 0.001610500382
60 0.00247971610814
61 0.000350160457528
62 0.00108285512802
63 0.000499859953516
64 0.000464143317142
65 0.00832489743726
66 0.000266933111486
67 0.000268143787672
68 0.000512792743121
69 0.0242192196208
70 0.000956530980976
71 0.00120450994636
72 0.463311348787
73 0.00902974532158
74 0.00105034042526
75 0.000610229710241
76 0.00230433071746
77 0.0100863343187
78 0.00303171502063
79 0.000642015661864
80 0.00169312270332
81 0.00280391484336
82 0.000251479289941
83 0.000596412737889
84 0.00166458564574
85 0.00119362955486
86 0.000382664619258
87 0.00185871146857
88 0.000382664619258
89 6.44846699639e-05
90 0.00171634075009
91 0.00293208543535
92 0.00336675355111
93 0.000524281596646
94 0.000872162862955
95 0.00105186267348
96 0.443170850594
97 0.00319174893826
98 0.000927441459785
99 0.000914086292359
100 0.00346020761246
101 0.000330972046232
102 0.00058928135411
103 0.000327188067045
104 0.00620602271398
105 0.00041393951565
106 0.0231858338799
107 0.00107526360761
108 0.0117081818799
109 0.460643496166
110 0.0209201722069
111 0.000171822569463
112 0.000228272538449
113 0.000515921927425
114 0.000668794427617
115 0.000497566897869
116 0.00271353083422
117 0.000448865268601
118 0.000187011469063
119 0.000264392887831
120 0.00691709996952
121 0.001610500382
122 0.00441659656196
123 0.000498336974175
124 0.0461378666105
125 0.000268143787672
126 0.000475113411456
127 0.000424774478734
128 0.000412702930896
129 0.000360202207742
130 0.00109171645927
131 0.0308500241379
132 0.00296884755047
133 0.00426756900078
134 0.000637690031629
135 0.000528471396486
136 0.00167023058642
137 0.000491095929956
138 0.000445881715441
139 0.00178253375467
140 0.00528370027138
141 0.00106557649573
142 0.00108849923277
143 0.329141429713
144 0.00222226112599
145 0.00151041259823
146 0.00568581644801
147 0.006426492183
148 0.000214996431059
149 0.000247513025856
150 0.00158960197717
151 0.00149445235552
152 0.00158242461933
153 0.00638701431178
154 0.00408422597762
155 0.00175525197959
156 0.00057715763761
157 0.00100959032912
158 0.000518297302287
159 0.00163720805907
160 0.000793493354493
161 0.000280917443321
162 0.000157351691439
163 0.000382664619258
164 0.000471768967566
165 0.00125148801822
166 0.00417277036578
167 0.0186126898098
168 0.00640023746418
169 0.00403124212648
170 0.00127649439405
171 0.000624653444023
172 0.00230811769417
173 0.00462080082321
174 0.00206587805342
175 0.00109769298281
176 0.0050660899654
177 0.00189835681935
178 0.00109171645927
179 0.000476726225663
180 0.00616310386092
181 0.00474996499335
182 0.421926060904
183 0.000655082835016
184 0.00258924212289
185 0.000231317497723
186 0.000651391595001
187 0.00043547816199
188 0.00085988279665
189 0.00085988279665
190 0.000383276882649
191 0.00025485696204
192 0.000132498317892
193 0.000234876176216
194 0.0219504591549
195 0.0110859576202
196 0.00137202191326
197 0.00683993658023
198 0.00555823907472
199 0.000302703787336
200 0.000512792743121
201 0.000626226201797
202 0.000544880261473
203 0.000650955010269
204 0.000528957682539
205 0.000637332331436
206 0.00343610201195
207 0.000585508569376
208 0.000161702043929
209 0.00156989578109
210 0.00151359117674
211 0.00822733311006
212 0.0748790595496
213 0.00817904743962
214 0.000375015575727
215 0.00259232466841
216 0.000641572458167
217 0.00118000116543
218 0.00117775247387
219 0.000436174927049
220 0.000264392887831
221 0.000979058505372
222 0.000464143317142
223 0.000392460833511
224 0.00259232466841
225 0.00133036464925
226 0.00291204264105
227 0.000566906918821
228 0.00162123257946
229 0.000988539501535
230 0.00144750047489
231 0.00585705123438
232 0.000267699672462
233 0.000872162862955
234 0.000517469351325
235 0.00177514049191
236 0.00111038796719
237 0.00123191853544
238 0.000268879083722
239 0.000941307111557
240 0.0018684280689
241 0.0256397037037
242 0.0183403376949
243 0.0400360910295
244 0.00127649439405
245 0.00055940976452
246 0.000209659916873
247 0.000894879100007
248 0.00106140332917
249 0.00214902855138
250 0.000569059204009
251 0.000222763661678
252 0.00054794568587
253 0.00107890670787
254 0.0272913996988
255 0.00389243488994
256 0.0255563589794
257 0.00649844363141
258 0.00546551745769
259 0.000637332331436
260 0.000238003698211
261 0.00501707076717
262 0.00488495779859
263 0.0197821659412
264 0.002365670125
265 0.00339128714085
266 0.00246035984774
267 0.0013593841384
268 0.0037237273962
269 0.000941909066529
270 0.00332440548657
271 0.000321671481405
272 0.000553899164053
273 0.00346020761246
274 0.000199425250197
275 0.00511105104118
276 0.000460356219477
277 0.000528471396486
278 0.00085988279665
279 0.000499342130376
280 0.000551037051731
281 0.00124512862849
282 0.154493352738
283 0.0118370851207
284 0.000551678332927
285 0.000237131889793
286 0.000390534124063
287 0.00275259067358
288 0.00218592299745
289 0.00114263043047
290 0.00148448324997
291 0.00496538931367
292 0.00323152989447
293 0.000759897016211
294 0.000768508617757
295 0.00452848451327
296 0.00821386566833
297 0.0012530346934
298 0.00159092609377
299 0.000634332588686
300 0.00126920164609
301 0.000525996068063
302 0.000382664619258
303 0.000956124550946
304 0.0016729329071
305 0.000634941614184
306 0.000178074444856
307 0.000323482221417
308 0.00876800768702
309 0.000136474801293
310 0.0143920309907
311 0.00212967357307
312 0.0592041085103
313 0.00122638393447
314 0.00278731185083
315 0.000627850125645
316 0.00346657706829
317 0.000658991491877
318 0.0233403111526
319 0.023918473581
320 0.00638701431178
321 0.00928724645635
322 0.00498350060189
323 0.000302350145899
324 0.000246976793784
325 0.000564739984675
326 0.000410657318526
327 0.000167147905692
328 0.00167023058642
329 0.000216262975779
330 0.000793493354493
331 0.000156739428048
332 0.00047417022105
333 0.000283729646888
334 0.000411106046285
335 0.000942257971847
336 0.00165101498745
337 0.000569375541457
338 0.0267340825437
339 0.00105186267348
340 0.000571072522342
341 0.120230860972
342 0.000737016983126
343 0.00158960197717
344 0.00391644428593
345 0.0122975523729
346 0.000744295265878
347 0.015948682867
348 0.00115673697899
349 0.224324551832
350 0.139875815077
351 0.00996943048305
352 0.000724099411104
353 0.00964843873595
354 0.000456570969391
355 0.00095817662537
356 0.00286509792336
357 0.000507264020778
358 0.00057904370644
359 0.000216262975779
360 0.000604279848282
361 0.000473412760633
362 0.00085988279665
363 0.000511865031429
364 0.000637690031629
365 0.000208586965344
366 0.00025485696204
367 0.000213897309239
368 0.0848714884215
369 0.000520249979709
370 0.000282994147961
371 0.00163042721094
372 0.00247245200085
373 0.000556169248947
374 0.0215750197024
375 0.00079598274388
376 0.000219072859697
377 0.00115673697899
378 0.00227024221453
379 0.000266422429462
380 0.00369652590551
381 0.000361433590192
382 0.0152391511976
383 0.000629488315926
384 0.00127854183863
385 0.023897651963
386 0.00196638070474
387 0.000861348595808
388 0.00203204383324
389 0.00120450994636
390 0.000382664619258
391 0.000637690031629
392 0.000394301616132
393 0.000534845848869
394 0.261498281756
395 0.00235173287116
396 0.00850359876482
397 0.00519688406406
398 0.000982309790194
399 0.0061798637979
400 0.00101961888654
401 0.000268143787672
402 0.0047388017128
403 0.00218128308461
404 0.000488385580416
405 0.000491393865667
406 0.00531316424499
407 0.00828722391284
408 0.0386590298822
409 0.000960193742247
410 0.00129062785624
411 0.00252564023696
412 0.000826205459076
413 0.00545179399571
414 0.000223834547233
415 0.000548119694693
416 0.00085988279665
417 0.00047417022105
418 0.000534845848869
419 0.000935517844498
420 0.0121111199034
421 0.0177223521598
422 0.00941773137325
423 0.00103147767229
424 0.00633465266473
425 0.000413786437206
426 0.00153462580594
427 0.000199425250197
428 0.000450545250163
429 0.000456570969391
430 0.00127781394393
431 0.000512792743121
432 0.000361433590192
