1 0.347952119451
2 0.00180480593419
3 0.000544880261473
4 0.0017289886115
5 0.00127326359914
6 0.000365871720106
7 0.000465951211939
8 0.000859425564197
9 0.000353858844858
10 0.000230878356868
11 0.00591610170997
12 0.00211614227774
13 0.00292343269618
14 0.00135734072022
15 0.269366478739
16 0.00453514739229
17 0.00183727684843
18 0.00156606044809
19 0.000190800689147
20 0.00117143469372
21 0.000509096951609
22 0.00231904932566
23 0.000925638059304
24 0.000509096951609
25 0.149336099963
26 0.000414448495506
27 0.000966468898494
28 0.000544880261473
29 0.00179050295161
30 0.00258445761897
31 0.0017289886115
32 0.000931485205401
33 0.000576737988393
34 0.0128330332004
35 0.0262070368357
36 0.00161845332671
37 0.00173656995116
38 0.00634974048031
39 0.000422681137465
40 0.00623743240519
41 0.255878677273
42 0.00183780614475
43 0.0012522732748
44 0.000237610946746
45 0.006395199351
46 0.000877807473037
47 0.000470298517947
48 0.000702067970581
49 0.000450675495317
50 0.0058731539953
51 0.00268614695337
52 0.0648389398352
53 0.00186825482962
54 0.000468174728644
55 0.000500030401848
56 0.000195951009186
57 0.00042655744523
58 0.00016948692468
59 0.000451923966866
60 0.00284131265889
61 0.000255092199296
62 0.0015921919596
63 0.000806217321233
64 0.00148059808291
65 0.0660930160501
66 0.00126479194808
67 0.0025691089184
68 0.00936033712188
69 0.000576737988393
70 0.000465219976219
71 0.000499391322616
72 0.000727272343158
73 0.00111434280716
74 0.00209321201247
75 0.00198552249611
76 0.0171209991301
77 0.00587227628617
78 0.00194781971654
79 0.000937109537693
80 0.0075853241934
81 0.0002301492294
82 0.000442840299743
83 0.00135401806177
84 0.120568160613
85 0.0002301492294
86 0.000341792139782
87 0.000255092199296
88 0.000619644287774
89 0.000470950279707
90 0.00263525165599
91 0.000453413367984
92 0.000118952425638
93 0.00833955534343
94 0.00052533504271
95 0.195032553662
96 0.00114487428574
97 0.000573382327976
98 0.00178433412604
99 0.00265095540944
100 0.00192121916794
101 0.000482095175533
102 0.00193171264271
103 0.00043329057574
104 0.00173611111111
105 0.000872730655046
106 0.00337796668273
107 0.0135771641036
108 0.000423357427285
109 0.00129680079185
110 0.000433967454277
111 0.000213984232862
112 0.000365871720106
113 0.0017289886115
114 0.00258445761897
115 0.000588719127456
116 0.000509096951609
117 0.0121219526076
118 0.118202987789
119 0.00522229093658
120 0.00241547108728
121 0.00191064910344
122 0.00327699924155
123 0.00162377185769
124 0.0015527888092
125 0.00200864659589
126 0.000233879461124
127 0.000144940582854
128 0.0016007253151
129 0.000483006606867
130 0.000475236432706
131 0.000539516875684
132 0.00288002836642
133 0.0102037043677
134 0.00516880827587
135 0.00736463690647
136 0.00104892069562
137 0.000544880261473
138 0.000708504902227
139 8.04575963583e-05
140 0.000137010227251
141 0.000208526111379
142 0.00402414174542
143 0.0009765625
144 0.000432556735067
145 0.00505742715386
146 0.000655271011
147 0.00217439286703
148 0.00147810650888
149 0.00275159073186
150 0.0446339244547
151 0.000585508569376
152 0.0010260510761
153 0.00142071005917
154 0.00113378684807
155 0.019787270435
156 0.00345518736268
157 0.00683605710196
158 0.0219439177928
159 0.024506886548
160 0.0472992349411
161 0.000986815054412
162 0.000992959587403
163 0.000651149115853
164 0.000615542381029
165 0.00374624421502
166 0.000242079031684
167 0.000184480040124
168 0.00146835786608
169 0.000619644287774
170 5.8835803224e-05
171 0.000341528614617
172 0.00272238372767
173 0.00827689524563
174 0.000806217321233
175 0.00156625575693
176 0.000470140851154
177 0.0610931889551
178 0.00116529278318
179 0.00063080009756
180 0.00169835490878
181 0.0130724357771
182 0.0048359547432
183 0.00243093353428
184 0.00118955587768
185 0.00232757386625
186 0.00260059364137
187 0.00436681734732
188 0.00794777470984
189 0.00111111111111
190 0.0048811720413
191 0.0033621163072
192 0.00217279560179
193 0.000794892196627
194 0.000360884507719
195 0.000509096951609
196 0.000759256993565
197 0.000556247775009
198 0.000569059204009
199 0.00176299243184
200 0.000413786437206
201 0.00260095020852
202 0.000858027556191
203 0.00179050295161
204 0.00166074669306
205 0.00275199436846
206 0.0128101074047
207 0.000326853713811
208 0.00115899335073
209 0.00216333153056
210 0.000937109537693
211 0.000438700699626
212 0.00204084235372
213 0.00127438615901
214 0.00644610990369
215 0.00111938751537
216 0.743234974179
217 0.00156404609148
218 0.0032722278081
219 0.000850455425043
220 0.00066936625427
221 0.000365871720106
222 0.00554580915601
223 0.00207466729316
224 0.00295130946646
225 0.000858027556191
226 0.00508365623537
227 0.00562837633639
228 0.00661126290855
229 0.000521256854528
230 0.000812969392454
231 0.00430124268216
232 0.00146531742891
233 0.00140296095729
234 0.00368135336447
235 0.000497357638339
236 0.000440612175983
237 6.68789028521e-05
238 0.00027862133407
239 5.01271211566e-05
240 0.00619967021961
241 0.044864458123
242 0.00116560570988
243 0.0051150691053
244 0.00165905546469
245 0.000341528614617
246 0.0010691970998
247 0.000248000496001
248 0.00085868961449
249 0.00107939907829
250 0.000667529585799
251 0.000172584759137
252 0.000810201500553
253 0.00596655228718
254 0.0153702495415
255 0.042724224925
256 0.00082165955697
257 0.00352276124235
258 0.00125415149689
259 0.00404128863477
260 0.000470950279707
261 0.00230621018932
262 0.000523022244661
263 0.000299268385782
264 0.00959646443611
265 0.00338824461773
266 0.00060546996094
267 0.000451923966866
268 0.00194067398581
269 0.0033621163072
270 0.000245308254172
271 0.000323800896049
272 0.00053168370377
273 6.28755279244e-05
274 0.000772058585504
275 0.000242716375486
276 0.000277924525777
277 0.000365871720106
278 0.00060546996094
279 0.00107966260346
280 0.00284131265889
281 9.1966751649e-05
282 0.000156494427026
283 0.000586841235503
284 0.00140553279996
285 0.000379289940828
286 0.0471596627523
287 0.00069110948046
288 0.00648441788441
289 0.00111663569359
290 0.000797982699735
291 0.00463178862735
292 0.00065536
293 0.0190913349175
294 0.00170121529549
295 0.00194201183432
296 0.000275223512922
297 0.00117743175702
298 0.000295138888889
299 0.000221113583284
300 0.00274914231149
301 0.000963003576469
302 0.00129727941173
303 0.00326436791715
304 0.00157446872266
305 0.000587780181479
306 0.00263525165599
307 0.00534093895209
308 0.000858027556191
309 0.00118000116543
310 0.000797982699735
311 0.00047258979206
312 0.000949401869591
313 0.0139837836599
314 0.176636199142
315 0.00118527803278
316 0.00727122805045
317 0.00343984736658
318 0.00198069462078
319 0.000534601030004
320 0.00127100254201
321 0.00227838517746
322 0.00093393020313
323 0.00601681013607
324 0.00102501210767
325 0.000257542939752
326 0.00250391083241
327 0.000129452707199
328 0.00453355389581
329 0.000407785444926
330 0.00102185287781
331 0.000632723922604
332 0.00162377185769
333 0.00267861621331
334 0.000590621754223
335 0.00245195681061
336 0.00141065485243
337 0.063674976601
338 0.00159043487544
339 0.000962603878116
340 0.00263100241072
341 0.0010294832566
342 0.00108722984003
343 0.00111646854073
344 0.00163459249481
345 0.00213688145247
346 0.00126017256052
347 0.0061449958317
348 0.0372784709629
349 0.15159934066
350 0.00173611111111
351 0.000569969698736
352 0.000576000504987
353 0.000593517386931
354 0.000213015897878
355 0.00113622017422
356 0.00210586485994
357 0.00103132079886
358 0.000248000496001
359 0.000121612152965
360 0.000397884954334
361 0.000465951211939
362 0.000470669782927
363 0.00920404165983
364 0.000196983687288
365 0.00812655691508
366 0.00107497984413
367 0.000778014373794
368 0.000682434637569
369 0.00119592389273
370 0.00192466602558
371 0.00719171016906
372 0.000436177976495
373 0.0137813464506
374 0.00337112853254
375 0.0332779025384
376 0.0679290360325
377 0.00787205182434
378 0.00953735894434
379 0.00682207777517
380 0.000443605536297
381 0.00256779362282
382 0.0017289886115
383 0.00191064910344
384 0.0002301492294
385 0.000169763074409
386 0.000470950279707
387 0.00461851870366
388 0.00140728749148
389 0.0012287516509
390 0.0089640291037
391 0.00180760170076
392 0.17086412304
393 0.000428324938434
394 0.00650009362513
395 0.00143170197224
396 0.00345867429185
397 0.00154168771437
398 0.000471757330383
399 0.00790650262221
400 0.000995491410578
401 0.00165905546469
402 0.0816382540797
403 0.000326853713811
404 0.000232990577911
405 0.00102501210767
406 0.000277777777778
407 0.000135799725112
408 0.000265327380132
409 0.000443605536297
410 0.000365871720106
411 0.00316405047707
412 0.00386094585662
413 0.000365871720106
414 0.000198024550403
415 0.000192901234568
416 0.000242969028124
417 0.00113105147748
418 0.00181614393735
419 0.00142071937115
420 0.000501824231446
421 0.00810016
422 0.000996796784095
423 0.000442178356188
424 0.00040312935382
425 0.00110432463785
426 0.000523566686314
427 0.000458405422136
428 0.000293609047105
429 0.0105869199015
430 0.000281061695961
431 0.00900777504819
432 0.0193033722958
