1 0.000630241067208
2 0.000448820482992
3 0.0720081760714
4 0.00992926635814
5 0.0140428505556
6 0.000309522241278
7 0.00150278901618
8 0.000744145083208
9 0.00276289741654
10 0.000685487603306
11 0.00165357557497
12 0.000502724768244
13 0.371871881643
14 0.0141444748059
15 0.00203470369162
16 0.0182711971209
17 0.00284888945726
18 0.00246726712881
19 0.000633181306125
20 0.000925269990892
21 0.00905332702788
22 0.00643825327695
23 0.000808177927341
24 0.000510102971034
25 0.000809221825869
26 0.000553881445835
27 0.00179403544534
28 0.00200944462984
29 0.105111839788
30 0.000725162779822
31 0.000162653183541
32 0.00147758554402
33 0.00202458679794
34 0.000200485550944
35 0.0002044465528
36 0.000527016555066
37 0.000534845848869
38 0.000115421642648
39 0.000773947045233
40 0.000547310497247
41 0.00546348662836
42 0.00385904010519
43 0.00106141920614
44 0.00018077819363
45 0.00569077456224
46 0.00391794871795
47 0.00689685369106
48 0.00168787292959
49 0.0034727997586
50 0.00349438229513
51 0.000486797370983
52 0.000199073685258
53 0.00106525596967
54 0.000413674231543
55 0.00318635910324
56 0.00214898157576
57 0.00353426216808
58 0.0106820014324
59 0.00325716444941
60 0.000954889572473
61 0.00186903424156
62 0.000649159411152
63 0.000442059176612
64 0.00018488663284
65 0.000770415566675
66 0.000770415566675
67 0.000629911572472
68 0.000442840299743
69 0.00203176691258
70 0.000110077936039
71 0.00114566255865
72 0.00134461744299
73 0.301626280616
74 0.000265470941302
75 0.00745470625539
76 0.00147994421675
77 0.0101406006938
78 0.0012890625
79 0.00144804631786
80 0.00119241483124
81 0.000833435690726
82 0.00079723183391
83 0.00154404251036
84 0.000517330021567
85 0.00238117634368
86 0.196143926662
87 0.00191145441034
88 0.0082471361487
89 0.00106332703214
90 0.00102748844859
91 0.000525920237345
92 0.00055295663972
93 0.000443548844222
94 0.000265470941302
95 0.000221154408803
96 0.00111523779692
97 0.00024694030237
98 0.00124665920948
99 0.000431782491632
100 0.0811993777886
101 0.00275578391566
102 0.00019667731038
103 0.0033768415159
104 0.00155149864042
105 0.000692266089778
106 0.000449056183115
107 0.00331312442146
108 0.0827799401473
109 0.0895532577893
110 0.00484243809119
111 0.00046202808186
112 0.000243928835268
113 0.000209280956414
114 0.00309716446125
115 0.000512792743121
116 0.000450346428631
117 0.00053868739265
118 0.000489466677109
119 0.000320745058309
120 0.000923795007902
121 0.00112570264446
122 0.00880442403339
123 0.00370995913291
124 0.00189174909394
125 0.0169839397364
126 0.00281621191995
127 0.00769753167946
128 0.00251964628989
129 0.00175905373218
130 0.000788396324742
131 0.0006423205551
132 0.000157477893118
133 0.00768688703469
134 0.00510052278903
135 0.0122275520736
136 0.0191167143575
137 0.000499137091796
138 0.000749573365921
139 0.00124282597725
140 0.0016
141 0.0002044465528
142 0.000173701109244
143 0.00276289741654
144 0.0002044465528
145 0.000294820220988
146 0.00243187974166
147 0.000682260319146
148 0.00785171625301
149 0.0100073699381
150 0.0312513119685
151 0.033174406813
152 0.00253002228481
153 0.00200907916947
154 0.00483098616123
155 0.00146874697696
156 0.0207944196886
157 0.000681994563796
158 0.000761736294413
159 0.000403616172283
160 0.000381817101868
161 0.000491118675768
162 0.00209042719178
163 0.000844349308633
164 0.000245155147442
165 6.1247637051e-05
166 0.00275568061509
167 0.000265470941302
168 0.000297303090394
169 0.000363642499277
170 0.000582125763343
171 0.000935517844498
172 0.000992060491493
173 0.00889232331237
174 0.0222769714204
175 0.00139231071378
176 0.00621612762652
177 0.000347554136423
178 0.000422681137465
179 0.0009172156911
180 0.000850734511684
181 0.000682506145715
182 0.000542233096636
183 0.00197351819689
184 0.00177419893302
185 0.00211605795693
186 0.00309017735814
187 0.13821323762
188 0.0011085755248
189 0.00120145736779
190 0.000320181405896
191 0.00319193079894
192 0.00037212974131
193 0.000545757514378
194 0.000173806483726
195 0.000552901558462
196 0.000276497847091
197 0.00181550094518
198 0.000545757514378
199 0.00757353497164
200 0.00648013682054
201 0.00151800033022
202 0.0889437323228
203 0.000135084062514
204 0.000820227727115
205 0.0203192066116
206 0.00148681276432
207 0.000675162460967
208 0.00581176425381
209 0.00363920104141
210 0.000566893424036
211 0.000904516931426
212 0.0175248549433
213 0.0126124188641
214 0.00278711803056
215 0.00472467093346
216 0.0114372351393
217 0.000117635433675
218 0.000437634925784
219 0.00467012393296
220 0.00278839765165
221 0.000886650370361
222 0.000256884650292
223 0.00142788440675
224 0.00464876033058
225 0.000923795007902
226 0.00151957312716
227 0.000226129232857
228 0.00171563246352
229 0.00388007889546
230 0.0271755794372
231 0.000561927233121
232 0.00345571398779
233 0.000490334141142
234 0.00194693304067
235 0.00141295648575
236 0.000534845848869
237 0.00143766223401
238 0.000686608138637
239 0.00158862395863
240 0.00421778691913
241 0.000770393857988
242 0.0343828234189
243 0.00309490475184
244 0.00865332612223
245 0.000243664485425
246 0.00018077819363
247 0.0017720917325
248 0.000160230732254
249 0.000585520499924
250 0.000935199884543
251 0.000213015897878
252 0.00130410178871
253 0.00153787004998
254 0.0002044465528
255 0.00788404459823
256 0.203966002161
257 0.000310395364233
258 0.000958617050535
259 0.00282442179101
260 0.0286650439796
261 0.00119448773142
262 0.00121759773929
263 0.00057715763761
264 0.000576737988393
265 0.00079723183391
266 0.00118906064209
267 0.000904516931426
268 0.000439136089328
269 0.00327272654729
270 0.00559418965086
271 0.00314939608496
272 0.0249643935248
273 0.000542651486371
274 0.0036573816884
275 0.00245840573083
276 0.000192076830732
277 7.92978623912e-05
278 0.000209313125895
279 0.000234062253675
280 0.000371535284855
281 0.000501997024043
282 0.000510939834995
283 0.00172486325532
284 0.000398372331291
285 0.00280225302238
286 0.003451446553
287 0.00269163498497
288 0.00577620809716
289 0.00169667263644
290 0.00111769158578
291 0.00133516397048
292 0.00439170108987
293 0.000431374989974
294 0.00025838909598
295 0.00820347067285
296 0.00148681276432
297 0.00109483131488
298 0.00246745192145
299 0.393768110542
300 0.0218637018411
301 0.000694743687957
302 0.000321961544431
303 0.00117551020408
304 0.00024177378851
305 0.000220293885812
306 0.00336145898971
307 0.000263614354939
308 0.00137231343365
309 0.000146829538904
310 0.00260059364137
311 0.000612477645841
312 0.00125333972346
313 0.00111851543338
314 0.00182873141889
315 0.000286107467087
316 0.00272313466112
317 0.00324011360398
318 0.000365355295494
319 0.0084802224948
320 0.000524968776233
321 0.000676757756456
322 0.000443732129596
323 0.000424753493699
324 0.000589776184863
325 0.000405683621204
326 0.000188944391304
327 0.0490414709512
328 0.0267413578474
329 0.000353574455205
330 0.000502724768244
331 0.00024844701678
332 0.00108483747109
333 0.000238527477994
334 0.000438400826017
335 7.64987377708e-05
336 0.000338063071784
337 0.00126995041322
338 0.000909769394151
339 0.00033820387273
340 0.00923907648659
341 0.00251964628989
342 0.00689388680642
343 0.00122958026748
344 0.00200116560948
345 0.018178438636
346 0.00493657101359
347 0.00488565822628
348 0.000181387386775
349 0.00579713460494
350 0.0100831597252
351 0.000286316192665
352 0.000243263513577
353 0.000820227727115
354 0.00936429637397
355 0.00798915914416
356 0.0188312969061
357 0.000740432227313
358 0.000461290017832
359 0.000545757514378
360 0.00172048302528
361 0.000442840299743
362 0.000540832882639
363 0.000581004674025
364 0.00037212974131
365 0.000590378367343
366 0.000534845848869
367 0.0014459551457
368 0.100051942831
369 0.00291964842004
370 0.0301218345492
371 0.00162653611696
372 0.183176957847
373 0.000581004674025
374 0.0029416834243
375 0.0008369146822
376 0.00435957961532
377 0.000489466677109
378 0.00126071701441
379 0.00292241096166
380 0.00105581900949
381 7.53229821578e-05
382 0.000442840299743
383 0.000482266841809
384 0.0232074522649
385 0.00234013148385
386 0.000565247063613
387 0.000906030133891
388 0.000188944391304
389 0.000236231880046
390 0.000932346599848
391 0.000115421642648
392 0.00101495810165
393 0.000607154426396
394 0.000882266444466
395 0.00303623490212
396 0.370550242923
397 0.000741039159489
398 0.0156246687272
399 0.00252087658593
400 0.00045115636791
401 0.000530013905925
402 0.015163328677
403 0.000543310143683
404 0.000219072859697
405 0.0549471874143
406 0.0260509497331
407 0.00249587310964
408 0.000585520499924
409 0.00226757369615
410 0.00339303448417
411 0.000590268038355
412 0.000596074463742
413 0.00103501067355
414 0.00445176944435
415 0.000115421642648
416 0.000232199546485
417 0.000424753493699
418 0.00200979534575
419 0.0139173984953
420 0.0112182699282
421 0.000554399954089
422 0.001508098173
423 0.00262194313076
424 0.0043716319398
425 0.00133740095412
426 0.000684060176355
427 0.000242718217372
428 0.00175917387791
429 0.00349438229513
430 0.0014024126565
431 0.00180378944858
432 0.00157217667311
