1 0.000583410466358
2 0.138076826122
3 0.000941909066529
4 0.000495543304735
5 0.00021651762748
6 0.000973180467908
7 0.000635121292924
8 0.000263856321987
9 0.000688789260533
10 0.000413113887236
11 0.00333286594604
12 0.000407134030477
13 0.00073191876804
14 0.0282971981421
15 0.00434786646124
16 0.0989781332811
17 0.000644004934785
18 0.00147569858769
19 0.00453414125649
20 0.00156534892038
21 0.00272378651266
22 0.000327483448034
23 0.00156097323163
24 0.000346459697603
25 0.00182895814869
26 0.00104889110294
27 0.0490556587139
28 0.267359632561
29 0.000360764145663
30 0.00328279099681
31 0.00575299134509
32 0.000446550858291
33 0.000413113887236
34 0.000613665326929
35 0.00134921294975
36 0.000487657057122
37 0.00171853035235
38 0.00399553122583
39 0.00115780032233
40 0.000510017144736
41 0.0271338746101
42 0.00372875841876
43 0.001167214376
44 0.00637048266164
45 0.0156960284335
46 0.0054252859985
47 0.000882947205612
48 0.00103132079886
49 0.000563905848609
50 0.000464476813317
51 0.00865407615421
52 0.00138648191973
53 0.0419740779286
54 0.00073321980708
55 0.000561973095428
56 0.000401099778979
57 0.00216548246233
58 0.00236937555142
59 0.000540832882639
60 0.000448970952342
61 0.000935988578754
62 0.000114952909634
63 0.209844416409
64 0.000603027420997
65 0.0374246172343
66 0.00494380119452
67 0.0109503589606
68 0.00637744446224
69 0.000523791957077
70 0.0151382688607
71 0.00122150748574
72 0.00268572430636
73 0.0145794759045
74 0.00103698209406
75 0.00079598274388
76 0.00400110259362
77 0.000504433535644
78 0.00763095154007
79 0.000830768698225
80 0.0031858328154
81 0.00175956860939
82 0.0146650043277
83 0.000476726225663
84 8.89996440014e-05
85 0.000700776165788
86 0.000360202207742
87 0.00141896992345
88 0.000134816028783
89 0.000261947145774
90 0.00131698751301
91 0.000174562791805
92 0.000258752668387
93 0.00153482330043
94 0.0188526532871
95 0.000513749820668
96 0.0853961205552
97 0.0540629655135
98 0.00215926186656
99 0.00242574812257
100 0.00124233858053
101 0.00319934087158
102 0.0146094762194
103 0.00103132079886
104 0.000556539424119
105 0.0010298147782
106 0.00201717179668
107 0.00087936186555
108 0.000527016555066
109 0.00079598274388
110 0.00968182106044
111 0.000255615043955
112 6.95407155887e-05
113 0.000222351734387
114 0.00346026373126
115 0.000894634307998
116 0.00085385393827
117 0.000917761216057
118 0.000413113887236
119 0.00054794568587
120 0.0036592207718
121 0.000654321370961
122 0.00112565565533
123 0.00370898893521
124 9.19307021359e-05
125 0.000872477925178
126 0.00123488972854
127 0.00375714626636
128 0.000601864371132
129 0.0026986001012
130 0.000342043431826
131 0.000326929099549
132 0.000398968207532
133 0.00071937282524
134 0.000552745053215
135 0.00104808239739
136 0.00857080949209
137 0.000660671493726
138 0.000979008491528
139 0.000224438552932
140 0.000560139507792
141 0.000510833172168
142 0.000254979063828
143 0.00119549320078
144 0.00105757155133
145 0.000540832882639
146 0.000406477627471
147 0.000546752083212
148 0.000606663592904
149 0.00284432339869
150 0.0533380236983
151 0.00171272941015
152 0.00429046721157
153 0.000383865134973
154 0.0046932248196
155 0.0058898342549
156 0.00550687077252
157 0.000939353087962
158 0.00273597775118
159 0.0012139404419
160 9.51443065114e-05
161 0.000545899205171
162 0.0127501330043
163 0.0686227020364
164 0.000139431652619
165 0.00203163842162
166 0.000505440970964
167 0.00141896992345
168 0.000500926112196
169 0.000828114486828
170 0.00109222654377
171 0.00156404609148
172 0.000313480567214
173 0.000917980187022
174 0.00964843873595
175 0.798685532541
176 0.000817786211198
177 0.0030528263188
178 0.00314326241135
179 0.00226941972232
180 0.00106709638966
181 0.00101119646595
182 0.000476656037085
183 0.000160994037561
184 0.000430862483873
185 0.0345072075176
186 0.342905147281
187 0.00142399430402
188 0.000216709207443
189 0.00326530612245
190 0.000883724133511
191 0.00472000466173
192 0.000990618262339
193 0.000533625925729
194 0.00183139146851
195 0.000838338122468
196 0.00115780032233
197 0.00734112238484
198 0.0013131298611
199 0.000805809691336
200 0.00511105104118
201 0.00287817238192
202 0.00405542478585
203 0.00131547155628
204 0.0120152813849
205 0.00199516540096
206 0.0062193685855
207 0.000354391965452
208 0.00214496803542
209 0.000992882182258
210 0.00495834778971
211 0.00100519614571
212 0.000316796034943
213 0.00193473629246
214 0.000756401272691
215 0.000235059938816
216 0.00189035916824
217 0.0157899200303
218 0.000831774117725
219 0.00104058272633
220 0.000995482690046
221 0.00208541607134
222 0.001493438975
223 0.000616647742161
224 0.000213949864138
225 0.000425600518166
226 0.0141807752825
227 0.00141743906296
228 0.0102430715651
229 0.000329618923607
230 0.000964527957942
231 0.000768066050507
232 0.00104489309559
233 0.585012986502
234 0.00181267911978
235 0.00475483332598
236 0.000157231159285
237 0.00230696784154
238 0.000654773191805
239 0.000413288695032
240 0.000194685654244
241 0.00355762775019
242 0.00145860886015
243 0.00158701830921
244 0.000477561900307
245 0.000831774117725
246 0.000221525148729
247 0.000222351734387
248 0.000171676010764
249 0.0545405375885
250 0.0107808347464
251 0.00537453938452
252 0.00776423966935
253 0.000815032315151
254 0.00156847367905
255 0.0018005939856
256 0.00171619032233
257 0.00244784889426
258 0.00115586325448
259 0.00690849719309
260 0.000531884379914
261 0.00218468219998
262 0.0252950767133
263 0.0018345946012
264 0.0437757759623
265 0.00913200969823
266 0.0102772395407
267 0.000203717688664
268 0.00107694059127
269 0.00333263832236
270 0.00145860886015
271 0.000389407863123
272 0.00119549320078
273 0.000413113887236
274 0.000700154668183
275 0.00036444592476
276 0.000413113887236
277 0.00377481404834
278 0.0248376226456
279 0.000528102208138
280 0.000856632956573
281 0.00142427910288
282 0.0231607067897
283 0.00527554951964
284 0.00104058272633
285 0.00195928186322
286 0.00118174148491
287 0.00178693270558
288 0.00062250748005
289 0.0809671855196
290 0.160278813764
291 0.00558551664403
292 0.450219761007
293 0.000268385676365
294 0.000183233556936
295 0.0105201372534
296 0.000963139120095
297 0.00103316326531
298 0.000143856107928
299 0.000956797528662
300 0.000195267062032
301 0.000213117374394
302 0.000856632956573
303 0.00104325443906
304 0.307137030232
305 0.000993740051098
306 0.0116127987045
307 0.000804788491525
308 0.00090405080112
309 0.00681244172131
310 0.0360419171944
311 0.0142760196809
312 0.00504384417911
313 0.00147928994083
314 0.00380963664133
315 0.00222033387243
316 0.000157231159285
317 0.00553240898846
318 0.00163454965483
319 0.00363778600072
320 0.00146231609092
321 0.00150994798509
322 0.000434931293069
323 0.000883724133511
324 0.000341901032396
325 0.0222099356432
326 0.000212729005683
327 0.000232199546485
328 0.000520188896709
329 0.000828114486828
330 0.000351211200996
331 0.00398641871734
332 0.000565846136337
333 0.00201717179668
334 0.00148394545311
335 0.00112361620218
336 0.00146516792198
337 0.00064448987826
338 0.0028174808346
339 0.00100959032912
340 0.00635370720437
341 0.000749497397283
342 0.000326929099549
343 0.000924488677867
344 0.0022257484955
345 0.00437207266456
346 0.0324467908861
347 0.0210453832824
348 0.00843821854418
349 0.000101620799368
350 0.00476914143099
351 0.000479371262961
352 0.00112147106544
353 0.00333263832236
354 0.000710928316443
355 0.000545899205171
356 0.000428895399945
357 0.000701723608614
358 0.00178694380628
359 0.0295275145239
360 0.202552768344
361 0.000359137956673
362 0.00038519742549
363 0.00915470530539
364 0.00104432246357
365 6.60982219578e-05
366 0.0012130691336
367 0.000433998589851
368 0.0101504366678
369 0.0049821300518
370 0.00108431891807
371 0.000187421467124
372 0.000300887201271
373 0.000229922846918
374 0.00645826751478
375 0.0176937288898
376 0.00102036879719
377 0.000351211200996
378 0.0073757876929
379 0.000927619881986
380 0.000830768698225
381 0.000448970952342
382 0.000351211200996
383 0.000480074599752
384 0.000116282357316
385 0.00199867494421
386 0.00131643087649
387 0.00145921636072
388 0.0610065234062
389 0.000616225373426
390 0.0171877984345
391 0.0127515575999
392 0.00183219146477
393 0.00105838757876
394 0.00868821350679
395 0.000257050780878
396 0.00261543279639
397 0.0064895751128
398 0.000703184449464
399 8.78723688835e-05
400 0.000712482398372
401 0.00279545501026
402 0.00251588724132
403 0.000695928272762
404 0.00197129240339
405 0.000476934471254
406 8.06769694145e-05
407 0.000436963529924
408 0.00020628591873
409 0.000448970952342
410 0.000519357924031
411 0.000398147370517
412 0.000700776165788
413 0.00163720805907
414 0.000886298455155
415 0.0377551587932
416 0.00918556950857
417 0.0115503300974
418 0.00188235515549
419 0.00297089014311
420 0.0017589394145
421 0.00504861246769
422 0.00454866573165
423 0.00843226488105
424 0.00181004322863
425 0.00127046368003
426 0.00406761890497
427 0.00460063921452
428 0.00335521030487
429 0.000895548807887
430 0.083743536163
431 0.00140553279996
432 0.00344300735286
