1 0.000471628103738
2 0.000420265862414
3 0.00269886996121
4 0.0017705515264
5 0.000315223784298
6 0.00161815302213
7 0.0019771015247
8 0.000365312497078
9 0.000365312497078
10 0.00357279516558
11 0.109863379145
12 0.00427205443987
13 0.000890524463645
14 0.0126234495247
15 0.000282874570919
16 0.000443658793857
17 0.0999039107461
18 0.000976762853583
19 0.000366481497068
20 0.00247240674531
21 0.000460085539728
22 0.00464800080368
23 0.371127365556
24 0.00233004164188
25 0.0610411429864
26 0.000255772596058
27 0.000365312497078
28 0.0155986607583
29 0.000204602195412
30 0.00268550541723
31 0.000968140266791
32 0.000403867826015
33 0.000566720471917
34 0.000581195849983
35 0.0222091707131
36 0.00109438112317
37 0.000510826718046
38 0.00210928411684
39 0.00301086340564
40 0.000606663592904
41 0.00031390163077
42 0.000392978073977
43 0.00232180423742
44 0.0058383422606
45 0.000998223748917
46 0.000673174513222
47 0.0425277846998
48 0.00105159030755
49 0.0025912135796
50 0.00044962702539
51 0.0119330450052
52 0.000373521356564
53 0.00964962305456
54 0.00033205540637
55 0.00033205540637
56 0.000377331379662
57 0.000364197890566
58 0.000411397937183
59 0.000189595362023
60 0.00095817662537
61 0.000622194180883
62 0.00493978212332
63 0.0022435947673
64 0.0184058314256
65 0.000110218640331
66 0.000447569585386
67 0.000548973244362
68 0.00172522320101
69 0.00871808418356
70 0.00213096226903
71 0.00107732128184
72 0.000888254305502
73 0.00023096608494
74 0.000413786437206
75 0.0150862517163
76 0.000375697254046
77 0.000577847633136
78 0.00214706841216
79 0.000274838351075
80 0.000418730162012
81 0.000394932498718
82 0.000473345935728
83 0.000446591577354
84 0.00159026403547
85 0.000241304552738
86 0.00155149864042
87 0.000242536431736
88 0.000960567127127
89 0.000814291112354
90 0.0072244286288
91 0.00700431361479
92 0.00440776417942
93 0.00101131485577
94 0.00058643130311
95 0.00811393984175
96 0.0226936746705
97 0.00213688145247
98 0.000223182955099
99 0.00150568897232
100 0.000315240035713
101 0.000296925436689
102 0.000550720409272
103 0.000969131487046
104 0.00737893752829
105 0.000663629423599
106 0.000565074756859
107 0.00992397413998
108 0.00105757155133
109 0.00105767730848
110 0.000278551313939
111 0.00115692535518
112 0.00106761888851
113 0.00158960197717
114 0.00646188521624
115 0.000666943519867
116 0.00468813974243
117 0.000328176301268
118 0.00326497296194
119 0.000773513243109
120 0.00107299604016
121 0.000883747903296
122 0.00238665856866
123 0.0128834286734
124 0.000112424634872
125 0.00217363554804
126 0.00246912251047
127 0.00113835091951
128 0.000354926291747
129 0.000858027556191
130 0.0241720321223
131 0.0796325226914
132 0.00118211198105
133 0.00423810945451
134 0.00116062751631
135 0.000256455718646
136 0.000413786437206
137 0.000755200745877
138 0.026717344369
139 0.00182501031842
140 0.00311338703217
141 0.000907378392832
142 0.001476970396
143 0.000652251644459
144 0.00161815302213
145 0.000986815054412
146 0.000522210227634
147 0.0660375825978
148 0.227438296467
149 7.52050880942e-05
150 0.00994433651535
151 0.000233532109297
152 0.00337652678731
153 0.0085639954764
154 0.00144790903129
155 0.000626609208385
156 5.01411069795e-05
157 0.00047264792909
158 0.00255964005062
159 0.00605371735299
160 0.000434873421905
161 0.00115692535518
162 0.000550720409272
163 0.000888735002867
164 0.00169570549308
165 0.00046208363492
166 0.00311338703217
167 0.000467413159468
168 0.00144322553468
169 0.000639144813376
170 0.000231757892669
171 0.000198024550403
172 0.000191237583564
173 0.000212607431418
174 0.000364197890566
175 0.00131009919947
176 0.0133281425118
177 0.00313400123889
178 0.00737102667405
179 0.00321010235521
180 0.00982483531388
181 0.000618967632673
182 0.0014084260824
183 0.000390570076083
184 0.000373521356564
185 0.000764524211876
186 0.00152548479781
187 0.0302678472928
188 0.000798483866436
189 0.00072310046963
190 0.000671304397658
191 0.00519361016743
192 0.0355903853776
193 0.000432584627396
194 0.000985095115646
195 0.000566471863594
196 0.000607518349534
197 0.00578402792894
198 0.000555199734215
199 0.000849710698422
200 0.000307847252685
201 0.000511993729657
202 0.000190437440471
203 0.0140462662675
204 0.0023585222531
205 0.00270133980849
206 0.00261492768595
207 0.000241304552738
208 0.00119631147573
209 0.0027211235327
210 0.000544880261473
211 0.00141913728492
212 0.000470133721075
213 0.00171562620356
214 0.00806065702626
215 0.00106140332917
216 0.00045039072296
217 0.000221706601642
218 0.68167378037
219 0.000903532858813
220 0.00129152987244
221 0.000478281999975
222 0.00180118061761
223 0.000354963702882
224 0.000418822735706
225 0.00407153415128
226 0.00113197659184
227 0.000692520775623
228 0.00181550094518
229 0.000948531593292
230 0.00110534660145
231 0.000755200745877
232 0.0485592829169
233 0.00431277247534
234 0.00468388495322
235 0.000888947642864
236 0.00145644410736
237 0.000258731063389
238 0.00547611753423
239 0.00326027879084
240 0.00766881311148
241 0.00163508354684
242 0.00202694498566
243 0.0044151792761
244 0.00102652825836
245 0.000338973849359
246 0.00192116406096
247 0.00202247388588
248 0.000344464781645
249 0.00218812041633
250 0.00202215319974
251 0.000858027556191
252 0.00181550094518
253 0.000544880261473
254 0.000837460324025
255 0.000194328922495
256 0.000413461743379
257 0.000203717688664
258 0.00167101501351
259 0.0392935423569
260 0.00216638737952
261 0.000467064218593
262 0.0012707430791
263 0.000943857051698
264 0.000668432510479
265 0.00093006139272
266 0.000235356578901
267 0.00103316326531
268 0.00196877973126
269 0.00208681369125
270 0.00177819712585
271 0.00511106322037
272 0.00263412405965
273 0.00476519602508
274 0.00285251188355
275 0.090891237923
276 0.00109179841034
277 0.00120272512883
278 0.000764524211876
279 0.000179373536885
280 0.00161815302213
281 0.0026986001012
282 0.00110534660145
283 0.00090959117355
284 7.20897116412e-05
285 0.000409933257741
286 0.000583273361886
287 0.108010426138
288 0.000280694059922
289 0.00191854041626
290 0.0669415806542
291 0.265535576548
292 0.00238234869457
293 0.0101687733917
294 0.000905214861157
295 0.0033839395843
296 0.00150490487515
297 0.0512444642221
298 0.0202612673549
299 0.00095817662537
300 0.0019733637908
301 0.00105581900949
302 0.000166851864512
303 0.000545899205171
304 0.000968140266791
305 0.00033205540637
306 0.000798483866436
307 0.00459716335226
308 0.0284082336108
309 0.000558829196166
310 0.00160999314675
311 0.000377951275028
312 0.00381923354234
313 0.00171562620356
314 0.00045039072296
315 0.0022201599577
316 0.000940606695641
317 0.00163819624726
318 0.00103921398892
319 0.0101978090718
320 0.00168545178135
321 0.00132336015409
322 0.173178664626
323 0.0346148983152
324 0.000463562302552
325 0.000507885202833
326 0.00129069443137
327 0.000249155495949
328 0.00124567474048
329 0.00085868961449
330 0.000692520775623
331 0.00310926275992
332 0.000567625776185
333 0.000692520775623
334 0.000193572778828
335 0.000233532109297
336 0.000259621838629
337 0.00301233490899
338 0.0102331999133
339 0.000384467512495
340 0.0050891078917
341 0.0011380839329
342 0.00208610700185
343 0.00562666457053
344 0.000493203230932
345 0.000184480040124
346 0.000593866294678
347 0.170283945651
348 0.00617713670454
349 0.189515333915
350 0.000220703163728
351 0.00138298794823
352 0.00568643187226
353 0.000371597233935
354 0.00395056890167
355 0.000168662506325
356 0.00174269370093
357 0.000364197890566
358 0.000228269582811
359 0.001476970396
360 0.00144955622811
361 0.00874871399177
362 0.000743906848255
363 0.00267338884875
364 0.00247214945575
365 0.00244200129166
366 0.0057026083601
367 0.000224859440891
368 0.000203717688664
369 0.000806933163436
370 0.000390570076083
371 0.000548973244362
372 0.000492775765807
373 0.000374092271814
374 0.00051652892562
375 0.534010177738
376 0.00222063662504
377 0.0179861801867
378 0.00583526234568
379 0.000626609208385
380 0.000413786437206
381 0.00155149864042
382 0.00046208363492
383 0.000637690031629
384 0.000413786437206
385 0.00125797762625
386 0.000813692835704
387 0.00240656760166
388 0.00296141161985
389 0.00902052645717
390 0.00280276816609
391 0.000233532109297
392 0.000625
393 0.0146965519923
394 0.0125432516454
395 0.00100327281982
396 0.00356146098127
397 0.00310065643759
398 0.00302053010774
399 0.00301233490899
400 0.00428872928614
401 0.00383490446932
402 0.00357720368548
403 0.000411397937183
404 0.000274474206232
405 0.000882783773854
406 0.000349738573115
407 0.00323436322828
408 0.00182577042267
409 0.00033205540637
410 0.000432584627396
411 0.000647933884298
412 0.000511993729657
413 0.000483458375007
414 0.0131596875787
415 0.00357092728159
416 0.00692135403833
417 0.00104613919668
418 0.00109899153772
419 0.000112863793602
420 0.000395218340059
421 0.0021609473419
422 0.00228932487809
423 0.000514655748828
424 0.00845291005291
425 0.00140124109926
426 0.000189269456863
427 0.00157419397138
428 0.000436206081899
429 0.00129779023993
430 0.000375697254046
431 0.0668611298592
432 0.0148634934779
