1 0.00106484863242
2 0.0245674964828
3 0.00153886606942
4 0.000206909519957
5 0.00119916592791
6 0.000618796564441
7 0.000975029726516
8 0.00165081172358
9 0.000963139120095
10 0.001024
11 0.00207433336257
12 0.000202140309156
13 0.00066718627068
14 0.00601004213453
15 0.0628028206672
16 0.00764361071202
17 0.00331342017537
18 0.00246114904021
19 0.000353892249421
20 0.00272077929886
21 0.000268989886935
22 0.000293609047105
23 0.000415830049199
24 0.00422022913075
25 0.000561936350429
26 0.202228915169
27 0.000684410407941
28 0.00694444444444
29 0.00114809658363
30 0.00267383761113
31 0.00131567407944
32 0.000439262532345
33 0.00402443547151
34 0.00162651793837
35 0.000237562735567
36 0.000186692200715
37 0.00975213977793
38 0.116926291661
39 0.000709008788208
40 0.0132331043662
41 9.59991960067e-05
42 0.000269944208649
43 0.000741552820762
44 0.000540396142521
45 0.000595675148692
46 0.00121217109571
47 0.00508768181737
48 0.0010479113337
49 0.000428958165291
50 0.00181061703204
51 0.00630696151818
52 0.0308648294084
53 0.000414460630882
54 0.000214913580247
55 0.00258620347184
56 0.000202271604938
57 0.000584377698429
58 0.00102479012346
59 0.000912621004955
60 0.000529932270416
61 0.00351251714678
62 0.000429719836418
63 0.000811054662382
64 0.000609296391031
65 0.000627127316629
66 0.0192719935031
67 0.00962230469783
68 0.000587840539256
69 0.000262466178531
70 0.00100283000783
71 0.00318703944424
72 0.000189657316805
73 0.000285650114706
74 0.00106080324249
75 0.00106494700516
76 0.0378435461275
77 0.154731925817
78 0.000614080901817
79 0.00104610282652
80 0.00216307983682
81 0.000562598792348
82 0.00380708537511
83 0.00713340029218
84 0.000918702610986
85 0.00234903695355
86 0.00128313655603
87 0.00110925381888
88 0.00045423855446
89 0.0085215981046
90 0.0235727785422
91 0.00230322411372
92 0.000537770611189
93 0.00209377220702
94 0.224819607181
95 0.00147752746141
96 0.00140589850341
97 0.00255342664721
98 0.00136967077701
99 0.000709008788208
100 0.00243400734223
101 0.00138297312329
102 0.00106080324249
103 0.00173058439062
104 0.00600557735205
105 0.000634637756491
106 0.000687486108378
107 0.000941909066529
108 0.00531316424499
109 0.000863640149938
110 0.000436344152193
111 0.000512637949448
112 0.000290415498616
113 0.0039555397334
114 0.00292184075968
115 0.00100426502678
116 0.000627940019464
117 0.000627940019464
118 0.00160770052597
119 0.00456022733842
120 0.00947206545433
121 0.00164879191321
122 0.00273019575177
123 0.00229589731383
124 0.0116654005359
125 0.000315263360246
126 0.000526452405412
127 0.000134171706372
128 0.000230440465346
129 0.000445138888889
130 0.000640362811791
131 0.000568789232751
132 0.00248118820875
133 0.00527226839027
134 0.000465867061454
135 0.00205847050754
136 0.00280689443445
137 0.000891067052796
138 0.00205371524179
139 0.00190326701173
140 0.000176013244997
141 0.001024
142 0.00183780614475
143 0.000219478737997
144 0.00298707521143
145 0.0156581426655
146 0.00503951011842
147 0.00361619814877
148 0.00125057414477
149 0.00677325221839
150 0.0920573378447
151 0.000863046431564
152 0.000162537102586
153 0.000146607825777
154 0.00204935407615
155 0.000230910288593
156 0.000638227146814
157 0.000490496346045
158 0.00261613184745
159 0.00604565025727
160 0.00758948062619
161 0.00244998202589
162 0.000741049382716
163 0.00437217825906
164 0.0400896532729
165 0.000118954188233
166 0.00110089405169
167 0.00292184075968
168 0.000491408390224
169 0.00557327613668
170 0.00182938387086
171 0.00156832130489
172 0.00144907799416
173 0.00189708641975
174 0.00406090812004
175 0.0002539149105
176 0.000863640149938
177 0.000416493127863
178 0.000564739984675
179 0.00135123803456
180 0.00135123803456
181 0.00598067805932
182 0.000541462572872
183 0.00117462979577
184 0.00230006437498
185 0.00508745522504
186 0.000566610162389
187 0.00135379033779
188 0.0068479788052
189 0.000350861804307
190 0.000331168017085
191 0.000512637949448
192 0.00100424892208
193 0.000338471529432
194 0.000350861804307
195 0.000290415498616
196 0.00111566017948
197 0.000202271604938
198 0.00248058259777
199 0.0109851855203
200 0.0386509492995
201 0.000514617626886
202 0.00098423947871
203 0.00198375562412
204 0.000374104073189
205 0.0097783933518
206 0.00401592877991
207 0.000616344111682
208 0.00200524691358
209 0.00115780032233
210 0.000542346993945
211 0.00111771579536
212 0.00250289828038
213 0.0106047101706
214 0.0118131345797
215 0.0219800072611
216 0.00231406129725
217 0.109379226406
218 0.00345919307719
219 0.000707437647005
220 0.00350816469127
221 0.000512637949448
222 0.000626251877503
223 0.000738565216401
224 0.0002514379413
225 0.000238978739294
226 0.000590268038355
227 0.000101261817175
228 0.0199491512164
229 0.0221869783174
230 0.0625720866972
231 0.0592255889943
232 0.0144058793508
233 0.0296376765372
234 0.000158493955217
235 0.00155149864042
236 0.000406977667021
237 0.00185079773157
238 0.000438536178551
239 0.00109716962056
240 0.00136508216541
241 0.00214496803542
242 0.860352492371
243 0.000731519179934
244 0.0113563438703
245 0.00166736111111
246 0.00100269524972
247 0.00211126940177
248 0.00217868480726
249 0.000602205577929
250 0.000577294636979
251 0.00292184075968
252 0.00024177378851
253 0.000176116179115
254 0.00102218197994
255 0.000468174728644
256 0.00102218197994
257 0.0058734314643
258 0.00813898391272
259 0.0118919841998
260 0.000553873450329
261 0.000434027777778
262 0.012132621739
263 0.0138725647567
264 0.0155907593752
265 0.003774484451
266 0.0159381631085
267 0.436979019857
268 0.0372711039529
269 0.000359244746836
270 0.0009
271 0.0187865596607
272 0.000613022180429
273 0.000891067052796
274 0.000918702610986
275 0.0020457241319
276 0.000654726516052
277 0.000513033503422
278 0.000254449147298
279 0.000784871837575
280 0.00111566017948
281 0.000236686390533
282 0.000556836788456
283 0.000486902812267
284 0.00244780686892
285 0.0108027002779
286 0.000531889543988
287 0.000521480405846
288 0.0203802348339
289 0.0224978093962
290 0.00246342869333
291 0.00169835490878
292 0.000527985780709
293 0.000161934396328
294 0.00078862637497
295 0.0126228395062
296 0.00151035826624
297 0.00126630753618
298 0.000954889572473
299 0.000191568587541
300 0.00301865939693
301 0.00360686338013
302 0.0214972048075
303 0.000244925428565
304 0.000476367419738
305 0.000302350145899
306 0.000331542297636
307 0.00162058462877
308 0.00292184075968
309 0.000236686390533
310 0.00110089405169
311 0.000484309908748
312 0.0168061438776
313 0.00035173834719
314 0.00318998972359
315 0.00231556334445
316 0.0178192296484
317 0.000543926296061
318 0.00158175274075
319 0.000618796564441
320 0.000326293060243
321 0.000403867826015
322 0.000775512707884
323 0.00112525716284
324 0.0058075463138
325 0.0169764536862
326 0.000954889572473
327 0.00245955226818
328 0.000231317497723
329 0.00388205622552
330 0.000411106046285
331 0.000625631083459
332 0.000602205577929
333 0.0002539149105
334 0.0012854442344
335 0.00206301459117
336 0.000512637949448
337 6.68585737149e-05
338 0.00155149864042
339 0.00663073904537
340 0.00232460851377
341 0.00107221905328
342 0.00838652754159
343 0.0033176653369
344 0.00809352388593
345 0.000720688257286
346 0.000684056555578
347 0.00406213275781
348 0.00097531807515
349 0.000528177710901
350 0.00114132279841
351 0.00133242391512
352 0.0660109265894
353 0.0016426292741
354 0.0254126654064
355 0.000850140877227
356 0.000182843527637
357 0.000587840539256
358 0.000127857758244
359 0.000492610088472
360 0.000429719836418
361 0.000512637949448
362 0.000899083373536
363 0.000347554136423
364 0.000237562735567
365 0.00035380332551
366 0.00846075494109
367 0.0003791124771
368 0.00453679474267
369 0.0145301822022
370 0.330805227813
371 0.00158175274075
372 0.00842636799126
373 0.00175096864811
374 0.0055441329321
375 0.00456610638432
376 0.000584573252173
377 0.000791844471488
378 0.0146923783287
379 0.0187141656119
380 0.00289601853593
381 0.00796241182799
382 0.000318807243045
383 0.000507264020778
384 0.00113409540578
385 0.000247221233337
386 0.000290415498616
387 0.00206315549784
388 0.0039555397334
389 0.000414508879625
390 0.00102046804736
391 0.000191568587541
392 0.00901315672346
393 0.000508193566662
394 0.00269876531385
395 0.000309592350538
396 0.00124323582821
397 0.000791844471488
398 0.000764509758118
399 0.00100283000783
400 0.00549901315808
401 0.000252606885733
402 0.00585641191949
403 0.00621098631258
404 0.151392127695
405 0.0428405432414
406 0.00400366352979
407 0.0201502961042
408 0.00283190716413
409 0.000373521356564
410 0.00165081172358
411 0.00110174350698
412 0.000941909066529
413 0.00103664197531
414 0.000688016576054
415 0.0308771688866
416 0.0113721409848
417 0.00156636188172
418 0.000151371561819
419 0.000888118942152
420 0.000989369901951
421 0.00406213275781
422 0.0024219449891
423 0.0899525094256
424 0.000438536178551
425 0.00123070834982
426 0.000789291163823
427 0.000431122053684
428 0.000877914951989
429 0.000430433360307
430 0.00867914845981
431 0.000472287203669
432 0.0759847427499
