1 0.00079598274388
2 0.000279212333794
3 0.000385071309045
4 0.000871405536146
5 0.00147771871666
6 0.00550205289216
7 0.000447347551112
8 0.000385071309045
9 0.00145373961219
10 0.0002447776518
11 0.000491203913284
12 0.00103132079886
13 0.000584533379257
14 0.0637062850488
15 0.00525082082029
16 0.37315071026
17 0.000773991959084
18 0.00117828876622
19 0.00648765571602
20 0.00145860886015
21 0.000962095572232
22 0.00625452786646
23 0.00191064910344
24 0.00749875256987
25 0.000245094299316
26 0.0143511645656
27 0.000580217256194
28 0.00285796351523
29 0.422276583053
30 0.000494706247388
31 0.000789781109972
32 0.0529749139929
33 0.0575786286248
34 0.000220703163728
35 0.000689329008807
36 0.000363027847232
37 0.000842506907592
38 0.000891067052796
39 0.000544880261473
40 0.000268744961032
41 0.000927619881986
42 0.000497357638339
43 0.0183155959264
44 0.000239905012609
45 0.0329156433328
46 0.00176482111308
47 0.211821211133
48 0.00209121341249
49 0.00209171215168
50 0.00145568014398
51 0.000601385413805
52 0.00112390331859
53 0.000979962192817
54 0.000555199734215
55 0.000980718336484
56 0.0900349230525
57 0.00993993417493
58 0.000275750612358
59 0.00209321201247
60 0.00442958882021
61 0.00287750537257
62 0.00044072066423
63 0.000266555601833
64 0.000667430237401
65 0.000545752069891
66 0.000221113583284
67 0.0074683562395
68 0.00413690102497
69 0.00143377759267
70 0.00550376144588
71 0.000447533368494
72 0.00886979210406
73 0.00114671395528
74 0.000559611707045
75 0.00093393020313
76 0.000369254183354
77 0.00483285195459
78 0.00077664020386
79 0.00247742675211
80 0.00258318399001
81 0.00930292069892
82 0.0168277654913
83 0.010185762338
84 0.00559214084113
85 0.00514699171442
86 0.00155362565933
87 0.00128370814442
88 0.00108172920278
89 0.000654014896439
90 0.000211955446303
91 0.000896113653439
92 0.000387500775002
93 0.000494706247388
94 0.000565815167649
95 0.000541894383463
96 0.00207051987152
97 0.000892546615933
98 0.0660014184986
99 0.000812758340697
100 0.000491989839545
101 0.000535207999081
102 0.0493942344913
103 0.000424057127301
104 0.00191064910344
105 0.000487738640762
106 0.00041784142851
107 0.000583507251557
108 0.000538826083321
109 0.288141387222
110 0.00355974412601
111 0.00165772451391
112 0.00116321358819
113 0.000220703163728
114 0.00199131318678
115 0.00258044340159
116 0.000617566964021
117 0.00293173691097
118 0.000218757954451
119 0.000122943989888
120 0.000763336747538
121 0.000907398166089
122 0.000360032598069
123 0.000318413222649
124 0.00142016520149
125 0.00102386095469
126 0.00106426589651
127 0.00837794475431
128 0.000803521607043
129 0.0021288405134
130 0.0021368547419
131 0.00111197967556
132 0.00171853035235
133 0.000387500775002
134 0.000564963796557
135 0.00901276906799
136 0.00400203937789
137 0.00979557609308
138 0.000651811745106
139 0.00283190716413
140 0.000603920880663
141 0.00136052136522
142 0.000429719836418
143 0.000226981745702
144 0.000787320734177
145 0.00015814201102
146 0.000108464623189
147 0.00132622009886
148 0.0124435428816
149 0.00153787004998
150 0.00429268490325
151 0.00854523259575
152 0.000630065359477
153 0.0325724946357
154 0.000472019548019
155 0.0789408974811
156 0.0099832815416
157 0.00470403173017
158 0.000997229916898
159 0.000580076551542
160 0.00249076639755
161 0.000379400544001
162 0.00459685739992
163 0.00678564004998
164 0.0015844409352
165 0.0153302332753
166 0.00417028718927
167 0.000446591577354
168 0.00387746837118
169 0.00061549674336
170 0.000901501877086
171 0.000891067052796
172 0.00133783400758
173 0.00122492423319
174 0.000434752062638
175 0.000969920850575
176 0.00244654445138
177 0.239910950354
178 0.000967712915963
179 0.000501520769771
180 0.00520725194961
181 0.0156914147583
182 0.00819824917799
183 0.000399112590401
184 0.000202271604938
185 0.000392434975996
186 0.000576550978032
187 0.0010131640974
188 0.000625816519088
189 0.000510677769082
190 0.000974818548858
191 0.000147998176662
192 0.0021940484302
193 0.00146316701006
194 0.0402851384395
195 0.00244817863131
196 0.00105302399018
197 0.000106018743435
198 0.000183233556936
199 0.000568396122977
200 0.000283215326947
201 3.4642905133e-05
202 0.00167014352383
203 0.00117551020408
204 0.00057978013752
205 0.000566893424036
206 0.197839907517
207 0.000765685474604
208 0.000160699420596
209 0.000480917205294
210 0.000555199734215
211 0.00588994403964
212 0.000306889019127
213 0.00321468553136
214 0.000227409811134
215 0.0017457287774
216 0.00370457149335
217 0.000564739984675
218 0.00535814359629
219 0.000183233556936
220 0.00451503565397
221 0.00179641243805
222 0.000212800259083
223 0.000147593902296
224 0.000429719836418
225 0.000370963031902
226 0.000112275777378
227 0.000305087538396
228 0.000870099605916
229 0.000575413359063
230 0.128016705083
231 0.0164882065521
232 0.00230687077252
233 0.00917105943152
234 0.00525603280632
235 0.000600699660478
236 0.000152415790276
237 0.0179368841308
238 0.005184
239 0.0449386883928
240 0.0124081892441
241 0.00265429341249
242 0.0500629537895
243 0.00107497984413
244 0.0618766147287
245 0.00410549589104
246 0.00485822306238
247 0.000467696746926
248 0.000771368924751
249 0.000635596097297
250 0.000430433360307
251 0.00244975002551
252 0.000448063307194
253 0.0002447776518
254 0.000212800259083
255 0.00185073701883
256 0.000405276117775
257 0.000693628808864
258 0.000210039907582
259 0.00408052193698
260 0.00843235336469
261 0.00359101684692
262 0.00308456710305
263 0.000544880261473
264 0.00319700410516
265 0.00251569854856
266 0.000312950878061
267 0.000515646357896
268 0.00357092728159
269 0.0149458190453
270 0.0152694940016
271 0.000973989454041
272 0.000419983143142
273 0.000826344774256
274 0.0175414747708
275 0.0123137549259
276 0.000741926063803
277 0.000495497777384
278 0.0010131640974
279 0.000423910892606
280 0.00248687795306
281 0.000431865749868
282 0.000232199546485
283 0.00110746214441
284 0.00370903158697
285 0.0301789747188
286 0.00319700410516
287 0.00247149226009
288 0.18737635307
289 0.000641572458167
290 0.000596046447754
291 0.000373260011132
292 0.000312950878061
293 0.000326787186271
294 0.000641572458167
295 0.000658795624981
296 0.00519064189554
297 0.00289315726291
298 0.00123691558838
299 0.00506967820609
300 0.038010149
301 0.00921920094479
302 0.00720966647383
303 0.0124081254429
304 0.00289401378316
305 0.00528533314549
306 0.000426883409603
307 0.00282088807011
308 0.000622403948807
309 0.000461920725468
310 0.00165149927532
311 0.000386386561993
312 0.000881483472185
313 0.000998981747771
314 0.000770490437906
315 0.00135226365018
316 0.175168303798
317 0.000763166693827
318 0.028696998294
319 0.00402966264089
320 0.00887218252926
321 0.000526602673663
322 0.000831984573412
323 0.00121451912633
324 0.00182222669965
325 0.00236150243674
326 0.00174599420674
327 0.0092803457914
328 0.00268660258692
329 0.0412219623052
330 0.00069809343417
331 0.00171144939442
332 0.000263265743699
333 0.00111385968424
334 0.00194909435166
335 0.000381483776884
336 0.000891067052796
337 0.00048176203114
338 0.000885185438153
339 0.000637690031629
340 0.00216950512513
341 0.00247984331552
342 0.00101394384861
343 0.0213037144938
344 0.00251782115247
345 0.00427871732356
346 0.0002059468406
347 0.00467669010276
348 0.00207081640342
349 0.000125212716077
350 0.00647336478792
351 0.00114909508762
352 0.000588148601617
353 0.00207019943603
354 0.00607842683185
355 0.00197823591128
356 0.000852274491131
357 0.00246481707285
358 0.000554154652594
359 0.000202271604938
360 0.00049815341056
361 0.00038163484987
362 0.000395545248651
363 0.000391160836763
364 0.0002447776518
365 0.00315490697854
366 0.00329333405931
367 0.00257391365496
368 0.00600256249047
369 0.00243865264441
370 0.000187393114922
371 0.00119304100804
372 0.0141327204264
373 0.000725123923265
374 0.000297119178294
375 0.000885185438153
376 0.0351764687047
377 0.00241921097929
378 0.000631297189465
379 0.00048176203114
380 0.00224135919158
381 0.00320209887575
382 0.000427853603315
383 0.00298971315359
384 0.000427566423059
385 0.00690985199788
386 0.000263856321987
387 0.00048176203114
388 0.000361983926755
389 0.00201347797502
390 0.0002447776518
391 0.000590268038355
392 0.0140906576187
393 0.00055172995043
394 0.0010165931527
395 0.00977255008757
396 0.000211955446303
397 0.00149764226964
398 0.000997999384426
399 0.000239811324913
400 0.000927619881986
401 0.000313037014999
402 0.00111019718056
403 0.00116272931942
404 0.019510840393
405 0.00052724398916
406 0.0763832110005
407 0.00108439198173
408 0.000524524653254
409 0.000493135714774
410 0.000940509528038
411 0.000372108862978
412 0.00201347797502
413 0.000891067052796
414 0.000566893424036
415 0.00171562620356
416 0.00306509740065
417 0.0020065233882
418 0.0615939493224
419 0.000981789011147
420 0.00156971677286
421 0.00320482406199
422 0.00205202024072
423 0.0271240329051
424 0.000321566085854
425 0.00255814671749
426 0.0134631070469
427 0.000915189605254
428 0.180951676054
429 0.00318908112265
430 0.00237343335613
431 0.000599339567399
432 0.00332700439143
