1 0.000939717737232
2 0.00399154525229
3 0.00041287819256
4 0.000173701109244
5 0.000525112832404
6 0.000284764542936
7 0.00184674628236
8 0.000431148662818
9 0.00256775300924
10 0.000220293885812
11 0.00305980133702
12 0.00140235187298
13 0.0101075261089
14 0.00169968069287
15 0.00136102783015
16 0.000961628609232
17 0.000511915001346
18 9.75461057766e-05
19 0.00452552048977
20 0.00018765246763
21 0.00161224416006
22 0.000926052294802
23 0.0125258022143
24 0.00223759375545
25 0.0105471525792
26 0.0059087379337
27 0.0112293815907
28 0.0089756661221
29 0.00654166702454
30 0.0042192681843
31 0.000398047394342
32 0.00123846528685
33 0.00165699054094
34 0.0015465219038
35 0.000429719836418
36 0.000525518012059
37 0.0011083406807
38 0.00525748998897
39 0.0358593223648
40 0.00110564439807
41 0.00300320773597
42 0.0382793092607
43 0.00136186556927
44 0.000565679601933
45 0.0047696431655
46 0.00195267916368
47 0.00160786561699
48 0.00281154738755
49 0.000472523797914
50 0.00181310249615
51 0.00448989491257
52 0.00214782327965
53 0.000756427277255
54 0.00688055924672
55 0.00120066616019
56 0.00147092244042
57 0.000817623831211
58 0.000478324123429
59 0.000344351153151
60 0.000756427277255
61 0.000393548492845
62 0.000833435690726
63 0.000698635719692
64 0.0571282947555
65 0.00329244111439
66 0.000217224462349
67 0.00310675191015
68 0.00505858857285
69 0.148462168822
70 0.000638899495619
71 0.00043547816199
72 0.00140182470655
73 0.00337558839044
74 0.00134977488767
75 0.00130486764564
76 0.000669136128686
77 0.00920739788602
78 0.00834700103195
79 0.000664067443837
80 0.000939717737232
81 0.000990337416714
82 0.00265838371405
83 0.00174798192175
84 0.000574039276971
85 0.000806217321233
86 0.00196830400692
87 0.000331939103602
88 0.00520548470638
89 0.0116203497099
90 0.00129430892205
91 0.00142179343424
92 0.00739891266207
93 0.000906572582122
94 0.000454190597529
95 0.00124747714879
96 0.00227519908795
97 0.000756962146924
98 0.000229568411387
99 0.000276302201222
100 0.000335656033243
101 0.00140837500249
102 0.034126216421
103 0.0375214722488
104 0.00254820315152
105 0.00103580929289
106 0.000419686257772
107 0.00121456711634
108 0.000510017144736
109 0.000676757756456
110 0.00081052671572
111 0.000835418121295
112 0.000306889019127
113 0.000458024321735
114 0.0011867860168
115 0.000459136822773
116 0.00150516967168
117 0.000274010249772
118 0.0264129875773
119 0.000797614796236
120 0.00930476063885
121 0.000711659807956
122 0.0458109285653
123 0.000145273760331
124 0.0027429477581
125 0.00502588505177
126 0.00199389375194
127 0.000493827160494
128 0.00185219761482
129 0.0018073090894
130 0.00178619935043
131 0.00668452458377
132 0.000693210936748
133 0.00421993633663
134 0.000198373338623
135 0.000257500366766
136 0.00095512005477
137 0.00205086766821
138 0.00121460502991
139 0.000115720631382
140 0.00416382214048
141 0.00155362565933
142 0.000333492854486
143 0.00829811994952
144 0.0170333116208
145 0.00618191690088
146 0.000483401920439
147 0.000245048886828
148 0.0146213711922
149 0.00143964770974
150 0.0018021677492
151 0.00099288340269
152 0.00325231997362
153 0.00326530612245
154 0.00149097003715
155 0.000522782645368
156 0.00102826095542
157 0.00383838513529
158 0.00122297209528
159 0.000288054406795
160 0.000804788491525
161 0.00189708641975
162 0.000756427277255
163 0.000253237284146
164 0.0033789775788
165 0.000199499311068
166 0.00267250581348
167 0.000467635653558
168 0.000981668700448
169 0.00196638070474
170 0.0207760793303
171 0.00101413498128
172 0.00653496992518
173 0.0060358808377
174 0.00406930583305
175 0.000907263567322
176 0.000574817780073
177 0.000429008085258
178 0.000210771672287
179 0.00608662866369
180 0.00243374797188
181 0.00172080666586
182 0.000471962553862
183 0.00127396543104
184 0.000798553043501
185 0.00863641522629
186 0.00137572287298
187 0.00200864659589
188 0.00506645043677
189 0.00195928186322
190 0.000453465053444
191 0.000555199734215
192 0.000531759009535
193 0.000186373749257
194 0.00335455866997
195 0.000253237284146
196 0.000208150219411
197 0.000165779439665
198 0.000209843128886
199 0.00048516369423
200 0.00172745344639
201 0.00129140425894
202 0.00127551020408
203 0.00207046539093
204 0.00133563916427
205 0.114636369315
206 0.00127551020408
207 0.000371044087563
208 0.000233086649962
209 0.00290050998755
210 0.000493827160494
211 0.000752512819922
212 0.00795084973372
213 0.00334125643752
214 0.0214516261049
215 0.758895728806
216 0.000802930013537
217 0.00123026692334
218 0.00562972097036
219 0.000759382071307
220 0.000230956580163
221 0.000485532127305
222 0.000225704404268
223 0.000759714880942
224 0.000756427277255
225 0.00073245998891
226 0.109542892066
227 0.000130239865202
228 0.0123586403051
229 0.00107173689567
230 0.0380434579668
231 0.00103872038625
232 0.000657519766608
233 0.000582411662752
234 0.00290050998755
235 0.000765692762277
236 0.00079598274388
237 0.000364305435314
238 0.0152836537599
239 0.00102748844859
240 0.000542075087737
241 0.000818935467157
242 0.000789781109972
243 0.0216011738396
244 0.000770869433717
245 0.00145432347027
246 0.00109969884064
247 0.00230225966477
248 0.000419686257772
249 0.000525112832404
250 0.0015465219038
251 0.000770415566675
252 0.000296415824635
253 0.00173849169232
254 0.000759833868422
255 0.00662858013433
256 0.00336487475843
257 0.292683237357
258 0.0575087672253
259 0.0134828180546
260 0.000510486885608
261 0.0016426292741
262 0.00598815024592
263 0.0578099244811
264 0.00285766867052
265 0.000439220322355
266 0.000817786211198
267 0.00065019881079
268 0.00643538489518
269 0.00822837068343
270 0.000641395196774
271 0.000638899495619
272 0.00154404251036
273 0.00703797126256
274 0.000804788491525
275 0.000220293885812
276 0.00383236788516
277 0.00363855697815
278 0.000323030182634
279 0.000926052294802
280 0.00121628462937
281 0.00122103574121
282 0.000631783992469
283 0.0159338776303
284 0.00112243981983
285 0.00947254260217
286 0.00089926575569
287 0.00124454946493
288 0.000564739984675
289 0.000809100460163
290 0.00139663708621
291 0.00407424173834
292 0.016311427943
293 0.00213148899853
294 0.00043987320391
295 0.000147998176662
296 0.000476726225663
297 0.00399674959956
298 0.000253237284146
299 0.00372938639939
300 0.0015465219038
301 0.000237179631548
302 0.000638899495619
303 0.000834078773821
304 0.000928293709232
305 0.00165081172358
306 0.00105376048577
307 0.00976135325581
308 0.258726739837
309 0.0233109958627
310 0.00346329046458
311 0.00346329046458
312 0.000455014036273
313 0.000573382327976
314 0.000210478900923
315 0.00574417027514
316 0.00336779693201
317 0.000241288967976
318 0.0910856270435
319 0.00184074562648
320 0.505294774561
321 0.00414609689142
322 0.0044838509362
323 0.0131172981635
324 0.00120066616019
325 0.000726777159893
326 0.00103535761419
327 0.000152180852676
328 0.00334244835974
329 0.000267646923524
330 0.00347449783864
331 0.000287273771905
332 0.00083477400555
333 0.000560469754362
334 0.000845597542547
335 0.000167031613343
336 0.00027624097421
337 0.0230689550671
338 0.0503067717388
339 0.00263519656093
340 0.000902434805379
341 0.00108439198173
342 0.0020395421436
343 0.061531323159
344 0.000701351982189
345 0.000349824808143
346 0.00110561914672
347 0.000473412760633
348 0.0010047385248
349 0.0038394173307
350 0.00266177126861
351 0.000613900072784
352 0.0176412034242
353 0.00339626354094
354 0.000131240859263
355 0.00100426502678
356 0.00062250748005
357 0.000233086649962
358 0.00184674628236
359 0.000279522060951
360 0.000569059204009
361 0.000442186068586
362 0.00181550094518
363 0.000579197328283
364 8.6984905877e-05
365 0.000992001984004
366 0.000230878356868
367 0.000529035569436
368 0.00224746227709
369 0.00129430892205
370 0.00709265553389
371 0.0118926460995
372 0.000254899075897
373 0.000418387934037
374 0.00160224014136
375 0.000710518888683
376 0.000887334514166
377 0.00270442509939
378 0.000826713719069
379 0.0010799744059
380 0.00831754396897
381 0.196656619663
382 0.000217224462349
383 0.000212729005683
384 0.000940770605395
385 0.00105757155133
386 0.000525112832404
387 0.000835418121295
388 0.000576115366694
389 0.00196523078249
390 0.000431838500679
391 0.0006148823129
392 0.000575907998473
393 0.00067255212548
394 0.000432056526833
395 0.000768229415265
396 0.00129484799282
397 0.00185817201614
398 0.00058570559719
399 0.0312042707979
400 0.00128115279929
401 0.00747021810796
402 0.00199654836718
403 0.00496451919949
404 0.0105159941723
405 0.00499537358341
406 0.00611725965204
407 0.00613920718679
408 0.00113378684807
409 0.000719306592933
410 0.327205326887
411 0.000770869433717
412 0.0046414184501
413 0.00184674628236
414 0.000477560027385
415 0.00053868739265
416 0.00150516967168
417 0.000227409811134
418 0.000287273771905
419 0.00123866928086
420 0.000453465053444
421 0.00108869183235
422 0.00185826569353
423 0.000711111111111
424 0.00253086419753
425 0.00332706927291
426 0.00282724268783
427 0.00168981690014
428 0.000575795929231
429 0.00655077071406
430 0.0125950720824
431 0.165060213645
432 0.000271706315662
