1 0.00021507526374
2 0.00179447344227
3 0.00168728492748
4 0.00176905082061
5 0.000749989787721
6 0.0013077163982
7 0.000242716375486
8 0.00131547155628
9 0.00193473629246
10 0.000411106046285
11 0.000455014036273
12 0.000564739984675
13 0.000444335118257
14 0.000564739984675
15 0.00116041251433
16 0.00746989795918
17 0.000215915401489
18 0.014829489408
19 0.00319798170461
20 0.000877008765522
21 0.00274150732343
22 0.00232879794202
23 0.00422246625637
24 0.0913164778693
25 0.00416916000649
26 0.000510017144736
27 0.000870108463937
28 0.0046740844561
29 0.00356295504247
30 0.000453465053444
31 0.000550003696025
32 0.00158186983471
33 0.00119034299373
34 0.000257500366766
35 0.00238029819731
36 0.00114048766408
37 0.000943517105616
38 0.00680104090577
39 0.0242360847334
40 0.000231317497723
41 0.010069807816
42 0.0028061358656
43 0.00223934537161
44 0.00547589922903
45 0.002916
46 0.000737085645257
47 0.00266419773869
48 0.00696789856299
49 0.00103021631176
50 0.0168690692806
51 0.00513608039696
52 0.00402770050182
53 0.00045480785534
54 0.385984476412
55 0.000143904047979
56 0.000681002959366
57 0.000833435690726
58 0.000208903022484
59 0.000755315500686
60 0.000705872741384
61 0.000594465497772
62 0.000256971087765
63 0.000296038904722
64 0.000640699769163
65 0.0396636498051
66 0.0214020162794
67 0.000549314318936
68 0.000647051240898
69 0.291496670651
70 0.000306564204397
71 0.000550003696025
72 0.00842145815752
73 0.000332995897491
74 0.000611305236816
75 0.000523166218697
76 0.000690500293036
77 0.00127047933884
78 0.00242566676341
79 0.00220932231405
80 0.000563905848609
81 0.000367883379247
82 0.00707916511382
83 0.000896898789325
84 0.000483344383373
85 0.000208903022484
86 0.000721764312765
87 0.000173130193906
88 0.000348073067498
89 0.00190698992306
90 0.00115215048844
91 0.00119034299373
92 0.000217224462349
93 0.00302798986886
94 0.0151727808991
95 0.00795948856666
96 0.304030698853
97 0.00213112244898
98 0.00069698849969
99 0.00569566370732
100 0.0011575326999
101 0.00389842756949
102 0.000810389928112
103 0.00129202408226
104 0.00111006307765
105 0.00130386451105
106 0.00502382834688
107 0.0002044465528
108 0.00692530968767
109 0.000247513025856
110 0.00308437375214
111 0.000296038904722
112 0.0012287516509
113 0.00190669931198
114 0.00155029757585
115 0.000480842719112
116 0.000340409308152
117 0.000477560027385
118 0.258954574511
119 0.000759034521431
120 0.00545241752744
121 0.000586841235503
122 0.000745113682234
123 0.000487738640762
124 0.00053385768123
125 0.000868006423102
126 0.000369844990048
127 0.00036868719045
128 0.00108165910697
129 0.000463677025582
130 0.00173585176673
131 0.000203354717353
132 0.0011725001111
133 0.000633374695582
134 0.00185232464026
135 0.00224413639922
136 0.00486399264714
137 0.011286073297
138 0.00069882811507
139 0.00510087533493
140 0.000985095115646
141 0.00112067404444
142 0.000475065159937
143 0.000508075643211
144 0.000480074599752
145 0.0013077163982
146 0.000186373749257
147 0.000705872741384
148 0.00473662247556
149 0.00432263556249
150 0.000440023157078
151 0.000568834700232
152 0.00536405374165
153 0.00191630751496
154 0.000525086093116
155 0.00365448875028
156 0.00524974004088
157 0.00327177305283
158 0.0455972265549
159 0.00158112729484
160 0.000605967184546
161 0.00103501067355
162 0.00124065232385
163 0.00199213142918
164 0.000500224749966
165 0.017490191126
166 0.0189725201047
167 0.00174798192175
168 0.000990268472786
169 0.00476029474503
170 0.00106332703214
171 0.00107890670787
172 0.00037663196286
173 0.000453465053444
174 0.00117104483222
175 0.00021226385646
176 0.000525086093116
177 0.00132886826036
178 0.105029617798
179 0.00783264645096
180 0.0113049211154
181 0.0220628163268
182 0.00432263556249
183 0.000367883379247
184 0.000992001984004
185 0.000469319284292
186 0.00167011122789
187 0.00241994421603
188 0.000648513180982
189 0.0174374638556
190 0.000895516818925
191 0.00112568587106
192 0.000685487603306
193 0.000210039907582
194 0.00130386451105
195 0.00199880787469
196 0.00465324428255
197 0.000283941268597
198 0.0032089300653
199 0.00102386095469
200 0.000478324123429
201 0.000664397403177
202 0.000943517105616
203 0.00312630880452
204 0.000440130584607
205 0.0211384850833
206 0.00432263556249
207 0.00286716811545
208 0.000218668106232
209 0.000709008788208
210 0.00234775427749
211 0.000589101301058
212 0.00253630309695
213 0.000636368383814
214 0.000643762642449
215 0.00110809383861
216 0.175395350436
217 0.00108567453704
218 0.00425286717541
219 0.00174203134931
220 0.00208497916968
221 0.0551358217208
222 0.000221113583284
223 0.000523166218697
224 0.000833435690726
225 0.000512792743121
226 0.00037663196286
227 0.000550003696025
228 0.000496471477912
229 0.00148275098072
230 0.026174987603
231 0.00420835012647
232 0.00271514029897
233 0.0010294832566
234 0.000360204081633
235 0.000615559696229
236 0.00147701673342
237 0.000986675608763
238 0.000110943999613
239 0.000299390315058
240 0.00224468428409
241 0.000277777777778
242 0.0728064456814
243 0.0320342915709
244 0.00310941385975
245 0.00045423855446
246 0.00578779889401
247 0.00228113165516
248 0.00114048766408
249 0.000296561992897
250 0.000697757208971
251 0.000198022108586
252 0.000235326777889
253 0.252487776398
254 0.000941909066529
255 0.00150102606817
256 0.00129141969349
257 0.00747423127131
258 0.153955158968
259 0.000972836350774
260 0.00342454379646
261 0.000261019375154
262 0.00169058723492
263 0.00198394510119
264 0.00109409265156
265 0.0169117988096
266 0.0156814423847
267 0.019416789712
268 0.00202865314747
269 0.000885537751406
270 0.000181631926534
271 0.000705872741384
272 0.00194012056599
273 0.000862993812361
274 0.000433073746982
275 0.00037663196286
276 0.000525086093116
277 0.00061433993508
278 0.000422681137465
279 0.000520249979709
280 0.00286240570097
281 0.00114830055344
282 0.00389417193457
283 0.00291199463101
284 0.00337831970429
285 0.0213259946977
286 0.00035927456382
287 0.00301792259942
288 0.000752704166757
289 0.00225832428837
290 0.0282122135378
291 0.0142216257067
292 0.0939241989589
293 0.00702654553767
294 0.0179500943742
295 0.000549554183813
296 0.00174798192175
297 0.000525086093116
298 0.000469319284292
299 0.00108881852268
300 0.000697757208971
301 0.000836115546523
302 0.00239142473536
303 9.48793151789e-05
304 0.000389337994592
305 0.00015958366282
306 0.00411743989365
307 0.000987495101711
308 0.00204230973845
309 0.00125764985647
310 0.00282893014952
311 0.000746185468038
312 0.00131547155628
313 0.000194154819235
314 0.00171145868226
315 0.0155559303611
316 0.00174535529492
317 0.129808293172
318 0.00155932968823
319 0.000340920667931
320 0.00021507526374
321 0.00222842208041
322 0.00171994292676
323 0.000213117374394
324 0.000697757208971
325 0.000833435690726
326 0.000940305134821
327 0.00029755010195
328 0.00037663196286
329 0.000278898276866
330 0.0011523480091
331 0.000629362988503
332 0.000399305047253
333 0.000878609016449
334 0.0127929986538
335 0.00374079997007
336 0.00354115461426
337 0.000866649933666
338 0.00045423855446
339 0.146160242564
340 0.00119134181306
341 0.000581195849983
342 0.000160452665284
343 0.000732396806411
344 0.00478275783641
345 0.0291848271241
346 0.00302798986886
347 0.0994682392944
348 0.000898540152812
349 0.00482889795448
350 0.000225281513892
351 0.000401926934185
352 0.000411106046285
353 0.0117977817817
354 0.000238987733513
355 0.00037663196286
356 0.000510833172168
357 7.77450890229e-05
358 0.000613866272832
359 0.000232819035439
360 0.00423137310669
361 0.0249902954937
362 0.250320755853
363 0.0100289538417
364 0.00183755493935
365 0.00108752437062
366 0.00342385902466
367 0.0012792370398
368 0.000421346433812
369 0.00107993121702
370 0.00508154554171
371 0.000290076426258
372 0.000497265832277
373 0.0015801579
374 0.0144077180509
375 0.0251023942488
376 0.0049580706372
377 7.67969781811e-05
378 0.000483233346299
379 0.000213117374394
380 0.000178913351343
381 0.000836115546523
382 0.00119034299373
383 0.000453465053444
384 0.001377
385 0.000422681137465
386 0.0258075924668
387 0.00085385393827
388 0.00290514431972
389 0.00881818759471
390 0.00413005626718
391 0.001297
392 0.00123668583278
393 0.00194870546222
394 0.00218818380744
395 0.00128655487849
396 0.00805290337277
397 0.00228977203369
398 0.00025742699945
399 0.00553711299322
400 0.0371374107773
401 0.000253237284146
402 0.0159969631272
403 0.00235582889539
404 0.00334931280636
405 0.000271911267286
406 0.000510017144736
407 0.00108881852268
408 0.00037663196286
409 0.000288923182442
410 0.00105186267348
411 0.000705872741384
412 0.00174203134931
413 0.00105948484185
414 0.0661583741334
415 0.000369254183354
416 0.00667478320304
417 0.000762166434567
418 0.000631727891156
419 0.00236053719008
420 0.00151773612383
421 0.0114165383176
422 0.000525086093116
423 0.00467848514394
424 0.00762237410701
425 0.00376614769145
426 0.000773948150193
427 0.00124095521748
428 0.00197233830212
429 0.000619006231517
430 0.00279007406724
431 0.000727247614637
432 0.000424753493699
