1 0.000371830870332
2 0.0176548855771
3 0.000529804014831
4 0.00067788015779
5 0.000287815542217
6 0.00420576653477
7 0.000513679437891
8 0.00446227569813
9 0.000196983687288
10 0.000997229916898
11 0.000416227634243
12 0.442813592213
13 0.00020252363435
14 0.000666752139008
15 0.00113743155471
16 0.000195441266072
17 0.00102412715582
18 0.00430470715056
19 0.00281696293961
20 0.00167034899001
21 0.00164807746033
22 0.00173906745134
23 0.0383722309841
24 0.00189371831315
25 0.00115148364423
26 0.0147477226185
27 0.0107325319227
28 0.0350937451976
29 0.000411773697082
30 0.000869307994615
31 0.00179050295161
32 0.00149732121554
33 0.000248734868394
34 0.00150755598866
35 0.000387500775002
36 0.000981668700448
37 0.000279338458703
38 0.00246607489032
39 0.000979583573215
40 0.00324973591562
41 0.00346810367871
42 0.0694180716109
43 0.0028349866141
44 0.00127019362491
45 0.00208153442291
46 0.00325147172346
47 0.000968140266791
48 0.00243480063103
49 0.356237250155
50 0.00323970066709
51 0.000589776184863
52 0.000630443004012
53 0.000723401772059
54 0.000631297189465
55 0.000604058190296
56 0.000299490535769
57 0.00201045257422
58 0.000679571450753
59 0.221268746132
60 0.000513283385896
61 0.000178371855151
62 0.00067788015779
63 0.000419226463453
64 0.000275731539603
65 0.000138799933554
66 0.000513283385896
67 0.00040064076882
68 0.00361994991745
69 0.0553588239307
70 0.000683855324662
71 0.00113448754474
72 0.000167572606068
73 0.00118934923509
74 0.000149175455976
75 0.000229375293909
76 0.00178243926652
77 0.00752370586923
78 0.000236385725389
79 0.000534601030004
80 0.000561201553057
81 0.00132743873222
82 0.11329666598
83 0.000318060636121
84 0.00281327943175
85 0.335525581707
86 0.000152115167489
87 0.00237734192185
88 0.00204558514992
89 0.00109769298281
90 0.000438400826017
91 0.000632307264968
92 0.00132231404959
93 0.00067788015779
94 0.00127117200455
95 0.000392429193216
96 0.000117966965578
97 0.0390764857249
98 0.0331445729575
99 0.000966468898494
100 0.000953150200974
101 0.00101662662977
102 0.00517737084467
103 0.00622469663118
104 0.00119725547682
105 0.00414163161467
106 0.00121401100295
107 0.00556313144573
108 0.000419586095663
109 0.000684949493181
110 0.342963129795
111 0.000467635653558
112 0.0166865160694
113 0.0544121787484
114 0.000126780310027
115 0.000418894044045
116 9.37751180124e-05
117 0.000446626402936
118 0.000824415249108
119 0.0045714755533
120 8.36649321498e-05
121 0.00119073596509
122 0.000522210227634
123 0.00143709867981
124 0.00102218197994
125 0.022618380928
126 0.00673032468551
127 0.00321522076157
128 0.00031500480819
129 0.000358478914691
130 0.00106348167539
131 0.0048624412192
132 0.000247026991559
133 0.00219178274348
134 0.00178903059127
135 0.0429000879497
136 0.00168695777657
137 0.00463530582265
138 0.00759115725943
139 0.0120590022212
140 0.00185690037392
141 0.000578310930478
142 0.000900573772574
143 0.000423875432526
144 0.000951316892687
145 0.00108881852268
146 0.000578310930478
147 0.0409268020934
148 0.00461593110302
149 0.00131279338843
150 0.000796919285904
151 0.00466571112903
152 0.00368138883779
153 0.000890277578527
154 0.000452693526483
155 0.00268116169709
156 0.00093393020313
157 0.000985990614739
158 0.00313750405179
159 0.00452060499316
160 0.00060309324111
161 0.0255575435999
162 0.0186461533336
163 0.00020263167893
164 0.00118795299319
165 0.000466082609227
166 0.00188747144924
167 0.00192780796752
168 0.00257182396066
169 0.00110209604806
170 0.000392429193216
171 0.0537008550707
172 0.000375400201475
173 0.00065145729037
174 0.0189605077543
175 0.000518966813022
176 0.0194779916523
177 0.000541520072942
178 0.000958433778947
179 0.000551063927196
180 0.000577568066117
181 0.00311751698501
182 0.0011343311967
183 0.0104523022686
184 0.00536062378168
185 0.000545155222525
186 0.00139889272228
187 0.000979466276511
188 0.00212825423115
189 0.000247026991559
190 0.000302003599027
191 0.00331146447237
192 0.00043547816199
193 0.000664364638868
194 0.000676601289719
195 0.00200246033235
196 0.000387500775002
197 0.000641825319514
198 0.000889591165591
199 0.000310454274945
200 0.00120990429063
201 0.0629960570314
202 0.00249249074415
203 0.319206565643
204 0.000242663865047
205 0.000272331688614
206 0.00195851907796
207 0.00535293593458
208 0.00105739994816
209 0.000535898020428
210 0.00103564184096
211 0.00645278244199
212 0.000575642115074
213 0.00175396303601
214 0.00155184192143
215 0.0049009285488
216 0.00726105384345
217 0.000258579328805
218 0.00210950158181
219 0.000682397476626
220 0.000189520096098
221 0.000392429193216
222 0.000247532497056
223 0.00184749153586
224 0.000394301616132
225 0.000950920840692
226 0.00124612993153
227 0.00152676232143
228 0.0025541894314
229 0.0049131624496
230 0.00130167914209
231 0.0025714979284
232 0.00074707931915
233 0.00132802407413
234 0.000753870175521
235 0.00111396400196
236 0.000567644027627
237 0.000167572606068
238 0.0074486010407
239 0.0257635820847
240 0.00010808432773
241 0.0017953922363
242 0.00259419208532
243 0.000225313530314
244 0.000420530348904
245 0.000493827160494
246 0.00059488399762
247 0.00059488399762
248 0.00242519128305
249 0.00305011102012
250 0.000187011469063
251 0.00236036899776
252 0.00237625010065
253 0.0493997913858
254 0.00279003503558
255 0.000705834742035
256 0.000388064681408
257 0.00223878740825
258 0.00154236564822
259 0.00305323570701
260 0.000302383432472
261 0.000689268659527
262 0.00152484320991
263 0.00071488459948
264 0.000979058505372
265 0.000480917205294
266 0.000323482221417
267 0.00739972161334
268 0.00099378806712
269 0.0585642602853
270 0.00852538902807
271 0.000765856227348
272 0.00316282690009
273 0.00725123945086
274 0.00446227569813
275 0.000247532497056
276 0.00158186983471
277 0.000247532497056
278 0.000529804014831
279 0.000360867778763
280 0.00164807746033
281 0.00047884098072
282 0.000195886853842
283 0.00728250423801
284 0.00040064076882
285 0.075698311819
286 0.00123166890763
287 0.000708157381754
288 0.000921282832391
289 0.00115196322926
290 0.000768045058643
291 0.00038647313823
292 0.00293457813325
293 0.593846952809
294 0.00730589216325
295 0.000247026991559
296 0.000216661066768
297 0.000312017711066
298 0.00800586441234
299 0.000463283616174
300 0.000309958341599
301 0.000981668700448
302 0.0041195646987
303 0.000947476075681
304 0.000956530980976
305 0.00123114804555
306 0.000363434903047
307 0.00108881852268
308 0.0542988657845
309 0.0076946752847
310 0.00302822927917
311 0.00874503414881
312 0.000640416170446
313 0.00320659131668
314 0.00376493011697
315 0.00125020085318
316 0.00143752386514
317 0.00143391565877
318 0.00467317626683
319 0.000708546384222
320 0.0234373011854
321 0.00132909564759
322 0.000541532310801
323 5.93933906745e-05
324 0.00040064076882
325 0.000392429193216
326 0.00110209604806
327 0.000439990692241
328 0.00060309324111
329 0.000392429193216
330 0.00271620919055
331 0.000389438353985
332 0.00288496118591
333 0.221591522383
334 0.0189762866302
335 0.00019469983775
336 0.00124155401376
337 0.00141255036869
338 0.00110196178376
339 0.000642476548915
340 0.0053294120647
341 0.000981668700448
342 0.000186056111907
343 0.0011351800554
344 0.000423875432526
345 0.0289034791697
346 0.00269806857774
347 0.002769155901
348 0.000621542191972
349 0.0022589599387
350 0.000693534344131
351 0.000194667327172
352 0.000473412760633
353 0.000294228890798
354 0.00182774812596
355 0.000177186663381
356 0.000176457767022
357 0.000456570969391
358 0.00043547816199
359 0.00212755817595
360 0.000338984722566
361 0.000996901961653
362 0.00127047933884
363 0.00894286102355
364 0.00281011005729
365 0.00041787509563
366 0.0272355313474
367 0.00627081563005
368 0.0057860104561
369 0.0058097470104
370 0.0591385847355
371 0.000992767417634
372 0.00138204366811
373 0.00265169583618
374 0.00263088420549
375 0.0100042370905
376 0.0018299947352
377 0.0227702028522
378 0.000228517467724
379 0.00342235694782
380 0.308785931303
381 0.000322876207449
382 0.00137843840465
383 0.000270961404935
384 0.000813741175052
385 0.00043547816199
386 0.000416227634243
387 0.000269688676964
388 0.000247026991559
389 0.000611549202239
390 0.0593141526583
391 0.00104058272633
392 0.000808453905475
393 0.000838227146814
394 0.001695090934
395 0.00478887731261
396 0.00380658838341
397 0.00129953232431
398 0.000836367445459
399 0.000839634505793
400 0.000272954677519
401 0.000332025771575
402 0.000567644027627
403 0.00119021296002
404 0.000641825319514
405 0.00594938470433
406 0.000278892231133
407 0.000682397476626
408 0.000513283385896
409 0.000416227634243
410 0.00166483213166
411 0.000229375293909
412 0.000536767103039
413 0.000872162862955
414 0.00309850600441
415 0.000830768698225
416 0.00326104415353
417 0.000188626414965
418 0.00093393020313
419 0.000903007516701
420 0.0006236428266
421 0.0130586423271
422 0.00426680983925
423 0.00215758488689
424 0.0035878129849
425 0.00265334261176
426 0.000528879167625
427 0.003666517281
428 0.00289409772693
429 0.00556602710024
430 0.00109435381827
431 0.00551201089456
432 0.00351577806369
