1 0.000567974765563
2 0.00383847071078
3 0.000523166218697
4 0.00107450707397
5 0.000691441084196
6 0.000972938598245
7 0.00050817924661
8 0.00117775247387
9 0.00196638070474
10 0.000438400826017
11 0.000919821514881
12 0.0011373312
13 0.00924384923449
14 0.0028794954908
15 9.46859296588e-05
16 0.000197329727955
17 0.0445561666227
18 0.00118437569704
19 0.000992899374411
20 0.00043329057574
21 0.00174232558571
22 0.00065145729037
23 8.43398583923e-05
24 0.0011341387088
25 0.000597004377102
26 0.000395549848229
27 0.00914902620542
28 0.000692520775623
29 0.00439905299811
30 0.00476939043375
31 0.00116684474553
32 0.00119916592791
33 0.000889440771061
34 0.00542369942903
35 0.000400700537937
36 0.00190046351997
37 0.000273639373487
38 0.00165784252353
39 0.00569332891104
40 0.0067654212189
41 0.00312958941078
42 0.00158242461933
43 0.000854655614832
44 0.0175592990227
45 0.0033150874654
46 0.00319108169986
47 0.00424139756976
48 0.013292885985
49 0.0284201777908
50 0.0106194597308
51 0.0015297125861
52 0.0172952932289
53 0.000305638417527
54 0.0189389140874
55 0.00193902172237
56 0.00120005556998
57 0.000644180473601
58 0.000454016664855
59 0.00303715606079
60 0.000541465301477
61 0.00377666940679
62 0.000496471477912
63 0.000576
64 0.000286060314717
65 0.000590268038355
66 0.00179981634527
67 0.00795779503556
68 0.00270298628512
69 0.060924004731
70 0.00108483747109
71 0.000243301651112
72 0.00629655953111
73 0.00155433183988
74 0.00105034449607
75 0.000707268201398
76 0.000933985839234
77 0.00415352879148
78 0.00195897177477
79 0.00154781013529
80 0.00447774244297
81 0.000593724944807
82 0.00101475668048
83 0.00945062205641
84 0.00949458313082
85 0.000866460203212
86 0.000494706247388
87 0.00195895004869
88 0.000383264172036
89 0.00119916592791
90 0.000998981747771
91 0.000583931653385
92 0.000525416171225
93 0.000301633745029
94 0.000496471477912
95 0.000760343201398
96 0.000380498448213
97 0.0031466886563
98 0.000939064088288
99 0.000496471477912
100 0.0222394372444
101 0.00048176203114
102 0.000264887010745
103 0.000119279199525
104 0.00102582287458
105 0.00143791413405
106 0.00646760204082
107 0.0164208700024
108 0.000722842780022
109 0.00060825435011
110 0.00080316018948
111 0.0177945579874
112 0.000877018743389
113 0.0020106324117
114 0.000468506962013
115 0.00147296086597
116 0.0114972480788
117 0.000335644775945
118 0.00243049600122
119 0.000583931653385
120 0.00109684665051
121 0.000572151398938
122 0.000190792039483
123 0.000277007777378
124 0.00242741302295
125 0.000494706247388
126 0.000164629272242
127 0.000442523948355
128 0.000398723828972
129 0.0096616151615
130 0.00121358501784
131 0.000315572669386
132 0.0065507097236
133 0.000730701664363
134 0.00241547108728
135 0.00333040351058
136 0.00295850668509
137 0.00146316701006
138 0.0118026463748
139 0.00219446566909
140 0.00115074191877
141 0.0037764114728
142 0.000679052297637
143 0.000612
144 0.00104716950334
145 0.00130035849824
146 0.0283770505004
147 0.0132555139278
148 0.00137803594277
149 0.00194908270163
150 0.000593724944807
151 0.135576053377
152 0.000651811745106
153 0.00221225456671
154 0.000713347043931
155 0.00197330448525
156 0.000568257879652
157 0.00857214797472
158 0.00662178026154
159 0.00554431599496
160 0.00489021468042
161 0.00241691635696
162 0.000455572273018
163 0.000759174418067
164 0.000690717463456
165 0.00403316553517
166 0.000889440771061
167 0.000427853603315
168 0.000540249176902
169 0.000346519749685
170 0.00256369171607
171 0.000567908691739
172 0.00135522959184
173 0.00116539956617
174 0.00600954831788
175 0.00400375178427
176 0.00394616606297
177 0.00750768088443
178 0.00104229000162
179 0.00023397884685
180 0.000712715291397
181 0.00376170485499
182 0.0050248357635
183 0.000858182721895
184 0.0510140473207
185 0.00800654847889
186 0.00857227877531
187 0.000612652188803
188 0.000280347342111
189 0.0263279738232
190 0.00055940976452
191 0.00185630664404
192 0.000523166218697
193 0.000443190154793
194 0.000644180473601
195 0.00562643522357
196 0.000298755299098
197 0.00257933984892
198 0.000116019165252
199 0.00123114804555
200 0.0508022964912
201 0.000436935828458
202 0.00352131385098
203 0.000336513303546
204 0.0910254435669
205 0.000569588872772
206 0.000371296942798
207 0.000692209720651
208 0.037901254947
209 0.000343444145816
210 0.00148514447155
211 0.00183264169305
212 0.00104444032651
213 0.000947031862539
214 0.00177666007876
215 0.00676516858641
216 0.00969248924059
217 0.000277893470313
218 0.00170334120043
219 0.000511865031429
220 0.00197948444954
221 0.0056265816843
222 0.00258346679268
223 0.000528957682539
224 0.000398213774151
225 0.00307995546156
226 0.000689614080926
227 0.00342404344522
228 0.00154404251036
229 0.00394682560696
230 0.000992569524611
231 0.00194958269488
232 0.00287310365339
233 0.000642780484725
234 0.000389337994592
235 0.000362428168051
236 0.000558777889838
237 0.000697610951631
238 0.00269120326607
239 0.000677975282734
240 0.0115702712851
241 0.00937122848875
242 0.00247571439615
243 0.00195222139378
244 0.000760343201398
245 0.000528957682539
246 0.00108483747109
247 0.000583931653385
248 0.000193048959913
249 0.000335644775945
250 0.000998981747771
251 0.000529804014831
252 0.000992001984004
253 0.00205733929171
254 0.510322998049
255 0.00403598615917
256 0.000461235241025
257 0.00142998375821
258 0.00194848874073
259 0.000293860561915
260 0.0249561582609
261 0.000860275531459
262 0.00475362331667
263 0.00154570268564
264 0.00178433412604
265 0.000395802608818
266 0.000546097814776
267 0.00251352748036
268 0.00249868746942
269 0.002030064118
270 0.00052286845933
271 0.000487615559912
272 0.000432584627396
273 0.000306127438995
274 0.00033428244442
275 0.000364545656495
276 0.00165784252353
277 0.000592051416227
278 0.000528957682539
279 0.000285213982425
280 0.00399826686923
281 0.000794736587134
282 0.00215482610692
283 0.000576799746936
284 0.00352131385098
285 0.0364108780587
286 0.000276517413753
287 0.0117603393636
288 0.0313627248527
289 0.000438400826017
290 0.000367555185339
291 0.00100139694083
292 0.00922805699413
293 0.00467486196159
294 0.00203906692674
295 0.0795423104579
296 0.00746773260825
297 0.00137195118764
298 0.000794736587134
299 0.000145953372794
300 0.00585240216159
301 0.000382965818751
302 0.000348373497901
303 0.000655271011
304 0.00151734668816
305 0.00048009797555
306 0.000383264172036
307 0.00064727990111
308 0.000479570917797
309 0.000479371262961
310 0.000718543352947
311 0.00405855125086
312 0.00199974284457
313 0.000499137091796
314 0.00215305822843
315 0.635998173686
316 0.0299394757229
317 0.00411482336212
318 0.00079723183391
319 0.00108999196779
320 0.000352607723907
321 0.001261424836
322 0.00395228652124
323 0.000260415669364
324 0.00600985517697
325 0.00837706698102
326 0.00177553334259
327 0.0016618171046
328 0.00226757369615
329 0.0149253799226
330 0.000101206021028
331 0.00138726357412
332 0.000312152730088
333 0.000605416209916
334 0.000956173220423
335 0.00201347797502
336 0.000511865031429
337 0.000233551223599
338 0.000964888410581
339 0.00606214060743
340 0.00555145866782
341 0.00066405154315
342 0.00307511419572
343 0.0107831821032
344 0.00123832639989
345 0.000523166218697
346 0.000722842780022
347 0.000384467512495
348 0.000923978966683
349 0.00111050211966
350 0.001476970396
351 0.0109911550468
352 0.000527985780709
353 0.000835100034302
354 0.0149777682073
355 0.00133571326012
356 0.00303700960006
357 0.00143670815418
358 0.000583931653385
359 0.00127106324604
360 0.000619299497725
361 0.00191995449938
362 0.0022684980386
363 0.0107472947677
364 0.0118247387139
365 0.000843717416113
366 0.00119318522147
367 0.000854108340654
368 0.00106256421803
369 0.00809934796909
370 0.026323930699
371 0.000581195849983
372 0.000568883525188
373 0.000210478900923
374 0.00245151467842
375 0.0077579419108
376 0.00320555698482
377 0.00102582287458
378 0.0102836061462
379 0.0030930438076
380 0.00200352095457
381 0.000611766449627
382 0.0218400084347
383 0.00702617742925
384 0.00151734668816
385 0.000389337994592
386 0.000890004044178
387 0.000919821514881
388 0.000593724944807
389 0.00390623515688
390 0.00148590117225
391 0.00392155360925
392 0.0185458759663
393 0.00365939157386
394 0.00223272197729
395 0.00572629625849
396 0.00549510633306
397 0.00366594383462
398 0.000399305047253
399 0.000332025771575
400 7.24995054818e-05
401 0.00195222139378
402 0.000214288883178
403 0.186318875065
404 0.0197556139297
405 0.00341548142594
406 0.00168698520076
407 0.152559533011
408 0.000229134239547
409 0.00219446566909
410 0.00257933984892
411 0.0013774046126
412 0.0017154387357
413 0.000931177336052
414 0.00160800368979
415 0.00024177378851
416 0.00199203295664
417 0.000722842780022
418 0.122313845228
419 0.00637111182222
420 0.000473024001179
421 0.000778799351001
422 0.000646778961687
423 0.400340270198
424 0.00442715915683
425 0.0010931902579
426 0.000569149714042
427 0.00158474988843
428 0.00270807523411
429 0.00152538786239
430 0.00264693877551
431 0.00206236424487
432 0.0148636149321
