1 0.000963139120095
2 0.00118118265508
3 0.000432043640445
4 0.000386596539414
5 0.000573246949475
6 0.00119134181306
7 0.00122850751431
8 0.00298424292106
9 0.00116088714333
10 0.00224135919158
11 0.00316282690009
12 0.000146235680992
13 0.000407134030477
14 0.0409776908406
15 0.000293609047105
16 0.296151276903
17 0.00374814259053
18 0.000558352778899
19 0.00326848162728
20 0.000366994025337
21 0.000366994025337
22 0.0154746055502
23 0.000941417631447
24 0.00389184377956
25 0.000524963437051
26 0.0154746055502
27 0.000402337472608
28 0.0028488376505
29 0.185729421355
30 0.000576737988393
31 0.00106719016077
32 0.0361907008488
33 0.14198481121
34 0.000507835746876
35 0.000563905848609
36 0.000226615793733
37 0.00149456656948
38 0.000345542402269
39 0.000386596539414
40 0.000687995836943
41 0.000319790585774
42 0.00154404251036
43 0.0183938187686
44 0.000269882376983
45 0.00829287268875
46 0.00308895158716
47 0.0862584647807
48 0.0031623429456
49 0.00168204338159
50 0.00505140052605
51 0.000748907530418
52 0.000660445749283
53 0.00267727018797
54 0.0010964838917
55 0.000946545404822
56 0.172075892723
57 0.00588222306238
58 0.000304507799737
59 0.00222181571156
60 0.00187440265362
61 0.000806058374548
62 0.000665320437879
63 0.00048516369423
64 0.00406142966534
65 0.00204330687218
66 0.000162946064853
67 0.00749383815543
68 0.000384600638365
69 0.00101294788429
70 0.00261953460006
71 0.000592051416227
72 0.0114170617634
73 0.0014076860479
74 0.000439262532345
75 0.000146824894659
76 0.000214681533363
77 0.00701246510844
78 0.0027285021812
79 0.00173802416677
80 0.000770787653905
81 0.0142695994503
82 0.0146081022578
83 0.0222412168739
84 0.00508888142657
85 0.00688169265121
86 0.000963139120095
87 0.000403794437885
88 0.00119592389273
89 0.000224801631088
90 0.000988539501535
91 0.000486737764303
92 0.00300387172182
93 0.000812453100581
94 0.00106328433629
95 0.000654661508176
96 0.00248307917722
97 0.000254470884455
98 0.133132560666
99 0.000205316355332
100 0.000315357649522
101 0.00117327433164
102 0.0254271667183
103 0.000332992107
104 0.00115780032233
105 0.000594708208548
106 0.000312175492649
107 0.000560672255542
108 0.000239985908217
109 0.29586093026
110 0.00341082372141
111 0.000752477585129
112 0.000750144687085
113 0.000199499311068
114 0.00094769113503
115 0.000528600417823
116 0.000250446076621
117 0.000345542402269
118 0.000486737764303
119 0.000488055348444
120 0.000367581215778
121 0.000229134239547
122 0.000752477585129
123 0.000530909554248
124 0.00089369774846
125 0.000650650553731
126 0.00356519127808
127 0.00563683052422
128 0.00164603526161
129 0.0017098399473
130 0.00298648295203
131 0.000232617215851
132 0.00233977089588
133 0.000770319914924
134 0.00148637619023
135 0.00187313048254
136 0.00263424376116
137 0.00484173748339
138 0.000217936404049
139 0.00330013580806
140 0.00223272197729
141 0.000944233111741
142 0.00122850751431
143 0.000199073685258
144 0.000843725020241
145 0.000531889543988
146 0.000237082694857
147 0.00197076507036
148 0.000850916022732
149 0.0126634441167
150 0.265824600235
151 0.0625710266992
152 0.000386152547342
153 0.000398431779751
154 0.00021080299472
155 0.206478090655
156 0.0570404756554
157 0.00157446872266
158 0.000268765142742
159 0.00233603324269
160 0.00148679053564
161 0.00569502415791
162 0.0111556026973
163 0.030564326571
164 0.00243100018293
165 0.00182628387757
166 0.000309780230215
167 0.000588085370801
168 0.0019899584121
169 0.000345542402269
170 0.00055940976452
171 0.00421991126739
172 0.00117104483222
173 0.00038751028357
174 0.000332992107
175 0.000176013244997
176 0.0020265537372
177 0.00599597457329
178 0.00137846742481
179 0.111650276706
180 0.000507265272071
181 0.00837214616168
182 0.00315912205028
183 0.000276497847091
184 0.000249078546737
185 0.000260222818684
186 0.000555502972935
187 0.00103452634946
188 0.000538652654339
189 0.00051819974171
190 0.00105442011066
191 0.000393277112117
192 0.000538922124785
193 0.000249471578268
194 0.0032448754883
195 0.000663117758662
196 0.00298438683709
197 0.00055940976452
198 0.000172279084041
199 0.000210031473834
200 0.000663117758662
201 0.000285456546489
202 0.00484103752144
203 0.00178433412604
204 0.00165081172358
205 0.00161681066183
206 0.0584963198294
207 0.000634364785442
208 0.000740432227313
209 0.00342392392381
210 0.000915895770073
211 0.0046331473766
212 0.000927147327916
213 0.00429181658889
214 0.00109567609213
215 0.00194488952606
216 0.00153425790783
217 0.000237142214
218 0.000593781871775
219 0.000266555601833
220 0.00132716049383
221 0.00254754251709
222 0.000386596539414
223 0.000122321561299
224 0.000663117758662
225 0.000282655916395
226 0.000589480083172
227 0.000158470659096
228 0.000486378370503
229 0.00021746055342
230 0.10441409274
231 0.00413711705197
232 0.00353670036661
233 0.0936352967724
234 0.0045480634404
235 0.000943626376036
236 0.000166762098883
237 0.013754710289
238 0.000958433778947
239 0.0115566566356
240 0.00616341034054
241 0.00293895087448
242 0.00792867199473
243 0.00369555815663
244 0.010908274371
245 0.00608122036693
246 0.00121976682691
247 0.00104432246357
248 0.000514427293818
249 0.00257432975382
250 0.00411304382169
251 0.00379520176078
252 0.00187622503833
253 0.000229134239547
254 0.00249804232942
255 0.000445797503961
256 0.000198723049157
257 0.000526049995792
258 0.000249964848693
259 0.0253841288565
260 0.00372768181158
261 0.000164629272242
262 0.0218177859389
263 0.000474237880756
264 0.014223755208
265 0.00442609193646
266 0.000681262620895
267 0.000315712532878
268 0.00115238912728
269 0.0229355355399
270 0.0128880388985
271 0.000526182017527
272 0.00164658867581
273 0.00196994460197
274 0.00556723557472
275 0.0074849689019
276 0.000897007483368
277 0.000782934064787
278 0.00210707468206
279 0.000450776809708
280 0.000751874420951
281 0.00123669415331
282 0.000432188289371
283 0.00133691796198
284 0.0133025555753
285 0.00590229477356
286 0.0124435428816
287 0.0100573674374
288 0.00048893041704
289 0.00330048570751
290 0.00055608805379
291 0.00137211542921
292 0.0107181907332
293 0.00138338512651
294 0.00352387065031
295 0.00331422388514
296 0.00281053836244
297 0.00115126216887
298 0.00120768573009
299 0.107560192394
300 0.00503043106484
301 0.0105613352618
302 0.024112403293
303 0.000722842780022
304 0.000946846368217
305 0.000319790585774
306 0.000538922124785
307 0.000952456387783
308 0.000386596539414
309 0.000685093424658
310 0.000806058374548
311 0.000235326777889
312 0.00407153415128
313 0.00237009162888
314 0.00425440257901
315 0.0539693766242
316 0.108153524256
317 0.000445294107137
318 0.0171923032434
319 0.00070473187495
320 0.0245625726399
321 0.000286496306031
322 0.00134489148689
323 0.00168134311374
324 0.000859610680497
325 0.0031024521495
326 0.00186380484776
327 0.00630550834681
328 0.00312024206539
329 0.0876150410601
330 0.000509819480262
331 0.00385920741825
332 0.000927147327916
333 0.000762312576445
334 0.00180902888867
335 0.000319790585774
336 0.00195222139378
337 0.000429719836418
338 0.000580300035941
339 0.000812453100581
340 0.000583444187729
341 0.00832690658349
342 0.00331286615482
343 0.0169255656823
344 0.00694839057755
345 0.000365984975913
346 0.000510170780236
347 0.0108920332068
348 0.00126028780331
349 0.000814928910899
350 0.000524963437051
351 0.000226554887789
352 0.00186458110967
353 0.00116148604505
354 0.0066200146092
355 0.00192500140552
356 0.00384214727424
357 0.00479782525756
358 0.00201347797502
359 0.000530909554248
360 0.000420603232521
361 0.00119592389273
362 0.00298453075313
363 0.000396795673751
364 0.000628432039049
365 0.00120516771452
366 0.00252190604695
367 0.000669422881508
368 0.00438106184488
369 0.0123132756693
370 0.00158946572967
371 0.00168101641551
372 0.00422503500341
373 0.000867406310349
374 0.000366994025337
375 0.00281621191995
376 0.0195276478846
377 0.00710607429499
378 0.00106708029779
379 0.00253553054553
380 0.00683106766401
381 0.00099940368779
382 0.000386596539414
383 0.00593970130391
384 0.000386891257558
385 0.000802257711671
386 0.000146002077668
387 0.000841025101907
388 0.00195222139378
389 0.000471572801005
390 0.000127044811653
391 0.00316942660467
392 0.00586953171104
393 0.000239726137804
394 0.00224254692469
395 0.00282859149422
396 0.000226554887789
397 0.00106801360997
398 0.00622176261167
399 0.000558352778899
400 0.000806058374548
401 0.000473124988833
402 0.000749456267308
403 0.000460734449172
404 0.00220047316595
405 0.000245872453665
406 0.0183558792924
407 0.00097807064728
408 0.000321218986882
409 0.00110024285848
410 0.00112306551964
411 0.000944233111741
412 0.00143835846217
413 0.000663117758662
414 0.00113409540578
415 0.000622260834645
416 0.00379427542401
417 0.00315579692761
418 0.022438602504
419 0.00318595659572
420 0.00123550495431
421 0.00430797010825
422 0.00416949769175
423 0.00692135403833
424 0.000267690715715
425 0.00140570084448
426 0.0151757873854
427 0.000539516875684
428 0.211840540106
429 0.00145686026712
430 0.00412557761143
431 0.000198723049157
432 0.00788148793171
