1 0.000820917712667
2 0.010066445
3 0.000406418885468
4 0.000186692200715
5 0.000715387292386
6 0.00195964274137
7 0.00138216960908
8 0.000475894605716
9 0.000387500775002
10 0.000224859440891
11 0.00829542702247
12 0.000582970405679
13 0.00553301959824
14 0.00580604112516
15 0.00146674840296
16 0.00281652777844
17 0.000132978695254
18 0.000482169144334
19 0.00307469490655
20 0.000142358174279
21 0.00633688464609
22 0.000526049995792
23 0.00229679352092
24 0.000899538131256
25 0.0076929259757
26 0.00700548841403
27 0.00474411703457
28 0.00277921774791
29 0.00426728656407
30 0.00246904054628
31 0.000481089438153
32 0.00210996999973
33 0.00113110371411
34 0.00161246141034
35 0.000185779659859
36 0.00144730623819
37 0.000973451426112
38 0.0109042162876
39 0.0227328369714
40 0.00353859567025
41 0.00484370063888
42 0.0304953047172
43 0.000611473592657
44 0.000543635213077
45 0.00167362967216
46 0.00144730623819
47 0.00308182056839
48 0.00299874347398
49 0.000888753408186
50 0.00133848567869
51 0.00238783877578
52 0.00917255746179
53 0.00225878465908
54 0.008152380636
55 0.00168478871217
56 0.00277921774791
57 0.000212729005683
58 0.000338316920524
59 0.0012204191377
60 0.000194247835958
61 0.00054255114356
62 0.000526049995792
63 0.000186464829976
64 0.149550807032
65 0.00377912204617
66 0.00226688188767
67 0.012442092998
68 0.00105206863762
69 0.106349462184
70 0.000820717342222
71 0.000781219860345
72 0.00429053603097
73 0.00367240424071
74 0.00186724128068
75 0.000912735638374
76 0.00179789307692
77 0.00252157164066
78 0.00704864150992
79 0.00129475462877
80 0.0120096259116
81 0.00474411703457
82 0.000242536431736
83 0.00186052494545
84 0.000231757892669
85 0.000316217672931
86 0.000896113653439
87 0.00020913336465
88 0.00212084487535
89 0.0117256392753
90 0.000368492588225
91 0.00170618649245
92 0.00309178510584
93 0.000423377195211
94 0.000380280421825
95 0.00181936614182
96 0.00207165761899
97 0.00041717395019
98 0.00111745733628
99 0.00120284673728
100 0.000476656037085
101 0.00191154184956
102 0.00406022847867
103 0.0392573510009
104 0.00123385237872
105 0.00063358015295
106 0.000642781622453
107 0.00097486928402
108 0.000497357638339
109 0.00178741454692
110 0.000885185438153
111 0.00161206783909
112 0.000542683086931
113 0.00170266590093
114 0.00206905365547
115 0.00117327433164
116 0.000279656659151
117 0.000212729005683
118 0.00100426502678
119 0.00117374254877
120 0.00306117307175
121 0.00154194183874
122 0.0816033164085
123 0.000643212972774
124 0.00145755372092
125 0.00627223857031
126 0.000896113653439
127 0.000557662473989
128 0.00175740355828
129 0.000851088421257
130 0.00280136019223
131 0.00683736112243
132 0.000878391358465
133 0.00145422336162
134 0.00562585733882
135 0.000509096951609
136 0.000376226218787
137 0.0046253703786
138 0.000483458375007
139 0.00160261544705
140 0.00248387530234
141 0.00210893561554
142 0.000777593312698
143 0.00059025387484
144 0.0124601037608
145 0.00961174349837
146 0.0024630346876
147 0.000922929017786
148 0.0117804273578
149 0.00923601497652
150 0.00124094304237
151 0.0064226979665
152 0.014307311286
153 0.0734209692317
154 0.00178741454692
155 0.00113527509614
156 0.00421488681434
157 0.0110392850487
158 0.00586396683169
159 0.000247221233337
160 0.015653671759
161 0.00257832425032
162 0.00023757808529
163 0.000430663800054
164 0.00128313655603
165 0.000390015600624
166 0.000944964570716
167 0.00132154480883
168 0.000441317155464
169 0.000186373749257
170 0.0241374393023
171 0.000865680460335
172 0.0081196528779
173 0.00423420384913
174 0.000987935453254
175 0.00261117754387
176 0.00210893561554
177 0.000117676917934
178 0.000242536431736
179 0.00292408114822
180 0.00506082634243
181 0.0021875709945
182 0.00242058270776
183 0.000911445701344
184 0.00095817662537
185 0.000554948394078
186 0.00283714562897
187 0.0060097430379
188 0.00901853441448
189 0.00121923570103
190 0.00045115636791
191 0.0010427304488
192 0.00214091901691
193 0.000964801854564
194 0.0019557468493
195 0.0012204191377
196 0.000274906708905
197 0.0012204191377
198 0.000368047758578
199 0.000245982031111
200 0.0038127122943
201 0.00664726841842
202 0.00334748199469
203 0.00232482136084
204 0.000408580055051
205 0.107834788085
206 0.00120681015839
207 0.00257768527773
208 0.000231757892669
209 0.00217083513174
210 0.000278539548922
211 0.00314680948423
212 0.00707851574998
213 0.000227659610831
214 0.00962564226278
215 0.785598101972
216 0.000942961554712
217 0.00104432246357
218 0.00507310406942
219 0.00281621191995
220 0.000974562665979
221 0.00132494383544
222 0.00044072066423
223 0.000365871720106
224 0.000440612175983
225 0.000627127316629
226 0.0659676253182
227 0.00049228041739
228 0.00674607792972
229 0.00604313363927
230 0.0316857872696
231 0.00106386391649
232 0.0016955017301
233 0.00111006307765
234 0.0020097901256
235 0.000621190968747
236 0.00065431268095
237 0.00060621383812
238 0.00715337393153
239 0.000628039029065
240 0.000454875537851
241 0.00335335248987
242 0.000224859440891
243 0.0191201310493
244 0.00407486271712
245 0.00372938639939
246 0.000409775606878
247 0.000902755432346
248 0.000671158957287
249 0.000471239694135
250 0.00161206783909
251 7.82281088874e-05
252 0.000565815167649
253 0.00163991530633
254 0.00571824059057
255 0.00827675117601
256 0.00295742022292
257 0.00473605908777
258 0.00400512695313
259 0.00111006307765
260 0.000262931416482
261 0.0345928549771
262 0.16096116723
263 0.0246531634696
264 0.00400070252336
265 0.000968320471161
266 0.0017098399473
267 0.0041004291385
268 0.00168478871217
269 0.0227689998621
270 0.000833596704212
271 0.0011741796359
272 0.0010427304488
273 0.00137174211248
274 0.00100426502678
275 0.000338316920524
276 0.00620978774325
277 0.000715387292386
278 0.00317397341797
279 0.000715685246277
280 0.00406782813566
281 0.000611473592657
282 0.00233897614123
283 0.000356451522315
284 0.000139624144757
285 0.00278614862144
286 0.000430532601384
287 0.000750273766278
288 0.000376745688824
289 0.000524892171065
290 0.000488838938991
291 0.00288989294456
292 0.0123055796602
293 0.00135149796989
294 0.000746060730265
295 0.000242405561543
296 0.000648067325892
297 0.000813146239226
298 0.000510068339712
299 0.000426883409603
300 0.00393571249778
301 0.000715387292386
302 0.000360245438023
303 0.003954925543
304 0.00279762311318
305 0.000270961404935
306 0.000446626402936
307 0.0253435565374
308 0.00531097550144
309 0.266731293129
310 0.00119576509643
311 0.00690654907112
312 0.00128588384697
313 0.000932784636488
314 7.51402542638e-05
315 0.00246146317085
316 0.000829819302613
317 0.000589927591285
318 0.0858348286771
319 0.00197954761038
320 0.525119101136
321 0.00440995047352
322 0.0046286981998
323 0.0152358902993
324 0.00990567261343
325 0.00162712323663
326 0.000149937526031
327 0.00882549380811
328 0.00808988448428
329 0.00149212146053
330 0.00133006516934
331 0.00330057469968
332 0.000849710698422
333 0.000440612175983
334 0.00111817188811
335 0.000365871720106
336 0.000944949933208
337 0.0820835291219
338 0.0322481337715
339 0.000479035090338
340 0.00376780799197
341 0.000830353137269
342 0.0012704914695
343 0.0654557259963
344 0.000326486494435
345 0.000459418542957
346 0.00173888888889
347 0.00110960093648
348 0.00111454334345
349 0.00199516540096
350 0.00531603596505
351 0.000581004674025
352 0.00380523399847
353 0.000978073668331
354 0.000587980179894
355 0.00273399119997
356 0.0013116930962
357 0.000715387292386
358 0.00163450751016
359 0.000465278672147
360 0.000525920237345
361 0.000194269038583
362 0.000381469726563
363 0.000274906708905
364 0.000383546080801
365 0.000167844088577
366 0.000233086649962
367 0.00864089415857
368 0.00488338238691
369 0.000420079815165
370 0.00396645051422
371 0.00486979112135
372 0.00185725369343
373 0.000870733673744
374 0.000341643139867
375 0.000357470771868
376 0.00206995428168
377 0.00194686631421
378 0.000253377437714
379 0.00177514049191
380 0.00547384587321
381 0.195842751919
382 0.000913653408118
383 0.000788549482697
384 0.000796202941641
385 0.000259099870855
386 0.00143903904171
387 0.000944964570716
388 0.000885185438153
389 0.000587980179894
390 0.000715387292386
391 7.33296457273e-05
392 0.000210039907582
393 0.000226417629669
394 0.000949019472805
395 0.000468706524278
396 0.00644389883261
397 0.00217363554804
398 0.00105721533349
399 0.0360946966358
400 0.00331726116489
401 0.00662052771476
402 0.00141147283673
403 0.00773200285562
404 0.00713030359549
405 0.00467052139881
406 0.0111005165813
407 0.00147532099476
408 0.00483067252132
409 0.00041717395019
410 0.173212711986
411 0.000356695286965
412 0.00110960093648
413 0.000203717688664
414 0.000565815167649
415 0.0012204191377
416 0.00440808922333
417 0.00117327433164
418 0.00106332703214
419 0.00766995375564
420 0.000623091118447
421 0.00033632906685
422 0.000635321698464
423 0.00193459938643
424 0.00396940280664
425 0.00319504998566
426 0.00088805972718
427 0.000233086649962
428 0.000512792743121
429 0.00134406135637
430 0.0171160795112
431 0.162711473069
432 0.000552757544225
