1 0.000494706247388
2 0.0341139394652
3 0.00165630070308
4 0.00103316326531
5 0.00242366863905
6 0.000253710739632
7 0.000488385580416
8 0.000490277777778
9 0.000256644942481
10 0.00138416945564
11 0.000226024568538
12 0.00105948484185
13 0.00731316305451
14 0.0127970781671
15 0.123162137395
16 0.000479234206741
17 0.00105651322577
18 0.00055674789743
19 0.000421986794852
20 0.0549304834193
21 0.00233532445844
22 0.000692071013806
23 0.0004860197394
24 0.000760998810939
25 0.00147465630251
26 0.00273913255677
27 0.00521733753469
28 0.00137195118764
29 0.00213937572231
30 0.0125886858371
31 0.000511798469388
32 0.00114424937822
33 0.00179745213779
34 0.000266049552294
35 0.000488762421141
36 0.000177777777778
37 0.000545155222525
38 0.000383865134973
39 0.000548040909003
40 0.0059510166056
41 0.00614184215957
42 0.19229919628
43 0.00134406135637
44 0.000946825521265
45 0.00164001391282
46 0.000284716348557
47 0.00125893933443
48 0.00233716833545
49 0.000540504019999
50 0.000104375065964
51 0.00235717570791
52 0.00914271202044
53 0.00479911959824
54 0.00325376650753
55 0.000188888888889
56 0.00237642900984
57 0.00232159464319
58 0.000108386364614
59 0.000204878826531
60 0.000680046484477
61 0.000766863905325
62 0.00162245482885
63 0.00120982986767
64 0.00284513888889
65 0.00291921752365
66 0.00397603732837
67 0.00128314054582
68 0.00363627181132
69 0.00679341963513
70 0.0118761481374
71 0.00033009819497
72 0.000545155222525
73 0.000502768430985
74 0.000464476813317
75 0.000804856493561
76 0.00013520822066
77 0.000951347560791
78 0.00074344051045
79 0.00157862331073
80 0.369620015201
81 0.00100603543636
82 0.00209542738774
83 0.000426883409603
84 0.000224859440891
85 0.0009765625
86 9.64712257611e-05
87 0.000499137091796
88 0.000255318696243
89 0.000536830432874
90 0.000482609085097
91 0.0013135263121
92 0.0402472339923
93 0.0285050858881
94 0.000483166134297
95 0.00198537124848
96 0.00260310590251
97 0.000561270008343
98 0.000169718845119
99 0.00864215693834
100 0.0054034736381
101 0.000853277835588
102 0.000993740051098
103 0.000527830935998
104 0.00398767625656
105 0.000697337926318
106 0.0866282054671
107 0.00407937593447
108 0.000501989454667
109 0.000205916065073
110 0.000542850914031
111 0.00101590892429
112 0.00158212105026
113 0.00196282647012
114 0.000123128229284
115 0.000488762421141
116 0.000510939834995
117 0.00025170286575
118 0.000766701777905
119 0.000728498737343
120 0.00125248501633
121 0.00390239438086
122 0.00045411575225
123 0.00210396622193
124 0.00206228779093
125 0.00311467723475
126 0.000331206605367
127 0.00325477134281
128 0.000738369138421
129 0.00135180081592
130 0.000244276940257
131 0.000760998810939
132 0.00106613273561
133 0.0843185363911
134 0.00107714096909
135 0.00508954699014
136 0.00105348024725
137 0.00107694059127
138 0.000681780315169
139 0.000205916065073
140 0.000492076001729
141 0.000223182955099
142 0.000521301775148
143 0.00154956906379
144 0.00102036879719
145 0.00163991530633
146 0.000369822485207
147 0.000482609085097
148 0.00123909066612
149 0.0023625186876
150 0.300323894868
151 0.00027427259067
152 0.0123203155285
153 0.000698635719692
154 0.000273205382146
155 0.00160523731237
156 0.000774949926529
157 0.00148161495413
158 0.000232334862871
159 0.0282218124081
160 0.00585938781982
161 0.26616799079
162 0.00186634585389
163 0.000604058190296
164 0.0016265568208
165 0.000374635749271
166 0.000609061470382
167 0.000699982673696
168 0.000383865134973
169 0.000187331557098
170 0.000241554905128
171 0.000488385580416
172 0.000590268038355
173 0.00197005166855
174 0.0536456636249
175 0.0345468745944
176 0.000476091293237
177 0.000618796564441
178 0.000742839522944
179 0.00126995237423
180 0.00101309299144
181 0.00499005346659
182 0.00103501067355
183 0.000319790585774
184 0.000618796564441
185 0.0019140625
186 0.00126294986498
187 0.000583444187729
188 0.00122226109305
189 0.00118906064209
190 0.0721211117938
191 0.00963673400991
192 0.0280520912148
193 0.00148161495413
194 0.000274906708905
195 0.00103316326531
196 0.000577847633136
197 0.00143017751479
198 9.81510414171e-05
199 0.000219885745305
200 9.85344439226e-05
201 0.000195126693939
202 0.000590268038355
203 0.000684080663889
204 0.00058859181651
205 0.00022236101619
206 0.00622329914662
207 0.00100151037339
208 0.156393636948
209 0.00588994403964
210 0.00281728308379
211 0.00560636964895
212 0.000832005913794
213 0.000214151475952
214 0.000424588727196
215 0.00053385768123
216 0.000494963877675
217 0.000150320752778
218 0.0375521156842
219 0.0133999978543
220 0.00211328577447
221 0.000838808348473
222 0.00495561643815
223 0.0010405818684
224 0.000472010638291
225 0.00681845468903
226 0.000224859440891
227 0.000421986794852
228 0.00048516369423
229 0.000379289940828
230 0.00968751937504
231 0.00013520822066
232 0.000369822485207
233 0.000248000496001
234 0.000248969247938
235 0.0712173879341
236 0.00124494921484
237 0.00186709343088
238 0.00070955586289
239 0.00146595146111
240 0.00112986371019
241 0.0351929454849
242 0.00261182924912
243 0.00060846312629
244 0.00192156126853
245 0.00112986371019
246 0.00230515243214
247 0.000885638656497
248 0.00108607920105
249 0.00181941992166
250 0.00183139146851
251 0.00139075425048
252 0.000223178519926
253 0.00170934415142
254 0.00527740352712
255 0.000264469278939
256 0.00103316326531
257 0.000613204392489
258 0.00191748505184
259 0.000248000496001
260 0.000541840489096
261 0.0229264722006
262 0.00453573525716
263 0.00135783936137
264 0.0026638917794
265 0.046230618538
266 0.00653299634479
267 0.000470950279707
268 0.51591280065
269 0.000712749257574
270 0.00509580500158
271 0.000948366007811
272 0.000221442743764
273 0.00173385275543
274 0.00411969527438
275 0.00110782199756
276 0.0328263495635
277 0.016788880151
278 0.00464806818384
279 0.00117775247387
280 0.000492076001729
281 0.000820071142812
282 0.0002044465528
283 0.00257514792899
284 0.00053385768123
285 0.000223182955099
286 0.000482609085097
287 0.00213899673354
288 0.00284189534304
289 0.000980092615764
290 0.00119822485207
291 0.0399720566819
292 0.000499137091796
293 0.00051100127551
294 0.00141265681197
295 0.000975029726516
296 0.00048516369423
297 0.000715582579983
298 0.00187701157243
299 0.00578937565102
300 0.0251484329957
301 0.000998087380243
302 0.0114672406477
303 0.00521295278233
304 0.047733936651
305 0.102539832176
306 0.0193622297163
307 0.00716968713636
308 0.000511757338731
309 0.000396190244733
310 0.000806933163436
311 0.000273205382146
312 0.000531245102687
313 0.000254207231362
314 0.000172952049213
315 0.00305980133702
316 0.00109023615413
317 0.00060309324111
318 0.00178433412604
319 0.00275873216934
320 0.00104783403753
321 0.000960636872165
322 0.000774949926529
323 0.00814854226096
324 0.0032097408084
325 0.000473412760633
326 0.000193821302479
327 0.00143752386514
328 0.00097076823656
329 0.00093432320319
330 0.00259828916663
331 0.00963673400991
332 0.00103840994413
333 0.000212729005683
334 0.000203189932536
335 0.000467696746926
336 0.000467696746926
337 0.0010085881632
338 0.000253710739632
339 0.00112356043819
340 0.00441667042406
341 0.00189035916824
342 0.000584377698429
343 7.4900930007e-05
344 0.000253263603742
345 0.000931177336052
346 0.0019771015247
347 0.0212624737435
348 0.00456119088579
349 0.000347554136423
350 0.000406477627471
351 0.00257832425032
352 0.00140984424774
353 0.00400079598274
354 0.00127470230137
355 0.000937109537693
356 0.000542850914031
357 0.00183215423047
358 0.000926834366661
359 0.000911111111111
360 0.000590268038355
361 0.00389171597633
362 0.000176046196593
363 0.000383865134973
364 0.000409112807784
365 0.000369822485207
366 0.000799817385445
367 0.0527833578976
368 0.000929191452873
369 0.0857533440583
370 0.0013135263121
371 0.000152950087848
372 0.000172562088648
373 0.000709008788208
374 0.000776596763382
375 0.0013891282837
376 0.000707242819518
377 0.00181866246125
378 0.000497583884803
379 0.00076217319182
380 0.13086499869
381 0.0428443545136
382 0.00363170793124
383 0.011422916762
384 0.00337636268916
385 0.0113014028837
386 0.000568985059677
387 0.00179938707077
388 0.000309958341599
389 0.00562666457053
390 0.00288435264792
391 0.000482609085097
392 0.000969815974426
393 0.000137372026967
394 0.00469607565255
395 0.0211156897259
396 0.00595495691899
397 0.00759809813038
398 0.00033009819497
399 0.00142830290762
400 0.00105968365954
401 0.00501127216204
402 0.00339779429997
403 0.0137591591934
404 0.000545809550295
405 0.00102312551511
406 0.0121022643379
407 0.00128412663053
408 0.000577847633136
409 0.0008588096061
410 0.000618796564441
411 0.000409112807784
412 0.000151479289941
413 0.000910824033846
414 0.000151479289941
415 0.000426883409603
416 0.000527728378797
417 0.00167248021658
418 0.00807089354479
419 0.0448015519245
420 0.0295921910431
421 0.000918680003626
422 0.000765685474604
423 0.000965878259759
424 0.00505172483194
425 0.000775075809416
426 0.00140338448877
427 0.00077621599379
428 0.00149527103943
429 0.00100681169827
430 0.000554154652594
431 0.000517314778115
432 0.197720357266
