1 0.000634983019393
2 0.00064072265625
3 0.00142978515625
4 7.80228840315e-05
5 0.000413786437206
6 0.00342862213085
7 0.000645249541728
8 0.00162235501856
9 0.000725127496888
10 0.00104245007943
11 0.00210893561554
12 0.000821182502804
13 0.00104245007943
14 0.000882947205612
15 0.00804593469286
16 0.00248880459839
17 0.0419914236202
18 0.00267017073176
19 0.00206148575278
20 0.000198721732531
21 0.00340856926992
22 0.00137157828678
23 0.00604716133253
24 0.00129051607743
25 0.00330013580806
26 0.000528471396486
27 0.0004247411434
28 0.00430166041076
29 0.0103389591131
30 0.00503797595694
31 0.000572151398938
32 0.000811793983336
33 0.00256369171607
34 0.000599554315304
35 0.00382286612344
36 0.00162631137891
37 0.000338394542448
38 0.000383522727273
39 0.00360533926512
40 0.000870733673744
41 0.0717811748344
42 0.00378842120823
43 0.00359921553063
44 0.00297746183727
45 0.00334265637301
46 0.0022684980386
47 0.00445979220712
48 0.000393925380784
49 0.00210451064419
50 0.000794874904427
51 0.0168380287327
52 0.00760145083925
53 0.00504204042365
54 0.00023944120409
55 0.000549647058824
56 0.00176321626126
57 0.000492076001729
58 0.000524771923107
59 0.00319999405506
60 0.000772275170543
61 0.00183139146851
62 0.000359925219
63 0.0118619462696
64 0.0233228844733
65 0.00132025856952
66 0.0137832242713
67 0.00113075686831
68 0.0521703626603
69 0.00111122222222
70 0.00317344444444
71 0.000910172516359
72 0.00668200631603
73 0.00127179963091
74 0.000632002746481
75 0.253370506957
76 0.0092222108227
77 0.0066205829953
78 0.00413690102497
79 0.00110103597354
80 0.00234439688169
81 0.000895237733046
82 0.000270903870236
83 0.00317397341797
84 0.00151280343695
85 0.000404517914966
86 0.00121217109571
87 0.205323801222
88 0.00205941333753
89 0.00114048766408
90 0.00857690854649
91 0.00214914370006
92 0.00015288691419
93 0.000782434348868
94 0.000378506866115
95 0.0057132116305
96 0.00025396422279
97 0.00385446619338
98 0.00199389375194
99 0.0250416491329
100 0.0703001387581
101 0.0126519640922
102 0.000991683242907
103 0.000535285915372
104 0.00103921398892
105 0.0010130755237
106 0.00171312237114
107 0.000365514290734
108 0.00104245007943
109 6.27811804027e-05
110 0.00061026574388
111 0.000265587651736
112 0.000267169311676
113 0.00100073819886
114 0.0293472744725
115 0.00165975371709
116 0.00400958501199
117 0.00212728546268
118 0.000255264733179
119 0.00391103633419
120 0.000432528338539
121 0.00198069462078
122 0.00108344791702
123 0.00515919722348
124 0.00655006827579
125 0.0044738534259
126 0.00805964651722
127 0.00227652615282
128 0.00114048766408
129 0.000589122443209
130 0.0014428219458
131 0.00084833631822
132 0.00110076723154
133 0.000148804313574
134 0.0021856389967
135 0.000352589503851
136 0.000530909554248
137 0.000593701325949
138 0.000218668106232
139 0.000775291870427
140 0.00316238365267
141 0.000528879167625
142 0.00380158968819
143 0.00311586390528
144 0.328990497181
145 0.0032077688151
146 0.000501997024043
147 0.000576176253721
148 0.000492076001729
149 0.00118000116543
150 0.000164365548981
151 0.00222413459303
152 0.000215371272785
153 0.0206412827245
154 0.0336624526771
155 0.000346791781451
156 0.00186549372789
157 0.00115561476298
158 0.00988812909997
159 0.00110076723154
160 0.00160706877258
161 0.00106949386255
162 0.00211289419865
163 0.00106949386255
164 0.0130772076697
165 0.00586322885985
166 0.0441253224414
167 0.000935156308012
168 0.0101071611576
169 0.0145271875951
170 0.051111041399
171 0.000409112807784
172 0.00136604974524
173 0.0260568888889
174 0.00562677777778
175 0.00166441456502
176 0.00030784022468
177 0.000288710234009
178 0.00208715402736
179 0.000814166630584
180 0.00154676218305
181 0.000967243328685
182 0.000569059204009
183 0.00153664
184 0.000557298786159
185 0.000195267062032
186 0.000174274853228
187 0.000765685474604
188 0.000725127496888
189 0.000235525453518
190 0.00176321626126
191 0.000524771923107
192 0.00111477814199
193 0.00157484961235
194 0.00233474006179
195 0.0889533260605
196 0.00675089266342
197 0.0256386154701
198 0.0195332360852
199 0.00312449129376
200 0.0379804992036
201 0.000431148662818
202 0.0138861730254
203 0.00482552341098
204 0.00233244444444
205 0.000314873497309
206 0.00189035916824
207 0.000198723049157
208 0.0210521777178
209 0.000322120579201
210 0.0005789604834
211 0.0365312497077
212 7.95614494328e-05
213 0.000535285915372
214 0.000451450315998
215 0.00021507526374
216 0.00268741999887
217 0.000524771923107
218 0.00319999405506
219 0.000504673147373
220 0.000476726225663
221 0.00178498436325
222 0.000211143239729
223 0.00974272897542
224 0.000884406019416
225 0.00575253383543
226 0.000658812913998
227 0.0272777620464
228 0.00554149706666
229 0.00316271227799
230 0.000845837725249
231 0.0516912726101
232 0.00150815345461
233 0.000406725104175
234 0.000346935261708
235 0.000569149714042
236 0.000932748280245
237 0.0233184365826
238 0.00171904370551
239 0.0028375750808
240 0.00218458873025
241 0.00064072265625
242 0.00194305924665
243 0.000240519306196
244 0.000535285915372
245 0.000597657686306
246 0.000645249541728
247 0.000473412760633
248 0.00021042093228
249 0.00106949386255
250 0.001217696697
251 0.000997229916898
252 0.00120284673728
253 0.00567987494485
254 0.144079990389
255 0.00552368779549
256 0.00112152821673
257 0.00141476455832
258 0.000710332785382
259 0.000288123954055
260 0.000147500145679
261 0.00180582069764
262 0.0745357044223
263 0.000541989323553
264 0.000247654565585
265 0.137282273374
266 0.00473659057495
267 0.000431860712772
268 0.000261600263929
269 0.0118668129409
270 0.0015642578125
271 0.00100150645487
272 0.000988539501535
273 0.00162235501856
274 0.000524771923107
275 0.000448865268601
276 0.00048516369423
277 0.000978959132544
278 0.00267397465409
279 0.00487656440186
280 0.0048843669049
281 0.00164268786416
282 0.0739403551856
283 0.000905171422962
284 0.0144827427674
285 0.000498658438802
286 0.00111245303027
287 0.00111245303027
288 0.00164372236649
289 0.0136474280085
290 0.000505235128547
291 0.000658812913998
292 0.000550883701938
293 0.000288098791155
294 0.000581195849983
295 0.000269849769574
296 0.00745747417196
297 0.00124419511512
298 0.000198723049157
299 0.00162235501856
300 0.000172279084041
301 0.0192205582784
302 0.0201586549394
303 0.00937024
304 0.0259653636187
305 0.00170929898711
306 0.0123028656351
307 0.00169620789492
308 0.000401283078567
309 0.00112792851536
310 0.000301125438711
311 0.00053385768123
312 0.109915740654
313 0.00169909791493
314 0.0201485192822
315 0.000451674532626
316 0.000426178690929
317 0.00310255786808
318 0.0198498633236
319 0.00169254739938
320 0.000615118732678
321 0.00160642154391
322 0.000338394542448
323 0.00201717073531
324 0.000725127496888
325 0.000882947205612
326 0.000463677025582
327 0.000754401355346
328 0.00136741136962
329 0.00116398431468
330 0.000940957525804
331 0.00317767993873
332 0.000936808000008
333 0.00202998199356
334 0.000200173654649
335 0.00018261504748
336 0.0047127262281
337 0.00566237531249
338 0.00283976800554
339 0.00453897798126
340 0.000848990898713
341 0.000942087534449
342 0.000877147896468
343 0.00427992441694
344 0.00351235645635
345 0.000344496097337
346 0.000669362696525
347 0.00171713370492
348 0.000251632997501
349 0.000251952632905
350 0.000175560061657
351 0.000666499370976
352 0.00509305439655
353 0.00143399774573
354 0.00102115611879
355 0.000615118732678
356 0.00323746643058
357 0.0130350302799
358 0.000459388734837
359 0.00929260823649
360 0.000841950075493
361 0.000177777777778
362 0.00557351612344
363 0.000935156308012
364 0.000766863993865
365 0.000365312497078
366 0.0004
367 0.00123909066612
368 0.0018494985964
369 0.0013015666418
370 0.00159472805104
371 0.00415399574155
372 0.00251219722881
373 0.00238086901719
374 0.00301754531074
375 0.00021746055342
376 0.0053840481248
377 0.00104393048045
378 0.00101282825118
379 0.000448865268601
380 0.00382286612344
381 0.000239449322461
382 0.000893158622793
383 0.000338394542448
384 0.000571237419067
385 0.00347908822555
386 0.00432520087655
387 0.00410023530762
388 0.00356406900654
389 0.000560941828255
390 0.00458920094642
391 0.00620832724617
392 0.0117421928813
393 0.00192768098458
394 0.00146066548831
395 0.00115024758378
396 0.0142602601325
397 0.000309109866219
398 0.000433993172827
399 0.000782948375617
400 0.00033593192353
401 0.00730658452328
402 0.00185333093332
403 0.00893884910089
404 0.015930579525
405 0.00651153101212
406 0.00715253659589
407 0.00542566785541
408 0.00277075939231
409 0.00359322868575
410 0.00136611445847
411 0.000645249541728
412 0.00143399774573
413 0.00247272522261
414 0.000325246688302
415 0.00113835091951
416 0.000417109525517
417 0.00386087284381
418 0.00566237531249
419 0.00119678597516
420 0.00455451801061
421 0.00538471996767
422 0.0252318462522
423 0.00099378806712
424 0.000866467120715
425 0.000480917205294
426 0.0124079798258
427 0.00248253861307
428 0.000274029889473
429 0.00188523277286
430 0.00075751199394
431 0.00565761313469
432 0.0518429585789
