1 0.000818898982356
2 0.00294097329328
3 0.000945129266117
4 0.00129713474462
5 0.00175096864811
6 0.00227773078846
7 0.000698801041278
8 0.000752333713657
9 0.00210498814684
10 0.000327923274051
11 0.000509096951609
12 0.000345037515428
13 0.00147618488062
14 0.0336487481479
15 0.000562849808526
16 0.276693043509
17 0.00172710406477
18 0.000235778677503
19 0.0105448909777
20 0.0010131640974
21 0.000641235018264
22 0.0123706008915
23 0.00111414072419
24 0.00667835998785
25 0.000168499729548
26 0.0449889878174
27 0.00132273967564
28 0.00207542251819
29 0.158097364172
30 0.000702474145361
31 0.000477560027385
32 0.0265829264943
33 0.0658262316853
34 0.000333042320315
35 0.000711758643852
36 0.000528957682539
37 0.00170479265335
38 0.000278997976077
39 0.000491203913284
40 0.000509096951609
41 0.00105566343886
42 0.00123596191406
43 0.0110269728906
44 0.000484231908407
45 0.0106225257009
46 0.0021288126726
47 0.0988745626963
48 0.00101239669421
49 0.0013357200571
50 0.000317570474266
51 0.000938705296514
52 0.000409960003593
53 0.000455791505651
54 0.000296980628201
55 0.0021174428815
56 0.0907208240965
57 0.00640714647421
58 0.000719306592933
59 0.00027624097421
60 0.00210777781085
61 0.00208282598032
62 0.001908756716
63 0.000574123779748
64 0.000606403656975
65 0.00237591279194
66 8.31477905784e-05
67 0.00649639153515
68 0.00185654449216
69 0.00124201898742
70 0.00191990989883
71 0.000340525631327
72 0.00570382994448
73 0.000924933079823
74 0.00203204383324
75 0.00122665400443
76 0.00150327399019
77 0.0022159809889
78 0.000433501774584
79 0.000895889136484
80 0.00132129856096
81 0.00654846868218
82 0.00697879761112
83 0.0172371175533
84 0.00665906434562
85 0.00201760541705
86 0.000949530557357
87 0.00111730976637
88 0.000381019528352
89 0.000469060656641
90 0.000586841235503
91 0.000968887288602
92 0.00353219372269
93 0.000219885745305
94 0.000900573772574
95 0.00225803553664
96 0.00482891418062
97 0.000224438552932
98 0.113433334205
99 0.000222804809116
100 0.000985202480036
101 0.000488023636172
102 0.018115329481
103 0.00161417577443
104 0.00421250924556
105 0.00151402888
106 0.00100959032912
107 0.000890277578527
108 0.000719306592933
109 0.292743465921
110 0.0160959416742
111 0.000387198998899
112 0.00698571891195
113 0.000118792180505
114 0.0109973123411
115 0.00262144
116 0.00220479510639
117 0.000542707433878
118 0.000262788078865
119 9.85001999969e-05
120 0.000477560027385
121 0.000110171342967
122 0.000775787765522
123 0.000959826520244
124 0.000580013580806
125 0.00412320898251
126 0.00137147387905
127 0.000393675988914
128 0.00810162024303
129 0.00429390274628
130 0.00531294358643
131 0.000833981552674
132 0.00208602202904
133 0.000582514919561
134 0.000567974765563
135 0.00229100661846
136 0.0153278581936
137 0.0193947959886
138 0.00133516397048
139 0.00198909784021
140 0.00076542350531
141 0.000219967910564
142 0.00425942799556
143 0.000528957682539
144 0.000244816659122
145 0.000269134719896
146 0.000197753154817
147 0.0129601985287
148 0.0677803441164
149 0.00150694407777
150 0.000506249676518
151 0.00374843815077
152 0.0688925610123
153 0.000806058374548
154 0.0468016801734
155 0.00522062820249
156 0.0310940979857
157 0.0684396415325
158 0.00108622065528
159 0.000770415566675
160 0.00037212974131
161 0.000721244343904
162 0.00107287985572
163 0.00296767424318
164 0.00300411015626
165 0.00556149700298
166 0.00117775247387
167 0.000460256532154
168 0.000226129232857
169 0.00525604225343
170 0.000720688257286
171 0.00303352579238
172 0.000226981745702
173 0.000582514919561
174 0.0018345946012
175 0.000536830432874
176 0.000261573477285
177 0.000444391633222
178 0.0945250923169
179 0.0291497243354
180 0.18490762505
181 0.00208557387019
182 0.00217446403494
183 0.00105342942665
184 0.000167702835406
185 7.10894721693e-05
186 0.000205179335556
187 0.00801481779514
188 0.000603581241576
189 0.000850249760867
190 0.00089349676932
191 0.000148017774141
192 0.00049420819997
193 0.000377038363654
194 0.0056658651922
195 0.000697610951631
196 0.000511030070726
197 0.000478324123429
198 0.000208598219962
199 0.000554154652594
200 0.000703164911227
201 0.00133036464925
202 0.00280658720836
203 0.00379632128874
204 0.00119378296558
205 0.00316230685002
206 0.185801024727
207 0.000512713620693
208 0.00229825078203
209 0.000251952632905
210 0.000703583644595
211 0.000433856571253
212 0.000554431631375
213 0.00625901297869
214 0.000558126302805
215 0.00824363241414
216 0.00619105536253
217 0.000189032301722
218 0.000706223432515
219 0.000216661066768
220 0.00319890175054
221 0.00130220167722
222 0.000333266131521
223 0.000491203913284
224 0.00216127952068
225 0.00126795164173
226 0.000220744673998
227 0.00015317125772
228 0.000405038911538
229 0.000410421540291
230 0.0109946465995
231 0.0161312901636
232 0.00108942624708
233 0.0109804815181
234 0.00526795005203
235 0.00162730089003
236 0.000120185085031
237 0.0105464199024
238 0.000660271801015
239 0.00393441536885
240 0.0047460810089
241 0.00373577971356
242 0.0743825337547
243 0.000660265353506
244 0.00926102474181
245 0.00468535382536
246 0.00464409731315
247 0.000561973095428
248 0.003823203776
249 0.00126879890851
250 0.00105566343886
251 0.00753072687463
252 0.0012924104127
253 0.000347554136423
254 0.00021750739906
255 0.000364197890566
256 0.000202993987134
257 0.000707596253902
258 0.000528957682539
259 0.144099363896
260 0.0112997220565
261 0.000317063173189
262 0.00276821352088
263 0.00120706190517
264 0.0948378530557
265 0.00204283571132
266 0.000329618923607
267 0.00107037353322
268 0.000665469267116
269 0.0128202939485
270 0.0149769606435
271 0.00432521863223
272 0.000175721711722
273 0.0024657064735
274 0.0066845626483
275 0.0473552269267
276 0.000538826083321
277 0.000440612175983
278 0.000751753656823
279 0.000720688257286
280 0.000216661066768
281 0.00327114484479
282 0.000410421540291
283 0.000541840489096
284 0.0010477885831
285 0.00320892779578
286 0.248346553658
287 0.00213723100975
288 0.000393212854056
289 0.000104656562948
290 0.000702096496528
291 0.00050625
292 0.0234952969265
293 0.0423058353836
294 0.000350685238957
295 0.000876471606648
296 0.00328999357806
297 0.00143613448344
298 0.000775189625379
299 0.00165906006731
300 0.0577822534377
301 0.0149989967242
302 0.00563723450546
303 0.0512212774364
304 0.000327606560298
305 0.00513132076091
306 0.000291098582691
307 0.000427589877682
308 0.000251746350238
309 0.000356451522315
310 0.000208526111379
311 0.00290709021987
312 0.00114909508762
313 0.000948366007811
314 0.00899378920758
315 0.00777951813579
316 0.0173010671969
317 0.00126549509658
318 0.00936495039961
319 0.00112356043819
320 0.0348154255455
321 0.00105566343886
322 0.00157484961235
323 0.00026115562828
324 0.00333701908737
325 0.00111414072419
326 0.00162837183489
327 0.00448866749995
328 0.00928161459613
329 0.0501861101305
330 0.000676460958362
331 0.000589888673135
332 0.000145556590744
333 0.000248435012774
334 0.00151747271126
335 0.000691936044436
336 0.000240370170062
337 0.000365348908207
338 0.000226981745702
339 0.000415488472887
340 0.00151779011781
341 0.0014830834714
342 0.00067012069828
343 0.00152904716852
344 0.000578089604152
345 0.00997669761592
346 0.00169858897163
347 0.000687548875174
348 0.00877551872766
349 0.000477024849839
350 0.000504516119242
351 0.000701351982189
352 0.00114477924134
353 0.00354730562628
354 0.0346623208241
355 0.00214459237861
356 0.00102036879719
357 0.0053729900345
358 0.00575299134509
359 0.000233628604387
360 0.000576552547331
361 0.00117775247387
362 0.000511030070726
363 0.00036253552123
364 0.000698801041278
365 0.000429625697925
366 0.00115075616045
367 0.000934275127847
368 0.000842373438527
369 0.00527390277771
370 0.0014272899503
371 0.00138076307318
372 0.0108207335531
373 0.00124852451129
374 0.000611473592657
375 0.00162444814751
376 0.0192683910109
377 0.00314621689694
378 0.000939429606157
379 0.00068449161709
380 0.0062287755265
381 0.00308641975309
382 0.0002514379413
383 0.000729585643178
384 0.00103501067355
385 0.000697610951631
386 0.000440612175983
387 0.000489785564086
388 0.000189922109679
389 0.00054794568587
390 0.00120735736564
391 0.000470950279707
392 0.00503431681568
393 0.00138931934188
394 0.000901126055567
395 0.00302451682755
396 0.00185725369343
397 0.0009048660807
398 0.00116449827288
399 0.000745618749307
400 0.000410431247849
401 0.000255918001583
402 0.000427968465725
403 0.00137174211248
404 0.00421196552344
405 0.000216661066768
406 0.104956045878
407 0.00288275302914
408 0.00036253552123
409 0.00526726758944
410 0.00112412856496
411 0.000394928735899
412 0.00207807573101
413 0.00290924663313
414 0.000119808551685
415 0.000611473592657
416 0.00234903695355
417 0.00221783490385
418 0.00467463562311
419 0.000500926112196
420 0.00138918042384
421 0.00444971662007
422 0.00207790521181
423 0.00238581309098
424 0.000313925062823
425 0.000492076001729
426 0.00882574742974
427 0.000422681137465
428 0.0770628404661
429 0.00252151659998
430 0.00798128995773
431 0.00108329517887
432 0.00250875385595
