1 0.000508671195851
2 0.000813578655029
3 0.000931887074875
4 0.000369822485207
5 0.000437667407783
6 0.000511993729657
7 0.000602205577929
8 0.00217279560179
9 0.000380473372781
10 0.000284254625522
11 0.000387251818519
12 0.000212341697606
13 0.000555837535151
14 0.0134544140424
15 0.00213887390481
16 0.0114832574818
17 0.0027936351094
18 0.00234776223853
19 0.00246072939139
20 0.00078311874363
21 0.00228851486166
22 0.00251023540383
23 0.00600380857826
24 0.00873149060554
25 0.000515732776662
26 0.000552893844049
27 0.00348285566893
28 0.00805646604597
29 0.0017154387357
30 0.00297624091489
31 0.00186482404265
32 0.00134115796506
33 0.00165539829182
34 0.000247305613245
35 0.000483458375007
36 0.00451182385041
37 0.000455855060494
38 0.00181941992166
39 0.000404934071671
40 0.00699111134863
41 0.000828066402906
42 0.000202271604938
43 0.000963139120095
44 0.00398581121677
45 0.00188825424742
46 0.000562672591884
47 0.00348285566893
48 0.000452693526483
49 0.00061053495347
50 0.00448125128065
51 0.00486200726692
52 0.025964351218
53 0.000302779611181
54 0.000369822485207
55 0.000620029840796
56 0.000584020614648
57 0.000289681893071
58 0.000602205577929
59 0.000609640214694
60 0.000888118942152
61 0.0034922315752
62 0.000448865268601
63 0.00133216928126
64 0.088137776067
65 0.000360742848878
66 0.0171600892206
67 0.00108825120023
68 0.000517469351325
69 0.000704222426862
70 0.00259708811717
71 0.0015180875801
72 0.00813603190811
73 0.000224018845585
74 0.00119100394823
75 0.00113110371411
76 0.00186699503313
77 0.00101675687507
78 0.00170489073881
79 0.00165539829182
80 0.00348285566893
81 0.00227736224186
82 0.865359909225
83 0.0162071861853
84 0.000647051240898
85 0.00259196825639
86 0.000427155351937
87 0.000294663495996
88 0.000476367419738
89 0.000285364995153
90 0.00123806742885
91 0.00863501128086
92 0.00570357788358
93 0.00121128046704
94 0.000223600314438
95 0.00097076823656
96 0.00325367547765
97 0.00226317277783
98 0.107108966086
99 0.000584541845032
100 0.00078311874363
101 0.000998981747771
102 0.00191191099519
103 0.011670137318
104 0.00464876033058
105 0.000415106556171
106 0.00637048266164
107 0.00242426035503
108 0.0016729329071
109 0.0155328801449
110 0.00044962702539
111 0.000407134030477
112 0.000510541310541
113 0.000742900592233
114 0.000249096975997
115 0.00799746487346
116 0.00023889509705
117 0.000449583453031
118 0.00029785013538
119 0.00107385239787
120 0.000617327170581
121 0.00479854336312
122 0.00816777148756
123 0.00102844356129
124 0.000491995879535
125 0.000892107085331
126 0.111749154345
127 0.00516170655567
128 0.00881454911124
129 0.00190384964583
130 0.00175096864811
131 0.000866627162713
132 0.00683013455365
133 0.000354541855271
134 0.038375752676
135 0.000252021201284
136 0.00107580930388
137 0.00090754713678
138 0.000885868451609
139 0.000659846931941
140 0.000541840489096
141 0.00161815302213
142 0.000514544935965
143 0.00460669989194
144 0.000561532759821
145 0.00051841234767
146 0.00429083418356
147 0.0185265859338
148 0.00028266521773
149 0.0010301368641
150 0.00369096849537
151 0.487846441781
152 0.00229745219087
153 0.00141065485243
154 0.000407134030477
155 0.0196724131563
156 0.00241733933097
157 0.000186692200715
158 0.00060546996094
159 0.00224235013785
160 0.020777534291
161 0.0354971893828
162 0.00512805500395
163 0.000628452565741
164 0.000291606945564
165 0.00259828916663
166 0.00079323716899
167 0.000647051240898
168 0.000524124837312
169 0.00522106154423
170 0.000647051240898
171 0.000787320734177
172 0.228181641455
173 0.00967778379561
174 0.000252453283816
175 0.00279922888806
176 0.000989550804906
177 0.000998981747771
178 0.0127688988819
179 0.014687003202
180 0.00106755555556
181 0.00182044444444
182 0.00757045336637
183 0.0114863714567
184 0.0327084228212
185 0.000551800715903
186 0.00164757104244
187 0.000590065039118
188 0.000602670242727
189 0.00464876033058
190 0.00107302444691
191 0.00191107527845
192 0.000323218154298
193 0.00129996782258
194 0.00407682986496
195 0.0627134510392
196 0.0012287516509
197 0.000256386087284
198 0.000263920432297
199 0.00207385514119
200 0.0042927523478
201 0.000767455621302
202 0.000352266681096
203 0.000279265206326
204 0.00026680541103
205 0.00146863905325
206 0.00116908369006
207 7.98777968323e-05
208 0.000223389844541
209 0.00093067206799
210 0.00447385616033
211 0.000924488677867
212 0.00825443580889
213 0.00210045132962
214 0.00465802654927
215 0.00179944387636
216 0.00426623944615
217 0.00441657462868
218 0.000745783424873
219 0.000480842719112
220 0.00036253552123
221 0.000470133721075
222 0.000512740418707
223 0.00044962702539
224 0.000653434871885
225 0.000418057773262
226 0.102160221695
227 0.000342747567797
228 0.0101899366218
229 0.24308480345
230 0.00734347037533
231 0.000502780170726
232 0.00871482246467
233 0.00322577096867
234 0.00239818946394
235 0.0070198324836
236 0.00142910554404
237 0.000480074599752
238 0.000616341024941
239 0.00337172906047
240 0.000391391489433
241 0.0266731120971
242 0.00343490453381
243 0.217604027401
244 0.000293206980672
245 0.00103645097449
246 0.0277256034967
247 0.000609640214694
248 0.000980531201396
249 0.000607993995121
250 0.000317654821378
251 0.000787928234743
252 0.000620029840796
253 0.0075356366456
254 0.00870606639965
255 0.0165396847146
256 0.00348906528927
257 0.00470164212811
258 0.000597410762571
259 0.00420663085259
260 0.028424175478
261 0.00240408573656
262 0.000365425599491
263 0.000214681533363
264 0.00591715976331
265 0.00183019245618
266 0.000771499139833
267 0.000994453361289
268 0.428136832253
269 0.00324343608952
270 0.00402817021495
271 0.000181387386775
272 0.000813454671692
273 0.000511993729657
274 0.000723923666271
275 0.00197351819689
276 0.0023819066364
277 0.00143903904171
278 0.000796658937222
279 0.00105820873857
280 0.00548093817935
281 0.000519357924031
282 0.00201252898542
283 0.0808093241173
284 0.00180886518141
285 0.00295141316591
286 0.0106542896346
287 0.00185725369343
288 0.000186127976279
289 0.000759256993565
290 0.00066936625427
291 0.00113878977961
292 0.00290753556324
293 0.0001841672296
294 0.00164761205047
295 0.00740277579045
296 0.00758086403164
297 0.00102765062099
298 0.000203717688664
299 0.00121111385638
300 0.000502886695156
301 0.00113197659184
302 0.00606879089882
303 0.00115475184157
304 0.00630346368172
305 0.000252453283816
306 0.00112356043819
307 0.00128569387787
308 0.000514544935965
309 0.00859293807781
310 0.00495538370018
311 0.00816207016904
312 0.000938498122126
313 0.34549272951
314 0.00134115796506
315 0.00111945802203
316 0.000268231614054
317 0.00150085888995
318 0.0140892019886
319 0.00137727037911
320 0.000640178709842
321 0.0662671108698
322 0.000583799692271
323 0.0584264679554
324 0.00465780193616
325 0.0014547936115
326 0.00203807842175
327 0.000545899205171
328 0.000495834909408
329 0.00110631315239
330 0.000299667724658
331 0.000536694101509
332 0.0010389785184
333 0.00104302299423
334 0.000524124837312
335 0.000647051240898
336 0.000513722979199
337 0.000532653486886
338 0.00190116432913
339 0.000331700103888
340 0.0224760284749
341 0.000844233125597
342 0.0010294832566
343 0.000172373341505
344 0.000242716375486
345 0.000540508178875
346 0.00117461449793
347 0.00357760503101
348 0.00404023868669
349 0.712439046647
350 0.00060546996094
351 0.002629322224
352 0.000443586764507
353 0.0026876272589
354 0.000213393418225
355 0.0017154387357
356 0.000170725054553
357 0.000416493127863
358 0.000609640214694
359 0.000496471477912
360 0.000420335778435
361 0.00126795164173
362 0.00029785013538
363 0.00546530730616
364 0.000404934071671
365 0.0168408920772
366 0.00033862849342
367 0.00133004121532
368 0.000854655756777
369 0.00175654214423
370 0.000426860576835
371 0.0469056259582
372 0.000578488566063
373 0.00323531722961
374 0.00150181854151
375 0.00246035439453
376 0.00112638393695
377 0.00798081264378
378 0.00524437716263
379 0.00110581649244
380 0.00595669209753
381 0.00287263314889
382 0.0158804265328
383 0.0103552122595
384 0.000396821372064
385 0.00147618379206
386 0.000821534342164
387 0.000462879301815
388 0.0045119818219
389 0.000183855214019
390 0.000512388786547
391 0.00110581649244
392 0.000618796564441
393 0.0044738534259
394 0.00142071005917
395 0.000873514138505
396 0.000789781109972
397 0.00149531006157
398 0.000832310641405
399 0.000766863905325
400 0.0032077688151
401 0.00062096999194
402 0.00393011316157
403 0.00366542214357
404 0.00524290158743
405 0.000556239597312
406 0.00825777847702
407 0.000437667407783
408 0.000462838064488
409 0.000488077507622
410 0.000230003818423
411 0.00106525596967
412 0.000212729005683
413 0.000209028886631
414 0.000924488677867
415 0.00121404897474
416 0.00631329747842
417 0.00161287721166
418 0.0225038005439
419 0.00175860739834
420 0.00547422426047
421 0.00432340121858
422 0.00146651458367
423 0.00138131402689
424 0.000447533368494
425 0.00248164831498
426 0.00103166538789
427 0.000561532759821
428 0.00849038264515
429 0.00156636188172
430 0.00511119737493
431 0.0481063202244
432 0.00394015493121
