1 0.00058725750744
2 0.000452092140263
3 0.000445085367373
4 0.00138216960908
5 0.000274189125982
6 0.000147370020793
7 0.000778449884109
8 0.000899083373536
9 0.000228701298237
10 0.000647839311014
11 0.00021960595972
12 0.000230440465346
13 0.000926052294802
14 0.016384249047
15 0.00278959449578
16 0.0132978458236
17 0.00142398721849
18 0.000487738640762
19 0.00072888121709
20 0.000455791505651
21 0.00114595161149
22 0.00308641975309
23 0.00393017751479
24 0.0120628631851
25 0.000637755102041
26 0.000722505499491
27 0.00232254318479
28 0.011757874873
29 0.000651443662917
30 0.0017545228131
31 0.0062195771036
32 0.00234367311253
33 0.00922872211739
34 0.000175430902153
35 0.00114136766999
36 0.000740432227313
37 0.000428324938434
38 0.00263260327294
39 0.00120497636864
40 0.00452385226676
41 0.0020862846328
42 0.00334591728039
43 0.00180232970474
44 0.0018400189752
45 0.00333373014592
46 0.000639103660899
47 0.00372026509653
48 0.000458648650301
49 0.00101217889253
50 0.0060088947401
51 0.00168120172387
52 0.0536121998032
53 0.000500167562018
54 0.00213688145247
55 0.00206835586675
56 0.000504632305264
57 0.0004860197394
58 0.000211515790587
59 0.000808323377646
60 0.0029466756736
61 0.000411094410401
62 0.000556247775009
63 0.0130036712186
64 0.0114528296073
65 0.00246850625622
66 0.0088734463301
67 0.000563498950416
68 0.00187369676235
69 0.000495892757736
70 0.0016770735444
71 0.00267391300666
72 0.0057167676731
73 0.00186709343088
74 0.00357279516558
75 0.00493949160331
76 0.000694551376575
77 0.00261075221028
78 0.00212910390267
79 0.000724056186278
80 0.00372026509653
81 0.00185150783808
82 0.81296300016
83 0.00422872090526
84 0.000875666765871
85 0.00138216960908
86 0.000479234206741
87 0.000747157953608
88 0.00045115636791
89 0.000432556735067
90 0.000577984709475
91 0.00154752
92 0.000945460205638
93 0.00840108791822
94 0.00021229342217
95 0.00113409540578
96 0.000795472803195
97 0.00326530612245
98 0.175839691922
99 0.000355082087542
100 0.00110021793068
101 0.00177796177968
102 0.000686860637721
103 0.00991790722755
104 0.00324368990402
105 0.00281397458101
106 0.000573904527859
107 0.00144463556973
108 0.00142116491976
109 0.010444344943
110 0.00108825120023
111 8.88133548971e-05
112 0.000855374945781
113 0.000518865276619
114 0.0004860197394
115 0.00374843815077
116 0.000906572582122
117 0.000357075726906
118 0.000359790089827
119 0.000708157381754
120 0.000508992333405
121 0.00268164781481
122 0.000876177159354
123 0.126559731948
124 0.00123316326531
125 0.000524124837312
126 0.000505081243209
127 0.00431209821369
128 0.000603863622556
129 0.000884163124184
130 0.00213112244898
131 0.000366432228213
132 0.00192378185714
133 0.000590760030864
134 0.00278974180145
135 0.0010085881632
136 0.00375468334092
137 0.000695568168096
138 0.000490334141142
139 0.000226161519805
140 0.000191237583564
141 0.00039745223578
142 0.000498049635367
143 0.000109267225011
144 0.000281489285297
145 0.00117209415347
146 0.00857626904581
147 0.00796379449595
148 0.00030832387108
149 0.00189293021068
150 0.00935242715312
151 0.181187598706
152 0.00315087846103
153 0.0025312822818
154 0.0025312822818
155 0.0468515656273
156 0.00182913268247
157 0.00133915548984
158 0.00114048766408
159 0.00404616594845
160 0.0466446062655
161 0.118790040213
162 0.00137892218462
163 0.000432556735067
164 0.000222351734387
165 0.00183780614475
166 0.00213688145247
167 0.000357075726906
168 0.000204812452597
169 0.000559874224823
170 0.000490334141142
171 0.000831409723455
172 0.0295536091685
173 0.00660784171706
174 0.00121687398594
175 0.0187352533311
176 0.000665972944849
177 0.00073212268728
178 0.0012111190922
179 0.00418321327434
180 0.00232520580427
181 0.0058947462995
182 0.010443567867
183 0.0286365955668
184 0.00463558171118
185 0.000558352778899
186 0.00252688152722
187 0.000502886695156
188 0.00135734072022
189 0.00152685250897
190 0.00121781293192
191 0.000278862847222
192 0.000714282171219
193 0.00263589574622
194 0.00116660485581
195 0.0183842497052
196 0.000455014036273
197 0.000242995129377
198 0.00417229459033
199 0.00269077682205
200 0.0110492792691
201 0.0031964439561
202 0.00019567768145
203 0.000296232486583
204 0.0002055472052
205 0.000888118942152
206 0.00415568093022
207 0.000176892211146
208 0.000348593161662
209 0.00061603466513
210 0.00240145025082
211 0.000317256829115
212 0.00467652918043
213 0.00427690670555
214 0.00752939363729
215 0.000821403737266
216 0.000736793327972
217 0.000752530325272
218 0.000295806192612
219 0.00185073701883
220 0.00181866246125
221 0.000561532759821
222 0.000500030401848
223 0.00051841234767
224 0.0011545677587
225 0.000335439895879
226 0.0207194553692
227 0.000182923910084
228 0.580535312995
229 0.011046958538
230 0.00133516397048
231 0.000556822884062
232 0.00218934245856
233 0.00427087015634
234 0.00671692710372
235 0.0460795876202
236 0.000556247775009
237 0.0033714880333
238 0.0443558850168
239 0.00232160013975
240 0.00515957728994
241 0.000772438618071
242 0.0152159597823
243 0.000197329727955
244 0.00137174211248
245 0.00427015154358
246 0.00204115341032
247 0.000888118942152
248 0.000487738640762
249 0.000746060730265
250 0.000228701298237
251 0.000357647048069
252 0.0103874276987
253 0.032224238274
254 0.00716159763323
255 0.00131565896809
256 0.00373759836413
257 0.000599339003757
258 0.00064615893292
259 0.00168094746998
260 0.00234411090814
261 0.000348593161662
262 0.0022279539351
263 0.00313521614698
264 0.000543638755403
265 0.00184046819858
266 0.000456479552778
267 0.413789286353
268 0.00375411115511
269 0.00240145025082
270 0.000935517844498
271 0.00161598657851
272 0.00230861492123
273 0.000199073685258
274 0.000888804219113
275 0.00110905635221
276 0.00138216960908
277 0.000217613230884
278 0.000458648650301
279 0.00491858495463
280 0.000586841235503
281 0.00309178510584
282 0.137327360619
283 0.000956797528662
284 0.00110960093648
285 0.000505512769942
286 0.000945129266117
287 0.000202701210528
288 0.000623159198651
289 0.000498461844729
290 0.0086616194406
291 0.00104293841343
292 0.0211523492135
293 0.00104293841343
294 0.00260537889599
295 0.00460261907436
296 0.00207220730611
297 0.00490121010063
298 0.00107256490162
299 0.000744302782508
300 0.000534845848869
301 0.000542850914031
302 0.00234013148385
303 0.000998981747771
304 0.00222375582365
305 0.000462641350624
306 0.00140625
307 0.000224065421571
308 0.000277777777778
309 0.00179053254438
310 0.000459574178553
311 0.00478471690972
312 0.00316435474242
313 0.0817797967376
314 0.000491151611705
315 0.00132148502623
316 0.00057753907747
317 0.00132148502623
318 0.0147861139778
319 0.00195943303844
320 0.000273948411165
321 0.0543733151128
322 0.00867032126449
323 0.0389003038063
324 0.00974708822546
325 0.00117871513415
326 0.00306509740065
327 0.000579886820173
328 0.00284133114153
329 0.000479669783647
330 0.00181866246125
331 0.00103400424715
332 0.00206611570248
333 0.00164534998465
334 0.00044962702539
335 0.000278862847222
336 0.000277777777778
337 0.00053385768123
338 0.00289980689015
339 0.000107489665229
340 0.0592497299721
341 0.000821096882873
342 0.00259007306626
343 0.00244703720981
344 0.00141563509517
345 0.00630889392794
346 0.0042362552473
347 0.00186458110967
348 0.00151957206604
349 0.74448960114
350 0.0015244202473
351 0.00299362834745
352 0.00477655534718
353 0.00279983892855
354 0.00248476387499
355 0.00138216960908
356 0.000336798103494
357 0.000199073685258
358 0.000504632305264
359 0.000732658714455
360 0.000408106259423
361 0.0010175414097
362 0.000230440465346
363 0.00128058685659
364 0.00107497984413
365 0.0117277768853
366 0.000225281513892
367 0.00166297371224
368 0.000442921513064
369 0.00118094542263
370 0.00141664602946
371 0.00253404852157
372 0.00244892535581
373 0.0743539094074
374 0.000582642727253
375 0.00272507843915
376 0.000874474486724
377 0.000223299697849
378 0.000901501877086
379 0.000824156956114
380 0.00400636844394
381 0.00216127952068
382 0.00956999445983
383 0.0110168219353
384 0.000225613053706
385 0.00533826428651
386 0.000519241807426
387 0.000895516818925
388 0.00137174211248
389 0.000772042481622
390 0.000888118942152
391 0.00112565565533
392 0.00104966381956
393 0.000725327786598
394 0.00175096864811
395 0.00120374954954
396 0.0033723467566
397 0.00281327943175
398 0.00171562620356
399 0.000955165464944
400 0.000158702677747
401 0.000252182085942
402 0.00290823268698
403 0.00842887439239
404 0.00201717732331
405 0.000854617268313
406 0.00253455955679
407 0.000564834341928
408 0.00305980133702
409 0.00192091679174
410 0.000247513025856
411 0.000500224749966
412 0.000408106259423
413 0.000213171157362
414 0.000732658714455
415 0.000626940584622
416 0.00226248398477
417 0.000455791505651
418 0.00255123813297
419 0.00473955165585
420 0.0037299628212
421 0.00223317877196
422 0.000487738640762
423 0.00178068775131
424 0.00103316326531
425 0.00369145217849
426 0.00234493408447
427 0.00141563509517
428 0.00226757369615
429 0.000730090452186
430 0.00163712892952
431 0.0272679519352
432 0.0142105098855
