1 0.00110024285848
2 0.106931031702
3 0.000592051416227
4 0.00045423855446
5 0.000447372957596
6 0.000984138450145
7 0.000238517613035
8 0.00231684299505
9 0.000475894605716
10 0.000710343113328
11 0.000406324012648
12 0.000585944933782
13 0.000367581215778
14 0.0212594765467
15 0.00317028031111
16 0.00156145151695
17 0.0152435270148
18 0.00440550217375
19 0.000513983855374
20 0.000608657943719
21 0.0011956688732
22 0.00663574155604
23 0.00459037996977
24 0.000249039910176
25 0.00024976582019
26 0.000678221943622
27 0.000339480636537
28 0.000712482398372
29 0.00120426694701
30 0.00808782640118
31 0.000324415118471
32 0.000123380617495
33 0.000524124837312
34 0.000467696746926
35 0.00116237464917
36 0.000134547007522
37 0.000314184788656
38 0.000492950414709
39 0.000638018552953
40 0.000322386054813
41 0.000279024579979
42 0.0024145270915
43 0.00591095082435
44 0.00828435212675
45 0.0990984850747
46 0.00434276756507
47 0.000172948095371
48 0.000815032315151
49 0.00150341491748
50 0.00296410392049
51 0.000682223212297
52 0.00114288796818
53 0.0551312749422
54 0.00684823815389
55 0.00234880747493
56 0.229549822401
57 0.00207932673064
58 0.000251435855306
59 0.00183980044966
60 0.00591715976331
61 0.000220703163728
62 0.000213506807615
63 0.000252182085942
64 0.000772797066233
65 0.000278550993208
66 0.000992001984004
67 0.000582318391199
68 0.00195464132291
69 0.00220433563761
70 0.000185564123488
71 0.000536898442156
72 0.000189595362023
73 0.000566556206427
74 0.000854014349756
75 0.00375364757013
76 0.000279068265136
77 0.000772797066233
78 0.000334948948421
79 0.000713392139674
80 0.00104966381956
81 0.00441003807349
82 0.00626957599492
83 0.282122689125
84 0.000778988065815
85 0.000194850069106
86 0.00315286847078
87 0.00674070658783
88 0.00200329434332
89 0.001476970396
90 0.000467696746926
91 0.00187779333485
92 0.00107302444691
93 0.000630962159583
94 0.000873595573782
95 0.00171233840818
96 0.00023629489603
97 0.000664397403177
98 0.00185476323584
99 0.00145574371933
100 0.00219565734669
101 0.00111730976637
102 0.000269616392677
103 0.000370435796741
104 0.000341149041085
105 0.00166458564574
106 0.00527874407568
107 0.0293825117496
108 0.446662111937
109 0.000776560132107
110 0.000377038363653
111 0.000517469351325
112 0.00626041540877
113 0.000219478737997
114 0.000301053591387
115 0.000981789011147
116 6.99535928958e-05
117 0.000194926430501
118 0.00374462313988
119 0.000699331259774
120 0.000707268201398
121 0.00728022458037
122 0.00149521743757
123 0.000928581594515
124 0.000293206980672
125 0.0125444799938
126 0.0145097794205
127 0.000757892802825
128 0.000216086398545
129 0.00186481921795
130 0.00255885644944
131 0.000137195089273
132 0.00347105450996
133 0.000248602524778
134 0.000394301616132
135 0.00752425865678
136 0.00166527893422
137 0.000180172064321
138 0.000545899205171
139 0.000178670011146
140 0.000227839088644
141 0.000246229135447
142 0.000235778677503
143 0.00020324510353
144 0.000999385502801
145 0.000479669783647
146 0.000455014036273
147 0.000145812525156
148 0.000545899205171
149 0.0109574022715
150 0.00145860886015
151 0.00547194595609
152 0.000421634508575
153 0.00542251123002
154 0.00055940976452
155 0.00130248719745
156 0.00102859653867
157 0.00355518160261
158 0.00591775961043
159 0.00109751531584
160 0.00517040311805
161 0.00111111111111
162 0.0116220867045
163 0.000477351462336
164 0.0124067969392
165 0.000171058395128
166 0.000421294161739
167 0.000928195297144
168 0.00484307399424
169 0.001476970396
170 0.000300572675106
171 0.000300572675106
172 0.000191568587541
173 0.000406324012648
174 0.000406324012648
175 0.000928581594515
176 0.000219478737997
177 0.347429663441
178 0.000876903050705
179 0.00315365663121
180 0.000786094855446
181 0.00201580450783
182 0.00019090743674
183 0.00206995428168
184 0.00125711808428
185 0.000746679796374
186 0.00387628271518
187 0.000417700332211
188 0.0213507425039
189 0.0189173399221
190 0.00889044622382
191 0.000488601513023
192 0.00100073819886
193 0.000654821696506
194 0.00159868578248
195 0.000628490401265
196 0.000189595362023
197 0.00143170197224
198 0.00531547304145
199 0.007094540598
200 0.102503253929
201 0.00204809830978
202 0.00165033511466
203 0.0699338020451
204 0.00587941083404
205 0.00116164863942
206 0.00150994798509
207 0.0132600554249
208 0.000474199155078
209 0.00231684299505
210 0.000508044882977
211 0.000505440970964
212 0.00492947689445
213 0.0457577127087
214 0.00151474908853
215 0.000235778677503
216 0.00104808239739
217 0.0014129984227
218 0.000596046447754
219 0.000997229916898
220 0.000223600314438
221 0.000550003696025
222 0.000238517613035
223 0.00313521614698
224 0.000384467512495
225 0.00236867326806
226 0.00644666302735
227 0.00109266957812
228 0.00393019844768
229 0.000443036958573
230 0.00153546227766
231 0.00322197444519
232 0.0032006245623
233 0.00158317112819
234 0.00020144507215
235 0.000213506807615
236 0.00924684606023
237 0.000574467066548
238 0.000589320654322
239 0.00229994602364
240 0.00119362955486
241 0.00314758137092
242 0.00267990074442
243 0.00229072570801
244 0.000477966935496
245 0.000436206081899
246 0.00101394585983
247 0.00079723183391
248 0.000191568587541
249 0.00137845134339
250 0.000662221717794
251 0.0093418103908
252 0.00340609921185
253 0.483316170931
254 0.000389638352055
255 0.000571326591315
256 0.00192683665731
257 0.118131034459
258 9.38541737878e-05
259 0.000502347565554
260 0.00221775283937
261 0.00937487291135
262 0.000431783074378
263 0.000828038359879
264 0.00157504519437
265 0.00260464824384
266 0.00330654347368
267 0.00643502665964
268 0.000724439736918
269 0.000402503511918
270 0.00551921051235
271 0.000736129718582
272 0.00111925748633
273 0.000501021840897
274 0.00108123821486
275 0.00220535882484
276 0.00090754713678
277 0.00115343538626
278 0.000246229135447
279 0.000347379239178
280 0.000407911215822
281 0.0168289985807
282 0.00248951861608
283 0.000272045326741
284 0.014466227208
285 0.0364792988146
286 0.00120426694701
287 0.00222139448314
288 0.00205847050754
289 0.000172948095371
290 0.00131385098418
291 0.00117372817386
292 0.000681825634746
293 0.000549554183813
294 0.000393051849513
295 6.99535928958e-05
296 0.00048633360194
297 0.00164338537387
298 0.00395243186494
299 0.00344390801047
300 0.000399840130532
301 0.00226170715663
302 0.003050112492
303 8.40883987077e-05
304 0.000570487718049
305 0.000623267499101
306 0.000431370675273
307 0.00092667304189
308 0.000454965336147
309 0.000225202661697
310 0.00296980451262
311 0.00145239010478
312 0.030829386517
313 0.00224661069895
314 0.00162869897552
315 0.0116747847502
316 0.000294011941119
317 0.000735236943041
318 0.000773991959084
319 0.00238433973609
320 0.000334948948421
321 0.000309573677054
322 0.000787320734177
323 0.0226928943141
324 0.0138012646803
325 0.000313480567214
326 0.000414057243414
327 0.00022036407061
328 0.000575631536872
329 0.000195002049327
330 0.000372683770367
331 0.00353125061965
332 0.000223600314438
333 0.000492950414709
334 0.000224473753166
335 0.000264392887831
336 0.0318593456314
337 0.00919484877127
338 0.00140984424774
339 0.00115343538626
340 0.00396648597807
341 0.00102218197994
342 0.00143391565877
343 0.00103733783493
344 0.13410474728
345 0.000203848596266
346 0.000607529231966
347 0.00163207940249
348 0.165550445137
349 0.00112782629642
350 0.000216086398545
351 0.000760960462142
352 0.000211955446303
353 0.00102571679804
354 0.00169964749167
355 0.000521256854528
356 0.000232642463974
357 0.000535836762689
358 0.00143170197224
359 0.00255122791525
360 0.324325892871
361 0.00596237189897
362 0.425540394309
363 0.0406155989826
364 0.0290189971282
365 0.0224537253931
366 0.00387985445905
367 0.00930849048448
368 0.003648353568
369 0.000650033304175
370 0.0111375087192
371 0.00286727644137
372 0.00136236093856
373 0.114384983283
374 0.000480917205294
375 0.0247666686944
376 0.00492087021957
377 0.000474199155078
378 0.000172948095371
379 0.000673226253851
380 0.000438367675636
381 0.000467696746926
382 0.00116237464917
383 0.000713392139674
384 0.000566413978787
385 7.77022392634e-05
386 0.000795799730204
387 0.000992001984004
388 0.000993688387377
389 0.000163578170238
390 0.154066420595
391 0.0181573362783
392 0.0011484331019
393 0.000645490448807
394 0.00130905785207
395 0.00222291671779
396 0.00190884876638
397 0.00453337941458
398 0.00609448491155
399 0.000238517613035
400 0.00254680731352
401 0.00112800168544
402 0.00251269927067
403 0.00114139124033
404 0.000211955446303
405 0.00826175457956
406 0.000474996661365
407 0.000524124837312
408 0.000165893338281
409 0.000120097579283
410 0.000455305710852
411 0.000572151398938
412 0.000211955446303
413 0.00650118420237
414 0.000192918892908
415 0.0116231645167
416 0.00120768573009
417 0.00079723183391
418 0.000506249676518
419 0.000570487718049
420 0.00035655665261
421 0.00139655237634
422 0.00700934264996
423 0.000774589175101
424 0.000517008414037
425 0.00158450595282
426 0.000861396158929
427 0.000258347994416
428 0.00120476851592
429 0.00192906736724
430 0.0571031156347
431 0.000222485772693
432 0.0287552987797
