1 0.0044967874216
2 0.0227366326117
3 0.00435793664552
4 0.00105757155133
5 0.000215557962472
6 0.000217861957217
7 0.00045039072296
8 0.000807331265585
9 0.00179981634527
10 9.97871818229e-05
11 0.0018345946012
12 0.00109126218501
13 0.000858726133451
14 0.0407883972437
15 0.030956533308
16 0.00265948553118
17 0.0131739204589
18 0.00646546840091
19 0.000641572458167
20 0.00132709144508
21 0.000404091775057
22 0.00037125071528
23 0.000208211640246
24 0.000528279173116
25 0.000357075726906
26 0.176442101256
27 0.000794892196627
28 0.000537689361567
29 0.00069698849969
30 0.00407681688335
31 8.19911289442e-05
32 0.00109126218501
33 0.00549827595533
34 0.0015453590005
35 0.000215557962472
36 0.000424774478734
37 0.0117343334132
38 0.201553252097
39 0.000503369493754
40 0.0162573359974
41 0.000839142429345
42 0.00038108896485
43 0.00223302410222
44 0.000617319024886
45 0.00109231754251
46 0.000477560027385
47 0.00226050500683
48 0.00082792032311
49 0.001481716557
50 0.00139986424155
51 0.0417133613013
52 0.00138506774339
53 0.000839142429345
54 0.000208903022484
55 0.000781750850889
56 0.000230732254446
57 0.000430663800054
58 0.00234903695355
59 0.000962413025095
60 0.000410710396628
61 0.000226586435672
62 0.000750046986367
63 0.000503369493754
64 0.000277407777449
65 0.00106140332917
66 0.00266202473171
67 0.00157655110276
68 0.00449223382616
69 0.000584573252173
70 0.00449223382616
71 0.000237455865993
72 0.00623268698061
73 0.000968140266791
74 0.00195928186322
75 0.00489476906281
76 0.0237967508417
77 0.213957043056
78 0.000672614051835
79 0.000232642463974
80 0.00185580823419
81 0.000247182617973
82 0.00344892739955
83 0.00265156054945
84 0.000962647989212
85 0.00991786482413
86 0.000690720570265
87 0.000509481985812
88 0.000722343932352
89 0.00415289933821
90 0.00394366336555
91 0.00134775351036
92 0.000364012404816
93 0.00476073924162
94 0.197644793233
95 0.00226607051177
96 0.00238829994797
97 0.00136638588954
98 0.00149568084002
99 0.000279024579979
100 0.00107497984413
101 0.000813716547963
102 0.001481716557
103 0.00386787703715
104 0.00344327362912
105 0.000343642247208
106 0.000225704776389
107 0.00100669243095
108 0.00531547304145
109 0.00210134295704
110 0.000527397398422
111 0.000468506962013
112 0.00126795164173
113 0.000877914951989
114 0.00108607920105
115 0.000441880752728
116 0.000371120812492
117 0.000789781109972
118 0.00548696844993
119 0.000654035242176
120 0.0171123829344
121 0.00126019710256
122 0.000639024891208
123 0.000381969003885
124 0.000394404266558
125 0.00164539968848
126 0.000634477262308
127 0.000606850416706
128 0.00096680410817
129 0.000626917666989
130 0.0009
131 0.00075871450453
132 0.00474565620385
133 0.000287663692147
134 0.00744642402534
135 0.00595433718183
136 0.00210166323489
137 0.00211686393793
138 0.00162712323663
139 0.000410710396628
140 0.000410710396628
141 0.000418231500596
142 0.000209659916873
143 0.01073210851
144 0.144081494875
145 0.00197320375121
146 0.00117065548785
147 0.00153239359733
148 0.00139271645836
149 0.0011025508414
150 0.000858027556191
151 0.00226757369615
152 0.000167031613343
153 0.00186341624136
154 0.00135393066912
155 0.00216916429468
156 0.000267236893828
157 0.00229281218253
158 0.00347245251334
159 0.00381506435788
160 0.000128949000167
161 0.00179359936772
162 0.00121404483237
163 0.0225903877992
164 0.00243517293869
165 0.000304513496221
166 0.00155932968823
167 0.00335455866997
168 0.000219885745305
169 0.00175997490148
170 0.0218168951518
171 0.0136947190427
172 0.00089926575569
173 0.00962969271039
174 0.000718543352947
175 0.000372383439917
176 0.000225704776389
177 0.000225704776389
178 0.000468938160607
179 0.00236097445088
180 0.000713294353092
181 0.00107497984413
182 0.000466888631747
183 0.00141118482513
184 0.00134884269001
185 0.000350861804307
186 0.00037009578636
187 0.0042133745324
188 0.00255156548136
189 0.000263814594798
190 0.000510017144736
191 0.000399347737573
192 0.000259068402123
193 0.000399347737573
194 0.00093393020313
195 0.000410710396628
196 0.000891330891331
197 0.00183900376799
198 0.0656832956758
199 0.00679265789156
200 0.00163908782382
201 0.00117818155702
202 0.00372677084472
203 0.00110292615841
204 0.00231068873359
205 0.000590249027481
206 0.000426047612876
207 0.00106568971785
208 0.00185552693175
209 0.00170353248224
210 0.0025368895716
211 0.00164268786416
212 0.00307218023457
213 0.013474873744
214 0.00400862665231
215 0.00420563577778
216 0.0569432599938
217 0.00093393020313
218 0.000553394368517
219 0.00042395149807
220 0.000448865268601
221 0.0015453590005
222 0.00050635126519
223 0.00097224564757
224 0.000424774478734
225 0.000423377195211
226 0.000224018845585
227 0.000654035242176
228 0.0363079517466
229 0.000561380420803
230 0.0328447265663
231 0.00124090318733
232 0.000811645621237
233 0.00751770624608
234 0.000228936958169
235 0.000139844172076
236 0.000752900059488
237 0.00538769681729
238 0.00095776481636
239 0.000369025161085
240 9.48341680098e-05
241 0.000642994305018
242 0.689096083292
243 0.00173427759279
244 0.00120935232464
245 0.0018345946012
246 0.00276491423451
247 0.000718543352947
248 0.000629164931279
249 0.000966172450974
250 0.00243517293869
251 0.00173968887649
252 0.00106140332917
253 0.000605378900137
254 0.00265286043773
255 0.000590268038355
256 0.00107450707397
257 0.0083992295883
258 0.000858027556191
259 0.001628001628
260 0.561389672259
261 0.00272077929886
262 0.000818924226761
263 0.00383586527965
264 0.0134743692683
265 0.00281020009867
266 0.00110476268705
267 0.0266106590539
268 0.466356393139
269 0.0162797540414
270 0.00196638070474
271 0.00195928186322
272 0.0128119528055
273 0.00041508009028
274 0.00131185806311
275 0.000636639687922
276 0.000945460205638
277 0.000511865031429
278 0.000768987111699
279 0.000611473592657
280 0.00107497984413
281 0.000567908271888
282 0.00109126218501
283 0.000626917666989
284 0.0685872592783
285 0.00130386451105
286 0.000605871830524
287 0.00649888748385
288 0.000625638243512
289 0.00114430917543
290 0.00130059597412
291 0.00372306808388
292 0.000244139697305
293 0.000902197480386
294 0.0015401002863
295 0.000303042773926
296 0.000465218846296
297 0.000736543040634
298 0.00202087366383
299 0.00744668459937
300 0.0117583982331
301 0.000177471089177
302 0.00207754629956
303 8.31275759573e-05
304 0.000681269609787
305 0.00154159957462
306 0.00265156054945
307 0.000518297302287
308 0.000223055750036
309 0.000419226463453
310 0.0262201665105
311 0.0080411598955
312 0.000301106761399
313 0.0079978848569
314 0.000831508243921
315 0.00202009276694
316 0.0141165524917
317 0.000415136473625
318 0.00129265070286
319 0.000302730766924
320 0.000596776210917
321 0.000502225582759
322 5.29874587732e-05
323 0.00357599751143
324 0.0235716119118
325 0.00265960037167
326 0.000732658714455
327 0.000278809449231
328 0.0133410320524
329 0.000468506962013
330 0.00124561711644
331 0.000962413025095
332 0.000564148846009
333 0.00109126218501
334 0.00173968887649
335 0.000224018845585
336 0.000209659916873
337 0.0031462330306
338 0.00281592179372
339 0.0180731220188
340 0.00182556510184
341 0.00832072578273
342 0.0065139430978
343 0.00178025414154
344 0.0058851782398
345 0.000132077559405
346 0.0117383688169
347 0.000592403828278
348 0.000612826507494
349 0.00242032386574
350 0.00630407986043
351 0.0171956224958
352 0.0018082164794
353 0.0341846689988
354 0.000611572674302
355 0.000134456717415
356 0.000324549939761
357 0.000229134239547
358 0.000399347737573
359 0.000399347737573
360 0.000862231849887
361 0.00114263043047
362 0.000477560027385
363 0.00115673697899
364 0.000881208863009
365 0.000320461464509
366 0.000568377929388
367 0.00681774261426
368 0.000859742183869
369 0.556968086792
370 0.00167687453312
371 0.0164320175069
372 0.00590296142467
373 0.000632002746481
374 0.00456719302367
375 0.00181396236855
376 0.000909529115663
377 0.0165211693162
378 0.0120590022212
379 0.00390720367432
380 0.00332276569927
381 0.00234903695355
382 0.0018345946012
383 9.04569472911e-05
384 0.000343642247208
385 0.000209659916873
386 0.00108607920105
387 0.000564148846009
388 0.000590268038355
389 0.00135601746875
390 0.000825472974996
391 0.00189134430893
392 0.0683584539849
393 0.00472421717897
394 0.000809801836727
395 0.287496308734
396 0.0016318136375
397 0.00257984346199
398 0.00457370327545
399 0.00741127627447
400 0.000519241807426
401 0.00013902095578
402 0.00861024596334
403 0.00242835213866
404 0.148564984304
405 0.0279743122579
406 0.00129414405104
407 0.00334372334196
408 0.00428083755915
409 0.00054692100973
410 0.000455014036273
411 0.00131185806311
412 0.000611473592657
413 0.000818924226761
414 0.00264678818457
415 0.0399351114745
416 0.00080556318582
417 0.000495834909408
418 0.000880812359102
419 0.00138848328008
420 0.000888804219113
421 0.000339406630322
422 0.00643672876249
423 0.0688281419216
424 0.000361433590192
425 0.00101371277688
426 0.00081486445584
427 0.000901501877086
428 0.000825505683289
429 0.000211186098675
430 0.0067642661948
431 0.000267039808094
432 0.12218538904
