1 0.00880956786734
2 0.00129721316535
3 0.00209004782809
4 0.000403219302914
5 0.00140625
6 0.000792253036817
7 0.00127551020408
8 0.0010047385248
9 0.000590268038355
10 9.94423432498e-05
11 0.000152651272342
12 0.000418525013555
13 0.00351798092891
14 0.0217030838945
15 0.00373206481804
16 0.000189520096098
17 0.00142347468911
18 0.00341334031269
19 0.0030436392244
20 0.000812531874363
21 0.000407864089648
22 0.00305414894991
23 0.0396535405454
24 0.000877914951989
25 0.0609874515566
26 0.000249460069402
27 0.000836115546523
28 0.000133772396181
29 0.000951619405106
30 0.000858146791101
31 0.000113633494104
32 0.000529215984483
33 0.00199516540096
34 0.000389953305431
35 0.000514617626886
36 0.00100501734198
37 0.00114424937822
38 0.00536364201184
39 0.00305377361548
40 0.00105498003651
41 0.00189631411004
42 0.000892546615933
43 0.0015118206957
44 0.00165355279696
45 0.00161465718865
46 0.00237433135318
47 0.00588358729339
48 0.009135514077
49 0.000539158405737
50 0.00144730623819
51 0.000691509427418
52 0.000808607174143
53 0.000344757227589
54 0.000376745688824
55 0.00170269300686
56 0.000439136089328
57 0.295008786623
58 0.000234809824945
59 0.00408682362458
60 0.000729087575848
61 0.00114617945213
62 0.000860866720614
63 0.00263151456277
64 0.00154231502681
65 0.000846965269849
66 0.000235612932365
67 0.0926252088696
68 0.000316554308818
69 0.00111111111111
70 0.0123651577504
71 0.00234367311253
72 0.000771539077505
73 0.00250540749987
74 0.00514820620464
75 0.00105078014552
76 0.00180035513178
77 0.000487786518123
78 0.000180270419658
79 0.00105948484185
80 0.00042645880847
81 0.00179050295161
82 0.000528781219706
83 0.00119592389273
84 0.000723683259908
85 0.000548047044672
86 0.0201653746008
87 0.0051752603242
88 0.000219928613055
89 0.00061026574388
90 0.00182472797441
91 0.0030436392244
92 0.000230924350794
93 0.0197753154817
94 0.000228839775854
95 0.00885176596913
96 0.00118824071446
97 0.00139155812886
98 0.00119592389273
99 0.00723747886258
100 0.00128267084109
101 0.000963367792823
102 0.000199499311068
103 0.000509096951609
104 0.000208526111379
105 0.000415813970817
106 0.000978260131144
107 0.000788222250185
108 0.00119914159011
109 0.000537826869658
110 0.000217415848131
111 0.00158643351337
112 0.00037029302683
113 0.253828135776
114 0.0780037473764
115 0.000157034189484
116 0.000248602524778
117 0.000836115546523
118 0.000532872249633
119 0.000492950414709
120 0.00036071921075
121 0.00107973919761
122 0.000169013520811
123 0.000187974203478
124 0.00349397359944
125 0.000696504058873
126 0.000911295212573
127 0.000466828341402
128 0.00424520951204
129 0.00143563922843
130 0.000792253036817
131 0.000449623887163
132 0.000966468898494
133 0.0017031087034
134 0.000475065159937
135 0.000403285407149
136 0.000692042999508
137 0.000513404846653
138 0.00584263708408
139 0.00285840999691
140 0.0705557556342
141 7.20305717411e-05
142 0.00251631273278
143 0.000458921395209
144 0.0242428464995
145 0.0929734297739
146 0.00263151456277
147 0.000892546615933
148 0.00678360625314
149 0.0137759262933
150 0.00270247606913
151 0.000190249702735
152 0.0149896587168
153 0.000478014324024
154 0.000279688344152
155 0.00206640517294
156 0.038557331925
157 0.0118754109139
158 0.000333984671325
159 0.000408451615475
160 0.00107777156395
161 0.000464722060014
162 0.000658840523
163 0.00288336715036
164 0.000216836734694
165 0.0010499699835
166 0.000104978500403
167 0.000249471578268
168 0.000925448338576
169 0.000372683770367
170 0.000619740140126
171 0.00515480708517
172 0.000352902502224
173 0.00822046732128
174 0.00153035909637
175 0.00192464446794
176 0.0048877824019
177 0.00278859540124
178 0.00136993837851
179 0.00670511659308
180 0.0166075397521
181 0.0134976953304
182 0.00176299243184
183 0.0371596539851
184 0.00926534930939
185 0.258894665941
186 0.00172559503217
187 0.000366912579031
188 0.000906345742688
189 0.000254135803748
190 0.00038206647223
191 0.703834925066
192 0.000333482555661
193 0.00170934415142
194 0.00108606835369
195 0.000246542387474
196 0.000691509427418
197 0.000211570247934
198 0.00318902558573
199 0.00171017158628
200 0.00944565410235
201 0.00133718507989
202 0.00481757323835
203 0.000952353679338
204 0.0187235475021
205 0.000836115546523
206 0.000606663592904
207 0.00204760223483
208 0.00113124455321
209 0.000507077543793
210 0.0176562929571
211 0.00143384231647
212 0.00219429800968
213 0.0198025720302
214 0.00114182618595
215 0.00160400751252
216 0.0129784623663
217 0.45358804999
218 0.000585032870963
219 0.000259810334299
220 0.000345977726271
221 0.00324354258139
222 0.000381053226369
223 0.00272507843915
224 0.000346228980974
225 0.000688488639937
226 0.00170269300686
227 0.0011599824409
228 0.02325155663
229 0.00386615981031
230 0.392958649614
231 0.000772797066233
232 0.0116469644106
233 0.000189520096098
234 0.00023275859864
235 0.000537826869658
236 0.000216709207443
237 0.0239716049817
238 0.000769749145219
239 0.00022155899334
240 0.000359698610427
241 0.0112973791447
242 0.00154900727408
243 0.000170317402447
244 0.000691509427418
245 0.0198700704331
246 0.000224801631088
247 0.000725458743548
248 0.000415813970817
249 0.000413541717069
250 7.90904404068e-05
251 0.000137759262933
252 0.00061026574388
253 0.000183616006617
254 0.0424352895516
255 0.00204126819851
256 0.00452896447483
257 0.000805809691336
258 0.0152169584541
259 0.0468663425936
260 0.210155604981
261 0.00723043515523
262 0.000599750104123
263 0.000372683770367
264 0.000537826869658
265 0.00205466381301
266 0.00454507994829
267 0.53770684059
268 0.000179065188224
269 0.0127671519571
270 0.000717623062988
271 0.000165158626474
272 0.000495217573069
273 0.00054539385376
274 0.00038206647223
275 0.00189371831315
276 0.00127551020408
277 0.000333482555661
278 0.000179870142189
279 7.89343665615e-05
280 0.00332967849902
281 0.446362755435
282 0.00529685080792
283 0.00783715385654
284 0.00114706473299
285 0.00022155899334
286 0.00205727719973
287 0.00296319946546
288 0.00437156266599
289 0.0140763381465
290 0.00190034890372
291 0.000492019452411
292 0.000505910856926
293 0.000517355371901
294 0.00186380484776
295 0.000179496811562
296 0.000101373845347
297 0.000230029295171
298 0.000246542387474
299 0.000550749716551
300 0.00174020181095
301 0.0179511016472
302 0.000793493354493
303 0.00081193286133
304 0.00156910772601
305 0.00330488539275
306 0.000166535642301
307 0.000434959285444
308 0.000341416435733
309 0.00156687177971
310 0.00333641778206
311 0.00146010127961
312 0.00752196631823
313 0.000772125776322
314 0.00773489168174
315 0.00154766833528
316 0.0156176353131
317 0.153550817095
318 0.000963139120095
319 0.00436520145711
320 0.00629070065903
321 0.017486854705
322 0.0104189718896
323 0.000415813970817
324 0.000609061470382
325 0.000277777777778
326 0.000211570247934
327 0.000500926112196
328 0.000439136089328
329 0.000277221517947
330 0.000921834478717
331 0.00352185055482
332 0.00841956313088
333 0.00605555707434
334 0.00194519902035
335 0.00103316326531
336 0.00192034630688
337 0.000537826869658
338 0.000246542387474
339 0.00142509158335
340 0.00389422152369
341 0.00102218197994
342 0.000133587855603
343 0.000852882903402
344 0.00165645988241
345 0.00116219008264
346 0.00694446148822
347 0.0792668509446
348 0.00850872742027
349 0.000555083468107
350 0.000943537935131
351 0.00088134430727
352 0.000998087380243
353 0.000340634804893
354 0.000836115546523
355 0.000439136089328
356 0.00128164015792
357 0.000208211640246
358 0.0241639803278
359 0.0168681657057
360 0.0490105316506
361 0.0008330249007
362 0.000752628554073
363 0.563856894898
364 0.00989116838717
365 0.000657706940264
366 0.000230685530961
367 0.000461290017832
368 0.000527016555066
369 0.000171424003791
370 0.000234062253675
371 0.000804339390804
372 0.00315076517663
373 0.000319333578922
374 0.252760400524
375 0.00140944333622
376 0.00338595041322
377 0.00035173834719
378 0.00736431769026
379 0.000797614796236
380 0.00217990349559
381 0.000968340005432
382 0.00115999208771
383 0.00216334944135
384 0.00026066022706
385 0.000548130575696
386 0.000302310161533
387 0.000179568978337
388 0.00338512396694
389 0.00109621626077
390 0.00551093379502
391 0.00167637716404
392 0.000415541915927
393 0.000963003576469
394 0.00130956081305
395 0.000603262542321
396 0.000707961121135
397 0.00357213718821
398 0.0032363222233
399 0.00150589887381
400 0.00031214569161
401 0.0015307327192
402 0.000924036281179
403 0.0185655652527
404 0.000422412236187
405 0.000333482555661
406 0.000486217523803
407 0.000160396073795
408 0.00170934415142
409 0.000965884699881
410 0.0053124123452
411 0.000802033938506
412 0.00105948484185
413 0.000475065159937
414 0.000213117374394
415 0.00181108603679
416 0.00364229543943
417 0.00245918435904
418 0.0130005099898
419 0.166962782742
420 0.000165924739137
421 0.00197934876233
422 0.0150551394482
423 0.000213842905428
424 0.00162019377119
425 0.00387665936018
426 0.00197274623662
427 0.126941060867
428 0.00569998870188
429 0.00123436743327
430 0.00778035156337
431 0.00143170197224
432 0.0027060487204
