1 0.000178968915337
2 0.000997355156717
3 0.0134013772151
4 0.145003998105
5 0.00243114332587
6 0.000213506807615
7 0.000941909066529
8 0.00343036054162
9 0.000468259186208
10 0.00048783555105
11 0.000224054763518
12 0.00185241381369
13 0.0022647107455
14 0.00162377185769
15 0.00346734731909
16 0.0188520663912
17 0.00168967784352
18 0.00147484694186
19 0.000477934252029
20 0.00142674647205
21 0.00165133948434
22 0.000477189806154
23 0.000813441626883
24 0.00160523731237
25 0.000493562711826
26 0.0107234146722
27 0.00323059983784
28 0.000907478493849
29 0.000553522954541
30 0.00162269657796
31 0.00209378217577
32 0.000941909066529
33 0.00114048766408
34 0.000652391231805
35 0.000568883525188
36 0.00620174598225
37 0.00297182857425
38 0.00185286606315
39 0.00292472285136
40 0.00756426294755
41 0.00452249466233
42 0.00126983497106
43 0.00118693983143
44 0.00109139945424
45 0.000496977565013
46 0.000429716341396
47 0.212401429617
48 0.00131641704311
49 0.00159947770142
50 0.000733798016388
51 0.000534601030004
52 0.000205916065073
53 0.00535395597858
54 0.00112565565533
55 0.00770896331748
56 0.00372227942359
57 0.000511865031429
58 0.000284716442167
59 0.000386891257558
60 0.000429008085258
61 0.000562511655541
62 0.000408930375935
63 0.00167192871067
64 0.00748144763791
65 0.0154667731712
66 0.000522090865495
67 0.00166397969556
68 0.000702732995347
69 0.000436935828458
70 0.000528227988353
71 0.00286916376142
72 0.000382356024427
73 0.571035308326
74 0.0011265242168
75 0.00101788353782
76 0.000188888888889
77 0.0241787771789
78 0.019365677739
79 0.0241917594464
80 0.000544880261473
81 0.00060309324111
82 0.000942635848216
83 0.00019469983775
84 0.00125057414477
85 0.000992001984004
86 0.00165905546469
87 0.00217140365612
88 0.00100591715976
89 0.000455014036273
90 0.0178855445699
91 0.00345968511066
92 0.00924062523953
93 0.000916729680043
94 0.00195780762307
95 0.00246937776336
96 0.338428626542
97 0.00355762775019
98 0.00174500283081
99 0.00561538576847
100 0.000992959129868
101 0.000873655519929
102 0.00058570559719
103 0.017388009147
104 0.00614184215957
105 0.000190578144111
106 0.000941909066529
107 0.000551037051731
108 0.00204182661116
109 0.00310872415593
110 0.00217140365612
111 0.00133306452608
112 0.000827430105442
113 0.000653713899363
114 0.00173876507764
115 0.000137859148956
116 0.00863730854812
117 0.00109800661461
118 0.00183139146851
119 0.00128427708595
120 0.00445259955998
121 0.00196282647012
122 0.0113609405211
123 0.0882032440874
124 0.000489587020504
125 0.000567072895762
126 0.00128115279929
127 0.000440612175983
128 0.00296677229516
129 0.000205916065073
130 7.15903280006e-05
131 0.00047912803074
132 0.0174781463007
133 0.00108881852268
134 0.00173706303029
135 0.000613204392489
136 0.000454190597529
137 0.00112309481625
138 0.000439947809307
139 0.000187947974342
140 0.000428983377922
141 0.000205916065073
142 0.00419584256244
143 0.00451453788279
144 0.000445797503961
145 0.000941030678906
146 0.0218537026444
147 0.00206697622547
148 0.00061246041901
149 0.00147834996313
150 0.000857172646587
151 0.000438320800266
152 0.000651878678135
153 0.00386914794646
154 0.000343444145816
155 0.000620901172417
156 0.0016854499761
157 0.0020698774053
158 0.000687824409196
159 0.00521033536876
160 0.012067149826
161 0.0145886837645
162 0.000477560027385
163 0.000290880163413
164 0.000511865031429
165 0.000636403718227
166 0.000636403718227
167 0.00127602130333
168 0.00117551020408
169 0.00104245007943
170 0.000889406937548
171 0.000566893424036
172 0.00279098956269
173 0.0164046361135
174 0.0547391663166
175 0.002888300936
176 0.000510939834995
177 0.517031723213
178 0.00327348074573
179 0.0036167505455
180 0.000298863002079
181 0.000266012442316
182 0.000429389063146
183 0.000686468108511
184 0.000129367337831
185 0.000540508178875
186 0.000186373749257
187 0.0419014559383
188 0.0106855473373
189 0.00407630880192
190 0.00652592501056
191 0.00222931131544
192 0.000620029840796
193 0.000486378370503
194 0.0014824558895
195 0.000491203913284
196 0.00343012625938
197 0.00047839601852
198 0.00131964675012
199 0.000527016555066
200 0.000542850914031
201 0.00185399106131
202 0.00560032333983
203 0.0106821456314
204 0.00313807441701
205 0.013553578992
206 0.0125060971552
207 0.00304925030578
208 0.000806423875552
209 0.000968140266791
210 0.00362660166139
211 0.022304247472
212 0.00404664322851
213 0.00147465630251
214 0.000474237880756
215 0.228785635366
216 0.000281282825486
217 0.000566893424036
218 0.000490678755758
219 0.000477560027385
220 0.000686725648159
221 0.000445085367373
222 6.95732241005e-05
223 0.00109282152858
224 0.00047839601852
225 0.0160382972171
226 0.000232199546485
227 0.0393964612787
228 0.00106140332917
229 0.00227520064215
230 0.00163445358375
231 0.0041180482361
232 0.00156976124859
233 0.00723078346985
234 0.00275257914406
235 0.104916396721
236 0.00198522240454
237 0.000512684015479
238 0.195271396011
239 0.00244619680896
240 0.000210433655202
241 0.000790435826081
242 0.000906030133891
243 0.000322553342582
244 0.00188561622864
245 0.00283027537833
246 0.000219967910564
247 0.000562511655541
248 0.000287938224366
249 0.00172425446833
250 0.000889406937548
251 0.000740943794121
252 0.000493720310162
253 0.00180503271823
254 0.00749501233436
255 0.00837610285377
256 0.00333472071338
257 0.0537471988395
258 0.000413586602621
259 0.000197676681256
260 0.000638983228879
261 0.00159747256458
262 0.000906729231217
263 0.000263430425896
264 0.00157682660537
265 0.00099957610033
266 0.00169435799878
267 0.00916378010483
268 0.00611918996905
269 0.0396630518592
270 0.00163991530633
271 0.00131964675012
272 0.00121545625529
273 0.000686725648159
274 0.000615347635358
275 0.000223182955099
276 0.00286350264538
277 0.00343012625938
278 0.000222351734387
279 0.00124897959184
280 0.000219840466387
281 0.000454190597529
282 0.000312276587835
283 0.00276473447911
284 0.000197329727955
285 0.00132663045216
286 0.0148821801747
287 0.00253553054553
288 0.0006428744821
289 0.00635482143955
290 0.000300572675106
291 0.000678102922116
292 0.000566893424036
293 0.000588811742874
294 0.00334849530262
295 0.010462072149
296 0.00100501435571
297 0.00467158114577
298 0.00314196293217
299 0.00590843343928
300 0.00109483131488
301 0.000502724768244
302 0.00317915209293
303 0.00117551020408
304 0.000895516818925
305 0.000607860758066
306 0.000545752069891
307 0.000817348122144
308 0.00787129853763
309 0.000313037014999
310 0.000275401744059
311 0.0100950273119
312 0.00537335435392
313 0.000386910693977
314 0.000744353946657
315 0.00111566017948
316 0.000518923975152
317 0.000998981747771
318 0.000777006468009
319 0.000476726225663
320 0.000168608826868
321 0.00316298637468
322 0.0038585258099
323 0.165216665733
324 0.00550306672914
325 0.00136555239682
326 0.00438946035706
327 0.00315756786014
328 0.000382356024427
329 0.000187947974342
330 0.00142487507915
331 0.000892881183398
332 0.000636403718227
333 0.00101856043459
334 0.00231780794423
335 0.00234366402647
336 0.00100681590002
337 0.00620303098053
338 0.000803521607043
339 0.000187011469063
340 0.0625830558601
341 0.00441095584756
342 0.00386427354089
343 0.00126983497106
344 0.00150994798509
345 0.00392170696527
346 0.000636286885619
347 0.00495235586044
348 0.0156483384984
349 0.000252446923588
350 0.0101818160772
351 0.00196713586493
352 0.000194850069106
353 0.000187011469063
354 0.00343036054162
355 0.000292852798595
356 0.000303864063822
357 0.00117551020408
358 0.000612685030879
359 0.000976712988571
360 0.00169906226193
361 0.00288113922175
362 0.00601268145078
363 0.00337973822481
364 0.00329394447448
365 0.00267324785843
366 0.000451156147974
367 0.0018161301738
368 0.00979936670416
369 0.00672252774475
370 0.0019432386134
371 0.418785586791
372 0.00299362834745
373 0.398554908158
374 0.000906030133891
375 0.00327834622373
376 0.0165959308728
377 0.00170056140859
378 0.00533059918123
379 0.00186735236161
380 0.00114048766408
381 0.00126046006792
382 0.000465867061454
383 0.000537689361567
384 0.00450262262134
385 0.00021507526374
386 0.00090754713678
387 0.00406142966534
388 0.00748303052251
389 0.00584558445324
390 0.0011330530733
391 0.000197676681256
392 0.00305144579656
393 0.0122356024382
394 0.0011401287586
395 0.00278512242186
396 0.00277176852353
397 0.00135584711582
398 0.00102864903347
399 0.0220540769271
400 0.00110523598426
401 0.00153945384568
402 0.00311592126188
403 0.00733217023591
404 0.0155010436834
405 0.00102572757442
406 0.000703801569602
407 0.00117551020408
408 0.0140719970265
409 0.000477560027385
410 0.00174500283081
411 0.00042829810096
412 0.000339406630322
413 0.000269836986714
414 0.000205916065073
415 0.000635902604721
416 8.3746765685e-05
417 0.00194932911137
418 0.0224628903387
419 0.000876471606648
420 0.00134668798923
421 0.000521256854528
422 0.000209659916873
423 0.0051078108195
424 0.0201175085022
425 0.000733777006541
426 0.000894159707645
427 0.0013790736256
428 0.000544880261473
429 0.000536130022547
430 0.000448105446023
431 0.00120306385605
432 0.0429351775126
