1 0.000721764312765
2 0.000445389232509
3 0.00192571305443
4 0.008738626584
5 0.000250360519148
6 0.00140396898877
7 0.00239411198085
8 0.00043662285587
9 0.000238057820153
10 0.000480074599752
11 0.000507161427214
12 0.0997251108795
13 0.269145563522
14 0.00277149310663
15 0.0016955017301
16 0.000522709007821
17 0.00685670755596
18 0.00139184764199
19 0.00370125844929
20 0.000823996027248
21 0.000792402188818
22 0.000731256009391
23 0.0101435015198
24 0.000633962264151
25 0.00664378782485
26 0.0013371574961
27 0.000269849769574
28 0.00047258979206
29 0.00142071005917
30 0.00113835091951
31 0.00244032610646
32 0.000211017404378
33 0.00113409540578
34 0.00020263167893
35 0.000232221081698
36 0.000301668331516
37 0.00490877562415
38 0.00198632847355
39 0.00138292366133
40 0.00119551070434
41 0.0061586232346
42 0.0124785948914
43 0.511972952173
44 0.00523659391118
45 0.00371519274376
46 0.000935148975474
47 0.00812307344813
48 0.00205098864618
49 0.00710253181246
50 0.00020263167893
51 0.000848006963155
52 0.00601183643655
53 0.00215080865364
54 0.000270796735643
55 0.000901126055567
56 0.000252936433912
57 0.00256873037509
58 0.511117983638
59 0.00156792508191
60 0.268248340076
61 0.00047839601852
62 0.000582125763343
63 0.000961784970357
64 0.0004860197394
65 0.00106719016077
66 0.000485698457148
67 0.000568883525188
68 0.000511915001346
69 0.0300387008102
70 0.00160015872194
71 0.0055525818395
72 0.00110191622881
73 0.00167853267861
74 0.00533551706511
75 0.722902780352
76 0.000680529300567
77 0.000578171147479
78 0.00561049886893
79 0.005684472907
80 0.000664947768647
81 0.00226264298527
82 0.000673147927352
83 0.000450263551749
84 0.00134550865377
85 0.00771241531539
86 0.0808360608076
87 0.000714680044584
88 0.000675894754317
89 0.00337627847005
90 0.00135530190606
91 0.0004860197394
92 0.00026710042663
93 0.00045423855446
94 0.000348073067498
95 0.000464476813317
96 0.00280225302238
97 0.0029632106445
98 0.00725752316204
99 0.104681953063
100 0.0124662839379
101 0.00226967140545
102 0.000269157770491
103 0.000333042320315
104 0.00127790359968
105 0.000731256009391
106 0.000413113887236
107 0.0041339945095
108 0.000480074599752
109 0.0199532942309
110 0.00280293716618
111 0.003954925543
112 0.000248024068041
113 0.0022000147841
114 0.000300494524778
115 0.000386390378458
116 0.000198373338623
117 0.00129781593233
118 0.0022151763042
119 0.000224018845585
120 0.00621958622337
121 0.000190154472545
122 0.00153305668814
123 0.00437856320701
124 0.00396563413798
125 0.0101006059536
126 0.000504667891907
127 0.00341880963879
128 0.000466272197961
129 0.245475037645
130 0.000929532477811
131 0.000250184549714
132 0.000561115184894
133 0.000924327226336
134 0.0135987817289
135 0.00379890035995
136 0.0010245
137 0.000579197328283
138 0.000196638556059
139 0.00224470160278
140 0.000153474941656
141 0.00164076269829
142 0.00135219590982
143 0.000566893424036
144 0.000365312497077
145 0.000185200665281
146 0.0011857872489
147 0.0011014994331
148 0.00785204029353
149 0.0389009295518
150 0.00288145274335
151 0.00124919162331
152 0.000438334023109
153 0.00212302670214
154 0.0138648110721
155 0.00189195359737
156 0.000625279903248
157 0.00103872038625
158 0.0133540999169
159 0.101329713034
160 0.0942302491708
161 0.00212067945634
162 0.022072689879
163 0.0013371574961
164 0.000368240216492
165 0.00228113165516
166 0.0011254059922
167 0.000436143269238
168 0.00198632847355
169 0.000511915001346
170 0.000409039262719
171 0.000211017404378
172 0.00073155821335
173 0.0589751596732
174 0.474443577471
175 0.000932874019778
176 0.00255399424812
177 0.000456570969391
178 0.000906030133891
179 0.000382815467417
180 0.0010020494982
181 0.000810129886048
182 0.00267908045386
183 0.00187943731472
184 0.000169872430432
185 0.00170269300686
186 0.080607664836
187 0.00118110103982
188 0.000885834679753
189 0.000232199546485
190 0.00182449270203
191 0.00104432246357
192 0.00119914940828
193 0.000250761095978
194 0.000194328922495
195 0.000979962192817
196 0.000563905848609
197 0.000961784970357
198 0.000494706247388
199 0.00175396303601
200 0.000310848767468
201 0.000994453361289
202 0.00114671395528
203 0.126185227656
204 0.00324816712236
205 5.98860390856e-05
206 0.00136776370865
207 0.000474976142586
208 0.0019464691317
209 0.000189269456863
210 0.000733629210885
211 0.000503647606369
212 0.000231317497723
213 0.000889591165591
214 0.00101809277598
215 0.000272079923478
216 0.453737521291
217 0.00183780614475
218 0.000995482690046
219 0.0034729641274
220 0.000961784970357
221 0.000342370093342
222 0.00021080299472
223 0.000830046101616
224 0.00026710042663
225 0.00100426502678
226 0.000154315034142
227 0.167166726628
228 0.0473280482861
229 0.00223272197729
230 0.000845731665373
231 0.00651335891071
232 0.000527453493183
233 0.00319244232
234 0.000530244765349
235 0.000271945335942
236 0.0022000147841
237 0.000499830629681
238 0.00180387214747
239 0.00054539385376
240 0.00101914319447
241 0.00400385911878
242 0.00141200741466
243 0.0165296373273
244 0.00583233473887
245 0.000773324026758
246 0.000120652271274
247 0.00276553265874
248 0.000640357778638
249 0.000499137091796
250 0.00062897168706
251 0.00337627847005
252 0.00129308168161
253 0.000202310314354
254 0.000250360519148
255 0.00051223412437
256 0.000555199734215
257 0.00108868969866
258 0.00126076454526
259 0.00215105082811
260 0.00100426502678
261 0.00699943689859
262 0.00224413639922
263 0.0037231697822
264 0.000997999384426
265 0.00724601825879
266 0.0374012010359
267 0.00164534998465
268 0.0384718296782
269 0.00161433489354
270 0.0004860197394
271 0.000528957682539
272 0.000519147572504
273 0.000453465053444
274 0.00075751199394
275 0.000961784970357
276 0.00106719016077
277 0.000195608587217
278 0.000901501877086
279 0.00093393020313
280 0.00329552390875
281 0.00881199546481
282 0.296288567654
283 0.20230152275
284 0.00280084797208
285 0.000240341462908
286 0.00473948584828
287 0.000915895770073
288 0.00221848848629
289 0.00155907825423
290 0.00297426904736
291 0.00170934415142
292 0.000563667863446
293 0.000422661973723
294 0.000475065159937
295 0.00237638619165
296 0.000898501872919
297 0.00250230041503
298 0.000250519723505
299 0.000902197480386
300 0.000733629210885
301 0.00207107688423
302 0.000479234206741
303 0.00199408756915
304 0.000369822485207
305 0.000374416509312
306 0.000994506825829
307 0.00463385354142
308 0.0018725634974
309 0.000344027157214
310 0.00131698751301
311 0.000727414258539
312 0.000609847917263
313 0.00125376518308
314 0.000504433535644
315 0.000540396142521
316 0.000303042773926
317 0.0171105349423
318 0.00605485069567
319 0.0118956460583
320 0.0146336909703
321 0.0024729461607
322 0.0293281942339
323 0.0166788927499
324 0.000929532477811
325 0.00266361936311
326 0.00228113165516
327 0.0157231852618
328 0.00199408756915
329 0.000548973244362
330 0.000445881715441
331 0.000250360519148
332 0.000898501872919
333 0.00073155821335
334 0.000386101989711
335 0.00456245714859
336 0.00287319882219
337 0.00291099395047
338 0.00209864095761
339 0.000667990643739
340 0.000335439895879
341 0.000915189605254
342 0.00340846507959
343 0.00435327877564
344 0.000635121292924
345 0.000476115640306
346 0.000551037051731
347 0.0034426687967
348 0.00172710406477
349 0.000745347938695
350 0.0180225818946
351 0.00177225
352 0.00561266889027
353 0.00021080299472
354 0.00123355145747
355 0.000579084331837
356 0.000480917205294
357 0.0002055472052
358 0.000565846136337
359 0.000961784970357
360 0.000361827789164
361 0.00528079675235
362 0.00233881639692
363 0.00119312059865
364 0.0015546432508
365 0.000869220821911
366 0.000346519749685
367 0.0115227178333
368 0.000596978398722
369 0.000766863905325
370 0.0008777843876
371 0.00157213293688
372 0.00202087366383
373 0.00416334709938
374 0.00141668288233
375 0.00890203789641
376 0.00521438242701
377 0.001024
378 0.417687860234
379 0.0116611844286
380 0.000551037051731
381 0.00102103026853
382 0.000940305134821
383 0.00129308168161
384 0.00079598274388
385 0.00253089569041
386 0.00556301700192
387 0.0022151763042
388 0.00073212268728
389 0.000233106575964
390 0.00145573008123
391 0.00281154738755
392 0.000332510303829
393 0.000178968915337
394 0.0195485972113
395 0.00628815989206
396 0.00193352503853
397 0.00152135543057
398 0.140413169067
399 0.0121508686119
400 0.00279761203683
401 0.000721764312765
402 0.000427589877682
403 0.00671705021395
404 0.000195608587217
405 0.000992001984004
406 0.000961784970357
407 0.00312973739547
408 0.00123355145747
409 0.000776390073709
410 0.00135530190606
411 0.000376745688824
412 0.000590171928058
413 0.00658590487706
414 0.0128479349156
415 0.0065931020957
416 0.000622194180883
417 0.000849164007096
418 0.00185798544877
419 0.00758971679674
420 0.00107282521662
421 0.000263453935822
422 0.00293161442992
423 0.00723662957281
424 0.000463950285997
425 0.00031461619498
426 0.000105059216874
427 0.00841965639978
428 0.00143927403187
429 0.00217967154366
430 0.000392601795719
431 0.00315297769299
432 0.00152125353169
