1 0.000844233125597
2 0.000491989839545
3 0.00193473629246
4 0.0009
5 0.000989302263496
6 0.00266526722369
7 0.00142509158335
8 0.000232199546485
9 0.000418891082282
10 0.000290278183461
11 0.00508957364881
12 0.00212915376014
13 0.000801942203775
14 0.00422058671176
15 0.00515344644461
16 0.000845597542547
17 0.0041267029862
18 0.803304545048
19 0.000383264172036
20 0.000474237880756
21 0.000235326777889
22 0.000650955010269
23 0.00280493924362
24 0.000206656041562
25 0.00212915376014
26 0.00117641723356
27 0.00339827843105
28 0.000896207804125
29 0.0109303572984
30 0.000447347551112
31 0.000487699437546
32 0.0106090437363
33 0.0441679667864
34 0.00212547325387
35 0.000350499341926
36 0.00185964980515
37 0.00032379477372
38 0.000553482152787
39 0.000639123847999
40 0.00082080895018
41 0.000968887288602
42 0.00159608825179
43 0.00127551020408
44 0.000533214789527
45 0.00185802722683
46 0.00397073357446
47 0.00117551020408
48 0.0364714775378
49 0.00298197998812
50 0.0031168639495
51 0.000730290836077
52 0.00431628460115
53 0.00211575967883
54 0.00113409540578
55 0.00482584020077
56 0.00108087821355
57 0.00268712241492
58 0.000359002770083
59 0.000339221409192
60 0.00147234764329
61 0.000602658222256
62 0.000684612078291
63 0.000432861746251
64 0.000816326530612
65 0.00147316839229
66 0.000535836762689
67 0.000571113890391
68 0.000223600314438
69 0.000426233526467
70 0.000631649436714
71 0.000407134030477
72 0.00015455493311
73 0.000437903317565
74 0.00119194625047
75 0.000254979063828
76 0.000233106575964
77 0.0019285568528
78 0.00861232922921
79 0.0191520498861
80 0.00426703954214
81 0.000189032301722
82 0.000831336495672
83 0.000209280956414
84 0.0208558476957
85 0.00192925751671
86 0.000271209367772
87 0.00034817911459
88 0.000951583236125
89 0.00285555555556
90 0.000185286631499
91 0.000473099042288
92 0.115789401943
93 0.240003341074
94 0.00236680456452
95 0.00240093864617
96 0.00492602394455
97 0.00334527193371
98 0.000387954507114
99 0.000414186867954
100 0.026397854918
101 0.000149175455976
102 0.000794736587134
103 0.000566893424036
104 0.00298841215507
105 0.00813192391532
106 0.387990912944
107 0.00104808239739
108 0.00179434638953
109 0.000647530810282
110 0.00113462603878
111 0.000229251440457
112 0.00145014208492
113 0.000459576945441
114 0.000953252385338
115 0.000542850914031
116 0.00145599933885
117 0.000438036819378
118 0.0140134502945
119 0.211324689016
120 0.000821534342164
121 0.00889441579404
122 0.00286861767499
123 0.00225748439299
124 0.000995482690046
125 0.00266819358213
126 0.00575792857431
127 0.00156469750593
128 0.00193821446936
129 0.0138654805163
130 0.00657887664606
131 0.000169046806232
132 0.000191237583564
133 0.00640177199418
134 0.000220703163728
135 0.000394305870496
136 0.000339080184626
137 0.00109169345482
138 0.000538826083321
139 0.000589236189949
140 0.000290278183461
141 0.000429996298199
142 0.00301274827959
143 0.00534479890854
144 0.000474237880756
145 0.00120597452134
146 0.130508723489
147 0.000483458375007
148 0.00347245251334
149 0.00152855379918
150 0.00964272388363
151 0.000846250009787
152 0.000491203913284
153 0.00130140822782
154 0.000418231500596
155 0.168900507047
156 0.285569743056
157 0.000191237583564
158 0.00054692100973
159 0.00341610892183
160 0.00069966274744
161 0.00576648199446
162 0.000199380746857
163 9.23259964307e-05
164 0.00145014208492
165 0.00580138003319
166 0.00142509158335
167 0.000988586393746
168 0.00226251492571
169 0.000615118732678
170 0.051345868172
171 0.00220710778794
172 0.00196282647012
173 0.000495497777384
174 0.000553112519016
175 0.000323162675714
176 0.00174798192175
177 0.00039745223578
178 0.00054214428766
179 0.00181750406567
180 0.000896207804125
181 0.010623422998
182 0.00177470192744
183 0.00260349943824
184 0.000714282171219
185 0.0558751035042
186 0.00969888137357
187 0.0015901698334
188 0.000901388888889
189 0.00114909508762
190 0.000524019894771
191 0.00218609783812
192 0.00100426502678
193 0.00021009846015
194 0.00175294625302
195 0.00151234567901
196 0.00469607565255
197 0.000793217476754
198 0.00860619649712
199 0.00149845837492
200 0.00952688560006
201 0.00181231617451
202 0.00454530064421
203 0.00518479012346
204 0.000981858587521
205 0.00108879012346
206 0.000929191452873
207 0.00312024784174
208 0.000167031613343
209 0.00498339276205
210 0.00376004061035
211 0.00020263167893
212 0.000683497799991
213 0.00157930498741
214 0.000845597542547
215 0.00114909508762
216 0.000442095717613
217 0.000339080184626
218 0.00186052494545
219 0.000602205577929
220 0.000324883081077
221 0.00022685098309
222 0.00111111111111
223 0.000746185468038
224 0.0118771952812
225 0.000195841661525
226 0.0383818839415
227 0.118331515722
228 0.000531138996197
229 0.00268889116825
230 0.000509843849816
231 0.00141208380806
232 0.000359610758393
233 0.00974877934535
234 0.00172144188144
235 0.000775189625379
236 0.0446641479593
237 0.00062479590148
238 0.00102902877151
239 0.000226554887789
240 0.00127551020408
241 0.00193554209683
242 0.000810644460658
243 0.00112221290175
244 0.000717433012487
245 0.000845597542547
246 0.00113490304709
247 0.00104619989683
248 0.00059629842532
249 0.00496171886731
250 0.00130041506774
251 0.000213771943061
252 0.000483458375007
253 0.000563271604938
254 0.000275986663084
255 0.00356690322171
256 0.00100249928642
257 0.0135007850221
258 0.000652943006095
259 0.00509602248501
260 0.00555819399885
261 0.000638443671539
262 0.00102582287458
263 0.00314069660218
264 0.0088919737383
265 0.000254979063828
266 0.000929908421586
267 0.000838106512546
268 0.0528886059824
269 0.0164609154219
270 0.00677370913587
271 0.00274539647733
272 0.00119409725054
273 0.000795349809809
274 0.000253739525413
275 0.000554154652594
276 0.000396187472108
277 0.00180555171669
278 0.00179359936772
279 0.000229251440457
280 0.000442095717613
281 0.00266526722369
282 0.000647261230427
283 0.000447347551112
284 0.196493842384
285 0.00128768893414
286 0.00238680729561
287 0.00672707845081
288 0.00192185341947
289 0.000330146313885
290 0.0194882210961
291 0.0014019973677
292 0.000372747498515
293 0.00382707149118
294 0.00121284126631
295 0.000923978966683
296 0.00270871821878
297 0.0108785703171
298 0.000956727933688
299 0.00334849530262
300 0.000817800924113
301 0.00359158005066
302 0.00330057469968
303 0.00300933485463
304 0.000168185370622
305 0.00181800554017
306 0.000852469497576
307 0.00733017451679
308 0.000411106046285
309 0.000918961104737
310 0.00311319168925
311 0.00319791152916
312 0.000603027677403
313 0.00232301770119
314 0.000307974280392
315 0.000226554887789
316 0.000981858587521
317 0.00376522844623
318 0.00119409725054
319 0.000538509944509
320 0.000982008238274
321 0.00274059914753
322 0.0012077604011
323 0.00293065117789
324 0.0867469117174
325 0.0165347959004
326 0.000754662759325
327 0.00103872038625
328 0.000208928465812
329 0.0972576136346
330 0.00054692100973
331 0.00277451523546
332 0.00105721533349
333 0.000578669844809
334 0.00300933485463
335 0.00125097044666
336 0.00470403173017
337 0.0470335929325
338 0.000493827160494
339 0.000720957950897
340 0.00536445951558
341 0.00521476331098
342 0.000765816277162
343 0.00182440775514
344 0.000929191452873
345 0.0712380869091
346 0.000844233125597
347 0.000581405895692
348 0.00335631327339
349 0.00151989958416
350 0.00116722629461
351 0.000914155757648
352 0.00108080618856
353 0.00581729388107
354 0.000459708904966
355 0.00034817911459
356 0.00020628591873
357 0.00431562683148
358 0.000442095717613
359 0.00113462603878
360 0.000466888631747
361 0.000448063307194
362 0.000359790089827
363 0.000233106575964
364 0.00175294625302
365 0.00137903972518
366 0.0224290098618
367 0.00507515263748
368 0.00518399668754
369 0.427763422018
370 0.0014821592061
371 0.00158609134198
372 0.00114693411943
373 0.0004581359073
374 0.000973836658968
375 0.000435538752363
376 0.000916697932335
377 0.00234640525126
378 0.001024
379 0.00047884098072
380 0.0182533043942
381 0.0686914907277
382 0.00392439747848
383 0.000752029480851
384 0.00156404609148
385 0.000951438221917
386 0.000124442651998
387 0.000484231908407
388 0.00109422238902
389 0.00323556448049
390 0.000602658222256
391 0.00107761315479
392 0.000884651370016
393 0.00172144188144
394 0.00200123578896
395 0.000517449177369
396 0.000998488272935
397 0.00697464210849
398 0.000185472966292
399 0.000844233125597
400 0.00113196583584
401 0.00119134181306
402 0.0147277141649
403 0.000844233125597
404 0.00545862930749
405 8.47235566425e-05
406 0.00192435775261
407 0.002189162126
408 0.000191237583564
409 0.000245958065892
410 0.00174868182546
411 0.000442095717613
412 0.000699868424736
413 0.00023090993607
414 0.000277948460977
415 0.0157629929151
416 0.0751905390302
417 0.00101666336044
418 0.00059488399762
419 0.200452199921
420 0.00156599191729
421 0.00129289374256
422 5.9783186311e-05
423 0.00151234567901
424 0.000383264172036
425 0.000760420159987
426 0.00413265306122
427 0.0193493699939
428 0.0712150780116
429 0.00039745223578
430 0.0164182734754
431 0.000241618456495
432 0.00265341211109
