1 0.000183543990691
2 0.00420374001111
3 0.000816991010095
4 8.23636037809e-05
5 0.00203204383324
6 0.000416965744141
7 0.000195401410326
8 0.00491819868443
9 0.000909639244537
10 0.00038750244797
11 0.000490334141142
12 0.000927619881986
13 0.00380378072751
14 0.00355836466236
15 0.00487042243368
16 0.000445881715441
17 0.00846395884062
18 0.000395536272764
19 0.000557298786159
20 0.000730315500686
21 0.00197351819689
22 0.0137586325007
23 0.000520435888542
24 0.00752898704784
25 0.00139892144397
26 0.0300394378381
27 0.00239282142044
28 0.00475291987325
29 0.00139117662731
30 9.07029478458e-05
31 8.71498843243e-05
32 0.00216706302021
33 0.00141342597013
34 0.000393230023514
35 0.00103686304127
36 0.000601910125669
37 0.000398723065459
38 0.00111111111111
39 0.000929191452873
40 0.00258062484253
41 0.356796080702
42 0.000932346599849
43 0.00023459152711
44 0.00035368876898
45 0.00150669259095
46 0.00240703350048
47 0.00684702973026
48 0.00390022137974
49 0.000889591165591
50 0.00281154738755
51 0.000214681533363
52 0.000360519147573
53 0.00124812083659
54 0.000197676681256
55 0.00113941854048
56 0.000398723065459
57 0.000238465962491
58 0.00492672611878
59 0.00484243809119
60 0.000617319024886
61 0.000196454657119
62 0.00278380202383
63 0.168647674304
64 0.100102851182
65 0.000826792148537
66 0.00191036085479
67 0.00121485113422
68 0.000893785444234
69 0.00368927728418
70 0.0149025029637
71 0.00358386567248
72 0.00368941838502
73 0.0007371109227
74 0.000361983926755
75 0.00111311199108
76 0.0711325004633
77 0.000931177336052
78 0.00235933956916
79 0.00175226819737
80 0.000650441067063
81 0.00136398108064
82 0.000349375491309
83 0.000573892108284
84 0.000393230023514
85 0.000431838500679
86 0.000383800903281
87 0.000509096951609
88 0.000482609085097
89 0.000230504397964
90 0.000721764312765
91 0.000214557869322
92 0.00359168385724
93 0.00531184041008
94 0.00395496971026
95 7.06694542146e-05
96 0.000257886148954
97 0.000515479198026
98 0.00107645452636
99 0.00117104483222
100 0.00616114094472
101 0.000682900218211
102 0.218406266099
103 0.0357962663702
104 0.00110991210557
105 0.000751189044803
106 0.000703727559368
107 0.000272387315105
108 0.000730674983292
109 0.000852986405513
110 0.000393230023514
111 0.000503778733464
112 0.00053321382474
113 0.0016318136375
114 0.00111523779692
115 0.00149466322406
116 0.000252618953918
117 0.00399818914653
118 0.0135613565781
119 0.000953537573523
120 0.00198802562641
121 0.000137008312677
122 0.000418852808973
123 0.0018674744898
124 0.000136220065368
125 0.0017487099442
126 0.00478049420075
127 0.000783104767415
128 0.000156371309455
129 0.00676420969984
130 0.000771365477498
131 0.00321084438647
132 0.000499043367347
133 0.000562818877551
134 0.0206147106923
135 0.0242721701931
136 0.00788259619624
137 0.00201347797502
138 0.000201083017043
139 0.00245470652404
140 0.00252360333096
141 0.00179981634527
142 0.000287815542217
143 0.00053321382474
144 0.000393230023514
145 0.000231317497723
146 0.000909769394151
147 0.000929191452873
148 0.000508761360656
149 0.000934650828287
150 0.000607739049557
151 0.00150755598866
152 0.020555314058
153 0.00232543714556
154 0.000513722979199
155 0.00369795471147
156 0.00468343784003
157 0.00664954368423
158 0.0172625073259
159 0.0216065428699
160 0.00435896832876
161 0.000950294250792
162 0.000228735888368
163 0.00413822013351
164 0.00976037233465
165 0.000912631529889
166 0.00105794245585
167 0.00282120765406
168 0.00117104483222
169 0.000188944391304
170 0.00160919769382
171 0.00179866185157
172 0.000273823521178
173 0.000554154652594
174 0.00054794568587
175 0.000598762105223
176 0.000730226567354
177 0.000455479393012
178 0.0186420875814
179 0.000543515165233
180 0.00664877562979
181 0.00127655573959
182 0.00233576758658
183 0.129719508481
184 0.00291717511773
185 0.00150489915675
186 0.00292415405032
187 0.00177604506124
188 0.000313110873467
189 0.00138064941104
190 0.00127551020408
191 0.000308290816327
192 0.00436949398035
193 0.000233086649962
194 0.000507318670254
195 0.000548678771982
196 0.000273386103413
197 0.000983489814659
198 0.000668184407769
199 0.00278178354608
200 0.000201197122881
201 0.000383051594296
202 0.000557298786159
203 0.000555199734215
204 0.00411352131623
205 0.0163893229733
206 0.00255969001261
207 0.000565815167649
208 0.00133746938776
209 0.0101088957046
210 0.000631120984821
211 0.00264044014376
212 0.00033009819497
213 0.0161281076591
214 0.000295225611412
215 0.00160346528876
216 0.00187139646763
217 0.00119997878871
218 0.00172144188144
219 0.00119547957578
220 0.00304925030578
221 0.00134606816663
222 0.00113622017422
223 0.0013371574961
224 0.000772480518273
225 0.000273823521178
226 0.000261726309935
227 0.00100073819886
228 0.000576115366694
229 0.000242244394313
230 0.000982294805017
231 0.00360533926512
232 0.000630416386903
233 0.00583855047887
234 0.00591118147022
235 0.000448212179444
236 0.00038751028357
237 0.00051652892562
238 0.000530509607529
239 0.00310671815401
240 0.00880051777738
241 0.000660223188985
242 0.00361482424191
243 0.475418392924
244 0.00113975280014
245 0.0052236476487
246 0.00179698361924
247 0.000573892108284
248 0.000909769394151
249 0.000212255772792
250 0.000338825476515
251 0.000214681533363
252 0.000395557352968
253 0.00093393020313
254 0.130278612073
255 0.0091863290496
256 0.00319504998566
257 0.000593517386931
258 0.00084032
259 0.000831511313996
260 0.000109692056663
261 0.000229038398933
262 0.000469319284292
263 0.000370846536895
264 0.000309958341599
265 0.00133353396879
266 0.00068449161709
267 0.000414460630882
268 0.000941086898493
269 9.36902198756e-05
270 0.0143716686299
271 0.124483324752
272 0.0763509143397
273 0.00256782417291
274 0.031097177143
275 0.00319103676329
276 0.000235764250844
277 0.000219072859697
278 0.0432286483498
279 0.000393230023514
280 0.000690438676138
281 0.00182957903826
282 0.000219885745305
283 0.000448105446023
284 0.000519313857578
285 0.00295168064199
286 0.00178859163902
287 0.00804224965706
288 0.00107240903007
289 0.000452651648895
290 0.000420257309678
291 0.0674006707542
292 0.0105241523835
293 0.0092417774117
294 0.000638980248865
295 0.00295168064199
296 0.000643225550486
297 0.00240117786173
298 0.00263168
299 0.000601910125669
300 0.000427918973281
301 0.00081024
302 0.000267558979041
303 0.00365393183337
304 0.00174097736028
305 0.000438400826017
306 0.000228269582811
307 0.00100073819886
308 0.000232221081698
309 0.000242716375486
310 0.000565643568651
311 0.000191322589987
312 0.00596134763653
313 0.00702748639062
314 0.0616986291658
315 0.0301747240064
316 0.000507651095483
317 0.00851338840997
318 0.00271620919055
319 0.00125792936017
320 0.00156073769242
321 0.0159498523005
322 0.00125100054184
323 0.0857080663196
324 0.0480935888634
325 0.0529522856405
326 0.00117610803361
327 0.000542498999212
328 0.00205551956637
329 0.000469319284292
330 0.000909067952829
331 0.000228269582811
332 0.00213285529896
333 0.000469319284292
334 0.00286989795918
335 0.000569059204009
336 0.000121437004554
337 0.00687511197111
338 0.00973958333333
339 0.441685307408
340 0.0120371861799
341 0.00353241413782
342 0.000461290017832
343 0.000466023118022
344 0.00161329510018
345 0.000302783387064
346 0.000705632498632
347 0.000415786904901
348 0.00127125022307
349 0.00172144188144
350 0.00115298451954
351 0.000514655748828
352 0.0123159344616
353 0.00093393020313
354 0.021378912703
355 0.000231757892669
356 0.00141286390117
357 0.000233196159122
358 0.00278178354608
359 0.000672357083089
360 0.000247654565585
361 0.000827034517511
362 0.000617319024886
363 0.000169990476498
364 0.001352886775
365 0.00470403173017
366 0.00262208
367 0.00306695925638
368 0.00106525596967
369 0.00491033163265
370 0.00216333153056
371 0.000920531253704
372 0.00290709021987
373 0.000626739734719
374 0.000269013869837
375 0.00179985879303
376 0.000431455766979
377 0.0119530419534
378 0.0375415724887
379 0.000466023118022
380 0.0029632106445
381 0.000111978947958
382 0.0126885982296
383 0.000209358299862
384 0.0004860197394
385 0.000670833059688
386 0.0004860197394
387 0.00213581806479
388 0.00118235614918
389 0.00139175026015
390 0.00112691444469
391 0.0424384220043
392 0.000512517065655
393 0.0137922956482
394 0.124979413111
395 0.0518129883624
396 0.00024167353924
397 0.0024754610351
398 0.00159361914893
399 0.0343056993971
400 0.000409759291881
401 0.000718877862546
402 0.00649385486867
403 0.00182855642008
404 0.00134821458661
405 0.00141856940285
406 0.00115337842797
407 0.000976604176193
408 0.000820227727115
409 0.00359101684692
410 0.0012314034892
411 0.000564739984675
412 0.000431148662818
413 0.00108682526265
414 0.00089402986722
415 0.000458799648421
416 0.000242244394313
417 0.000239553426314
418 0.00093393020313
419 0.00403274287479
420 0.00050635126519
421 0.000516520601195
422 0.000503627731274
423 0.000284448942624
424 0.000453367475695
425 0.00217952104589
426 0.000517920880428
427 0.000675162460967
428 0.00658837915331
429 0.000682506145715
430 0.00175258137978
431 0.000870035756348
432 0.0308498149237
