1 0.000242012604434
2 0.000555543537047
3 0.00100611562306
4 0.00305062388671
5 0.000242718217372
6 0.000250955788648
7 0.00159427055143
8 0.000620029840796
9 0.000622013936287
10 0.000238517613035
11 0.000458921395209
12 0.000274337838475
13 0.000270948753463
14 0.00366479732019
15 0.00186709343088
16 0.00289373318881
17 0.00912122444539
18 0.000293799436986
19 0.00231084186706
20 0.000670841745646
21 0.00157230234287
22 0.00153281265134
23 0.00191630751496
24 0.0443173551992
25 0.000518397608028
26 0.000437667407783
27 0.00116563144995
28 0.00590100921537
29 0.000872110694108
30 0.00479350357918
31 0.00564264304886
32 0.000442095717613
33 0.00213543688953
34 0.00103316326531
35 0.00301274827959
36 0.00330951785253
37 0.000951619405106
38 0.000375948406955
39 0.000258808173866
40 0.0132642587133
41 0.000645331756511
42 0.000444372275978
43 0.00127979163392
44 0.00429889278592
45 0.000895309724139
46 0.000357616136556
47 0.00125037761404
48 0.000275060714621
49 0.000477559205044
50 0.0155265639697
51 0.00116574801309
52 0.0311306841148
53 0.000570415566108
54 0.000645490448807
55 0.000273142735679
56 0.000308891971948
57 0.00186709343088
58 0.000916729680043
59 0.000364561650162
60 0.00248074889285
61 0.000644180473601
62 8.28261912578e-05
63 0.00517964889704
64 0.0341579963336
65 0.000526049995792
66 0.0245282667747
67 0.000507261068183
68 0.000582193503871
69 0.000568876550904
70 0.00114641911223
71 0.00285737879335
72 0.0111983614549
73 0.000485191263729
74 0.00413928941188
75 0.000526889855925
76 0.000903007516701
77 0.000498461844729
78 0.00231250279513
79 0.00164492442825
80 0.00170660100587
81 0.00240967147053
82 0.756246491031
83 0.00731490750602
84 0.00021191950164
85 0.00105481704607
86 0.000658517088969
87 0.00373149607911
88 0.00114048766408
89 0.000386010627591
90 0.00172144188144
91 0.00111523779692
92 0.00230863055044
93 0.00217658220784
94 0.000541840489096
95 0.00156183765677
96 0.000384596692468
97 0.000891981487485
98 0.016083627846
99 0.000285992945507
100 0.000253291024351
101 0.00290832483988
102 0.000199073685258
103 0.00183067786472
104 0.00428174572097
105 0.00195753310178
106 0.00169612524825
107 0.00177477717933
108 0.00263300027005
109 0.0097577241178
110 0.000524003284647
111 7.10137608888e-05
112 0.000564633878966
113 0.00191630751496
114 0.00105481704607
115 0.0012111190922
116 0.00160770773674
117 0.000341747873504
118 0.00200612281048
119 0.000591212467217
120 0.000526049995792
121 0.000504095706089
122 0.00267386222514
123 0.000518397608028
124 0.00031587745323
125 0.000365655825735
126 0.0298278546056
127 0.00186709343088
128 0.00236669101534
129 0.00111523779692
130 0.000903704281761
131 0.000220293885812
132 0.0012320823739
133 0.000333311654527
134 0.00644447740406
135 0.00100781053162
136 0.00164948453608
137 0.0017728531856
138 0.00114048766408
139 0.00235369081463
140 0.000633842740067
141 0.000510939834995
142 0.000484989269032
143 0.00378698224852
144 0.00166597251145
145 0.00235835851961
146 0.000442840299743
147 0.00847415745593
148 0.000342847430465
149 0.0061975923321
150 0.00156985814643
151 0.342702972717
152 0.00231871703341
153 0.00267682850718
154 0.0188419612962
155 0.0476584496673
156 0.00166794340977
157 0.000221525148729
158 0.00128569387787
159 0.0037319716922
160 0.232530442916
161 0.081102644641
162 0.00222963821253
163 0.000537826869658
164 0.000358647059242
165 0.000498246173469
166 0.00137464197885
167 0.000571237419067
168 0.000781219860345
169 0.00100086296997
170 0.000315264236829
171 0.00044868506549
172 0.00118120169425
173 0.0132180041937
174 0.000386992743886
175 0.00485865434812
176 0.000846965269849
177 0.00157041477118
178 0.000923978966683
179 0.00396186859697
180 0.00020252363435
181 0.00273861233588
182 0.010238744701
183 0.0296229630043
184 0.00273211145268
185 0.00112691444469
186 0.00134086551694
187 0.000271706315662
188 0.00158806716407
189 0.000563498950416
190 0.0014337579035
191 0.00118451791218
192 0.000580076551542
193 0.00242519128305
194 0.00110960093648
195 0.016826528248
196 0.000274337838475
197 0.00109483131488
198 0.000254956270535
199 0.000582318391199
200 0.00179447344227
201 0.00155149864042
202 0.000431399993824
203 0.00049604369774
204 0.000531181501768
205 0.000550573291956
206 0.000375859495956
207 0.00024177378851
208 0.000309931395143
209 0.000545899205171
210 0.00118833626493
211 0.000837460324025
212 0.00489693998821
213 0.0031487680206
214 0.00104058272633
215 0.000469252893107
216 0.00118451791218
217 0.00112556366931
218 0.00072766626298
219 0.000522210227634
220 0.00207766360195
221 0.00117775247387
222 0.000537826869658
223 0.00102036879719
224 0.00103105799175
225 0.00104058272633
226 0.0604026069441
227 0.00282435169169
228 0.00223494738264
229 0.101280428197
230 0.0071737012253
231 0.000275848360477
232 0.0102681201984
233 0.00053423735968
234 0.000527722269928
235 0.000527722269928
236 0.00235137208405
237 0.000392429193216
238 0.000401202731934
239 0.00615691636165
240 0.000700385708163
241 0.00754255720586
242 0.00583703062415
243 0.163742414811
244 0.000270515927978
245 0.0013143363058
246 0.0108260171144
247 0.00232955463192
248 0.00160770773674
249 0.00182320291889
250 0.000273724467245
251 0.000438856015779
252 0.000562598792348
253 0.000750345413965
254 0.0588816444897
255 0.00736871189375
256 0.0026891063527
257 0.0133939812105
258 0.0244167961081
259 0.00126916614157
260 0.0476811207387
261 0.00222645638782
262 0.000341520592466
263 0.0010085881632
264 0.00157484961235
265 0.00144485059395
266 0.0012520529129
267 0.000403963187853
268 0.543321591638
269 0.00244617635642
270 0.00355705208671
271 0.000641
272 0.000597225742013
273 0.000275498759029
274 0.000282091225121
275 0.000524840350597
276 0.00158806716407
277 0.00080078125
278 0.000917531277283
279 0.00012878077165
280 0.000228269582811
281 0.000646523233525
282 0.000701723608614
283 0.0398039729541
284 0.000869319768359
285 0.0017098399473
286 0.00157626732509
287 0.00212353163596
288 0.000889801594276
289 0.00122201623521
290 0.000216836734694
291 0.00217129709994
292 0.000989757342779
293 0.0173156363023
294 0.000545752069891
295 0.00105948484185
296 0.00401044895365
297 0.00316388889689
298 0.00177778627728
299 0.000590268038355
300 0.000511414200378
301 0.00176601772932
302 0.00146667480469
303 0.00113622017422
304 0.00169835490878
305 0.00286144590087
306 0.000629350063719
307 0.000266640525439
308 0.000329246878252
309 0.000843731852039
310 0.00109924614553
311 0.000292873170011
312 0.00242898634863
313 0.000537826869658
314 0.199902636164
315 0.000383250165937
316 0.00379118724271
317 0.00089895486794
318 0.000920151958124
319 0.0069258271356
320 0.00115106534559
321 0.00170934756915
322 0.0182535462022
323 0.0142628169447
324 0.013180501739
325 0.00122308817821
326 0.000519114677511
327 0.00862121733313
328 0.000270515927978
329 0.000805216265917
330 0.000228701298237
331 0.00334849530262
332 0.000737085645257
333 0.000683855324662
334 0.000386010627591
335 0.000502862087843
336 0.00120842712542
337 0.00112986371019
338 0.00080078125
339 0.0020853531856
340 0.000356272895838
341 0.00551376396196
342 0.000580076551542
343 0.00105948484185
344 0.000558352778899
345 0.000812453100581
346 0.00151519995687
347 0.00142228918803
348 0.00148220048551
349 0.000767350409183
350 0.491345761955
351 0.000550573291956
352 0.00174746934783
353 0.000376745688824
354 0.000951619405106
355 0.0093388224069
356 0.000992998234043
357 0.000567974765563
358 0.000341574016492
359 0.000454177011416
360 0.00388332048715
361 0.000929191452873
362 0.01265625
363 0.000631120984821
364 0.000289300369112
365 0.00245757886482
366 0.00731412166957
367 0.000281201309501
368 0.00139266129986
369 0.0012211450777
370 0.00717059578791
371 0.00122066846508
372 0.000477442641899
373 0.00751058759208
374 0.00324981240232
375 0.000952353679338
376 0.00162651793837
377 0.000967095154041
378 0.00100781053162
379 0.000510939834995
380 0.00723309672299
381 0.0011973418773
382 0.00990290064673
383 0.00850282120431
384 0.00226757369615
385 0.00564589134693
386 0.00265104860752
387 0.0033337427629
388 0.00330951785253
389 0.000315264236829
390 0.00160770773674
391 0.000613900072784
392 0.000537826869658
393 0.0120317328933
394 0.000228269582811
395 0.00467942084097
396 0.00189293021068
397 0.000791342799052
398 0.00041320719886
399 0.00054794568587
400 0.00286829712365
401 0.00235369081463
402 0.00429470261099
403 0.00100603543636
404 0.0138444048973
405 0.00145695092782
406 0.00370650074302
407 0.000264392887831
408 0.00263789988309
409 0.00102115611879
410 0.000181387386775
411 0.00516561703575
412 0.000242536431736
413 0.000267039808094
414 0.000252449315231
415 0.00083080419139
416 0.00080365176862
417 0.000607785831468
418 0.0146152870064
419 0.00126272894571
420 0.00877509899475
421 0.000701723608614
422 0.000641938252311
423 0.00354570637119
424 0.0246531634696
425 0.0095710699446
426 0.00116449827288
427 0.00250928504308
428 0.0117208897371
429 0.000467494521549
430 0.00310347093402
431 0.00959758686308
432 0.00931479244123
