1 0.0022389559814
2 0.00634429911481
3 0.000438494638344
4 0.00379427542401
5 0.00611200156854
6 0.00137174211248
7 0.0002055472052
8 0.000606403656975
9 0.000981789011147
10 0.000554154652594
11 0.000164952463526
12 0.00447916666667
13 0.00219840040873
14 0.00110905635221
15 0.00079704074324
16 0.000242249472912
17 0.0144780918382
18 0.0065569608348
19 0.000602478625013
20 0.000582498206354
21 0.00191724228674
22 0.000830585753557
23 0.000252620499101
24 0.00147788610704
25 0.00115343538626
26 0.00243976799524
27 0.0149065796228
28 0.000811168082038
29 0.00439785335857
30 0.00379427542401
31 0.00401078099889
32 0.000322174758197
33 0.00117627412966
34 0.00701343999151
35 0.00126273048949
36 0.000550003696025
37 0.000218310008707
38 0.000570146751213
39 0.00556049316716
40 0.00162925022694
41 0.00159842092287
42 0.0112456224105
43 0.000501824231446
44 0.00462854160822
45 0.00546957430403
46 0.00191426649153
47 0.0160396851406
48 0.00692821850641
49 0.0371777205813
50 0.0060373020746
51 0.000199486749329
52 0.00673987237888
53 0.00105581900949
54 0.0216749344092
55 0.00147752746141
56 0.00295317437518
57 0.00045115636791
58 0.00031587745323
59 0.000589589629902
60 0.00250359657337
61 0.000494706247388
62 0.00119685206015
63 0.000289995610225
64 0.0022389559814
65 0.000487344665189
66 0.00219118799426
67 0.039588971521
68 0.000471334296156
69 0.234281593615
70 0.0014271602653
71 0.000926743184626
72 0.00735012534238
73 0.00343036054162
74 0.000749573365921
75 0.00104058272633
76 0.000510017144736
77 0.00158554228366
78 0.000673556146233
79 0.000837147718702
80 0.000488853184659
81 0.000241304552738
82 0.00124896347321
83 0.00394129101912
84 0.00925851617439
85 0.000509096951609
86 0.000877914951989
87 0.0146971289234
88 0.000885185438153
89 0.00134316493517
90 0.00364249035474
91 0.000315904332153
92 7.77437326129e-05
93 0.00192435775261
94 0.000534845848869
95 0.00132310951302
96 0.000809886109766
97 0.00776222903425
98 0.000266991328122
99 0.000286266431651
100 0.000866375719364
101 0.000221525148729
102 0.000403352741113
103 6.36600271616e-05
104 0.00120053245838
105 0.000297265160523
106 0.00164442418514
107 0.040095207425
108 0.00177742546351
109 0.00120053245838
110 0.004154881545
111 0.0202300502048
112 0.000366994025337
113 0.000607634254653
114 0.00190046351997
115 0.000930767020971
116 0.00103766308992
117 0.000238722393118
118 0.000589589629902
119 0.00238959896185
120 0.00110905635221
121 0.000554154652594
122 0.00169557149035
123 0.000503560371659
124 0.0078715823088
125 0.00071157875913
126 0.000264019995632
127 0.000221525148729
128 0.000680529300567
129 0.00106989073307
130 0.000302020590371
131 0.00025396422279
132 0.00134316493517
133 0.00026249256395
134 0.00430646332607
135 0.00982766985581
136 0.00292678256135
137 0.00192435775261
138 0.00277841845272
139 0.000469319284292
140 0.000231924049643
141 0.000868218233814
142 0.000787320734177
143 0.0012074296827
144 0.000248127866128
145 0.000523196135706
146 0.0845248275464
147 0.0245911655268
148 0.00196009789065
149 0.0556975846696
150 0.00218681638062
151 0.00145860886015
152 0.0010931902579
153 0.00142245562496
154 0.00164492442825
155 0.00252839629472
156 0.000759501519003
157 0.00305220022482
158 0.00698578033202
159 0.000555041300038
160 0.00180118061761
161 0.00168387461767
162 0.000814194309216
163 0.000673556146233
164 0.00118451791218
165 0.00146606445313
166 0.00400451660156
167 0.000385071309045
168 0.0024595292516
169 0.000227632883883
170 0.000673556146233
171 0.000263731212503
172 0.000192316902336
173 0.0032777992902
174 0.00778359214049
175 0.000264706307117
176 0.0581605477488
177 0.00999747645585
178 0.000157725208185
179 0.000448105446023
180 0.000692520775623
181 0.00575524028824
182 0.00286137562399
183 0.000582226362974
184 0.0641961378569
185 0.0168241877674
186 0.00272063839355
187 0.00441873137989
188 0.000233249631092
189 0.0115697704082
190 0.000222351734387
191 0.00184199377406
192 0.000499721761568
193 0.00463799806927
194 0.00118191527234
195 0.000314168743325
196 0.000568883525188
197 0.000305594803183
198 0.000448105446023
199 0.000637891370339
200 0.0114019648932
201 0.066888231214
202 0.000458921395209
203 0.00739031599788
204 0.00746463162738
205 0.00499824056297
206 0.000226981745702
207 0.000192316902336
208 0.00279376986121
209 0.0277207762899
210 0.000435592664792
211 0.00404232457383
212 0.000458921395209
213 0.000805837614954
214 0.00162644583312
215 0.00125167798355
216 0.0036709072489
217 0.00238420479058
218 0.000500926112196
219 0.00103872038625
220 0.000556247775009
221 0.00120730895181
222 0.000187374349321
223 0.000542850914031
224 0.000325964257138
225 0.00045115636791
226 0.00693374319222
227 0.000784427592089
228 0.0144151994235
229 0.0016618171046
230 0.0502046034107
231 0.00558771687655
232 0.0836239356312
233 0.0188130404825
234 0.00126995237423
235 0.000458921395209
236 0.00020263167893
237 0.000328187355598
238 0.000205179335556
239 0.00315967254215
240 0.000448865268601
241 0.0178766166793
242 0.000613630762771
243 0.000820509615835
244 0.000415021238206
245 0.00120853211516
246 0.000877914951989
247 0.00323172878628
248 0.000699652431902
249 0.000170502781919
250 0.00149764226964
251 0.00110905635221
252 0.00104240250955
253 0.000781387175065
254 0.0158499269524
255 0.000516338781988
256 0.00278217160266
257 0.00816182554886
258 0.0243664485425
259 0.00111523779692
260 0.000663117758662
261 0.000897007483368
262 0.00317556481374
263 0.000362563101038
264 0.0062760446724
265 0.00232658726724
266 0.000363142275321
267 0.000811793983336
268 0.00042576396735
269 0.00821089985063
270 0.00125646803651
271 0.00200979534575
272 0.000570487718049
273 0.000219072859697
274 0.000465278672147
275 0.000503430068987
276 0.000166015625
277 0.000391235351563
278 0.00137174211248
279 0.00345012679159
280 0.000237142214
281 0.000465278672147
282 0.00023397884685
283 8.66563512852e-05
284 0.0468802245349
285 0.000905758757464
286 0.000664067443837
287 0.000170039899597
288 0.00262257431274
289 0.00301193755739
290 0.00511664937239
291 0.000530909554248
292 0.00332141930055
293 0.0303130676062
294 0.00411004702464
295 0.000877914951989
296 0.0704481211701
297 0.00170121529549
298 0.00284390508872
299 0.00101856043459
300 0.000792236134177
301 0.00388935082016
302 0.000798600451247
303 0.000245697754931
304 0.00161136491104
305 0.00359524438625
306 0.00149181486781
307 0.000226981745702
308 0.00490969337053
309 0.000291297881426
310 0.000364084442115
311 0.000327923217798
312 0.000863544591521
313 0.0014315472062
314 0.000321743851676
315 0.00126916614157
316 0.0169289141234
317 0.224767118043
318 0.00321765000552
319 0.000366994025337
320 0.00136850688482
321 0.00150041400428
322 0.000731463978156
323 0.00253456123539
324 0.000465278672147
325 0.00350588642659
326 0.00216813694602
327 0.0129791611657
328 0.00114263043047
329 0.000848214941061
330 0.0267897251677
331 0.000227632883883
332 0.01
333 0.000567974765563
334 0.00245560029114
335 0.000322174758197
336 0.000856632956573
337 0.00195928186322
338 0.00079799724427
339 0.00159004668045
340 0.0573197000075
341 0.013604377029
342 0.00092349648802
343 0.0237220657783
344 0.00349846722334
345 0.00159004668045
346 0.000513783656354
347 0.000501997024043
348 0.000177186663381
349 0.00215080865364
350 0.000886116945444
351 0.00123026692334
352 0.00388871363052
353 0.000391235351563
354 0.00075060987052
355 0.0407661106539
356 0.00020263167893
357 0.000471720815927
358 0.000874474486724
359 0.00250347584247
360 0.00015455493311
361 0.000432584627396
362 0.00113548984087
363 0.000103547485765
364 0.0362247324928
365 0.00541027512414
366 0.000935902118335
367 0.000321563577775
368 0.19461875504
369 0.0012879734765
370 0.0216177720363
371 0.000860826991709
372 0.000888590878418
373 0.000174851444573
374 0.00165223771841
375 0.00665106892264
376 0.000546304678222
377 0.00248259144812
378 0.00986680142575
379 0.00136967077701
380 0.00134406135637
381 0.0005789604834
382 0.022370877869
383 0.000541698215251
384 0.00100581387925
385 0.00105342942665
386 0.00367162736388
387 0.00190046351997
388 0.000534845848869
389 0.000554154652594
390 0.00122160429824
391 0.000589122443209
392 0.00698234833933
393 0.000432584627396
394 0.00146743895532
395 0.00109648675305
396 0.00717762278035
397 0.00403194729655
398 0.000562511655541
399 0.000415136473625
400 0.000860826991709
401 0.00669664948334
402 0.000139571924697
403 0.180982935344
404 0.0741305050081
405 0.00323321736322
406 0.000554154652594
407 0.141111300783
408 0.000491203913284
409 0.000469319284292
410 0.000565846136337
411 0.000479669783647
412 0.000792115403282
413 0.00102582287458
414 0.000564083790643
415 0.000821182502804
416 0.0242621868965
417 0.000769599468195
418 0.0624503271268
419 0.0226581909975
420 0.000792253036817
421 0.00194065466785
422 0.00275090473971
423 0.0899588741855
424 0.00359552952003
425 0.00287727895825
426 0.00200583631768
427 0.0010219343682
428 0.00303673067465
429 0.00123061490794
430 0.00152101890659
431 0.00230128191013
432 0.0192259275886
