1 0.000775189625379
2 0.0268928664637
3 0.000405169574812
4 0.000282465927547
5 0.000953537573523
6 0.00333790529527
7 0.00229425080433
8 0.000926766841326
9 0.000509096951609
10 0.00398931008045
11 0.00187292327911
12 0.000307673817679
13 0.00363526028501
14 0.230993870678
15 0.0333246469213
16 0.00241252107864
17 0.00419424652125
18 0.000812141907524
19 0.00019664306868
20 0.000730021822253
21 0.000292496590388
22 8.3825853342e-05
23 0.00130775207698
24 0.000626414354718
25 0.0003738375894
26 0.106387571048
27 0.000822926044544
28 0.0021190155564
29 0.00122713617096
30 0.00151993350922
31 0.000224438552932
32 0.00016932134424
33 0.000649444439249
34 0.00109024563902
35 0.00018765246763
36 0.000167844088577
37 0.0223015094795
38 0.24050485725
39 0.00223631886252
40 0.0138428533961
41 0.000556247775009
42 0.000215555726802
43 0.000681574348914
44 0.000282465927547
45 0.00481018360436
46 0.000872835828127
47 0.00131837610101
48 0.00440607953779
49 0.00138504749813
50 0.00111317158561
51 0.0215726731465
52 0.00223474840126
53 0.000465867061454
54 0.000923978966683
55 0.0014252121323
56 6.22176681279e-05
57 0.000239905012609
58 0.00093393020313
59 0.00228795627859
60 0.00049936019475
61 0.000556569197129
62 0.000282465927547
63 0.000483006606867
64 0.000651574508098
65 0.00166727884742
66 0.0194358987631
67 0.00459417987878
68 0.000266012442316
69 0.00134668798923
70 0.000646365986785
71 0.00117020349269
72 0.00143108714074
73 0.00257778329443
74 0.00103113525477
75 0.00443713750866
76 0.0284633595843
77 0.0854972736512
78 0.000140633241859
79 0.00170788213244
80 0.00229520634402
81 0.000492950414709
82 0.000732860995484
83 0.000375578390722
84 0.00152685250897
85 0.00121217109571
86 0.000588487441969
87 0.000525086093116
88 0.000259447772623
89 0.00388197625989
90 0.0299952595002
91 0.00305567544642
92 0.00112912191117
93 0.00454472041781
94 0.243841765471
95 0.00417959387494
96 0.00210167767274
97 0.0003325499043
98 0.0015341843232
99 0.000598380358935
100 0.00225004662217
101 0.0024219449891
102 0.000584377698429
103 0.00211112803237
104 0.00825417262054
105 0.000420603232521
106 0.000371839912436
107 0.00104373680199
108 0.00275646534465
109 0.0012383794429
110 0.000723923666271
111 0.00311414713642
112 0.000254406279346
113 0.000315648432065
114 0.000256155134238
115 0.000496708242412
116 0.000244140625
117 0.000264931092044
118 0.0139085234934
119 0.0030795724568
120 0.000612725715247
121 0.000282465927547
122 0.000822698400597
123 0.00314621689694
124 0.000825472974996
125 0.00045039072296
126 0.000184480040124
127 0.000567453959982
128 0.000239905012609
129 0.000298464051569
130 0.00383859453707
131 0.00149415407731
132 0.00188385300422
133 0.000244140625
134 0.000840931279919
135 0.000245573701254
136 0.000420603232521
137 0.000437811624889
138 0.00152685250897
139 0.000317968420903
140 0.00049936019475
141 0.00130633217602
142 0.000475065159937
143 0.000893924002686
144 0.412781850976
145 0.133662636884
146 0.000596046447754
147 0.000557137771449
148 0.020767662375
149 0.00156495813133
150 0.000978260131144
151 0.00162377185769
152 0.000116244432981
153 0.000542376281282
154 0.00148232951178
155 0.00138504749813
156 0.000186081023335
157 0.00540266300679
158 0.0232585403889
159 0.0154953487825
160 0.000824156956114
161 0.000651574508098
162 0.0162969669534
163 0.00647826349491
164 0.000237599355512
165 0.00377269858047
166 0.00103480151056
167 0.00152088733959
168 0.000620723162202
169 0.000943626376036
170 0.000441452454331
171 0.00187378152534
172 0.000254874248763
173 0.00556568180316
174 0.000475065159937
175 0.000590268038355
176 0.000683497799991
177 0.000360336675528
178 0.000399360767182
179 0.00183760263533
180 0.000922164624253
181 0.00120749541599
182 0.000744485294118
183 0.00222372404844
184 0.00223064320213
185 0.000183443911211
186 0.000491855546109
187 0.0013227701808
188 0.000309141408043
189 0.000541346616054
190 0.000447347551112
191 0.00117104483222
192 0.00122150748574
193 0.000394808004327
194 0.000646804423935
195 0.000788414157803
196 0.000134349084961
197 0.000344059559818
198 0.0261439435347
199 0.194953635142
200 0.000557298786159
201 0.000980310098092
202 0.00177547509379
203 0.00039745223578
204 0.00220369612145
205 0.00119747278879
206 0.00147583512003
207 0.00249566627913
208 0.00145527496801
209 0.000545757514378
210 0.00110947998923
211 0.010431008593
212 0.0027605210766
213 0.0147453640594
214 0.00993809575172
215 0.00575211463199
216 0.471883177621
217 0.0102998706017
218 0.000447885172588
219 0.000210848721591
220 0.000542376281282
221 0.00134171654814
222 0.000460389943674
223 0.000292715778222
224 0.000252936433912
225 0.000584573252173
226 0.000369254183354
227 0.00228411663337
228 0.0021190155564
229 0.0012620087928
230 0.0113161212414
231 0.0931757326824
232 0.00116924657008
233 0.035297796106
234 0.000828114486828
235 0.000292761208056
236 0.0010203318437
237 0.00037385722715
238 0.000993021465982
239 0.00633684991044
240 0.000970364086587
241 0.000949990617377
242 0.753413795268
243 0.00145569385744
244 0.00478639229104
245 0.00040827791433
246 0.000927968775216
247 0.00092351342747
248 0.00102218197994
249 0.000467696746926
250 0.000588941521785
251 0.000376179316147
252 0.000525086093116
253 0.00165424149033
254 0.0012111190922
255 0.000368121502478
256 0.000271209367772
257 0.00241252107864
258 0.00511786931014
259 0.0498690254966
260 0.00120284673728
261 0.000763336747538
262 0.00241682818079
263 0.00389301690093
264 0.00727939308371
265 0.00145895478204
266 0.0314743248437
267 0.557232330803
268 0.0904569822126
269 0.000553112519016
270 0.00177819712585
271 0.0032313885585
272 0.000541572083199
273 0.000317968420903
274 0.00208383784323
275 0.00093393020313
276 0.000946180830794
277 0.000926052294802
278 0.000371962080978
279 0.000164052641067
280 0.000292715778222
281 0.00093263625984
282 0.00121918985666
283 0.00176372670607
284 0.00254743100944
285 0.000840807901649
286 0.00106864102617
287 0.00169265573525
288 0.00982367011865
289 0.0109494812358
290 0.00103376595642
291 0.000264931092044
292 0.000483862088294
293 0.000680714264703
294 0.00148289741515
295 0.00241802286131
296 0.00343211022476
297 0.0009765625
298 0.000179502155757
299 0.000173130193906
300 0.0023743860851
301 0.0193604484255
302 0.0400261452745
303 0.000279212333794
304 0.00134121365347
305 0.000161249685059
306 0.000337414519406
307 0.00109024563902
308 0.000189595362023
309 0.000799878476015
310 0.00141476455832
311 0.00093393020313
312 0.0352629341264
313 0.00173610451417
314 7.53229821578e-05
315 0.00300758725564
316 0.0110870740941
317 0.0018549078071
318 0.000215514660983
319 0.000382381986032
320 0.000576
321 0.00110226072667
322 0.000365112139551
323 0.000908782508777
324 0.00297689779051
325 0.00927557470037
326 0.00134025132361
327 0.000462879301815
328 0.000264931092044
329 0.0024103709598
330 0.00174500283081
331 0.00141663393577
332 0.00152685250897
333 0.00173022100132
334 0.000536830432874
335 0.00189371831315
336 0.000187324598406
337 0.00152088733959
338 0.00511737394239
339 0.00311783349223
340 0.0261364927653
341 0.000221281430534
342 0.00556212279993
343 0.00092667304189
344 0.00573111586593
345 0.00318559451427
346 0.0355347335661
347 0.00136760412958
348 0.000729843637772
349 0.000949353676626
350 0.00207713877075
351 0.00628882959221
352 0.0614031043993
353 0.0015102186759
354 0.00731280251744
355 0.00114089988235
356 0.00019458668951
357 0.00199083729854
358 0.000124228565454
359 0.0074486010407
360 0.000537689361567
361 0.000588487441969
362 0.000461920725468
363 0.000547076472922
364 0.000571237419067
365 0.00171597593628
366 0.00309110703981
367 0.00045423855446
368 0.0416606078232
369 0.0341525381677
370 0.543659387688
371 0.0114545974781
372 0.0162053001715
373 0.000475113411456
374 0.00275713830982
375 0.0053207984688
376 0.00220288163709
377 0.000759825365622
378 0.01374149742
379 0.00576399706913
380 0.00253103276296
381 0.00116449827288
382 0.00013888860625
383 0.00173094162648
384 5.99891575152e-05
385 0.000194356654465
386 0.00134115796506
387 0.00109024563902
388 0.00059575271903
389 0.000679651422613
390 0.000704832015036
391 0.00367485078076
392 0.00435840207789
393 0.000483458375007
394 0.00274464341753
395 0.000182923910084
396 0.00084015963033
397 0.00138740207887
398 0.000343768789035
399 0.00200511488471
400 0.000556247775009
401 8.31477905784e-05
402 0.00517654574106
403 0.00819200399488
404 0.157087688011
405 0.0563653600075
406 0.00293173691097
407 0.0324641361174
408 0.00166206625032
409 0.000716815651881
410 0.00100249928642
411 0.00138426937271
412 0.000560278113061
413 0.000502724768244
414 0.000485084804602
415 0.25812207765
416 0.00186851741688
417 0.000980718390511
418 0.000689614080926
419 0.000210401084803
420 0.001970117314
421 0.0012594863053
422 0.00151342114632
423 0.0337422879302
424 0.000410431247849
425 0.00173836286126
426 0.000913385871089
427 0.000342159217044
428 0.00722823815365
429 0.000259912732696
430 0.0287657220436
431 0.000391808015326
432 0.0873584557243
