1 0.000891067052796
2 6.94444444444e-05
3 0.00146395700371
4 0.00101656350478
5 0.000632568044079
6 0.00095817662537
7 0.00245132021689
8 0.000760998810939
9 0.00082709887642
10 0.000234676324129
11 0.000926488242356
12 0.0400126094447
13 0.000216963728504
14 0.00159842092287
15 0.000670345048873
16 0.000662170109253
17 0.000207464022752
18 0.000575631536872
19 0.00368091951309
20 0.00198429752066
21 0.0399245360506
22 0.00119808084764
23 0.0837752316536
24 0.00443380260991
25 0.000169872430432
26 6.97023623077e-05
27 0.000846280991736
28 0.0011543253827
29 0.000406750935668
30 0.000727247614637
31 0.000334948948421
32 0.00055507549534
33 0.000113354459031
34 0.000599554315304
35 0.000222351734387
36 0.000770981048429
37 0.00217571753184
38 0.123683038502
39 0.20316656027
40 0.00221792759524
41 0.00103660791224
42 0.000212396694215
43 0.000381469726563
44 0.0054745694956
45 0.000158093041138
46 0.00339834710744
47 0.00245955226818
48 0.00737743368738
49 0.00544631109247
50 0.0131110684587
51 0.00405624201775
52 0.00024177378851
53 0.00842042748286
54 0.00567225509533
55 0.000899768650498
56 0.0436504039344
57 0.000475065159937
58 0.00173806480979
59 0.00114523571194
60 0.00104065485909
61 0.000586982898743
62 0.000477009795978
63 0.00282488064976
64 0.000590268038355
65 0.0111971533517
66 0.00510312174818
67 0.0013694214876
68 0.0011749060359
69 0.00171066764656
70 0.00240513204445
71 0.0076709825528
72 0.00019458668951
73 0.0021837307461
74 0.00125899615298
75 0.00425683648155
76 0.00187039072548
77 0.00313311345248
78 0.0016955017301
79 0.0160342772318
80 0.0120337616415
81 0.0444472400136
82 0.000537826869658
83 0.00166323910621
84 0.000632568044079
85 0.000542850914031
86 0.000232494684106
87 0.000300681282208
88 0.000668385576132
89 0.00050453312926
90 0.000445085367373
91 0.000169872430432
92 0.00491044168532
93 0.00254477415691
94 0.00123316326531
95 0.000599554315304
96 0.00464774406225
97 0.580988564661
98 0.00943817283685
99 0.0031024521495
100 0.00145818262598
101 0.000662170109253
102 0.000137195089273
103 0.000489737718244
104 0.000494184952388
105 0.00128232090724
106 0.106699250657
107 0.0101801765569
108 0.000238517613035
109 0.00112565565533
110 0.00109886755594
111 0.000483033450066
112 0.000239280459061
113 0.000467696746926
114 0.000245774841331
115 0.00193963194885
116 0.000974546063007
117 0.0101681182039
118 0.00122337614996
119 0.000622793681878
120 0.00521604938272
121 0.00243560473166
122 0.00024177378851
123 0.00243624588153
124 0.000235793661279
125 0.00209878105707
126 0.00397050864995
127 0.000909706801159
128 0.0076527922559
129 0.00159759402472
130 0.000466023118022
131 0.00118336797457
132 0.000191568587541
133 0.000263133962768
134 0.00103376595642
135 0.000483033450066
136 0.000189269456863
137 0.00122397980433
138 0.000741693073789
139 0.00221318813296
140 0.0967623741628
141 0.000136474801293
142 0.000313986076534
143 0.0176171530408
144 0.00803923062148
145 0.00118126531521
146 0.00113258136095
147 0.00235182149982
148 0.00219866761292
149 0.00227433752146
150 0.00180484130786
151 0.0007196146064
152 0.00163267315686
153 0.00294415733274
154 0.00185130476225
155 0.00575623424321
156 0.00129811851211
157 0.000567644027627
158 0.000251453469812
159 0.000505340382267
160 0.00281621191995
161 0.001024
162 0.000234426867517
163 0.000234876176216
164 0.000241617224623
165 0.000487738640762
166 0.000653994490358
167 0.000590268038355
168 0.00219565734669
169 0.000529932270416
170 0.000874003118735
171 0.00500605589141
172 0.00134979021078
173 0.000279265206326
174 0.0244883492983
175 0.0003738375894
176 0.000259890796046
177 0.00646396714079
178 0.00115522355392
179 0.00152259986305
180 0.00173836286126
181 0.000508274728438
182 0.00336844487995
183 0.0211383329498
184 0.000863016528926
185 0.0110914043855
186 0.089126278025
187 0.000852299975739
188 0.000592522177629
189 0.000290881402733
190 0.00030735548391
191 0.000232944372139
192 0.00153258761317
193 0.000437667407783
194 0.000606323328998
195 0.000275986663084
196 0.000368086910823
197 0.000313986076534
198 0.0133154949868
199 0.0018612998413
200 0.0240077124094
201 0.000524281596646
202 0.00361768843878
203 0.000474237880756
204 0.000785865321947
205 0.000133884297521
206 0.000517355371901
207 0.00644591262744
208 0.00187627992373
209 0.00353191417336
210 0.000783051703645
211 0.00164873336223
212 0.00288070584082
213 0.00398327700701
214 0.00101137484548
215 0.000610686899656
216 0.000366994025337
217 0.00119837334785
218 0.00115343538626
219 0.000368240216492
220 0.00042368960275
221 0.00219565734669
222 0.00177044798534
223 0.000564890018669
224 0.000236248717786
225 0.000537826869658
226 0.0227167412322
227 0.0194890110241
228 0.0463789479952
229 0.00285097359731
230 0.00193273856911
231 0.0070343130439
232 0.00133317489966
233 0.00164701123353
234 0.000791836734694
235 0.001443143292
236 0.000553091854938
237 0.011378683689
238 0.000739027890772
239 0.0058158542876
240 0.00220379912215
241 0.00584062857667
242 0.066573990581
243 0.000333943157515
244 0.00017906862021
245 0.00446998816252
246 0.000487738640762
247 0.000171829293195
248 0.000179268570228
249 0.00076158600138
250 0.00100959032912
251 0.00095817662537
252 0.000493827160494
253 0.000234062253675
254 0.00020620012711
255 0.00551857185182
256 0.00265115436849
257 0.00169620789492
258 0.00101545418112
259 0.10168767944
260 0.00107282521662
261 0.00098202325352
262 0.000662170109253
263 0.00926241821078
264 0.00385255648038
265 0.00117104483222
266 0.00164534998465
267 0.00022932397938
268 0.00458332066248
269 0.00199865391405
270 0.0113864480559
271 0.00100469025823
272 0.0028279002995
273 0.000645104401079
274 0.00283210790843
275 0.000486878052239
276 0.000199777747256
277 0.00082709887642
278 0.00372710995422
279 0.00235835851961
280 0.000499342130376
281 0.000156985004866
282 0.00042368960275
283 0.0345722432737
284 0.00424580692906
285 0.00534089121794
286 0.303172996399
287 0.0168309539117
288 0.000211570247934
289 0.000613665326929
290 0.000332822532643
291 0.00123492681641
292 0.0042135209292
293 0.00172303546954
294 0.00100475769384
295 0.00318608710889
296 0.00110308281964
297 0.0007196146064
298 0.00359562732329
299 0.544200962478
300 0.000409700636051
301 0.000499342130376
302 0.00112011111111
303 0.00490969337053
304 0.000541861081804
305 0.000251952632905
306 0.00111609831991
307 0.000483033450066
308 0.000234876176216
309 0.000137195089273
310 0.000529932270416
311 0.00192922373524
312 0.00757186777993
313 0.00224454829711
314 0.000703555741081
315 0.00296336099291
316 0.0437735238134
317 0.000587497683664
318 0.00114424937822
319 0.00354779411765
320 0.00051652892562
321 0.00189371831315
322 0.00180942517451
323 0.00105376048577
324 0.00327801894548
325 0.000829504545296
326 0.00104619989683
327 0.00164944462262
328 0.000465278672147
329 0.000234876176216
330 0.000474237880756
331 0.000315426011304
332 0.000445797503961
333 0.000703124832526
334 0.000343523641501
335 0.00230324785767
336 0.00245223275352
337 0.000843623703479
338 0.000323580770405
339 0.0123363683928
340 0.0866022166416
341 0.000486378370503
342 0.00084321197888
343 0.000751503745791
344 0.00173210733721
345 0.000139679482445
346 0.00104043245631
347 0.00039307573484
348 0.00117104483222
349 0.00550676802929
350 0.0116063799508
351 0.00762897931819
352 0.00442671985813
353 0.000499137091796
354 0.000596499432037
355 0.00155681382788
356 0.000292746774709
357 0.00046208363492
358 0.000590268038355
359 0.000275986663084
360 0.001024
361 0.208697485535
362 0.0121002886201
363 0.0101074789933
364 0.000353326926338
365 0.0118901699373
366 0.0124864118763
367 0.00416531047401
368 0.0991698161146
369 0.00160728735647
370 0.00898800475125
371 0.000645692400599
372 0.00147424986173
373 0.0336279223112
374 0.0176018121498
375 0.00105542528795
376 0.00228251299107
377 0.00442393953779
378 0.000571377714489
379 0.000573428164589
380 0.000234876176216
381 0.000232944372139
382 0.00090754713678
383 0.000139456352281
384 0.000567644027627
385 0.00433670434265
386 0.00126656623634
387 0.00207545497144
388 0.031899621417
389 0.000383562901745
390 0.000482109483136
391 0.000788048890901
392 0.000911319563718
393 0.00601799816345
394 0.00125889318694
395 0.00084833631822
396 0.00514144400197
397 0.00083964100346
398 0.00491768774256
399 0.000996371869069
400 0.000614077568338
401 0.0159543255347
402 0.00111523779692
403 0.00143379531002
404 0.000525578788057
405 0.000271074380165
406 0.000333943157515
407 0.000448871693423
408 0.000465278672147
409 0.000273770731984
410 0.00165081172358
411 0.000573428164589
412 0.000266797540193
413 0.000266797540193
414 0.00283217451096
415 0.00293381045446
416 0.00118073682699
417 0.000315737466246
418 0.000497569177967
419 0.00474812033977
420 0.000257747607592
421 0.000249078546737
422 0.000278512396694
423 0.00457305991412
424 0.00282742753785
425 0.000337910899654
426 0.000839100346021
427 0.00307375753155
428 0.00185073701883
429 0.10829198782
430 0.00413401870228
431 0.00157683177343
432 0.00520413430265
