1 0.00101137484548
2 0.162228063345
3 0.000954590807421
4 0.000871454485433
5 0.00106676987448
6 0.000661157024793
7 0.00020777534291
8 0.00156657384233
9 0.00308240100448
10 0.00106912962454
11 0.00130898266943
12 0.0041124332834
13 0.00146774655972
14 0.00665887709242
15 0.0028512709523
16 0.0956999684063
17 0.000212729005683
18 0.000604359457919
19 0.000974781679591
20 0.000312152730088
21 0.00644537244973
22 0.000252272877719
23 0.00141677079685
24 0.000210860375971
25 0.00199516540096
26 0.00025838909598
27 0.080973960476
28 0.273813028753
29 0.000537689361567
30 0.00055200846988
31 0.000933314963613
32 0.000583757488401
33 0.000216262975779
34 0.00227433752146
35 0.000928195297144
36 0.000575631536872
37 0.000257951133186
38 0.00106332703214
39 0.00453706360857
40 0.00345464642383
41 0.0122158993117
42 0.000881491998268
43 0.00229678495168
44 0.00238280501273
45 0.00145544563344
46 0.00172934924368
47 0.00461624470153
48 0.000195951009186
49 0.00122636224621
50 0.000395557352968
51 0.00447830137079
52 0.000596517215787
53 0.0564329129727
54 0.00146094719113
55 0.000576552547331
56 0.00029520026159
57 0.00493989474183
58 0.000583757488401
59 0.000225281513892
60 0.000524963437051
61 0.000421294161739
62 0.000420603232521
63 0.083292584704
64 0.000603920880663
65 0.00655350782698
66 0.00146166901476
67 0.0020457241319
68 0.00500909309921
69 0.000209662835952
70 0.00794831696096
71 0.00204066368741
72 0.00161439427024
73 0.00424961201042
74 0.00194762916238
75 0.00169804492225
76 0.00422204405196
77 0.00153035909637
78 0.000884210832735
79 0.00103501067355
80 0.00334175484238
81 0.000802033938506
82 0.00949091371644
83 0.000273091272726
84 0.000494706247388
85 0.00181866246125
86 0.000203354717353
87 0.000606557252949
88 0.00047916145215
89 0.000210039907582
90 0.00491819868443
91 0.000374996775028
92 0.000294157634446
93 0.00313521614698
94 0.00295047322508
95 0.000563348185721
96 0.00453337307906
97 0.0223989473708
98 0.0010203318437
99 0.00218715336959
100 0.0020457241319
101 0.00132549483849
102 0.0254239258479
103 0.000152203289398
104 0.00105186267348
105 0.000558412972663
106 0.00157147025187
107 0.000639616999116
108 0.00025494276795
109 0.00220479510639
110 0.0277503597171
111 0.000113258067075
112 8.84045211184e-05
113 0.000233628604387
114 0.0014653090634
115 0.00491819868443
116 0.000777593312698
117 0.00227433752146
118 0.00017659849229
119 0.000195951009186
120 0.0017015426955
121 0.00102582287458
122 0.00655706535101
123 0.000978073668331
124 0.00179210058509
125 0.00105024005487
126 0.0020043236947
127 0.000557298786159
128 0.000271955301964
129 0.0125775176871
130 0.00225690277591
131 0.00020263167893
132 0.000504656639387
133 0.000715296702952
134 0.000498122623492
135 0.000762930415408
136 0.0211917793617
137 0.000550003696025
138 0.00107840727793
139 0.000250955788648
140 0.0045260262028
141 0.000583757488401
142 0.000421968232398
143 0.00136300293583
144 0.00417229459033
145 0.000252955428463
146 0.000584207918562
147 0.000260145681582
148 0.000273386103413
149 0.00441532449371
150 0.0159605226618
151 0.000420265862414
152 0.000233747260774
153 0.00188358490683
154 0.0359020083102
155 0.00410220892016
156 0.00204622357627
157 0.00360987654321
158 0.00198053256334
159 0.00269228956546
160 0.00088636711582
161 0.000522210227634
162 0.0246874671906
163 0.0388414808128
164 0.000529932270416
165 0.000288309291628
166 0.00150516967168
167 0.00336063852132
168 0.00103501067355
169 0.000575631536872
170 0.00268550541723
171 0.000507370727321
172 0.00578456655426
173 0.000410431247849
174 0.000754126572558
175 0.244016622455
176 0.00416735197368
177 0.0124108706034
178 0.000697610951631
179 0.000633862728949
180 0.00050427228551
181 0.00167125415893
182 0.0019731337909
183 0.000649614413526
184 0.000166732193105
185 0.0506590073566
186 0.211445838802
187 0.0016054157708
188 0.000250514844847
189 0.00114048766408
190 0.000873595573782
191 0.00100073819886
192 0.000524124837312
193 0.000888118942152
194 0.00108148281609
195 0.00211377420456
196 0.000933314963613
197 0.00157419397138
198 0.00106566025485
199 0.000592882316561
200 0.00864872087351
201 0.00235434637286
202 0.0101148275013
203 0.00265500262222
204 0.00229927112029
205 0.00199796349554
206 0.00887574004516
207 0.000577568066117
208 0.000528599660038
209 0.00152020601893
210 0.000282276130188
211 0.00210149157937
212 0.000239923592973
213 0.000536830432874
214 0.00108285512802
215 0.00222700328985
216 0.000271586923676
217 0.00890009454613
218 0.00108148281609
219 0.00211289419865
220 0.000512792743121
221 0.00106332703214
222 0.000873595573782
223 0.000468938160607
224 6.8679222246e-05
225 0.0058209227557
226 0.00128651383568
227 0.109963115444
228 0.000173987626489
229 0.00397641125189
230 0.101628660341
231 0.0265866018453
232 0.000361227928666
233 0.346688730521
234 0.00236509270979
235 0.00393537788042
236 0.000699174790463
237 0.0109429375796
238 0.00111523779692
239 0.000498558026562
240 9.21461114341e-05
241 0.00101137484548
242 0.000329618923607
243 0.000924488677867
244 0.00051652892562
245 0.00295527228503
246 0.000211186098675
247 0.000269235147818
248 0.000153598679051
249 0.00220290919025
250 0.00603128567055
251 0.00518417377514
252 0.00443322785682
253 0.000507264020778
254 0.000400038954294
255 0.000541502216696
256 0.00151313772844
257 0.00618152722627
258 0.00095619678588
259 0.02277789953
260 0.000860200953958
261 0.00334919773057
262 0.0196456633767
263 0.000887465793476
264 0.010745092207
265 0.0182998689842
266 0.00108682526265
267 0.001024
268 0.000521188635323
269 0.000684025190269
270 0.00102479012346
271 0.000415136473625
272 0.00136300293583
273 0.000498791350239
274 0.000223841586579
275 0.000257027080213
276 0.000494617283951
277 0.000594172719246
278 0.109058050567
279 0.000181938658681
280 0.000636204912186
281 0.000462481211701
282 0.0087998011666
283 0.000239338318194
284 0.00121183491049
285 0.000667639503122
286 0.00346105238971
287 0.000326116311421
288 0.000649113554302
289 0.120544474898
290 0.108044621544
291 0.00846139660987
292 0.399995244371
293 0.000715039363688
294 0.00053371673801
295 0.0185262735341
296 0.00105376048577
297 0.000219885745305
298 0.000190578144111
299 0.00060510387156
300 0.000583757488401
301 0.00133317489966
302 0.00194870546222
303 0.000805315774523
304 0.31481450361
305 0.00109886755594
306 0.00441532449371
307 0.000363580867567
308 0.0008588096061
309 0.00328255925735
310 0.00437461507237
311 0.00238309703434
312 0.000981668700448
313 0.00745806747981
314 0.00626350314216
315 0.00316179955057
316 0.000409575211774
317 0.00199599637364
318 0.000737085645257
319 0.0115311161887
320 0.00852728468113
321 0.0310897769289
322 0.000550749716551
323 0.000303776799996
324 0.000509837841387
325 0.00156657384233
326 0.000488519022587
327 0.000522210227634
328 0.000374996775028
329 0.00120982986767
330 0.00156657384233
331 0.000766612675657
332 0.00204935407615
333 0.00877476848832
334 0.130698940182
335 0.00292198166635
336 0.00108881852268
337 0.00053091959158
338 0.000520249979709
339 0.00107694059127
340 0.000239330090187
341 0.00285967571277
342 0.00050404061367
343 0.00038206647223
344 0.00383877748757
345 0.00217583215449
346 0.0302919945771
347 0.00352644011193
348 0.0370369423042
349 0.000162020291776
350 0.00496969779602
351 0.00332311877
352 0.0019557468493
353 0.00198069462078
354 0.00236304012346
355 0.000297675605984
356 0.000498791350239
357 0.000763629746958
358 0.000346999222553
359 0.00350801953759
360 0.182665529473
361 0.000697610951631
362 0.000368441412355
363 0.0179305773922
364 0.00115732075407
365 0.000137799694149
366 0.0015345303922
367 0.00020218606019
368 0.0023386544547
369 0.00129430892205
370 0.00593439903915
371 0.00268116169709
372 0.000257600722938
373 0.000537826869658
374 0.00154783097271
375 0.0134296238073
376 0.000271586923676
377 0.0010294832566
378 0.00670966175081
379 0.00145600225856
380 0.000593724944807
381 0.000820227727115
382 0.0007196146064
383 0.00109886755594
384 0.00104480404787
385 0.0220651196452
386 0.00914008916709
387 0.000557827160494
388 0.395144743223
389 0.00066671889344
390 0.00256434412599
391 0.056928199007
392 0.000281518850502
393 0.000219885745305
394 0.00679763693328
395 0.000294317578431
396 0.000362185315303
397 0.00282557587665
398 0.00162600653989
399 0.000239338318194
400 0.000584377698429
401 0.00562035411955
402 0.00233659787698
403 0.000739314172014
404 0.00119427723635
405 0.000241617224623
406 0.00028157575474
407 0.000535162715531
408 0.000421294161739
409 0.00200612281048
410 0.000498791350239
411 0.00343490453381
412 0.000560469754362
413 0.00120982986767
414 0.000229568411387
415 0.0582736285932
416 0.00912434217337
417 0.0036744121661
418 0.00356854902058
419 0.0135754293583
420 0.00113427724031
421 0.00240009165848
422 0.00105186267348
423 0.00451521276107
424 0.00125503943469
425 0.000955950934051
426 0.000969978538063
427 0.00346322983088
428 0.000879080924126
429 0.00167029955699
430 0.112169709342
431 0.000523516675843
432 0.00127551020408
