1 6.60759583431e-05
2 0.000232199546485
3 0.00030405669982
4 0.00249804232942
5 0.001610500382
6 0.00212385538656
7 0.000747312210751
8 0.000576737988393
9 0.00261909326634
10 0.000670772734331
11 0.000425472616032
12 0.000857823723564
13 0.000833735848454
14 0.0670772134538
15 0.000904916093679
16 0.024583527123
17 0.00380728645091
18 0.000864202874975
19 0.000985095115646
20 0.00206295291672
21 0.00170192383997
22 0.00277921774791
23 0.0233978035965
24 0.00428925350354
25 0.00373796850804
26 0.00178682468825
27 0.0244793649676
28 0.0271036373733
29 0.00080409004201
30 0.0932035056261
31 0.000191900451641
32 0.00145480037799
33 0.00498704402296
34 0.00072017759431
35 0.000998981747771
36 0.00111414072419
37 0.000193701151881
38 0.0288358846565
39 0.00661699314421
40 5.76830636116e-05
41 0.00108619872314
42 0.0196782961679
43 0.000537739298086
44 0.000964880073092
45 0.000818924226761
46 0.00379157313327
47 0.000412442975634
48 0.000614890918331
49 0.00445911256796
50 0.000922929017786
51 0.00280276816609
52 0.036043067429
53 0.0010862716623
54 0.000670772734331
55 0.000254979063828
56 0.000998981747771
57 0.000379687854059
58 0.000429719836418
59 0.000409775606878
60 0.000465073758812
61 0.00673458168716
62 0.012362631539
63 0.00172360270559
64 0.00119413883679
65 0.000580851457597
66 0.0193249731846
67 0.0004254541179
68 0.000354609750965
69 0.00443438897634
70 0.00257642955291
71 0.00250391083241
72 0.000824403469821
73 0.00786101716816
74 0.00265104860752
75 0.009252
76 0.00884510544227
77 0.00185227865733
78 0.000187795359281
79 0.00142231654947
80 0.000616166188823
81 0.00490324127658
82 0.00204415789545
83 0.000198218207964
84 0.000424074973741
85 0.00194923224615
86 0.00436039909764
87 0.00640423692982
88 0.00882523519181
89 0.0145924188352
90 0.00115433021175
91 0.000843649146129
92 0.00258442507144
93 0.0190757292996
94 0.000386148242787
95 0.00110209604806
96 0.000645161022131
97 0.000192724098448
98 0.0386719416214
99 0.00417849005248
100 0.00108823181928
101 0.025002959019
102 0.0137655008432
103 0.2461048508
104 0.00179981634527
105 0.000512792743121
106 0.000276497847091
107 0.000453465053444
108 0.00137174211248
109 0.000199532569236
110 0.000544500838837
111 0.00204330687218
112 0.000443548844222
113 0.00250682775815
114 0.00313784531354
115 0.00209795918367
116 0.000519357924031
117 0.00411156232953
118 0.00530062297162
119 0.00176627793975
120 0.309345705599
121 0.00307040722625
122 0.000668846611177
123 0.00319148391861
124 0.000397482338671
125 0.000665600505033
126 0.000312542486599
127 0.0207824762567
128 0.00348545208082
129 0.000257167411464
130 0.0222017362369
131 0.000638972002168
132 0.000198218207964
133 0.00548696844993
134 0.000198218207964
135 0.000490249823792
136 0.000369670840006
137 0.00278380202383
138 0.00436829493646
139 0.000825472974996
140 0.00582682679178
141 0.000435648705389
142 0.0872239145774
143 0.000424881044055
144 0.00135477383345
145 0.0192512099389
146 0.00400397502681
147 0.000772839506173
148 0.00895932430902
149 0.000459174234765
150 0.00479350357918
151 0.224637356018
152 0.00255403795357
153 0.000552188644002
154 0.00109966103232
155 0.000420603232521
156 0.000374807152276
157 0.00180606570288
158 0.00137710048011
159 0.000424074973741
160 0.00029048400389
161 0.001253668078
162 0.00155399602213
163 0.000855241754275
164 0.000468506962013
165 0.0135953711747
166 0.00624637766727
167 0.00295294486676
168 0.000804788491525
169 0.014735371841
170 0.000301573137683
171 0.00104512826794
172 7.9100210388e-05
173 0.00193422222222
174 0.000762195121951
175 0.00168059220771
176 0.0028236182456
177 0.000746817220734
178 0.03325701741
179 0.00704212066544
180 0.00237654953755
181 0.000451113666132
182 0.000148720999405
183 0.000531889543988
184 0.00130633217602
185 0.000460338550998
186 0.000684090965406
187 0.00212168182916
188 0.000825472974996
189 0.000367223701636
190 0.000484309908748
191 0.0003808888705
192 0.0043343398728
193 0.00349713811702
194 0.000320707547557
195 0.0020075699765
196 0.000851088421257
197 8.95267357958e-05
198 0.000173701109244
199 0.000787793224978
200 0.000869307994615
201 0.00212214295151
202 0.00580941403926
203 0.189842093628
204 0.000624653444023
205 0.00030393569985
206 0.0062858934293
207 0.0047719034504
208 0.00653483452257
209 0.00103656985868
210 0.000217861957217
211 0.000375596769868
212 0.000523166218697
213 0.000255975075797
214 0.000531889543988
215 0.000511915001346
216 0.00103501067355
217 0.000475825264193
218 0.140396295813
219 0.0231533087124
220 0.000872162862955
221 0.00320638618894
222 0.00270102367024
223 0.00547884863092
224 0.000551296988494
225 0.00102567388611
226 0.00315967254215
227 0.00248476387499
228 0.00159499947537
229 0.000952515402039
230 0.000943517105616
231 0.00181810112614
232 0.0326531208206
233 0.00133848899465
234 0.00483629972136
235 0.22157452536
236 0.0983311963145
237 0.000871052465309
238 0.00018573928589
239 0.000825472974996
240 0.000226090134258
241 0.0033489797668
242 0.002278276094
243 0.000209311235425
244 0.000424753493699
245 0.000419226463453
246 0.000470133721075
247 0.00050635126519
248 0.0164872998758
249 0.00333455042889
250 0.246145479489
251 0.000539426322299
252 0.00232086510273
253 0.00347708410135
254 0.00220290919025
255 0.000364200101809
256 0.00944472790606
257 0.000496889647174
258 0.00102420230158
259 0.000405388578239
260 0.00174798192175
261 0.00185489357314
262 0.000275710776295
263 0.00131742112483
264 0.0136641828672
265 0.00193473629246
266 0.000942066018509
267 0.00317495547689
268 0.00101495810165
269 0.000217028282084
270 0.00106141810701
271 0.00205847050754
272 0.00213327413529
273 0.00260890224196
274 0.00110292615841
275 0.000282756804653
276 0.000910762236225
277 0.00202798654676
278 0.0120882668989
279 0.0291086640689
280 0.000793949712991
281 0.000839662861897
282 0.000491203913284
283 0.000389953305431
284 0.000726216412491
285 0.00278380202383
286 0.00238883105294
287 0.000971496036431
288 0.00237229786238
289 0.0040935738191
290 0.000270915255318
291 0.102097123807
292 0.00222761723271
293 0.000809448409636
294 0.00235536251826
295 0.000323482221417
296 0.000460338550998
297 0.000985095115646
298 0.000595844535003
299 0.000291582049025
300 0.000638972002168
301 0.000217028282084
302 0.00290062347843
303 0.000198218207964
304 0.00552588508291
305 0.00048176203114
306 0.016667458324
307 0.00221559665621
308 0.00157674637302
309 0.00104902979547
310 0.000137595903942
311 0.000554863940446
312 0.000462822968736
313 0.000124492062658
314 0.000210039907582
315 0.000297098431209
316 0.0030811236059
317 0.00600954831788
318 0.000395592320137
319 0.0043075667082
320 0.000489466677109
321 0.00301481561226
322 0.000187795359281
323 0.00180606570288
324 0.000420603232521
325 0.000208211640246
326 0.00087936186555
327 0.000323482221417
328 0.00146075459148
329 0.001253668078
330 0.000876589297286
331 0.00167029955699
332 0.0020395421436
333 0.00297569794697
334 0.000179502155757
335 0.00298343727962
336 0.00319837615666
337 0.0010114948207
338 0.000267458448326
339 0.00030393569985
340 0.00079704074324
341 0.000197753154817
342 0.00120426694701
343 0.0136382687983
344 0.00553343308736
345 6.12929398116e-05
346 0.00124721088725
347 9.96429359577e-05
348 0.00296199658415
349 0.000118792180505
350 0.000615118732678
351 0.00145135672728
352 0.00100363262396
353 0.000252815422326
354 0.000198218207964
355 0.000484309908748
356 0.00205692324451
357 0.370187244837
358 0.00661908444081
359 0.000559468573925
360 0.0017408511541
361 0.000270915255318
362 0.0102086223201
363 0.000249471578268
364 0.000673229283832
365 0.00640734889102
366 0.000559468573925
367 0.128103100974
368 0.00110665925016
369 0.00548696844993
370 0.000313480567214
371 0.000553633217993
372 0.000254189164324
373 0.0188294307979
374 0.0275446409693
375 0.000428274021486
376 0.00062250748005
377 0.000236231880046
378 0.000297444483217
379 0.000217028282084
380 0.000491203913284
381 0.00142231654947
382 0.000209311235425
383 0.000500030401848
384 0.000869307994615
385 0.0359480523899
386 0.000217613230884
387 0.00861988334724
388 0.000746061188501
389 0.0693777348532
390 0.000834481554076
391 0.00217392631483
392 0.000436574937705
393 0.00753254811836
394 0.00156657384233
395 0.00107694059127
396 0.007732204126
397 0.000313480567214
398 0.000361088659767
399 0.00108919967928
400 0.000139769928908
401 0.14947089002
402 0.0223790293991
403 0.00670762341524
404 0.000369670840006
405 0.000868926010031
406 0.00101574124834
407 0.000512792743121
408 0.000234876176216
409 0.000834083093705
410 0.000831551676097
411 0.000229038398933
412 0.00424646726415
413 0.000625772319976
414 0.000390666578665
415 0.000218023081696
416 0.00374439809786
417 0.0147659806957
418 0.0266998097408
419 0.0161240584859
420 0.00103396045918
421 0.00268985970175
422 0.00118906064209
423 0.00095817662537
424 0.000330810708152
425 0.000220341344022
426 0.00416361649334
427 0.00118055555556
428 0.00687551738268
429 0.247376799054
430 0.000310504764307
431 0.000736886486742
432 0.0261311221687
