1 0.00125153909395
2 0.000215470078276
3 0.0039632156811
4 0.142334425298
5 0.000868555479065
6 0.000472523797914
7 0.000754049086501
8 0.00468489183287
9 0.000532276300069
10 0.000665005536681
11 0.000194926430501
12 0.00161380720842
13 0.00414236000138
14 0.00129996782258
15 0.000549977447809
16 0.0185453966263
17 0.00190464523261
18 0.000991979011151
19 0.00043987320391
20 0.000633202114436
21 0.00127297855232
22 0.000235370470525
23 0.000425475715888
24 0.00384665895889
25 0.00164041705291
26 0.00350642077904
27 0.000813741175052
28 0.000497583884803
29 0.000497357638339
30 0.0013660187444
31 0.0019277706352
32 0.000208526111379
33 0.00434537742843
34 0.00133516397048
35 0.000325381401657
36 0.00158833102024
37 0.0004581359073
38 0.000526049995792
39 0.0115786245212
40 0.0117507409202
41 0.0013532676821
42 0.00183701464125
43 0.000649113554302
44 0.00435482937433
45 0.00104479134782
46 0.000434091106547
47 0.229851256412
48 0.00130633217602
49 0.000843725020241
50 0.000824454492027
51 0.00060309324111
52 0.000922929017786
53 0.000882266444466
54 0.000853471293674
55 0.00166458564574
56 0.000866467120715
57 0.00238316748326
58 0.000725071042461
59 0.000679605609733
60 0.000303776799996
61 0.000537355984657
62 0.000424753493699
63 0.00150975616584
64 0.0259667920618
65 0.00274098309556
66 0.000961480680248
67 0.000794736587134
68 0.00267221443933
69 0.00147234764329
70 0.000250014652194
71 0.00118187612637
72 0.000512163828901
73 0.6017707814
74 0.000217060257963
75 0.000263814594798
76 0.000249584519539
77 0.0219079894178
78 0.00671479019213
79 0.0167501322126
80 0.000553997499046
81 0.00160523731237
82 0.000648122415288
83 0.000336545961932
84 0.00166458564574
85 0.000514544935965
86 0.00109081727127
87 0.000927427718771
88 0.000192901234568
89 0.00108682526265
90 0.0127193475871
91 0.001784593422
92 0.00812953507122
93 0.00133596759418
94 0.00266819358213
95 0.00128298023323
96 0.165652086535
97 0.00362142852412
98 0.00132526289992
99 0.0017720917325
100 0.000383264172036
101 0.00335085014398
102 0.000268744961032
103 0.0160966293082
104 0.0013116930962
105 0.000254406279346
106 0.00133036464925
107 0.00180920259452
108 0.00179698361924
109 0.000346481742498
110 0.00330833115486
111 0.000260111979725
112 0.000500926112196
113 0.00018765246763
114 0.00166458564574
115 0.000706975074874
116 0.00161677720254
117 0.00110089405169
118 0.00333723233719
119 0.00871574961016
120 0.00243007339814
121 0.000347036364969
122 0.0125775176871
123 0.333891775298
124 0.000624510582356
125 0.000657127301886
126 0.00267538644471
127 0.0020395421436
128 0.00349296013931
129 0.00103872038625
130 0.00129811851211
131 0.0010131640974
132 0.00959465294839
133 0.00108881852268
134 0.00203578781003
135 0.000499342130376
136 0.00192091679174
137 0.00116321358819
138 0.000205313854685
139 0.000769416079567
140 0.000265470941302
141 0.00104245007943
142 0.00801561927692
143 0.000474237880756
144 0.000215470078276
145 0.000470133721075
146 0.0164912979571
147 0.0010131640974
148 0.00410634881403
149 0.000249335782428
150 0.000398372331291
151 0.00293876469313
152 0.00177743888865
153 0.00530733396198
154 0.0007599706599
155 0.000435689223349
156 0.00181386021377
157 0.00288511416456
158 0.000882266444466
159 0.0041453472967
160 0.0110069324972
161 0.0154085463853
162 0.000204812452597
163 0.000628096596123
164 0.000463677025582
165 0.00104245007943
166 0.000623751872503
167 0.000500030401848
168 0.000241417044661
169 0.00178126166148
170 0.000197768842987
171 0.00214447011518
172 0.00103750686151
173 0.00375981928359
174 0.00178682037339
175 0.00726704956047
176 0.000526049995792
177 0.0836628016844
178 0.00250385768772
179 0.00156404609148
180 0.00039307573484
181 0.00175997490148
182 0.000264996635785
183 0.00103872038625
184 9.95570326596e-05
185 0.000575075916537
186 0.000142570728447
187 0.0340756001986
188 0.00951178119676
189 0.00372246508087
190 0.00598185269785
191 0.00048627930647
192 0.000525086093116
193 0.00678519957986
194 0.00408782027164
195 0.000951619405106
196 0.00191893169475
197 0.00237591279194
198 0.000424074973741
199 0.00177474081955
200 0.00109886755594
201 0.000585522416111
202 0.00547498500757
203 0.0234752592069
204 0.0288204194341
205 0.0139078002074
206 0.009621012511
207 0.00112147106544
208 0.00209577958293
209 0.00180920259452
210 0.00496943615825
211 0.0118806557621
212 0.00558922495452
213 0.000841514180098
214 0.00273846398646
215 0.232133663113
216 0.000224473753166
217 0.00021507526374
218 0.000715343905999
219 0.000483846253135
220 0.000545899205171
221 0.000306973804733
222 0.000262788078865
223 0.00300758725564
224 0.000337910899654
225 0.0226769330212
226 0.000570301166985
227 0.0510494876036
228 0.000204513460885
229 0.00110024285848
230 0.000759876659045
231 0.000212639378468
232 0.00277274784971
233 0.00236509270979
234 0.00163861097937
235 0.0224629361413
236 0.00182530868929
237 0.00041621187457
238 0.188472019607
239 0.0010131640974
240 0.000314370504502
241 0.00173010380623
242 0.00207766360195
243 0.00104245007943
244 0.00065992656305
245 0.000866467120715
246 0.000226554887789
247 0.000364224327276
248 0.000200131179734
249 0.00242922503225
250 0.00114693411943
251 0.000450343910069
252 0.00119054824483
253 0.0307594472123
254 0.0111463139305
255 0.0268971799029
256 0.146377802416
257 0.11910665637
258 0.000445085367373
259 0.000139172862929
260 0.00996002179234
261 0.0510854648168
262 0.000715895868889
263 0.000228936958169
264 0.000711427627137
265 0.0014076860479
266 0.00106709638966
267 0.00265359574086
268 0.010855994576
269 0.0177559476969
270 0.00180836856105
271 0.000458921395209
272 0.00187039072548
273 0.0005385282971
274 0.00107107438017
275 0.000607747155109
276 0.000442186068586
277 0.00468489183287
278 0.00115117110346
279 0.000599486805303
280 0.000119933230922
281 0.000922929017786
282 0.000199722591195
283 0.000314649387171
284 0.00344836293241
285 0.00107861426726
286 0.00994467507155
287 0.00202087366383
288 0.00067377780553
289 0.00282214943591
290 0.000345200553255
291 0.000465814398841
292 0.000648122415288
293 0.000995520159283
294 0.000499342130376
295 0.00783566686178
296 0.00197351819689
297 0.00205103101897
298 0.00107945440939
299 0.00324808059074
300 0.00110089405169
301 0.000463677025582
302 0.00158833102024
303 0.000617260136569
304 0.00183289919537
305 0.00171217756978
306 0.00265234306485
307 0.00165919338314
308 0.00396337748331
309 0.000244643122598
310 0.000911813869635
311 0.0242551630822
312 0.00191369693575
313 0.00241063288902
314 0.00086561216405
315 0.00198356488645
316 0.000867135691024
317 0.000808599695586
318 0.000927322445724
319 0.000486878052239
320 0.000302667981941
321 0.00300798201628
322 0.00492839202186
323 0.170978353723
324 0.00218870763654
325 0.000609883413457
326 0.00250919344519
327 0.00104476405493
328 0.000262788078865
329 0.000279212333794
330 9.88844214933e-05
331 0.000199425250197
332 0.000398086889948
333 0.00198429752066
334 0.000427853603315
335 0.00251060156669
336 0.00161876554751
337 0.00221956286997
338 0.00103501067355
339 0.000543767243181
340 0.0316224094718
341 0.00831119094782
342 0.00417484826892
343 0.00114666442709
344 0.00136069562906
345 0.00362552200297
346 0.000589450125205
347 0.0044542555771
348 0.0137339034903
349 0.00088096015729
350 0.00205438300676
351 0.00172474694513
352 0.000241417044661
353 0.000193236569115
354 0.00112484252907
355 0.000794388187638
356 0.00139696902522
357 0.000912121075627
358 0.000193236569115
359 0.00087936186555
360 0.00109657412101
361 0.0161948659975
362 0.00977213327878
363 0.00492832196996
364 0.00791616983651
365 0.00597730549661
366 0.00073891966423
367 0.00165639335317
368 0.00187565143719
369 0.00480885153009
370 0.00110060420925
371 0.388505103374
372 0.00509305439655
373 0.419267527548
374 0.000637618521531
375 0.00110060420925
376 0.00667182323436
377 0.0157486133238
378 0.000687028328306
379 0.00690093573
380 0.000218668106232
381 0.00101072113701
382 0.000752333713657
383 0.000536830432874
384 0.00253429956804
385 0.000106181221362
386 0.000898501872919
387 0.00151474908853
388 0.000742957143562
389 0.00202087366383
390 0.00131541955017
391 0.000500926112196
392 0.00107633210766
393 0.00456536035544
394 0.000929737625022
395 0.00401031984214
396 0.00263389146559
397 0.0023674328288
398 0.000641572458167
399 0.00511105104118
400 0.0017606115245
401 0.0012083035266
402 0.00371896515211
403 0.00333264124775
404 0.0116812800538
405 0.00103319029428
406 0.000623751872503
407 0.00117414054477
408 0.0203150107523
409 0.000741642578116
410 0.00104325443906
411 0.000461290017832
412 0.00028848978778
413 0.00103872038625
414 0.000463677025582
415 0.00208904974329
416 0.000148494549496
417 0.00316785946994
418 0.00730538841479
419 0.000898501872919
420 0.000720519656659
421 0.00201347797502
422 0.00118906064209
423 0.00518085722203
424 0.0252050056893
425 0.000766192544101
426 0.000794388187638
427 0.00205313342819
428 0.000968340005432
429 0.000794388187638
430 0.00138637392485
431 0.00022155899334
432 0.0341047232765
