1 0.0014746312734
2 0.0386284165974
3 0.00501433883153
4 0.000406992563907
5 0.000550003696025
6 0.000570146751213
7 0.00224468428409
8 0.00109143805979
9 0.00022036407061
10 0.000606738864689
11 0.000365871720106
12 0.00371343468604
13 0.00327555908721
14 0.000480439306583
15 0.00095817662537
16 0.0020399534038
17 0.00271392991472
18 0.000851088421257
19 0.00270038630001
20 0.00518281588841
21 0.00659034873421
22 0.000979962192817
23 0.000958915959186
24 0.0700226640618
25 0.00079598274388
26 0.000299844455689
27 0.000753628691853
28 0.000849710698422
29 0.000612451950405
30 0.00344752125242
31 0.00120053245838
32 0.000237142214
33 0.000917437033191
34 0.0242686347568
35 0.0932879156984
36 0.000192400056305
37 0.000449482479419
38 0.00419593099202
39 0.000517248408656
40 0.000680325652976
41 0.0041195646987
42 0.00112448580071
43 0.000813741175052
44 0.000588501417034
45 0.000998981747771
46 0.00127071854334
47 0.000438769274596
48 0.0164484636083
49 0.0871549330861
50 0.00093995621432
51 0.00105581900949
52 0.00110428415117
53 0.000389953305431
54 0.000510017144736
55 0.000421986794852
56 0.000228298130709
57 0.000569412847411
58 0.248398549337
59 0.00154909943986
60 0.000592569276089
61 0.000492458270894
62 0.00240714322092
63 0.0028656351654
64 0.000475894605716
65 0.00583607288321
66 0.000982426160865
67 0.00234903695355
68 0.000667430237401
69 0.00547884863092
70 0.00120053245838
71 0.00518281588841
72 0.000701782986037
73 0.000575631536872
74 0.00132239330811
75 0.000201197122881
76 0.000486289587722
77 0.000140258524951
78 0.00203578781003
79 0.0011070072878
80 0.000550883701938
81 0.000571058986015
82 0.000431370675273
83 0.00046208363492
84 0.000758671598813
85 0.000198100547205
86 0.00149658524253
87 0.000420603232521
88 0.000358905526413
89 0.000196830183544
90 0.000691033086472
91 0.00107890670787
92 0.00694001003141
93 0.00147751561589
94 0.00653625003493
95 0.00315186481411
96 0.000680159598387
97 0.000356067604812
98 0.000182095931254
99 0.000695527191489
100 0.00152929059642
101 0.000611473592657
102 0.00046208363492
103 0.0095944031982
104 0.00128553382137
105 0.00151796255692
106 0.000528957682539
107 0.000244140625
108 0.00046208363492
109 0.000201197122881
110 0.000883724133511
111 0.000184637198862
112 0.00141670064741
113 0.000900573772574
114 0.000580300035941
115 0.000639144813376
116 0.00117327433164
117 0.000243664485425
118 0.00095817662537
119 0.013792371794
120 0.000758671598813
121 0.0261346041971
122 0.00185690037392
123 0.00046208363492
124 0.111621199451
125 0.00638732464414
126 0.00148200456653
127 0.000639762166238
128 0.000964801854564
129 0.000407663956561
130 0.00327969504288
131 0.00189293021068
132 0.00537760588005
133 0.000479799942808
134 0.00191382141288
135 0.0118049190123
136 0.000421986794852
137 0.000119609650388
138 0.00067788015779
139 0.000710058782567
140 0.000281874212863
141 0.000426860576835
142 0.000248127866128
143 0.00050635126519
144 0.0005683410117
145 0.000163056390123
146 0.0137136664979
147 0.0698059429656
148 0.000611473592657
149 0.000127049472579
150 0.00454215465279
151 0.00115126216887
152 0.000556968852687
153 0.00146503597409
154 0.000299844455689
155 0.000372683770367
156 0.00192945980772
157 0.000372683770367
158 0.00281329580285
159 0.00913489015171
160 0.00155681382788
161 0.00133049063691
162 0.00185015932545
163 0.000598934949472
164 0.00402966264089
165 0.000748330115206
166 0.000375238036141
167 0.000426178690929
168 0.000491203913284
169 0.00203204383324
170 0.000304507799737
171 0.00101856043459
172 0.000231757892669
173 0.00280757971142
174 0.317472448861
175 0.000655856816258
176 0.14882822889
177 0.00634718623932
178 0.00013874485038
179 0.00481401931886
180 0.00655283446712
181 0.00333854875283
182 0.00334267202839
183 0.0278495158674
184 0.000617736417538
185 0.0010131640974
186 0.00383490446932
187 0.000429008085258
188 0.00174798192175
189 0.00789307423436
190 0.000550003696025
191 0.00207130406334
192 0.000360884507719
193 0.000392429193216
194 0.00152929059642
195 0.00105581900949
196 0.000201197122881
197 0.000183648653119
198 0.00114909508762
199 0.000998981747771
200 0.00212606897477
201 0.000566893424036
202 0.000567129531252
203 0.000612022080011
204 0.000650033304175
205 0.000550573291956
206 0.2329104201
207 0.000713392139674
208 0.000778434944506
209 0.00130643054144
210 0.00021080299472
211 0.00587475875417
212 0.0099993235671
213 0.026714024496
214 0.000647979315999
215 0.0034956577335
216 0.00209153238781
217 0.000679091759094
218 0.000393692082428
219 0.000281874212863
220 0.000519313857578
221 0.000744195067652
222 0.000257886148954
223 0.000452647045213
224 0.00195928186322
225 0.000274838351075
226 9.57778694549e-05
227 0.00107890670787
228 0.0027935582781
229 0.00104849099531
230 0.000925537324772
231 0.0582975043848
232 0.00195084685138
233 0.00262331067081
234 0.00205966283164
235 0.000694416236606
236 0.00146725278238
237 0.000563410281207
238 0.00414718525136
239 0.000566893424036
240 0.000271209367772
241 0.00178696983296
242 0.00127799315549
243 0.00447968868753
244 0.0185939714082
245 0.000244140625
246 0.00320209887575
247 0.00121037620917
248 0.000155520145023
249 0.00213002961236
250 0.00114909508762
251 0.000510833172168
252 0.000232334862871
253 0.000283646157731
254 0.000491203913284
255 0.000526049995792
256 0.00349376977698
257 0.00336615484146
258 0.018269495165
259 0.173290055033
260 0.00104432246357
261 0.00547884863092
262 0.000351802599282
263 0.000627127316629
264 0.000616409036861
265 0.000707799922805
266 0.000389953305431
267 0.00147309655783
268 0.000211570247934
269 0.000442840299743
270 0.00185238305509
271 0.0188733580958
272 0.00220857295029
273 0.145069728253
274 0.00303641454319
275 0.00963653422823
276 0.000598934949472
277 0.00106285487128
278 0.000875031817804
279 0.00211289419865
280 0.000491989839545
281 0.000428895399945
282 0.000713392139674
283 0.0008573647992
284 0.000564739984675
285 0.00462064361988
286 0.00048516369423
287 0.0327824891278
288 0.0196178686224
289 0.00254374397965
290 0.00146513548747
291 0.000490792899408
292 0.000655856816258
293 0.000519313857578
294 0.000911058370072
295 0.0237049177725
296 0.001414899116
297 0.000455014036273
298 0.00251569854856
299 0.000297221461253
300 0.00095817662537
301 0.000237599355512
302 0.000570146751213
303 0.000237599355512
304 0.000875031817804
305 0.00199964036443
306 0.00101118085822
307 0.000849710698422
308 9.48726598077e-05
309 0.103371059784
310 0.0147044235849
311 0.238413149975
312 0.00218765021324
313 0.000825472974996
314 0.00355068047061
315 0.000213117374394
316 0.00163267500346
317 0.000636245839185
318 0.00419904
319 0.00485956840766
320 0.0647095650868
321 0.00201212771059
322 0.0017196865601
323 0.00186380484776
324 0.453124601755
325 0.0752451844679
326 0.000507884972171
327 0.00185073701883
328 0.00371466860978
329 0.00114909508762
330 0.000218668106232
331 0.000580076551542
332 0.000245774841331
333 0.000395572871152
334 0.000201197122881
335 0.00101934636085
336 0.000103784118406
337 0.000680159598387
338 0.000233628604387
339 0.000201098797917
340 0.00153334807898
341 0.0015546432508
342 0.0731951167984
343 0.00534988514808
344 0.000978567439399
345 0.0017589394145
346 0.000387145557656
347 0.0473863013012
348 0.00486259850699
349 0.00931400271837
350 0.0225716109865
351 0.00109222654377
352 0.0410968008676
353 0.0185449377353
354 0.000607739049557
355 0.000675678524596
356 0.000570344546152
357 0.00198429752066
358 0.000519313857578
359 0.00109081727127
360 0.000554154652594
361 0.000172845791171
362 0.000503778733464
363 0.00095817662537
364 0.000514655748828
365 8.06597148663e-05
366 0.00104245007943
367 0.000362952867222
368 0.000435723914435
369 0.00419904
370 0.000250459583552
371 0.00080764995946
372 0.113038770879
373 0.00188413203702
374 0.00082944
375 0.000550573291956
376 0.000430433360307
377 0.000267596834652
378 0.000182447356895
379 0.0011515540353
380 8.25042320695e-05
381 0.000379687854059
382 0.0018082164794
383 0.00498053411198
384 0.000426883409603
385 0.000198022108586
386 0.000592569276089
387 0.00161770894706
388 0.000553825435569
389 0.000526049995792
390 0.000502724768244
391 0.00046208363492
392 0.000325119635526
393 0.000525578788057
394 0.00314620396368
395 0.0274555147097
396 0.0341260089368
397 0.0104808342261
398 0.000556539424119
399 0.000291752147059
400 0.000572376882256
401 0.00115915043914
402 0.00252384863833
403 0.000743386661277
404 0.00225681416828
405 0.000949867066343
406 0.000365871720106
407 0.00064595204217
408 0.006630299122
409 0.00188494573164
410 0.343228972582
411 0.00414024207041
412 0.0182931958691
413 0.000803521607043
414 0.00193554209683
415 0.000566720471917
416 0.000526891675785
417 0.000285739480209
418 0.000420603232521
419 0.00106293257589
420 0.00132255931356
421 0.0144932769584
422 0.0024930699964
423 0.00258707678031
424 0.00050625
425 0.000492458270894
426 0.00099378806712
427 0.00153258761317
428 0.0108466745562
429 0.317055521526
430 0.417407750179
431 0.00275646534465
432 0.0719717136544
