1 0.00040299076943
2 0.00101215522731
3 0.00127266784239
4 0.0022307031934
5 0.000821534342164
6 0.000510939834995
7 0.00105905449233
8 0.00276767485822
9 0.00148161495413
10 0.00026506355191
11 0.000884748931624
12 0.0652878332677
13 0.00140574638572
14 0.00118949471124
15 0.00140770975057
16 0.00316839280645
17 0.000230003818423
18 0.00411655283608
19 0.00160657445299
20 0.00167572928422
21 0.0131758025993
22 0.000785124019228
23 0.115943178514
24 0.0398680957205
25 0.00031259440351
26 0.0001697634698
27 0.000431821795184
28 0.000476161488287
29 0.00047258979206
30 0.000774480151229
31 0.000352266681096
32 0.00032059682024
33 0.00109808675983
34 0.000285926019731
35 0.00073046018992
36 0.000478212054189
37 0.0162216426773
38 0.06862028566
39 0.333714336041
40 0.00326974488068
41 0.000256512769025
42 0.000423377195211
43 0.00117551020408
44 0.0011274672217
45 0.000276623977248
46 0.000742019428471
47 0.00107256490162
48 0.00593907389339
49 0.00764952530713
50 0.00114909508762
51 0.00937631517362
52 0.000482707763238
53 0.0132846008041
54 0.0102362416437
55 0.00181538407788
56 0.0541398611229
57 0.000391188311168
58 0.00127854183863
59 0.00123114804555
60 0.00048516369423
61 0.000285721992045
62 0.000836115546523
63 0.00189035916824
64 0.000418932321056
65 0.0092039485892
66 0.01167530497
67 0.000713886364188
68 0.00220621928805
69 0.000177471089177
70 0.000468506962013
71 0.00917758159513
72 0.000877832815971
73 0.000959101635031
74 0.00500448122652
75 0.00315535182873
76 0.00138349815085
77 0.00625108055407
78 0.00494384765625
79 0.0249814232833
80 0.0487426843526
81 0.0608051637177
82 0.000402680059507
83 0.000321830385433
84 0.000423377195211
85 0.000156406367266
86 0.00051129828665
87 0.000262982589972
88 0.000836115546523
89 0.000403219302914
90 0.000162912288531
91 0.0012530346934
92 0.00593540851043
93 0.00327477377543
94 0.000903667420385
95 0.000255749408613
96 0.0015698603849
97 0.492920181144
98 0.0200179249061
99 0.000593724944807
100 0.000955914957175
101 0.000219675444786
102 0.000825472974996
103 0.000206010241827
104 0.000583757488401
105 0.0112407884649
106 0.134197571554
107 0.0118624108663
108 0.000233086649962
109 0.000407792024762
110 0.00153948162081
111 0.00231763294826
112 0.000769822483802
113 0.000137345633092
114 0.00252277214145
115 0.00426020495285
116 0.0200201827814
117 0.00509053734228
118 0.000496786389414
119 0.000434027777778
120 0.00219659262183
121 0.000902452214823
122 0.000561532759821
123 0.00125417135447
124 0.00032457449335
125 0.00314960023482
126 0.00345017803045
127 0.000200485550944
128 0.00189168314295
129 0.000510017144736
130 0.000489466677109
131 0.00239267139277
132 0.00048516369423
133 0.000278452154088
134 0.00189035916824
135 0.000566893424036
136 0.000355461827381
137 0.000800355933155
138 0.000395549848229
139 0.000653036144859
140 0.0443939808351
141 0.000247026991559
142 0.0856229475072
143 0.000949906733921
144 0.0328051669407
145 0.00103921398892
146 0.00185725369343
147 0.00223631886252
148 0.00235073772194
149 0.00185725369343
150 0.00157701331816
151 0.00319176114213
152 0.000500541553914
153 0.000878592355501
154 0.00231780794423
155 0.00129114115814
156 0.00582777729253
157 0.00021191950164
158 0.000213506807615
159 0.000247026991559
160 0.000178442696948
161 0.000912631529889
162 0.000436206081899
163 0.00109762960464
164 0.00125057414477
165 0.000583444187729
166 0.000144288432577
167 0.000284722269563
168 0.00423283495427
169 0.000199777747256
170 0.000489492976345
171 0.000694341170303
172 0.000776153386303
173 0.000866476494215
174 0.00156657384233
175 0.00414518545283
176 0.00428083755915
177 0.00221651943699
178 0.00462513261619
179 0.00160523731237
180 0.00143606105157
181 0.00244870214691
182 0.00089402986722
183 0.000350622603437
184 0.00542062746868
185 0.00252579220135
186 0.0222761281411
187 0.0949446885058
188 0.00222408966428
189 0.000501849213673
190 0.00180466019981
191 0.00302626330185
192 0.000385676529084
193 0.00089402986722
194 0.0011961883357
195 0.000456899810964
196 0.000774291115312
197 0.00102502476851
198 0.000908782508777
199 0.00435630046985
200 0.00104058272633
201 0.0127365546992
202 0.000445138888889
203 0.00400656023001
204 0.00184513888889
205 0.0006910354768
206 0.000904516931426
207 0.00163320247319
208 0.000577660769175
209 0.00373379345309
210 0.0101972081841
211 0.00093393020313
212 0.00588922444201
213 0.00865124796721
214 0.00328481644522
215 0.000836300938402
216 0.00220621928805
217 0.000385676529084
218 0.000213506807615
219 0.000459157127992
220 0.000497583884803
221 0.000592473122704
222 0.000592473122704
223 0.00276767485822
224 0.00107777156395
225 0.000495303333865
226 0.00228180370788
227 0.000572512315506
228 0.00686117821824
229 0.0194868829629
230 0.00131449793359
231 0.000833002650752
232 0.00420602359013
233 0.00308970672449
234 0.0117508568046
235 0.00198356488645
236 0.000984079309989
237 0.00026217146769
238 0.00221335152113
239 0.00158374592266
240 0.00677931002489
241 0.00194519902035
242 0.00189553536776
243 0.109151768187
244 0.00121429850355
245 0.000161536733841
246 0.00218765179095
247 0.000212729005683
248 0.00023944120409
249 0.000453875236295
250 8.88888888889e-05
251 0.00438648979862
252 0.00299362834745
253 0.00108171222452
254 0.0013532676821
255 0.000244379057074
256 0.000911418456955
257 0.00121217109571
258 0.00170893402133
259 0.000481856038073
260 0.00156732398242
261 0.418729781586
262 0.000748884015976
263 0.00147358958339
264 0.000645200631825
265 0.000247513025856
266 0.000347188754625
267 0.000241417044661
268 0.0006756391502
269 0.000212944634888
270 0.00496554816856
271 0.00366050637828
272 0.00486849904317
273 0.0033054301308
274 0.00186380484776
275 0.00166855242939
276 0.00308857945441
277 0.000320437845594
278 0.00167014352383
279 0.00148161495413
280 0.00231684299505
281 0.0009
282 0.00124026465028
283 0.0032077688151
284 0.00259645421721
285 0.0106960802166
286 0.00250385230056
287 0.751623313547
288 0.00650606922324
289 0.0197997512247
290 0.000142227208954
291 0.000799670211285
292 0.00514177994696
293 0.00372851941373
294 0.00418246936756
295 0.00389671699043
296 0.00260059364137
297 0.00220747358165
298 0.00119592389273
299 0.443205776831
300 0.00453145803113
301 0.000554154652594
302 0.00293483872666
303 0.000912631529889
304 0.000600850700488
305 0.000263321387868
306 0.000263920432297
307 0.000510939834995
308 0.000592473122704
309 0.000513983855374
310 0.000638443671539
311 0.00130676770212
312 0.00806994355664
313 0.000778113592727
314 0.00139682332436
315 0.170038171618
316 0.00786234038318
317 0.00562781355504
318 0.00202279065691
319 0.0138312003715
320 0.000729364636733
321 0.000842872008325
322 0.00299220755822
323 0.000578310930478
324 0.00345252562815
325 0.00426703954214
326 0.000255947876009
327 0.00129612856477
328 0.00109762960464
329 0.00108087821355
330 0.000285721992045
331 0.000296642446191
332 0.000524837398507
333 0.00073046018992
334 0.000470950279707
335 0.000280250705908
336 0.000712061132609
337 0.000783153498086
338 0.00108610664038
339 0.00197960767519
340 0.0614602889818
341 0.000298800188679
342 0.00474066845378
343 0.000883236918099
344 0.000438756695576
345 0.00014693877551
346 0.00108087821355
347 0.000464399092971
348 0.000398088159357
349 0.00470217724644
350 0.0127338863149
351 0.00743258630506
352 0.021415559319
353 0.000543864167966
354 0.00160523731237
355 0.000800355933155
356 0.000385676529084
357 0.00155040664156
358 0.000435447665938
359 0.00129083151063
360 0.00215608435785
361 0.0499919766023
362 0.00328487294825
363 0.00399370386452
364 0.000680068436802
365 0.0360882221039
366 0.0077346615423
367 0.00107819652325
368 0.133161787123
369 0.000887828804286
370 0.00193171264271
371 0.000492040360835
372 0.00337579937999
373 0.0104845159385
374 0.0128076322609
375 0.00138195989552
376 0.00114608957936
377 0.00856076290047
378 0.000236689685899
379 0.00219583581171
380 0.000442322829163
381 0.00230861492123
382 0.000391188311168
383 0.00101495810165
384 0.000284826097185
385 0.00152262769281
386 0.00156266631466
387 0.000777138358991
388 0.00562170607121
389 0.000700568038503
390 0.00232482698962
391 0.00391276995194
392 0.000934318799952
393 0.00126850425751
394 0.00140536764983
395 0.000162537102586
396 0.0131700312676
397 0.00120195508988
398 0.000893787451314
399 0.000229991122021
400 0.00121451912633
401 0.00704352989664
402 0.000552901558462
403 0.000677834409836
404 0.0031964439561
405 0.000332510303829
406 0.00102748844859
407 0.000548040909003
408 0.00124026465028
409 0.000961480680248
410 0.000263321387868
411 0.000799738850709
412 0.000276199032814
413 0.000528547416687
414 0.00114172654538
415 0.000842872008325
416 0.00505881536114
417 0.00134476003657
418 0.000247513025856
419 0.00205259319205
420 0.00283976800554
421 0.000178157644716
422 0.00240997732426
423 0.000953070451078
424 0.00238952787666
425 0.0006428744821
426 0.00191731539902
427 0.000824156956114
428 0.0129786893126
429 0.161128057552
430 0.000990637106307
431 0.00168446546469
432 0.00969850414865
