1 8.50411704471e-05
2 0.14350437692
3 0.0014475872098
4 0.00106374273791
5 0.000288907431474
6 0.000593517386931
7 0.00231139053254
8 0.00303537408436
9 0.000525926230865
10 0.00179050295161
11 0.0024234873221
12 0.000503031927647
13 0.000720688257286
14 0.00392394329254
15 0.00491593585301
16 0.000573918269231
17 0.0123322345036
18 0.00284520296275
19 0.00118239458295
20 0.00156839250589
21 0.0296163149635
22 0.00216245695345
23 0.00212789397763
24 0.000463834859969
25 0.00124911047012
26 0.000655414590659
27 0.000357075726906
28 0.000292074734623
29 0.000886100594916
30 0.015118509121
31 0.00105078014552
32 0.000301538646811
33 0.000554964866864
34 0.000342428039432
35 0.00113461106978
36 7.01372609089e-05
37 0.000609061470382
38 0.000243664486328
39 0.0105616172143
40 0.000658967714798
41 0.0015165033284
42 0.00208122435932
43 0.00366119875016
44 0.00262144
45 0.0578881438949
46 0.0015508476272
47 0.000162049571359
48 0.00210782426839
49 0.00187622503833
50 0.00416916000649
51 0.000132560254508
52 0.0163814752546
53 0.0385797744304
54 0.00137589890438
55 0.0101058662582
56 0.180767279663
57 0.00063161062442
58 0.000334962571293
59 0.00045254317977
60 0.00518377156862
61 0.000197676681256
62 0.000609061470382
63 0.00094674556213
64 0.000877381423484
65 0.000190249702735
66 0.00071060666743
67 0.000203633505917
68 0.00061140855311
69 0.00813054997525
70 0.00593657020066
71 0.000240874991508
72 0.00234013148385
73 0.000590174395182
74 0.000447533368494
75 0.0103845868767
76 0.00112155452841
77 0.000455652324501
78 0.000935902118335
79 0.00128683292001
80 0.00403097735516
81 0.00330562844439
82 0.00651213597225
83 0.653794336264
84 0.00610732833764
85 0.000266012442316
86 0.00158097142789
87 0.00179050295161
88 0.00039681909811
89 0.00189082068171
90 0.000439907570269
91 0.00048516369423
92 0.00133516397048
93 0.000612652188803
94 0.000470133721075
95 0.00430699437941
96 0.000445837518262
97 0.00146337664649
98 0.001129476273
99 0.00308641975309
100 0.000379641370239
101 0.000369254183354
102 0.000232764913428
103 0.000531063051326
104 0.0011676753293
105 0.000307934980481
106 0.0124959450692
107 0.0209304964641
108 0.459278902928
109 0.000412538157557
110 0.000232199546485
111 0.000397454008667
112 0.00761384725724
113 0.000619006231517
114 0.0011341387088
115 0.00102761893682
116 0.000273056635942
117 0.000291754318788
118 0.00231395397655
119 0.00126216360577
120 0.00216333153056
121 0.00107532605803
122 0.0142189355911
123 0.000486591695502
124 0.000746187129803
125 0.0107730690831
126 0.0155011069292
127 0.00122248873769
128 0.00082284408184
129 0.000266012442316
130 0.000962770592109
131 0.00201801087306
132 0.00411743989365
133 0.000634025153978
134 0.000570487718049
135 0.00447499336525
136 0.00285941810807
137 0.00119670608849
138 0.00060546996094
139 0.000278535181047
140 0.000517449177369
141 0.00208522189298
142 0.000342428039432
143 0.00089402986722
144 0.00050635126519
145 0.0023150887574
146 0.00151673446746
147 7.03007865676e-05
148 0.00178433412604
149 0.010252499508
150 0.0010233353151
151 0.000461290017832
152 0.000468718726556
153 0.00235915816827
154 0.00205551956637
155 0.00115480672855
156 0.00198036152925
157 0.0032191875827
158 0.000818254713797
159 0.00411624567614
160 0.0288664097085
161 0.00100681169827
162 0.0256890070684
163 0.00127359381286
164 0.00978369119959
165 0.000347554136423
166 0.000196372683261
167 0.00074549499703
168 0.00612727415143
169 0.000299556213018
170 0.000447372957596
171 0.000238791366236
172 0.000367326612956
173 0.000534845848869
174 0.00193479056695
175 0.00428509217593
176 0.000175481040628
177 0.00134048040269
178 0.236889908995
179 0.00404783922782
180 0.000219478737997
181 0.000612685030879
182 0.00340391232066
183 0.00148279761015
184 0.000968340005432
185 0.00154387735486
186 0.000749011965937
187 0.00137879811247
188 0.00211291634855
189 0.0153796237261
190 0.0282456708053
191 0.00286420174271
192 0.000742675960049
193 0.00338433801775
194 0.000718824940376
195 0.000289794189421
196 0.000609061470382
197 0.0117231047544
198 0.0026054477761
199 0.00646247641167
200 0.0847423023602
201 0.00507563645353
202 0.00219008808154
203 0.0736197963933
204 0.000897007483368
205 0.000286060367677
206 0.00642977928088
207 0.000366216865515
208 0.00062833748665
209 0.00193473629246
210 0.000739314172014
211 0.000745113682234
212 0.00435625356795
213 0.0315738216973
214 0.00150041400428
215 0.000351194197242
216 0.00128157496374
217 0.00116007988774
218 0.000250955788648
219 0.000950443786982
220 0.000299556213018
221 0.000498049635367
222 0.000605505671078
223 0.000558663091716
224 0.0132642622483
225 0.0156953107991
226 0.013841749743
227 0.00373100805919
228 0.000953880158221
229 0.0108114295408
230 0.00241174610767
231 0.00339657424044
232 0.000396187472108
233 0.000286060367677
234 0.0131756638784
235 0.000242716375486
236 0.00100603543636
237 0.0131054106018
238 0.000617260136569
239 0.0065246723962
240 0.00174675487243
241 0.00039681909811
242 0.00083434790038
243 0.00106140332917
244 0.000617566964021
245 0.00110809383861
246 0.000274010249772
247 0.00178507728894
248 0.00193479056695
249 0.00493527575035
250 0.00020628591873
251 0.0041737191286
252 0.3444703477
253 0.0164388605045
254 0.000233014042954
255 0.130171613395
256 0.0534263600137
257 0.000324883081077
258 0.00026686605368
259 0.00581455600894
260 0.0155720053411
261 0.000305296101497
262 0.00539863231049
263 0.000406329871394
264 0.000897419836065
265 0.00946216205775
266 0.00143392183002
267 0.000558663091716
268 8.50411704471e-05
269 0.00538447164177
270 0.000413541717069
271 0.000466082609227
272 9.3676618421e-05
273 0.000351194197242
274 0.00110855535208
275 0.00391389058497
276 0.00272507843915
277 0.00154965242496
278 0.00258458774146
279 0.000852469497576
280 0.0148168367168
281 0.00353926289453
282 0.000246712018141
283 0.00501278693444
284 0.0253459072795
285 0.00146337664649
286 0.0184525647023
287 0.000911578853685
288 0.00130484942945
289 0.00341469384122
290 0.000606438712877
291 0.000624229331661
292 0.000823478992397
293 0.000609061470382
294 0.000146002077668
295 0.000466082609227
296 0.00195084685138
297 0.000935350150111
298 0.00630418890956
299 0.00030325443787
300 0.00169988335756
301 0.00458364959712
302 0.00127854183863
303 0.000742675960049
304 0.0011341387088
305 0.000385676529084
306 0.00230953943942
307 0.000187635898059
308 0.000431148662818
309 0.00316846161313
310 0.000448012539126
311 0.0234778790172
312 0.00288337088604
313 0.00638185523461
314 0.00361382848246
315 0.000882644628099
316 0.000213117374394
317 0.00111111111111
318 0.00500659896879
319 0.000443586764507
320 0.00110897620489
321 0.00117551020408
322 0.0198779269463
323 0.0113230099335
324 0.00017491568686
325 0.000573002444508
326 0.000238791366236
327 0.000238791366236
328 0.000492738390113
329 0.000295225611412
330 0.00137929990597
331 0.000144461908284
332 0.000470133721075
333 0.000482609085097
334 0.000179976856011
335 0.0677513776342
336 0.00761373246996
337 0.130405590468
338 0.00119900524983
339 0.0016618171046
340 0.00439718692357
341 0.00514605534274
342 0.00171272941015
343 0.000355897731998
344 0.147368076138
345 0.000175523882622
346 0.000540832882639
347 0.000761128414347
348 0.189013082846
349 0.00137929990597
350 0.000156001450576
351 0.000830353995351
352 0.000178670011146
353 0.000598121455577
354 0.00133516397048
355 0.00094674556213
356 0.000477560027385
357 0.000208150219411
358 0.00140313188988
359 0.000971021752306
360 0.0277216313591
361 0.0149712670357
362 0.00906036949111
363 0.00509848143702
364 0.0131143000161
365 0.079054131372
366 0.00179050295161
367 0.000221525148729
368 0.00121093992188
369 0.000313110873467
370 0.00380212627519
371 0.00136072527386
372 0.00134453748692
373 0.0895029841249
374 0.000228701298237
375 0.041525304316
376 0.00481159744037
377 0.000558352778899
378 0.000235879276404
379 0.00124024022791
380 0.000519357924031
381 0.000924488677867
382 0.00309916037836
383 0.000439838707071
384 0.000295225611412
385 0.000156358563485
386 0.00097486928402
387 0.000906030133891
388 0.00032425552752
389 0.00292184075968
390 0.00664083555182
391 0.00738525390625
392 0.00836302165124
393 0.000400568670031
394 0.000673571592082
395 0.000584790292481
396 0.00235195842587
397 0.000633384203033
398 0.00124024022791
399 0.000845597542547
400 0.00161048626307
401 0.00119002267574
402 0.000372603842477
403 0.00182005614509
404 8.41582872536e-05
405 0.0034964093725
406 9.61168781238e-05
407 0.000351194197242
408 0.000494290921757
409 0.000921834478717
410 0.00152020155325
411 0.000318278476331
412 0.000379591239837
413 0.000379591239837
414 0.000415813970817
415 0.00471500649966
416 0.000457250958729
417 0.00089402986722
418 0.00569225035069
419 0.00106405651082
420 0.00122969976174
421 0.000983379669536
422 0.00578292570288
423 0.00113063912009
424 0.00115026632434
425 0.00943743273477
426 0.00193436336301
427 0.000288445918006
428 0.000151255560171
429 0.000288445918006
430 0.014358566939
431 0.00019090743674
432 0.00793869064192
