1 0.00061549674336
2 0.000169895866067
3 0.00143613448344
4 0.00103825894007
5 0.000207153042741
6 0.00295199123834
7 0.00040583984976
8 0.0025404851717
9 0.000604279848282
10 0.000469069980934
11 0.00108681570701
12 0.0513011416827
13 0.00103152527386
14 0.00202196606025
15 0.000535207999081
16 0.00133594216049
17 0.000119494437199
18 0.00110710372535
19 0.00164066125841
20 0.00118225630331
21 0.0598946858313
22 0.00852014950844
23 0.0205198234811
24 0.00521315278448
25 0.000604279848282
26 0.000694550139446
27 0.00103810071713
28 0.000214681533363
29 0.000804788491525
30 0.00090754713678
31 0.000237142214
32 0.000926150152546
33 0.000890895360965
34 0.000480074599752
35 0.000322289501427
36 0.000278809449231
37 0.0112078377972
38 0.0596204638416
39 0.240735934419
40 0.00119592389273
41 0.00170393540696
42 0.000440612175983
43 0.00157472292989
44 0.00204667103218
45 0.000515473850541
46 0.000683680175496
47 0.000556531498372
48 0.0366920895196
49 0.0423875432526
50 0.00107239077963
51 0.00171244968576
52 0.00048176203114
53 0.0168368739655
54 0.0306985794528
55 0.00105113799032
56 0.0379945589515
57 0.00192780796752
58 0.00376522844623
59 0.000660265523987
60 0.000429719836418
61 0.000231810824564
62 0.000480682925816
63 0.00526795005203
64 0.0002315130737
65 0.00219817222672
66 0.00689842400266
67 0.00108682526265
68 0.00486865122671
69 0.00134316493517
70 0.000575676619762
71 0.00324322294153
72 0.000524963437051
73 0.000238378010937
74 0.00948919144953
75 0.00276234155969
76 0.00117431297768
77 0.00395243009946
78 0.0030730725738
79 0.0214504660754
80 0.0524326145228
81 0.121531312972
82 0.000364352391737
83 0.0033604198599
84 0.00154189029665
85 0.000388111733953
86 0.000393867349217
87 0.00281621191995
88 0.000619814612345
89 0.00128673988025
90 0.000457352434322
91 0.000480682925816
92 0.00933478523569
93 0.00309716446125
94 0.0037069727385
95 0.000233532109297
96 0.00165371792897
97 0.2386708681
98 0.0175583763826
99 0.000935902118335
100 0.0132563014337
101 0.000429719836418
102 0.000198871366454
103 0.00127556573703
104 0.000795779089604
105 0.00111593956758
106 0.166354390344
107 0.0119880268753
108 0.00178377067701
109 0.000976712988571
110 0.00120723393511
111 0.000236089556135
112 0.000527728378797
113 0.000295846574332
114 0.000461856880481
115 0.00243114332587
116 0.00476187102183
117 0.0036133430728
118 0.00260155848265
119 0.00117088416561
120 0.00603979194036
121 0.00111226942337
122 0.00232140146516
123 0.00154156907462
124 0.000395920121893
125 0.00202898019602
126 0.00243114332587
127 0.00108881852268
128 0.000786893312231
129 0.000223182955099
130 0.000707935598491
131 0.00187295630202
132 0.000405822810618
133 0.000121066724386
134 0.00166681232115
135 0.00214376528793
136 0.000717072152843
137 0.000224438552932
138 0.000480074599752
139 0.00136284933582
140 0.0376030413031
141 0.000237142214
142 0.000614348964135
143 0.0325234602792
144 0.000834367806728
145 0.000706557893631
146 0.00649844363141
147 0.00401217753565
148 0.000415447470241
149 0.00599976829236
150 0.00676512894152
151 0.000776390073709
152 0.00295291885716
153 0.000666766776126
154 0.00389394356864
155 0.000633555677384
156 0.000544880261473
157 0.0002055472052
158 0.000695086057763
159 0.00535971909305
160 0.000913653408118
161 0.000855087772245
162 0.00243345731194
163 0.000224438552932
164 0.00013475556161
165 0.000546509989918
166 0.000523162022695
167 0.000158817427103
168 0.00114048766408
169 0.000831508243921
170 0.00361967793852
171 0.00122347397881
172 0.00343572552965
173 0.000194247835958
174 0.0383969578259
175 0.000247194551916
176 0.000782376622336
177 0.000393548492845
178 0.000563162644935
179 0.00072365873538
180 0.00197254216508
181 0.00642052925707
182 0.000455742058731
183 0.00268616767195
184 0.00376509377386
185 0.0197527790673
186 0.0845635197482
187 0.00271887752384
188 0.000218712980488
189 0.0021892874797
190 0.000731513803271
191 0.00111938751537
192 0.000653993762048
193 0.00083345102747
194 0.000167301781699
195 0.00104058272633
196 0.000890524463645
197 0.000881175543248
198 0.002604588559
199 0.00135756399459
200 0.0052653202794
201 0.000474237880756
202 0.00173435206444
203 0.000457352434322
204 0.000437742162027
205 0.00043550951499
206 0.00102510197047
207 0.00163926633775
208 0.0014866837725
209 0.00328929975944
210 0.00150940773695
211 0.00586331388229
212 0.00319608037091
213 0.00940222778981
214 0.00183923816703
215 0.000995482690046
216 0.0002055472052
217 0.0017457296125
218 0.0003250534843
219 0.000284854635119
220 0.000382261644981
221 0.000231810824564
222 0.00526820410055
223 0.000133761106598
224 0.000832742644642
225 0.00320788279352
226 0.0004071548358
227 0.00705822575182
228 0.0354050627051
229 0.00109471745459
230 0.000845258282884
231 0.0107259544658
232 0.0028980258481
233 0.00678962596555
234 0.00298197998812
235 0.0028986131344
236 0.000237142214
237 0.000584415544967
238 0.00370612951063
239 0.0038738574045
240 0.00160642154391
241 0.00343490453381
242 0.0392903781644
243 0.00100725547693
244 0.00045423855446
245 0.000681939401983
246 0.000465867061454
247 0.000173361499292
248 0.00151919541986
249 0.0006097898039
250 0.00118934923509
251 0.000293493630228
252 0.00121466133258
253 0.000408451615475
254 0.000174379629202
255 0.0392021266853
256 0.00858377321949
257 0.00920545944356
258 0.1027223715
259 0.00428776167861
260 0.0911452415735
261 0.000474237880756
262 0.00166565423476
263 0.000442095717613
264 0.000294415664986
265 0.000611184815275
266 0.000523166218697
267 0.000442586334113
268 0.00123937573388
269 0.00108643370668
270 0.00131584095212
271 0.00621934117032
272 0.000404384783695
273 0.00114048766408
274 0.000349636853179
275 0.0106281891059
276 0.00149097003715
277 0.000480074599752
278 0.000382261644981
279 0.000891067052796
280 0.0019384231604
281 0.0025404851717
282 0.00051910650314
283 0.000172766283982
284 0.0168988498096
285 0.00601082146602
286 0.0166983249086
287 0.0091041088521
288 0.000614348964135
289 0.000193572778828
290 0.000113626225643
291 0.000349636853179
292 0.00124191330301
293 0.000842375314504
294 0.000901501877086
295 0.00192794238392
296 0.00108682526265
297 0.000719878602741
298 0.00377268311174
299 0.321659481146
300 0.000423410721242
301 0.000237154660827
302 0.000648081167103
303 0.00348579131548
304 0.000465867061454
305 0.00149097003715
306 0.00118860512738
307 0.00111654253074
308 0.000896458820754
309 0.00247725246529
310 0.0101978090718
311 0.0108346496344
312 0.00556314806828
313 0.000866091316542
314 0.000683680175496
315 0.00117088416561
316 0.00772493377013
317 0.000792253036817
318 0.00276099341837
319 0.00428776167861
320 0.00219084660877
321 0.00342862213085
322 0.000525556801795
323 0.000817305751886
324 0.00401217753565
325 0.000309522241278
326 0.00535918317474
327 0.00210920384513
328 0.00370897319303
329 0.00045423855446
330 0.0122604205008
331 0.000653434871885
332 0.000195951009186
333 0.00024177378851
334 0.000995482690046
335 0.000176700796735
336 0.000675624600868
337 0.0011748931217
338 0.000907543667505
339 0.00201347797502
340 0.0410998810939
341 0.00142536395283
342 0.000542892215884
343 0.000606068934271
344 0.000785561166331
345 0.000998981747771
346 0.00502201004402
347 0.00183890421478
348 0.00179932568093
349 0.00616490404798
350 0.0124658777968
351 0.012904437358
352 0.00837220046028
353 0.000545505916314
354 0.00037039210004
355 0.000566171642257
356 0.000891067052796
357 0.001934002247
358 0.000590268038355
359 0.000841514180098
360 0.00113465917481
361 0.146099575772
362 0.0161606554104
363 0.00723970761092
364 0.000355555555556
365 0.00202354623905
366 0.0105613603729
367 0.00030195270601
368 0.128394982796
369 0.00377993636985
370 0.00215466211279
371 0.000370963031902
372 0.00254724987531
373 0.00904650923937
374 0.0394886074932
375 0.00158476097893
376 0.000398504208228
377 0.00714049494649
378 0.000648081167103
379 0.000231810824564
380 0.000223182955099
381 0.000247513025856
382 0.000576737988393
383 0.000890524463645
384 0.000543118326761
385 0.000247513025856
386 0.000552007668993
387 0.00176595344841
388 0.824891242913
389 0.00051910650314
390 0.000604279848282
391 0.00209929345479
392 0.000480074599752
393 0.00449066076685
394 0.00143447358286
395 0.000924933079823
396 0.00494539297082
397 0.00110834775087
398 0.00235071548082
399 0.000948430064448
400 0.000464377553763
401 0.00589537783273
402 0.000215520133103
403 0.00156358310688
404 0.000576737988393
405 0.000187701624547
406 0.000205056931779
407 0.000648081167103
408 0.00166681232115
409 0.000619663327353
410 0.000451891847688
411 0.000992580832706
412 0.000212599785333
413 0.000996250809406
414 0.00119685534834
415 0.00187615569866
416 0.00174628603689
417 0.0020383423477
418 0.00108483747109
419 0.00702194626072
420 0.000563162644935
421 0.000393548492845
422 0.00421860928094
423 0.00310872415593
424 0.00221032791463
425 0.00171788007231
426 0.00222312533129
427 0.00490526482339
428 0.00139925916435
429 0.124492129221
430 0.000773807129187
431 0.00373115019582
432 0.00856883158943
