1 8.33160831821e-05
2 0.00110000739205
3 0.00221566021444
4 0.0021658365709
5 0.000305772044552
6 0.00162912641912
7 0.0014428219458
8 0.00017659849229
9 0.000475065159937
10 0.0014428219458
11 0.000519357924031
12 0.0203259015295
13 0.089174977277
14 0.010692262549
15 0.000950920840692
16 0.000219478737997
17 0.00336789561157
18 0.000310395364233
19 0.00172039469954
20 0.000601910125669
21 0.000574528266331
22 0.000707961121135
23 0.0223477317833
24 0.00068827464173
25 0.00112199061154
26 0.00357092728159
27 0.000638893586636
28 0.000566471863594
29 0.00104432246357
30 0.000226129232857
31 0.000567155842566
32 0.000178123556416
33 0.00162912641912
34 0.000246542387474
35 0.000957269045004
36 0.000225281513892
37 0.00126030365112
38 0.000558190464217
39 0.00222973661778
40 0.000338906951876
41 0.000590222222222
42 0.00295168064199
43 0.700586614671
44 0.0196986693021
45 0.00409250206043
46 0.00093393020313
47 0.002569140625
48 0.00450037130855
49 0.000945460205638
50 0.000707961121135
51 0.000607860758066
52 0.00149804461815
53 0.0200848125336
54 0.000409388159436
55 0.000537765783627
56 0.000740589796231
57 0.0015667854329
58 0.353258914273
59 0.00144068759381
60 0.440739353743
61 0.000510017144736
62 0.000956530980976
63 0.000732658714455
64 0.000224926571936
65 0.000655420233208
66 0.000150756855249
67 0.000867208672087
68 0.000173701109244
69 0.0205811412188
70 0.00219451321957
71 0.00469774475368
72 0.00126856715585
73 0.00231229793877
74 0.00111841024325
75 0.635772229968
76 0.00068816759138
77 0.000208903022484
78 0.000981789011147
79 0.00666262539723
80 0.0016476266646
81 0.00948002711845
82 0.00117968180516
83 0.00101934636085
84 0.00711608894538
85 0.0260108624382
86 0.0830576116664
87 0.000735975158567
88 0.00281689947169
89 0.0014251381125
90 0.000521256854528
91 0.00114477924134
92 0.000849548957468
93 0.000173701109244
94 0.000437667407783
95 0.000458417446875
96 0.00560507856677
97 0.000845597542547
98 0.00878701930219
99 0.0265093433842
100 0.0110242312778
101 0.000150756855249
102 0.000574553312535
103 0.000575631536872
104 0.00112482853224
105 0.000300808113225
106 0.00108222046175
107 0.00738064028531
108 0.00442718554048
109 0.0283315344876
110 0.00267250581348
111 0.000845597542547
112 0.000198331595916
113 0.00125770225217
114 0.000197445277493
115 0.000246542387474
116 0.000463677025582
117 0.00130248719745
118 0.00142509158335
119 0.0004860197394
120 0.00386885299093
121 0.000346052331102
122 0.00110428415117
123 0.00254047984438
124 0.00178523569252
125 0.008131640625
126 0.000535836762689
127 0.0035516369315
128 0.000221977308219
129 0.00922642641219
130 0.00548609053667
131 0.000543871726378
132 0.00195928186322
133 0.000431226068628
134 0.0113980115659
135 0.00286776380945
136 0.00113941854048
137 0.000911295212573
138 0.000522210227634
139 0.000838103420961
140 0.0004860197394
141 0.00105757155133
142 0.00162154857889
143 0.000985095115646
144 0.000424074973741
145 0.000138816287489
146 0.00200246033235
147 0.00261955782991
148 0.0185230237829
149 0.00894593605799
150 0.005819140625
151 0.00234075262648
152 0.000413113887236
153 0.00231273978988
154 0.00381983039908
155 0.000228269582811
156 0.000360797325927
157 0.00105757155133
158 0.00849714018101
159 0.106182569602
160 0.022536
161 0.00240820521167
162 0.00663446791952
163 0.000460256532154
164 0.000213897309239
165 0.000579886846692
166 0.00280658720836
167 0.00140296095729
168 0.00226616407547
169 0.000601910125669
170 0.00231229793877
171 0.00012030443665
172 0.00315727564728
173 0.0363708281965
174 0.392144614845
175 0.002562890625
176 0.00274597367947
177 0.00025863409311
178 0.00338361132546
179 0.000590076873904
180 0.00119362955486
181 0.00136433348894
182 0.000235326777889
183 0.000880812359102
184 0.000208903022484
185 0.000836332179931
186 0.120255740206
187 0.00119439014057
188 0.000494635970502
189 0.00104432246357
190 0.00150923865224
191 0.00112274840595
192 0.0011070072878
193 0.000271519800263
194 0.00278380202383
195 0.000778799351001
196 0.000671980963712
197 0.000475065159937
198 0.00287310365339
199 0.00024285067782
200 0.00102025263695
201 0.0186255777573
202 0.000805631435391
203 0.0351964702727
204 0.00282557587665
205 6.99617197109e-05
206 0.00245269447013
207 0.000846942777849
208 0.000455458060678
209 0.00330779200628
210 0.000535836762689
211 0.000267340678857
212 0.00205847050754
213 0.000438400826017
214 0.000643635827273
215 0.00188700895327
216 0.0665189353633
217 0.000550003696025
218 0.00158206587689
219 0.00253429956804
220 0.000732658714455
221 0.00108369066439
222 0.000906533867587
223 0.000199073685258
224 0.00351817192489
225 0.000510017144736
226 0.000213506807615
227 0.0510129227475
228 0.0283340566681
229 0.000433569014832
230 0.000248979766504
231 0.00248650519031
232 0.000836332179931
233 0.00329536631951
234 0.000300495505497
235 0.000250014652194
236 0.000707961121135
237 0.000513283385896
238 0.000333604386898
239 0.000941909066529
240 0.00278380202383
241 0.00543195016041
242 0.00865585468875
243 0.0210909713736
244 0.0152769887566
245 0.000755713366845
246 0.000167684080582
247 0.000641622089478
248 0.000935130688148
249 0.00205932784636
250 0.000480000981472
251 0.000558190464217
252 0.00130248719745
253 0.00109684665051
254 0.000302135675151
255 0.000450563027784
256 0.000179787163725
257 0.000825930289557
258 0.00183302333322
259 0.00189733582189
260 0.00243114332587
261 0.00190079269704
262 0.000858685969713
263 0.0149217630854
264 0.00232478339993
265 0.127511744155
266 0.041907266735
267 0.00144607799006
268 0.00654680814386
269 0.00493406795225
270 0.000491203913284
271 0.000437667407783
272 0.000557298786159
273 0.000300495505497
274 0.000779400276426
275 0.00162912641912
276 0.0045951576478
277 0.000475065159937
278 0.00370908474193
279 0.0276976234946
280 0.00271205509516
281 0.00366704392987
282 0.00638587179745
283 0.0159339904785
284 0.111360474987
285 0.00892146840573
286 0.000475065159937
287 0.000258143284805
288 0.00451102695478
289 0.00947807466396
290 0.00546266297172
291 0.00025821015856
292 0.000886650370361
293 0.000921693896619
294 0.000650505921364
295 0.00202087366383
296 0.00212084487535
297 0.000638047105537
298 0.000522210227634
299 0.000246542387474
300 0.000338906951876
301 0.00154939808303
302 0.000353892249421
303 0.000537765783627
304 0.000321557087018
305 0.0216104746469
306 0.0024145270915
307 0.000320305892127
308 0.00149295826069
309 0.00179313179333
310 0.00202981684012
311 0.000965522713747
312 0.000536694101509
313 0.00151617083733
314 0.00111111111111
315 0.000281873445429
316 0.00216943720317
317 0.0375171197966
318 0.0267962343293
319 0.00381767704678
320 0.000378802094425
321 0.022241508628
322 0.00777703512273
323 0.00444795298541
324 0.00358457864858
325 0.000340521228412
326 0.00473404379809
327 0.000846826142021
328 0.000856037018381
329 0.00224398692026
330 0.000226129232857
331 0.000214288883178
332 0.00032957903145
333 0.000856632956573
334 0.0236868146851
335 0.00228011903153
336 0.00693229735804
337 0.000712603246656
338 0.00108087821355
339 0.000321557087018
340 0.000305772044552
341 0.000511440852788
342 0.00162154857889
343 0.00111559310747
344 0.000920291013976
345 0.000648987129648
346 0.00109422238902
347 0.00250194095127
348 0.000936276910225
349 0.0214536670706
350 0.00690282058126
351 0.0341075238086
352 0.000517835766149
353 0.000418231500596
354 0.000670345048873
355 0.000778799351001
356 0.0140929977456
357 0.00119134181306
358 0.000380280421825
359 0.000510017144736
360 0.0140936773848
361 0.00155796998691
362 0.00308863687256
363 0.000708507387432
364 0.00041621187457
365 0.0110694046293
366 0.000432848874708
367 0.000403113976861
368 0.00146420422659
369 0.000228269582811
370 0.00038506149374
371 0.000358001439079
372 0.000326765093541
373 0.0041361632228
374 0.00422175187404
375 0.00162100636626
376 0.00140900061059
377 0.51756289127
378 0.00298495932519
379 0.000993740051098
380 0.00206453442485
381 0.00200612281048
382 0.00130194494633
383 0.000451111348117
384 0.000595835812017
385 0.000583273361886
386 0.000240878024282
387 0.000539828084189
388 0.00254334377412
389 0.0118831825251
390 0.00916708578162
391 0.00045039072296
392 0.000513283385896
393 0.000215125949128
394 0.00571274733504
395 0.0119158790537
396 0.00155037259735
397 0.00673755315
398 0.223369588035
399 0.00134083412916
400 0.00409534173655
401 0.000424074973741
402 0.00182501031842
403 0.00684328519865
404 0.000213117374394
405 0.00179313179333
406 0.000557298786159
407 0.000655420233208
408 0.00020628591873
409 0.00015383690884
410 0.00158701830921
411 0.000248979766504
412 0.00048702552952
413 0.00416899063476
414 0.0307946564093
415 0.00266998943562
416 0.000146842798845
417 0.00208681305113
418 0.00284108286235
419 0.00317905177544
420 0.0011140305143
421 0.00050635126519
422 0.0026223426954
423 0.000762071017655
424 0.00071670138189
425 0.000256520495268
426 0.000193330619487
427 0.0270163471338
428 0.00245522966889
429 0.000431429511512
430 0.000719308289661
431 0.00377245884004
432 0.00205466381301
