1 0.000399361022364
2 0.000961811312613
3 0.000642603666307
4 0.000246542387474
5 0.000249143351099
6 0.000571237419067
7 0.000793326383665
8 0.000433287064578
9 0.000933607378064
10 0.000501109711756
11 0.000232199546485
12 7.01385996576e-05
13 0.00024679946868
14 0.00415255996009
15 0.0067110930238
16 0.0162057024706
17 0.00138974404633
18 0.000170073164115
19 0.000576768768683
20 0.000173066522445
21 0.00165084352162
22 0.00217706099089
23 0.00621665698509
24 0.00720334683519
25 0.000842163496595
26 0.000451003038684
27 0.00404170948235
28 0.0116124880443
29 0.000288631075812
30 0.00367153018179
31 0.00477433909136
32 0.0026130714818
33 0.00755074715707
34 0.00103272056766
35 0.000477560027385
36 0.000681002959366
37 0.000753083727246
38 0.0039602084137
39 0.000482609085097
40 0.00623895875011
41 0.000518297302287
42 0.000437808256199
43 0.000611456692472
44 0.00107062799023
45 0.0013143363058
46 0.000422681137465
47 0.00346584887113
48 0.000274189125982
49 0.00273796646836
50 0.0240789536266
51 0.00119647538345
52 0.0276060626326
53 0.00068021034258
54 0.00604729966695
55 0.00024285067782
56 0.000253922929473
57 0.00037021791152
58 0.00145241613839
59 0.000964701712054
60 0.00179670382299
61 0.000567800453515
62 0.00058570559719
63 0.0190801516109
64 0.0497685392919
65 0.000559738995351
66 0.0152789379924
67 0.00154156907462
68 0.000563667863446
69 0.00145157754799
70 0.000538499339991
71 0.00145633776846
72 0.00546171737312
73 0.000258060353865
74 0.000860476313642
75 0.00202848496044
76 0.00105166557343
77 0.00107302444691
78 0.00106937403908
79 0.00356295504247
80 0.00346584887113
81 0.00585002581188
82 0.888788106055
83 0.0120839273872
84 0.00119193910989
85 0.00118451791218
86 0.000524968776233
87 0.000249143351099
88 0.00088947325305
89 0.000105691659294
90 0.00124167549387
91 0.00448193429411
92 0.00320654276189
93 0.0067097785388
94 0.00045039072296
95 0.00140405530662
96 0.00118955587768
97 0.000631297189465
98 0.117012663384
99 0.00158609134198
100 0.000165542527313
101 0.00117214318656
102 0.000259621986331
103 0.0097215232904
104 0.00532799488768
105 0.00139155812886
106 0.00130578832415
107 0.00244242035748
108 0.00267697798929
109 0.0123440182861
110 0.00048176203114
111 0.000189958467106
112 0.00116109379992
113 0.000545049887205
114 0.00117551020408
115 0.000377918437341
116 0.000630030160804
117 0.000583583401326
118 0.000374510179409
119 0.000439838707071
120 0.00119684667351
121 0.00314669506925
122 0.00425987187566
123 0.000347193405388
124 0.000288631075812
125 0.00410913872452
126 0.0369008643636
127 0.00186458110967
128 0.00288897333347
129 0.000997009795611
130 0.000970564289221
131 0.000258060353865
132 0.00169110338466
133 0.00134577327505
134 0.00169667263644
135 0.000783651671669
136 0.00443713750866
137 0.000195156563262
138 0.00167289127107
139 0.00404728685541
140 0.000226554887789
141 0.00118451791218
142 0.000560922187579
143 0.000856979232304
144 0.000269988349502
145 0.0019072403699
146 0.00394882911501
147 0.0320822611049
148 0.000431993461629
149 0.00894384582552
150 0.00257244363931
151 0.3875563832
152 0.00461080445135
153 0.00130386451105
154 0.00268223324023
155 0.0455548762446
156 0.000485172966349
157 0.000195608587217
158 0.00113497047939
159 0.00147253843971
160 0.0913269963191
161 0.109011015344
162 0.00264829958415
163 0.000331542297636
164 0.000189958467106
165 0.000937109537693
166 0.000371535284855
167 0.000876471606648
168 0.000364328244449
169 0.000258856224186
170 0.000582318391199
171 0.00993516774384
172 0.448114646394
173 0.00652471216123
174 0.00205456995418
175 0.014801295216
176 0.000532955292571
177 0.000341149041085
178 0.00174746934783
179 0.00408243688364
180 0.000534598549901
181 0.00198429752066
182 0.00617788704361
183 0.00681926270451
184 0.00326509165768
185 0.000247513025856
186 0.00280491561929
187 0.00050411688982
188 0.000783651671669
189 0.00526191992473
190 0.000695973591197
191 0.000243313163475
192 0.000104656562948
193 0.0028349866141
194 0.00158425747895
195 0.0262760905926
196 0.00108881852268
197 0.00150755598866
198 0.00156435168076
199 0.00115016248915
200 0.00202394287903
201 0.000314782139821
202 0.000114383912343
203 0.000832100591716
204 0.000186462673315
205 0.00113409540578
206 0.00100369842735
207 0.000255509186884
208 0.000226129232857
209 0.000649118605979
210 0.00219879644826
211 0.000405822810618
212 0.000965747721283
213 0.00264829958415
214 0.00566199016913
215 0.000443529569029
216 0.000772797066233
217 0.000796241208876
218 0.000275962134555
219 0.00106140332917
220 0.000897007483368
221 0.000433181307423
222 0.000245308254172
223 0.000998981747771
224 0.00130905785207
225 0.00300640129437
226 0.0571385688833
227 0.0010077725998
228 0.00826389219226
229 0.0983435375298
230 0.0111442117274
231 0.000909067952829
232 0.0207893507275
233 0.00029576564971
234 0.000989499481572
235 0.000541198531999
236 0.00732071953365
237 0.000342782153828
238 0.00030692486332
239 0.013226099099
240 0.00192251688903
241 0.00990840193633
242 0.00190905070466
243 0.105518471447
244 0.000331542297636
245 0.00112774103724
246 0.00591498475263
247 0.00219866761292
248 0.00143170197224
249 0.000851792874139
250 0.000571101724357
251 0.00117551020408
252 0.000583583401326
253 0.188190514484
254 0.0275144379422
255 0.0148478788411
256 0.000408930375935
257 0.0070794654555
258 0.00211377420456
259 0.0091928893086
260 0.00152440522401
261 0.000665320427347
262 0.00077101002313
263 0.00393921506741
264 0.000479127798638
265 0.000637094008624
266 0.00058237012265
267 0.277314304987
268 0.000561532759821
269 0.00229891187139
270 0.00104178021763
271 0.000479371262961
272 0.000426883409603
273 0.000231317497723
274 0.000258060353865
275 0.000783651671669
276 0.00108682526265
277 0.00051652892562
278 0.000479371262961
279 0.00617265746265
280 0.00030392971197
281 0.00226504068545
282 0.127340655026
283 0.000570661399204
284 0.000641825319514
285 0.0011545677587
286 0.00118906064209
287 0.000309522241278
288 0.00106140332917
289 0.000225281513892
290 0.00133577263006
291 0.00154156907462
292 0.0214089392171
293 0.000174638395792
294 0.000961664739722
295 0.010549163582
296 0.0142308683743
297 0.00312973739547
298 0.00055295663972
299 0.00128793327249
300 0.000331542297636
301 0.000746652694946
302 0.000564739984675
303 0.00051652892562
304 0.00621223519134
305 0.00117732426304
306 0.000576737988393
307 0.000483381259633
308 0.000876471606648
309 0.0051738227537
310 0.00028683813002
311 0.00157463692725
312 0.0285660328788
313 0.277198069614
314 0.000909769394151
315 0.00197233830212
316 0.000215915401489
317 0.00334326438718
318 0.0198359217573
319 0.00179490230082
320 0.00213044921606
321 0.0306324422118
322 0.00188534003846
323 0.060678158144
324 0.00566179193405
325 0.000391511927887
326 0.000772797066233
327 0.000582318391199
328 0.000991605091136
329 0.000377918437341
330 0.00565323082141
331 0.000439136089328
332 0.00037852310684
333 0.0011719484162
334 0.000364328244449
335 0.000482609085097
336 0.000524963437051
337 0.000154075693295
338 0.00184183760852
339 0.000216661066768
340 0.0182962497675
341 0.00382408347431
342 0.00130643054144
343 0.00112921743121
344 0.000564569732028
345 0.00370848360719
346 0.00216950512513
347 0.00237603338149
348 0.00135734072022
349 0.727672656806
350 0.000630030160804
351 0.00390625
352 0.00116750501388
353 0.00295168064199
354 0.00187701157243
355 0.00168698520076
356 0.000274407497466
357 0.000682092564101
358 0.00145181146889
359 0.00145181146889
360 0.000480074599752
361 0.00117551020408
362 0.000364328244449
363 0.0016618171046
364 0.000772797066233
365 0.0119235695601
366 0.000278593556478
367 0.000576768768683
368 0.000306687969197
369 0.00261485559745
370 0.000763169737751
371 0.00223065498097
372 0.00131796982167
373 0.0155277856342
374 0.00118205287513
375 0.00594456455767
376 0.00141355503507
377 0.000362107644453
378 0.00154156907462
379 0.000510017144736
380 0.00387591030901
381 0.00770746434465
382 0.0165881816909
383 0.0191015257652
384 0.000377918437341
385 0.00987728772055
386 0.000398723065459
387 0.000178767606885
388 0.00604669499745
389 0.000249143351099
390 0.000783651671669
391 0.000572331219523
392 0.00165919406787
393 0.00333599019608
394 0.00333599019608
395 0.00116467080464
396 0.00326447091764
397 0.00171636241765
398 0.00182287413312
399 0.000577001321432
400 0.0021681848857
401 0.000563667863446
402 0.00296413713247
403 0.000817623831211
404 0.00766994020737
405 0.000538049807361
406 0.00622359914609
407 0.000230878356868
408 0.000781130925164
409 0.00114371380125
410 0.000236231880046
411 0.00104619989683
412 0.000939437565687
413 0.000617566964021
414 0.000572331219523
415 0.000388359490645
416 0.00364301487539
417 0.00084015963033
418 0.0100884875504
419 0.000910592594831
420 0.00527913211481
421 0.00397230158391
422 0.000543345331504
423 0.00256593220742
424 0.000631297189465
425 0.00203467075699
426 0.00082303144316
427 0.00110089405169
428 0.00360694214176
429 0.000637755102041
430 0.00722063112605
431 0.0460140240747
432 0.0165552999368
