1 0.00123912092086
2 0.000431425940993
3 0.00172136466088
4 0.0103921501391
5 0.000130054272257
6 0.00120697908154
7 0.00329545973949
8 0.000378506866115
9 0.000226129232857
10 0.00150755598866
11 0.00314196293217
12 0.082000911688
13 0.287888120271
14 0.00351147437479
15 0.00176905082061
16 0.000211889328334
17 0.00583190688715
18 0.000704336639244
19 0.00204211689991
20 0.000432025345487
21 0.0005514684763
22 0.000226586435672
23 0.0341404033711
24 0.00298826048836
25 0.00648675910336
26 0.000668846611177
27 8.57338820302e-05
28 0.000658399753303
29 0.00145860886015
30 0.000794874904427
31 0.00251219722881
32 0.000243531415942
33 0.00121976682691
34 0.000211570247934
35 0.000322553342582
36 0.000212341697606
37 0.00129150701142
38 0.00144058761095
39 0.000935550287484
40 0.00121214948417
41 0.00791203464136
42 0.0106030768149
43 0.524634166658
44 0.00587095745206
45 0.00177001236917
46 0.000669878781873
47 0.00171924610843
48 0.00210950739249
49 0.00723071905322
50 0.000773985487772
51 0.000734822912454
52 0.00358748846353
53 0.00164807746033
54 0.000785975136348
55 0.000912216733431
56 0.000232764913428
57 0.00235835851961
58 0.459318572838
59 0.00140154361041
60 0.418190601237
61 0.0003313267935
62 0.00107190082645
63 0.000317515313129
64 0.000322553342582
65 0.000519357924031
66 0.000492458270894
67 0.000575907998473
68 0.000228099129198
69 0.0146101761412
70 0.00167975659376
71 0.0130198588008
72 0.00127298319092
73 0.00269163498497
74 0.00197917216737
75 0.723829915473
76 0.00132723428366
77 0.000753707861305
78 0.00780911005524
79 0.00650045940062
80 0.000766464689505
81 0.00334419619284
82 0.00118989874214
83 0.00082738187307
84 0.00683643797247
85 0.00594757974539
86 0.080354177763
87 0.000250955788648
88 0.000654704939207
89 0.0057048695373
90 0.0008829799636
91 0.00065145729037
92 0.000555199734215
93 0.000442095717613
94 0.000322553342582
95 0.000613665326929
96 0.00620978774325
97 0.00191653669054
98 0.00712811767071
99 0.113177342183
100 0.00989588542839
101 0.000776390073709
102 0.000269006377527
103 0.00035173834719
104 0.000729364636733
105 0.000490263241344
106 0.00074934522071
107 0.00373113844311
108 0.000862667047653
109 0.0188210445811
110 0.00254352905963
111 0.00397341367772
112 0.000254193989169
113 0.00326068486186
114 0.000278084204306
115 0.000650955010269
116 0.000219478737997
117 0.00150669259095
118 0.00180606570288
119 0.00165355279696
120 0.00132329590517
121 0.000384467512495
122 0.00148958460103
123 0.00425440257901
124 0.000672045760304
125 0.00260422938739
126 0.00038628317709
127 0.0023386544547
128 0.000215520133103
129 0.260213966571
130 0.00133119813547
131 0.000519357924031
132 0.000613900072784
133 0.000541342959934
134 0.0139370691031
135 0.00300097980241
136 0.00682032180056
137 0.000545949049741
138 0.000555199734215
139 0.00218104977283
140 0.000144685031614
141 0.00121976682691
142 0.00055608805379
143 0.000654773191805
144 0.000322553342582
145 0.000118130949478
146 0.00120229070043
147 0.000731092979293
148 0.0100013846932
149 0.00638107983061
150 0.00189808805627
151 0.00149149690523
152 0.0001841672296
153 0.00140570084448
154 0.00285149552725
155 0.000802731026543
156 0.000493218061371
157 0.000405169574812
158 0.0095308243737
159 0.104660859698
160 0.0978889032827
161 0.00258381946913
162 0.00843667287521
163 0.00253614957154
164 0.000610282811043
165 0.00123912092086
166 0.00301792259942
167 0.00102157322276
168 0.000812162127865
169 0.000524963437051
170 0.000668846611177
171 0.00029173553719
172 0.000802257711671
173 0.0569415191776
174 0.446941826915
175 0.00143371621681
176 0.00134007057551
177 0.000992001984004
178 0.000335497417979
179 0.00042033417162
180 0.00103301515043
181 0.0020394299884
182 0.00173076512164
183 0.00168131551762
184 0.000613900072784
185 0.000993740051098
186 0.0756731978654
187 0.0011711847931
188 0.000900573772574
189 0.00111111111111
190 0.00133990311941
191 0.00756143667297
192 0.000555199734215
193 0.00102765062099
194 0.000195912917917
195 0.000658991491877
196 0.000892546615933
197 0.000729364636733
198 0.000470133721075
199 0.000492076001729
200 0.000164726188133
201 0.000851088421257
202 0.00107858534166
203 0.126442337971
204 0.00273418271698
205 0.0001841672296
206 0.00206888118481
207 0.000211889328334
208 0.000615720270682
209 0.000279522060951
210 0.000486878052239
211 0.00102299763445
212 0.000268195099363
213 0.0001841672296
214 0.000539445014969
215 0.000219572817854
216 0.418807599605
217 0.00162329124247
218 0.00213285529896
219 0.00105083151864
220 0.000658399753303
221 0.000668846611177
222 0.000504433535644
223 0.000939908249936
224 0.00213285529896
225 0.000503627731274
226 0.000155036412361
227 0.17667133914
228 0.0178476488658
229 0.00084833631822
230 0.00174634511918
231 0.00381296248387
232 0.000871405536146
233 0.00333641778206
234 0.000436206081899
235 0.00020628591873
236 0.00222709163435
237 0.000377918437341
238 0.00119413883679
239 0.00049930717324
240 0.00202175652667
241 0.00602157414212
242 0.00171408432654
243 0.013800024467
244 0.00523911843064
245 0.00081636117092
246 0.000191568587541
247 0.00164807746033
248 0.000612517187944
249 0.00141508043356
250 0.000374996775028
251 0.00389650265508
252 0.00150669259095
253 0.000344464781645
254 0.000317515313129
255 0.000436206081899
256 0.000288669997172
257 0.0005485379026
258 0.00840308346633
259 0.0054924539161
260 0.000992001984004
261 0.00270549109702
262 0.00516085348131
263 0.0022452594437
264 0.00095776481636
265 0.0229877757054
266 0.0410140832634
267 0.00266819358213
268 0.0628008387935
269 0.00207311928678
270 0.000223689533213
271 0.000374996775028
272 0.000969815974426
273 0.000509096951609
274 0.00120597452134
275 0.000658399753303
276 0.000582597768324
277 0.00038628317709
278 0.000476610592597
279 0.000444772532825
280 0.00204758428886
281 0.00309065788476
282 0.437014719346
283 0.226949864132
284 0.00579000943305
285 6.21087531936e-05
286 0.00209196270615
287 0.000472287203669
288 0.00177208000325
289 0.00148789820186
290 0.00280283179659
291 0.000914127919301
292 0.000219572817854
293 0.000429694498194
294 0.000165957457843
295 0.00337920537946
296 0.000851088421257
297 0.00162329124247
298 0.000678048751981
299 0.000504986744098
300 0.00137174211248
301 0.00150632483586
302 0.00055608805379
303 0.00145018752839
304 0.000654773191805
305 0.000451923966866
306 0.000851088421257
307 0.00603790580481
308 0.0012766605308
309 0.00145181146889
310 0.000682426906619
311 0.00110905635221
312 0.000576820869794
313 0.000783651671669
314 0.000193572778828
315 0.00096104923964
316 0.000281676365592
317 0.00723078346985
318 0.00807932445854
319 0.0113244992635
320 0.0153242370618
321 0.000463493220417
322 0.0269813250166
323 0.0218037978335
324 0.00160900365453
325 0.00258011286825
326 0.00123963700621
327 0.0152302514337
328 0.00145018752839
329 0.000334459077995
330 0.000504986744098
331 0.000415541915927
332 0.000802257711671
333 0.000802257711671
334 0.00022001004802
335 0.00342721093684
336 0.00260036563582
337 0.00995735472539
338 0.00929206797105
339 0.000894595533291
340 0.000436935828458
341 0.000955626369983
342 0.00196641218017
343 0.00169685256374
344 0.00035173834719
345 0.00113801652893
346 0.000225704776389
347 0.00318581185714
348 0.00300345527823
349 0.00144794352481
350 0.0241418083015
351 0.00134758554744
352 0.00681162496416
353 0.000433305301369
354 0.00051841234767
355 0.00183780614475
356 0.000658991491877
357 0.000195912917917
358 0.000654773191805
359 0.00121976682691
360 0.00023573101069
361 0.000551037051731
362 0.00245515786056
363 0.00119413883679
364 0.00440808922333
365 0.00111262437088
366 0.000345015925296
367 0.0157500321041
368 0.000483326621751
369 0.000787320734177
370 0.00130386451105
371 0.0017451888008
372 0.00391389058497
373 0.000285019900269
374 0.000597212308498
375 0.0117571665993
376 0.00466105457278
377 0.00113159666831
378 0.412307769034
379 0.0039777779502
380 0.000555511773252
381 0.000848990898713
382 0.000650955010269
383 0.00150632483586
384 0.000906030133891
385 0.00117578442353
386 0.000508274728438
387 0.00255688504226
388 0.000737085645257
389 0.000183233556936
390 0.00351815381821
391 0.00172800658398
392 0.000352301128545
393 0.000712482398372
394 0.0348304997256
395 0.00238992508408
396 0.00282447443616
397 0.00259168126105
398 0.130088874222
399 0.0133605922497
400 0.0025890308104
401 0.000668846611177
402 0.00149097003715
403 0.0050850008923
404 0.000467696746926
405 0.00167572928422
406 0.000658399753303
407 0.0002298469293
408 0.0054420854609
409 0.00173611111111
410 0.00534429615921
411 0.000571127032655
412 0.00148394545311
413 0.0101545463583
414 0.00717027718836
415 0.00505791480616
416 0.00147227808101
417 0.00155136007355
418 0.00146409264514
419 0.0110965495061
420 0.00116434928345
421 0.000265798863611
422 0.00198632847355
423 0.00629721286868
424 0.000442095717613
425 0.000551037051731
426 0.00105721533349
427 0.0156844522619
428 0.000565134488215
429 0.00370141297515
430 0.000337184528293
431 0.00269051640578
432 0.00144762326411
