1 0.00143697898734
2 0.0551359397078
3 0.00440590943859
4 0.000188531643139
5 0.000675729770748
6 0.000418525013555
7 0.00106995457024
8 0.000748949963477
9 0.000257
10 0.00113531638724
11 0.000581195849983
12 0.00354440237966
13 0.00249957356263
14 0.000528333532129
15 0.000918751422419
16 0.00193701954308
17 0.00312479444549
18 0.00532854206858
19 0.002474738807
20 0.00236953645063
21 0.0336062767191
22 0.000685945284361
23 0.000335130279936
24 0.0240290402081
25 0.0020457241319
26 0.000250941273883
27 0.00234779583975
28 0.00193371757003
29 0.0015465219038
30 0.00127854183863
31 0.00951814396193
32 0.00243313609467
33 0.00292759530155
34 0.0783761754159
35 0.0717560462442
36 0.000238978739294
37 0.000484309908748
38 0.00179624135222
39 0.00346120916983
40 0.00904310194557
41 0.00112665564601
42 0.000839487502626
43 0.000908247404632
44 0.000616245192442
45 0.00174471190598
46 0.0151770846685
47 0.000538826083321
48 0.00777634604127
49 0.0450305823435
50 0.000501870238263
51 0.000463677025582
52 0.000310977123342
53 0.000365871720106
54 0.00059488399762
55 0.000621266807752
56 0.000500030401848
57 0.00396190132805
58 0.256801963798
59 0.00131214236704
60 0.000584377698429
61 0.00117766265994
62 8.26361958343e-05
63 0.000626974915031
64 0.000211515790587
65 0.00182501031842
66 0.00181697779911
67 0.00160263154203
68 0.00262486092558
69 0.00225098375112
70 0.00048702552952
71 0.00516169195892
72 0.00262486092558
73 0.00138274527322
74 0.00191415592358
75 4.8225308642e-05
76 0.000612500943595
77 0.000526049995792
78 0.00183397273246
79 0.000150446451308
80 0.000233086649962
81 0.000117228214824
82 0.000365871720106
83 0.00083477400555
84 0.00160523731237
85 0.000413786437206
86 0.000345370708546
87 0.00182183224271
88 0.000317515313129
89 4.84353032059e-05
90 0.000418203344802
91 0.000742107429158
92 0.0160890544513
93 0.0278128429164
94 0.032636337004
95 0.00238418579102
96 0.000567465971365
97 0.000188104987804
98 0.000400751056007
99 0.000986321141507
100 0.000290535024126
101 0.000313380802311
102 0.00108877778911
103 0.00640021872763
104 0.00191854041626
105 0.00230696784154
106 0.000776331360947
107 0.00140553279996
108 0.00121431846619
109 0.000149861056556
110 0.00150260372616
111 0.000516416006916
112 0.00341232060659
113 0.000311711992084
114 0.000835418121295
115 0.000467696746926
116 0.00113409540578
117 0.00234439688169
118 8.83179884622e-05
119 0.0325004132868
120 0.000813070994351
121 0.107885299229
122 0.00407007771538
123 0.00147752746141
124 0.162100250343
125 0.0061247637051
126 0.0041161719089
127 0.00112847593175
128 0.00286829712365
129 0.00236953645063
130 0.00539030441627
131 0.0041161719089
132 0.0126726304807
133 0.00114471658893
134 0.00184395344915
135 0.0380337606691
136 0.000610035968734
137 0.00167104181885
138 0.00204283571132
139 0.00067529465821
140 0.000274036705625
141 0.000463677025582
142 0.00122027485142
143 0.00164055786899
144 0.000626
145 0.000206698037134
146 0.00413641386458
147 0.016001027745
148 7.37216825125e-05
149 0.000684077773898
150 0.00222033387243
151 0.000574528266331
152 0.000792253036817
153 0.000356536541288
154 0.000960968746112
155 0.000484309908748
156 0.0017357259742
157 0.000106007828016
158 0.00397719682914
159 0.0040002344351
160 0.00234779583975
161 0.00404548035787
162 0.00197305180619
163 0.000604676162322
164 0.00064727990111
165 0.00038163484987
166 0.00131601944115
167 0.00246139054143
168 0.000164893630726
169 0.00043547816199
170 0.00092062131576
171 0.00288564389159
172 0.000833435690726
173 0.00112147106544
174 0.007855562298
175 0.0045260262028
176 0.00390415391035
177 0.00233320150773
178 0.00170194928468
179 0.00176819697438
180 0.00487635571841
181 0.00553912199733
182 0.00228795627859
183 0.000797522987427
184 0.0013380129301
185 0.000291606945564
186 0.00172436081586
187 0.00276918023781
188 0.00188366763661
189 0.00183264169305
190 0.000220703163728
191 0.00138274527322
192 0.00159489226184
193 0.000758080715851
194 0.0010553198335
195 0.00329465704116
196 8.11861092547e-05
197 0.000758671598813
198 0.000819830246914
199 0.000317515313129
200 0.00401171246683
201 0.00131547155628
202 0.00346101247256
203 0.000983379669536
204 0.00044072066423
205 0.000254248316357
206 0.221488879618
207 0.000604279848282
208 0.00165630070308
209 0.0010294832566
210 0.000123843294523
211 0.00236953645063
212 0.00262957859317
213 0.0211155798637
214 0.00198964030562
215 0.00111766087628
216 0.0162101071926
217 0.00522824149666
218 0.0206560999817
219 0.000206698037134
220 0.000653267870449
221 0.00146016027558
222 0.000599149964147
223 9.09015086839e-05
224 0.000334063226685
225 0.00043547816199
226 0.00027440740116
227 0.0123456790123
228 0.00541907794697
229 0.000473412760633
230 0.0010775895909
231 0.000264371802609
232 0.00073988463048
233 0.000597817079812
234 0.00113007006252
235 0.00161651536577
236 0.000791878475276
237 0.00567810749466
238 0.000777404230882
239 0.000769893114199
240 0.00370436448317
241 0.00119134181306
242 0.022916934358
243 0.0178159526249
244 0.000903007516701
245 0.00104640881299
246 0.000985855219902
247 0.0012487804878
248 0.00142071005917
249 0.00268985970175
250 0.000500030401848
251 0.000625
252 0.00208086835612
253 0.000402572340639
254 0.000233086649962
255 0.00226853382049
256 0.0232945739481
257 0.0011341387088
258 0.03168820594
259 0.000302423771074
260 0.00325970650089
261 0.00033428244442
262 0.000391643460582
263 0.000268175238592
264 0.000455338923277
265 0.000169211448212
266 0.00237229786238
267 0.000345489973881
268 0.00122097624164
269 0.00136417108044
270 0.0199750321962
271 0.00178390075696
272 0.08449972971
273 0.00134982570711
274 0.019530214927
275 0.00327699924155
276 0.000467494521549
277 0.000387500775002
278 0.000758080715851
279 0.000584377698429
280 0.000470133721075
281 0.00119684667351
282 0.0301820945066
283 0.00200828169791
284 0.0080308963232
285 0.0273870456401
286 0.00612333406854
287 0.0177777842661
288 0.000564739984675
289 0.269408045572
290 0.0173437145194
291 0.0161975810795
292 0.00161612080503
293 0.00295669837273
294 0.0012989129332
295 0.00575664143723
296 0.00844575650486
297 0.0493639847772
298 0.00339578696755
299 0.000687734894929
300 0.00233508176056
301 0.000415354569444
302 0.00204312071508
303 0.000365871720106
304 0.000599149964147
305 0.000238057820153
306 0.000271945335942
307 0.000543864167966
308 0.000474237880756
309 0.00122951318962
310 0.000211186098675
311 0.107889263107
312 0.00957827040938
313 0.0310293408859
314 0.00071640800984
315 0.00813808543276
316 0.000909769394151
317 0.0453494185297
318 0.00140553279996
319 0.00432414388678
320 0.00189801420376
321 0.0148695899874
322 0.00139059745302
323 0.00402117320693
324 0.000441636738089
325 0.468031004711
326 0.0260850442333
327 0.00144080883097
328 0.00180606570288
329 0.00244904328813
330 0.00160523731237
331 0.000164893630726
332 0.00140553279996
333 0.00121976682691
334 0.00228530636526
335 0.000152415790276
336 0.00144021014327
337 0.000295225611412
338 0.000245850117362
339 0.00145389745321
340 0.00126392436334
341 0.00544417280162
342 0.00153798232844
343 0.0744604560021
344 0.00134964931158
345 0.000885537460849
346 0.00272699869683
347 0.00165081172358
348 0.0210567480519
349 0.00255742394689
350 0.0036544302227
351 0.0225755835721
352 0.000486878052239
353 0.0679840373664
354 0.0182183033632
355 0.00503080900868
356 0.000858027556191
357 0.000543864167966
358 0.000418525013555
359 0.000758671598813
360 0.00221559665621
361 0.000969815974426
362 0.000179787163725
363 0.000542850914031
364 0.000413786437206
365 0.00190193312047
366 0.000257785973866
367 0.00264689933513
368 0.00059488399762
369 0.00211505292883
370 0.0338483362152
371 0.00503502241572
372 0.00195343446242
373 0.00426676914757
374 0.00625901297869
375 0.000323482221417
376 0.000869247784412
377 5.91917154698e-05
378 9.45263402032e-05
379 0.000859723253327
380 0.000178371855151
381 0.000160392069503
382 0.00236918859972
383 0.0106297241382
384 0.000450343910069
385 0.00150846301693
386 0.000595835812017
387 0.000599149964147
388 0.000835418121295
389 0.000281282825486
390 0.000803521607043
391 0.000302788148185
392 0.000476739408327
393 0.00240714322092
394 0.000656071183522
395 0.00510951263484
396 0.00122770735986
397 0.00872627102421
398 0.00449339606263
399 0.000665143870337
400 0.00132996572563
401 0.0295236362078
402 0.000903007516701
403 0.00191136194352
404 0.000802232516326
405 0.00193349012105
406 0.000686303302435
407 0.00944439723146
408 0.0037570143395
409 0.00170637589055
410 0.522881639298
411 0.000929339451485
412 0.0253708732432
413 0.00115561476298
414 0.00158791034151
415 0.000338422896424
416 0.000570867649209
417 0.000222766763199
418 0.000413113887236
419 0.000544734350635
420 0.00173683418946
421 0.0226266818247
422 0.00915908813477
423 0.00200872267675
424 0.000485084804602
425 0.000193318986106
426 0.0003047722324
427 0.00119027393044
428 0.00667387871735
429 0.135986339929
430 0.362944563233
431 0.00118550217583
432 0.103675463855
