1 0.00058570559719
2 0.00352265371088
3 0.000869041069616
4 0.0004365289469
5 0.00146316701006
6 0.000179268570228
7 0.00021746055342
8 0.00068151664799
9 0.000220237111064
10 0.000642483706365
11 0.00194519902035
12 0.000524124837312
13 0.0232825085535
14 0.00310635505377
15 0.268886279865
16 0.00189239616915
17 0.00198039729954
18 0.00276755819535
19 0.00120940058359
20 0.12161997876
21 0.0010066332015
22 0.000552819948594
23 0.00172262680401
24 0.00323094260812
25 0.000961718896603
26 0.000256512769025
27 0.00226416296406
28 0.000783303575429
29 0.00257175248339
30 0.0142642237552
31 0.00137381815019
32 0.00202689557085
33 0.00307182998124
34 9.49007015803e-05
35 0.000497357638339
36 0.00604367063192
37 0.000553112519016
38 0.000575631536872
39 0.000132817311909
40 0.00097224564757
41 0.00559418965086
42 0.110163363572
43 0.00104332832599
44 0.000459708904966
45 0.000425070823033
46 0.000155772779612
47 0.00135211563861
48 0.00143712268524
49 0.00109382596014
50 0.00120990429063
51 0.00527962209593
52 0.00297971962816
53 0.00537989485481
54 0.0027806376038
55 0.000197676681256
56 0.00340142514498
57 0.000841189981788
58 0.000223026771333
59 0.000288445918006
60 0.00611735146864
61 0.00113409540578
62 0.000494706247388
63 0.00126259372826
64 0.000357616136556
65 0.0032338398176
66 0.00175997490148
67 0.00592697274786
68 0.00327546113637
69 0.00604474182043
70 0.0300939926047
71 0.000237584361009
72 0.00143391565877
73 0.000150133906197
74 0.000673677556921
75 0.000520785665901
76 0.000324466483286
77 0.000524124837312
78 0.000791787388975
79 0.000793054122124
80 0.471262913321
81 0.000603867771821
82 0.00264291799111
83 0.00179050295161
84 0.000177481851441
85 0.000436935828458
86 0.000324768384413
87 0.000550883701938
88 0.000898501872919
89 0.000533724845233
90 0.000188296767474
91 0.000256998959417
92 0.0179473107448
93 0.262445712963
94 0.000413426878583
95 0.00496157569333
96 0.000555188883787
97 0.00286697922923
98 0.000175301885131
99 0.0023330629104
100 0.00637915310831
101 0.000357616136556
102 0.00041408913016
103 0.000207401478222
104 0.00104902555361
105 0.00101031086488
106 0.161971787562
107 0.00462599419265
108 0.000838808348473
109 0.000342614150583
110 0.000572331219523
111 0.00190046351997
112 0.00498086743123
113 0.00113197659184
114 0.00166458564574
115 0.000457352434322
116 0.000223957895916
117 0.000838189223552
118 0.0338481952103
119 0.000240842141565
120 0.00121744017134
121 0.0108794399671
122 0.00212967357307
123 0.0017254439862
124 0.00229138008099
125 0.00538309310019
126 0.000148632580262
127 0.00375801881945
128 8.23971628193e-05
129 0.0034729641274
130 0.000433305301369
131 0.011865417318
132 0.000264423833202
133 0.096258365372
134 0.00111057696378
135 0.00602236874547
136 0.000733111735619
137 0.00109886755594
138 0.000922862274125
139 0.000598381593208
140 0.00270496019326
141 0.000598381593208
142 0.000784871837575
143 0.000498461844729
144 0.000772384238803
145 0.00190046351997
146 0.000598121455577
147 0.000483381259633
148 0.00061124216907
149 0.00132767296628
150 0.01705043096
151 0.000328731097962
152 0.000584573252173
153 0.00219833890164
154 0.000309785641206
155 0.00507837429563
156 0.000143770674027
157 0.000642283925567
158 0.000239905012609
159 0.0244541072168
160 0.00515244352101
161 0.286563728823
162 0.000382664619258
163 0.000741552820762
164 0.00100954139735
165 0.000330696522722
166 0.000818924226761
167 0.0011484331019
168 0.000214681533363
169 0.000433998589851
170 0.000265327380132
171 0.000846965269849
172 0.00105948484185
173 0.00113409540578
174 0.160973971194
175 0.0836115546523
176 0.00153409349711
177 0.000914605140267
178 0.00114693411943
179 0.000844233125597
180 0.000892546615933
181 0.00606644528361
182 0.000609273957042
183 0.000142358174279
184 0.000262256388402
185 0.000923978966683
186 0.00104383782411
187 0.00057953606834
188 0.000323711998206
189 0.00872121875846
190 0.0294386499589
191 0.00983313848443
192 0.00312251874588
193 0.00270474889972
194 0.000236246023115
195 0.000148917726633
196 0.00168134311374
197 0.00114547642958
198 0.00032866350694
199 0.00111860542643
200 0.0004581359073
201 0.000223600314438
202 0.00021826447345
203 0.00495789187721
204 0.000333200087952
205 0.0004438639176
206 0.00474534200271
207 0.00109214103481
208 0.164715964378
209 0.00538528418417
210 0.0203698386442
211 0.000521256854528
212 0.00538701173468
213 0.0015921919596
214 0.00449661951075
215 0.00021632
216 0.000631297189465
217 0.000234426867517
218 0.0197904720869
219 0.00584028953085
220 0.00113622017422
221 0.00224114532398
222 0.0037174779372
223 0.000537542433147
224 0.000221668380157
225 0.00135859311154
226 0.000995919066015
227 0.000401353942701
228 0.000224018845585
229 0.000838808348473
230 0.00414580389798
231 0.000966468898494
232 0.00068151664799
233 0.00110809383861
234 0.00247376630511
235 0.00294739507684
236 0.00114182618595
237 0.00106332703214
238 0.000394928735899
239 0.00154156907462
240 0.00214759987223
241 0.000626122422826
242 0.00305144579656
243 0.00082944
244 0.00113668639053
245 0.000292155652554
246 0.0118740001053
247 0.000249097668605
248 0.00326157754026
249 0.00197579089506
250 0.00267197287383
251 0.00244619680896
252 0.000353321776767
253 0.00177235573037
254 0.0180472954016
255 0.00118997812716
256 0.000199073685258
257 0.000408451615475
258 0.000433305301369
259 0.000538418630179
260 0.000408451615475
261 0.00050318955153
262 0.00170440198636
263 0.00711592968427
264 0.000512792743121
265 0.000532872249633
266 0.00212731555621
267 0.133366518276
268 0.000715343905999
269 0.0765017621526
270 0.00128862590401
271 0.00127853339284
272 0.00129959789619
273 0.000552819948594
274 0.00133626831824
275 0.000916931988106
276 0.00234409577818
277 0.0398658672243
278 0.0575851801494
279 0.00407250857161
280 0.000212945574397
281 0.000550883701938
282 0.00359101684692
283 0.00216950512513
284 0.000605505671078
285 0.000906030133891
286 0.000213506807615
287 0.000466082609227
288 0.0119815482651
289 0.000392370923702
290 0.00117801248634
291 0.00104339162282
292 0.00124369214541
293 0.00435150505576
294 0.000276712465961
295 0.000554979401518
296 0.000475894605716
297 0.00197819384437
298 0.00672348314073
299 0.00057985928569
300 0.00917564701541
301 0.00238729323388
302 0.0290008617834
303 0.0986226368878
304 0.00340507013831
305 0.00394461695092
306 0.000404517914966
307 0.000201261798002
308 0.00110024285848
309 0.00283970962305
310 0.000250034701507
311 0.000333482555661
312 0.00019090743674
313 0.000189032301722
314 0.00019567768145
315 0.00114693411943
316 0.0114620461468
317 0.00137316812508
318 0.00566548036131
319 0.447392296486
320 0.0814280297671
321 0.00263406835587
322 0.00148558849826
323 0.000955150268766
324 0.000963882282996
325 0.00058570559719
326 0.00134372435414
327 0.000183648653119
328 0.000875706996676
329 0.00198302469136
330 0.00233405669848
331 0.00143451287478
332 0.000966468898494
333 0.000524124837312
334 0.000433305301369
335 0.000611473592657
336 0.000857421631205
337 0.000209662835952
338 0.00127737158319
339 0.00290012494794
340 0.000869905586771
341 0.000892546615933
342 0.000625
343 0.000296140904056
344 0.000774589175101
345 0.00389803219576
346 0.000833435690726
347 0.00188888084743
348 0.00101337214176
349 0.000757795732862
350 0.00479691730071
351 0.00175096864811
352 0.00199599637364
353 0.000784871837575
354 0.000513022779866
355 0.000386996758902
356 0.000982911645048
357 0.000840180463489
358 0.000598121455577
359 0.00126259372826
360 0.000716268903592
361 0.000948366007811
362 0.00559387972775
363 0.000301408179012
364 8.35543687425e-05
365 0.00301416776131
366 0.000182135531539
367 0.000560155308814
368 0.136838409553
369 0.00134316493517
370 0.000221296359538
371 0.000575447511557
372 0.00100062462515
373 0.000465219976219
374 0.000699576531658
375 0.0025
376 0.000224438552932
377 0.000543098474585
378 0.000496471477912
379 0.0836825375039
380 0.0744599852139
381 0.00100781053162
382 0.00958514180589
383 0.0153159735153
384 0.0160973123612
385 0.00102465567471
386 0.000829045064562
387 0.00185399106131
388 0.000457352434322
389 0.000898501872919
390 0.00167853267861
391 0.00102036879719
392 0.000564739984675
393 0.000598121455577
394 0.0176418692751
395 0.00305662901308
396 0.00740584950434
397 0.0025427080869
398 0.000394928735899
399 0.00045250980681
400 0.00121217109571
401 0.020505422047
402 0.00927774857105
403 0.00330397765405
404 0.00054692100973
405 0.00146346990358
406 0.00189035916824
407 0.00298707521143
408 0.000838808348473
409 0.00206548270158
410 0.000274970025933
411 0.000971496036431
412 0.00113409540578
413 0.000646505345574
414 0.000598121455577
415 0.000573428164589
416 0.00032866350694
417 0.00111414072419
418 0.00742144266179
419 0.0432694582212
420 0.00407091865823
421 0.000611473592657
422 0.000627127316629
423 0.000851708080869
424 0.03197730599
425 0.000649536768826
426 0.000411106046285
427 0.000819556112739
428 0.00519928585643
429 0.000731603298458
430 0.00058570559719
431 0.000963139120095
432 0.127339415135
