1 0.000424765565483
2 0.00800053919947
3 0.00349868969971
4 0.00124080407168
5 0.000681841372657
6 0.00045423855446
7 0.000597613863241
8 0.00234367311253
9 0.00152992753545
10 0.000263321387868
11 0.0101389305096
12 0.000575447511557
13 0.000409775606878
14 0.00159478827708
15 0.00115561476298
16 0.000860826991709
17 0.000242035066698
18 0.000567800453515
19 0.000420265862414
20 0.000550720409272
21 0.000585915581179
22 0.000515366892732
23 0.00132732575646
24 0.000338740637585
25 0.000555199734215
26 0.00328856045462
27 0.0149357695346
28 0.000274906708905
29 0.000174562791805
30 0.00104188679927
31 0.00113448754474
32 0.000524019894771
33 0.00133174470199
34 0.0006428744821
35 0.000561532759821
36 0.00114099673091
37 0.000652736686391
38 8.71498843243e-05
39 0.000131997659
40 0.000287856061719
41 0.00143361237925
42 0.00692039443845
43 0.00237324763798
44 0.00961688893729
45 0.000242035066698
46 0.00270458114598
47 0.00252130729197
48 0.00242103172337
49 0.00184041368083
50 0.000714680044584
51 0.0017448243276
52 0.000412041603716
53 0.00031427952107
54 0.00061058584453
55 0.00274026275745
56 0.0198563598741
57 0.0160374750335
58 0.00133174470199
59 0.000337910899654
60 0.00178222095363
61 0.000597613863241
62 0.000248000496001
63 0.000363411514246
64 0.000627101375888
65 7.93958783817e-05
66 0.00107529242517
67 0.00255703572608
68 0.0983934864291
69 0.00176558341108
70 0.00642052925707
71 0.0528290445676
72 0.359374661294
73 0.000210478900923
74 0.00115561476298
75 0.000499137091796
76 0.000627558850958
77 0.000292
78 0.00113911111111
79 0.000193647293775
80 0.328367670522
81 0.00126969124134
82 0.000845597542547
83 0.0548741795319
84 0.00428338916728
85 0.00753084627667
86 0.000938208935109
87 0.000957261854669
88 0.00114263043047
89 0.000336425034544
90 0.000577847633136
91 0.000167844088577
92 0.00172014695576
93 0.00045423855446
94 0.0010499699835
95 0.00209931305474
96 0.0390242634025
97 0.00137311234891
98 0.0194135425017
99 0.00168406266474
100 0.0010705876941
101 0.00268972058786
102 0.000491635619841
103 0.00352040653473
104 0.000945129266117
105 0.00175169791452
106 0.00094674556213
107 0.00659908761015
108 0.0121913565097
109 0.00121373569199
110 0.00768798571729
111 0.00116529278318
112 0.00126076454526
113 0.000500926112196
114 0.00292184075968
115 0.00172434179669
116 0.000559078390134
117 0.00214181069496
118 0.000569412847411
119 0.000218668106232
120 0.000357616136556
121 0.00190952271583
122 0.0263569908853
123 0.000587980179894
124 0.0109940858261
125 0.00749179801106
126 0.000535699110102
127 0.00106414750053
128 0.00787456686024
129 0.0172755835415
130 0.00115673697899
131 0.00060546996094
132 0.668671601053
133 0.0814311789914
134 0.00121923570103
135 0.00136597969957
136 0.00136597969957
137 0.000134950640622
138 0.000295532170772
139 0.000339782114719
140 0.000574610941368
141 0.000189234663238
142 0.000228269582811
143 0.000314030412549
144 0.000209659916873
145 0.0033127796711
146 0.0146183092578
147 0.00628760701865
148 0.00537322868257
149 0.000675624600868
150 0.00553927725112
151 0.000230270448852
152 0.000600390826801
153 0.00191748505184
154 0.010440568469
155 0.00193617886954
156 0.00177872841996
157 0.000493827160494
158 0.00106414750053
159 0.000137398094309
160 0.000277777777778
161 0.00892006019631
162 0.00861508924791
163 0.000680529300567
164 0.00169619539907
165 0.00108293593358
166 0.00119002267574
167 0.000561532759821
168 0.00119134181306
169 0.00117551020408
170 0.000696567646482
171 0.000398086889948
172 0.0482869496397
173 0.00184372642545
174 0.0181142315234
175 0.00605676263326
176 0.00383095796689
177 0.00516532851801
178 0.0041518502313
179 0.00343549158269
180 0.00152505515785
181 0.00776155270076
182 0.000406977667021
183 0.000418932321056
184 0.254740987591
185 0.0488683300943
186 0.00444064399366
187 0.0070779026413
188 0.158750765269
189 0.00752213953719
190 0.00531318043257
191 0.000836300938402
192 0.000520588076423
193 0.00221507352941
194 0.00227095183154
195 0.000737085645257
196 0.00108189101846
197 0.000186692200715
198 0.00572185818489
199 0.000956530980976
200 0.0028491911177
201 0.0140454079615
202 0.00413758324546
203 0.00753388918439
204 0.00123027731778
205 0.00403100907976
206 0.0167844088577
207 0.00335754531816
208 0.00189708641975
209 0.00252487546872
210 0.00122092350715
211 0.00335537765402
212 0.017763880462
213 0.00118860512738
214 0.0067226653027
215 0.00421787123108
216 0.000275980563237
217 0.000512684015479
218 0.000209659916873
219 0.00159241124136
220 0.000835663999378
221 0.000187011469063
222 0.000528957682539
223 0.002071154241
224 0.000493827160494
225 0.00026463188704
226 6.09293302513e-05
227 0.000901682828493
228 0.00391022080135
229 0.0060373020746
230 0.13924597213
231 0.000236686390533
232 0.000698149231686
233 0.000985891428782
234 0.00132158386743
235 0.000850366339393
236 0.000242995129377
237 0.0183857326521
238 0.000510939834995
239 0.000741552820762
240 0.00112922892512
241 0.00082284408184
242 0.00470043606754
243 0.000726777159893
244 0.00119949573232
245 0.000567974765563
246 0.000493827160494
247 0.000398086889948
248 0.000245097100578
249 0.000584541845032
250 0.00109600952707
251 0.000709342560554
252 0.00106140332917
253 0.00197351819689
254 0.00276553265874
255 0.000875831262117
256 0.00189708641975
257 0.00318909340152
258 0.0852596499624
259 0.00211686393793
260 0.00198217321894
261 0.00173555247532
262 0.00420314597274
263 0.00120299861623
264 0.00260059364137
265 0.00163720805907
266 0.00184024787195
267 0.00105445741975
268 0.0147310780052
269 0.000457301482943
270 0.00120604973668
271 0.00196994460197
272 0.00116219008264
273 0.0006428744821
274 0.000508010958311
275 0.000866644267072
276 0.000235326777889
277 0.000319790585774
278 0.000465867061454
279 0.000145569002121
280 0.00261909326634
281 0.00074212500658
282 0.000543719475493
283 0.000445837518262
284 0.509810666916
285 0.000593701325949
286 0.00101574124834
287 0.000933009524328
288 0.000229594662683
289 0.00583095974179
290 0.0469691551303
291 0.000969420926417
292 0.00263191564714
293 0.00112023724208
294 0.00223591511497
295 0.00498773323573
296 0.00127921867678
297 0.00335783222426
298 0.00148858346949
299 0.000397362164717
300 0.00061133921024
301 6.74004548709e-05
302 0.000232199546485
303 0.000417856443246
304 0.000500926112196
305 5.33658711418e-05
306 0.00169619539907
307 0.00262597041746
308 0.000412432534997
309 0.000412442975634
310 0.000742697192399
311 0.000469319284292
312 0.000415625025783
313 0.000174170918005
314 0.0180868923824
315 0.000558352778899
316 0.00023629489603
317 0.00322747846545
318 0.00133490513964
319 0.00387948020122
320 0.00059175841102
321 0.00149911348625
322 0.00158186983471
323 0.00285477066533
324 0.00609127727078
325 0.643028848746
326 0.0025694680679
327 0.00140991741313
328 0.00682174515719
329 0.000216661066768
330 0.00336755687324
331 0.00109511565832
332 0.00271300514097
333 0.00331842365155
334 0.000157450449578
335 0.00270653749054
336 0.0580689534842
337 0.00120542601549
338 0.00194464099896
339 0.00171887934567
340 0.00106912962454
341 0.00550783226462
342 0.000232199546485
343 0.000246600464635
344 0.0037436615496
345 0.000559356200695
346 0.000752541527119
347 0.00227095183154
348 0.000301063818383
349 0.00416897459777
350 0.00158468422692
351 0.00055608805379
352 0.0485462241957
353 0.0140490135945
354 0.0129377147863
355 0.000456570969391
356 0.000953537573523
357 0.000432711356747
358 0.000105599713561
359 0.000274906708905
360 0.000168662506325
361 0.00137381815019
362 0.00113409540578
363 0.000606438712877
364 0.0030701442713
365 0.0113402042633
366 0.0104949253223
367 0.00173280226837
368 0.00303326690573
369 0.00050635126519
370 0.00360827152243
371 0.0017448243276
372 0.00104928166336
373 0.455277156504
374 0.000422661973723
375 0.000855705111576
376 0.000476121352881
377 0.00244582197186
378 0.00022236101619
379 0.000422661973723
380 0.00203967936078
381 0.00120497636864
382 0.000510939834995
383 0.000121647558488
384 0.00262597041746
385 0.00115650644104
386 0.000445837518262
387 0.00027977897461
388 0.000293640228881
389 0.000613204392489
390 0.0011698816119
391 0.0322349823108
392 0.0036125315279
393 0.000849710698422
394 0.00196282647012
395 0.000695946134261
396 0.00591715976331
397 0.000998223748917
398 0.00109684665051
399 0.000832100591716
400 0.0784380255589
401 0.00219836950894
402 0.00487075195151
403 6.32109278428e-05
404 0.0125754429545
405 0.00904999368767
406 0.00688551332052
407 0.000196828615997
408 0.00097486928402
409 0.000555199734215
410 0.00217549463855
411 0.000350310274815
412 0.00372318818322
413 0.000295532170772
414 0.000411773697082
415 0.000352644703968
416 0.000350456176637
417 0.000238108842565
418 0.132630146003
419 0.000229594662683
420 0.00430166041076
421 0.00801641254573
422 0.0181464335172
423 0.00167055235385
424 0.00130895260754
425 0.00112176919027
426 0.000939504704863
427 0.00339028649859
428 0.00106293257589
429 0.000312841789019
430 0.0296021324361
431 0.0336408576043
432 0.00315927380712
