1 0.00062250748005
2 0.0047419097905
3 0.000509096951609
4 0.000720957950897
5 0.00303257032287
6 0.00218374937864
7 0.000481686672822
8 0.000776390073709
9 0.000299928800285
10 0.000264392887831
11 0.0010294832566
12 0.00159739095029
13 0.343159482517
14 0.00393107381457
15 0.00280441524743
16 0.0204362590918
17 0.000449583453031
18 0.605216397617
19 0.000169763074409
20 0.00570500437624
21 0.00193286765315
22 0.000971311977506
23 0.00173160100241
24 0.00263100241072
25 0.00198578176394
26 0.000753503855277
27 0.00266819358213
28 0.0197594325059
29 0.027649748491
30 0.000211186098675
31 0.000913653408118
32 0.000325352056954
33 0.000926052294802
34 0.000867885814085
35 0.00107190082645
36 0.000451891847688
37 0.000873595573782
38 0.00193473629246
39 0.00499575121296
40 0.0293922480887
41 0.00359136320271
42 0.00415860372313
43 0.00571154712496
44 0.000447347551112
45 0.0026546470149
46 0.00105907658858
47 0.00108868969866
48 0.000840801694639
49 0.0107427702779
50 0.00051652892562
51 0.00257165711037
52 0.00108210989052
53 0.000420432686974
54 0.00171634075009
55 0.000489466677109
56 0.000108365797215
57 0.00944334611249
58 0.00225878465908
59 0.000556247775009
60 0.000296232486583
61 0.000274474206232
62 0.00100249928642
63 0.000213015897878
64 0.000196294331081
65 0.000349012974611
66 0.00192780796752
67 0.000813418869411
68 0.00187701157243
69 0.000379687854059
70 0.000879871642255
71 0.00143835846217
72 0.000530909554248
73 0.00527750012227
74 0.00413406890615
75 0.000259068402123
76 0.00416233090531
77 0.00130643054144
78 0.00114671395528
79 0.0294176900741
80 0.00253549757213
81 0.0208443406977
82 0.00308982074092
83 0.00113656926081
84 0.000446924749658
85 0.00557406963548
86 0.00043207929228
87 0.00045115636791
88 0.00039057723072
89 0.000208526111379
90 0.000198024550403
91 0.000182923910084
92 0.000203189932536
93 0.000968140266791
94 0.00022716181201
95 0.000813418869411
96 0.00137857907307
97 0.094694525634
98 0.00520793397149
99 0.0131247978697
100 0.000439095192856
101 0.0010207568049
102 0.000480000981472
103 0.000413362788503
104 0.000618967632673
105 0.000626609208385
106 0.0011140305143
107 0.00130643054144
108 0.0379951810787
109 0.00199492885932
110 0.00690808979807
111 0.00587496094201
112 0.0492001505551
113 0.000439173105489
114 0.000556247775009
115 0.00102748844859
116 0.000280343096459
117 0.000276009728241
118 0.00133848899465
119 0.000191237583564
120 0.000712165780764
121 0.000440612175983
122 0.000448865268601
123 0.000348095440058
124 0.00206014398165
125 0.000824914453316
126 0.00968935984903
127 0.00051361321151
128 0.00205313342819
129 0.00106032625423
130 0.000256622764269
131 0.00528819097878
132 0.0110896717546
133 0.00548275257503
134 0.000958142998353
135 0.00034621691814
136 0.0729091026032
137 0.0686281881858
138 0.008445461925
139 0.0981501174023
140 0.00115949951732
141 0.000259621986331
142 0.000859425564197
143 0.0013281672007
144 8.2311719563e-05
145 0.000677165602151
146 0.000405817846132
147 0.00110960093648
148 0.000492364509506
149 0.00116728390426
150 0.000714083359121
151 0.000936503496811
152 0.00106851587257
153 0.289103271482
154 0.0162087676621
155 0.000203354717353
156 0.000379687854059
157 0.00208652933012
158 0.00264318317446
159 0.00783146683374
160 0.0132810758151
161 0.000194356654465
162 0.00135148029541
163 0.000738348170385
164 0.000182923910084
165 0.000182923910084
166 0.000744194536595
167 0.00149804461815
168 0.00205411817007
169 0.000281349444252
170 0.000405169574812
171 0.00188033518678
172 0.000458024321735
173 0.000281950228039
174 0.0453266287628
175 0.000515473850541
176 0.0027429477581
177 0.000939935204977
178 0.0501951982971
179 0.00154240695777
180 0.000776989140124
181 0.00285979071338
182 0.000260145681582
183 0.000573873551721
184 0.000328236577824
185 0.000210039907582
186 0.00910639542467
187 0.00331245794731
188 0.000570946120801
189 0.00521396192392
190 0.00176568158796
191 0.000216262975779
192 0.000225940437847
193 0.000717243087639
194 0.000712165780764
195 0.000405169574812
196 0.000247875041558
197 0.000240376521293
198 0.00130293974663
199 0.00154404251036
200 0.000913653408118
201 0.0582605565798
202 0.000850317307518
203 0.000530909554248
204 0.000512792743121
205 0.00272507843915
206 0.000648906293264
207 0.00250230041503
208 0.00070933666112
209 0.000844809828198
210 0.000430036738941
211 0.00177232049948
212 0.00171155046826
213 0.00125980281491
214 0.498185919952
215 0.00181077410593
216 0.000512792743121
217 0.000260846410373
218 0.000633842740067
219 0.00226832239177
220 0.000507264020778
221 0.000232642463974
222 0.00109466704295
223 0.00768119359604
224 0.00076371690642
225 0.00102864903347
226 0.000259912732696
227 0.000278512396694
228 0.00062250748005
229 0.0128460278029
230 0.00357930656799
231 0.0190328940429
232 0.000493228685749
233 0.000404517914966
234 0.000997229916898
235 0.00381541008344
236 0.00116972355022
237 0.00193473629246
238 0.00381554367156
239 0.000237431272497
240 0.00226200651957
241 0.000385875299645
242 0.00299832482664
243 0.0054026501889
244 0.00160126449573
245 0.142389220673
246 0.0225442395222
247 0.00149175731419
248 0.00052212983357
249 0.0639045221051
250 0.0027926181815
251 0.00149804461815
252 0.000431148662818
253 0.000258856224186
254 0.000530133302076
255 0.000612133092828
256 0.000481720975258
257 0.0137398277852
258 0.00427218068905
259 0.00110089405169
260 0.00813543402619
261 0.0169999276269
262 0.00971069664088
263 0.00361846407159
264 0.000582411662752
265 0.00208977350909
266 0.000419226463453
267 0.00121138289593
268 0.00017171515943
269 0.00412010724391
270 0.00113388954582
271 0.000509096951609
272 0.0167265503393
273 0.020921256269
274 0.0544295328925
275 0.000529752066116
276 0.000298680446935
277 0.00320209887575
278 0.000349639669321
279 0.000446591577354
280 0.000227839088644
281 0.00034091231408
282 0.000405169574812
283 0.00189293021068
284 0.000706915774476
285 0.00020777534291
286 0.000208586965344
287 0.000227839088644
288 0.0226984806447
289 0.000496471477912
290 0.169087743117
291 0.0191977173249
292 0.000174918601757
293 0.000182923910084
294 0.000598168746504
295 0.00114706473299
296 0.00542529153946
297 0.000913139661959
298 0.00528688247182
299 0.00346523881152
300 0.00126655928293
301 0.00125893933443
302 0.00306576310833
303 0.0139763911538
304 0.000265600750651
305 0.0139782032512
306 0.00185725369343
307 0.000255807557016
308 0.000808607174143
309 0.000415813970817
310 0.000867885814085
311 0.00148628145503
312 0.00104432246357
313 0.00110959261754
314 0.00973906144728
315 0.0333581598577
316 0.0265388471022
317 0.521897058301
318 0.268771873096
319 0.00118433155159
320 0.000922084237407
321 0.000584573252173
322 0.00157159015338
323 0.00440438657349
324 0.00033009819497
325 0.000996894901309
326 0.0521726242441
327 0.00564198676658
328 0.000698345167981
329 0.00207449652753
330 0.00162837183489
331 0.000208526111379
332 0.00222433529248
333 0.00199619959042
334 0.00160523731237
335 0.00353684333094
336 0.000997229916898
337 0.00438648979862
338 0.000525920237345
339 0.00155399602213
340 0.217729054503
341 0.00288566265473
342 0.000281518850502
343 0.00122499980384
344 0.00017051484827
345 0.000903532858813
346 0.00436504874005
347 0.00386373370734
348 0.00442245505166
349 0.000499553079125
350 0.00121802988612
351 0.00265055634946
352 0.00156490175028
353 0.00371895250216
354 0.00411304382169
355 0.00194870546222
356 0.00105566343886
357 0.000225940437847
358 0.000808607174143
359 0.000405169574812
360 0.00131937503057
361 0.00193036364502
362 0.000841652583621
363 0.000618967632673
364 0.000828114486828
365 0.000675691151882
366 0.00378293343661
367 0.00239237541466
368 0.000212011044373
369 0.0021662883328
370 0.000556247775009
371 0.0010294832566
372 0.000582318391199
373 0.000329843757642
374 0.000264392887831
375 0.00214769492455
376 0.000901334816279
377 0.001953125
378 0.00144854259123
379 0.00105907658858
380 0.000547176909134
381 0.000639967579049
382 0.00930951462304
383 0.00442830071998
384 0.000197406675418
385 0.000238517613035
386 0.00020561250124
387 0.00020628591873
388 0.00043324829012
389 0.00115343538626
390 0.0006724056033
391 0.00353792147248
392 0.000682979037957
393 0.0301734562474
394 0.0124979772921
395 0.0366334211825
396 0.000751242802853
397 0.000741232844066
398 0.00225194168244
399 0.00735122457899
400 0.00105163064069
401 0.0421984321068
402 0.00327278249349
403 0.00954707748468
404 0.0992873106445
405 0.0655852938608
406 0.000913653408118
407 0.00187317271259
408 0.000513722979199
409 0.000926766841326
410 0.000459708904966
411 0.00342791692922
412 0.00106332703214
413 7.4866868684e-05
414 0.000258856224186
415 0.000488601513023
416 0.000226114774604
417 0.00321408642817
418 0.000441317155464
419 0.00025737081415
420 0.00645536490602
421 0.00219903238607
422 0.0029237858702
423 0.0174201570569
424 0.000172562088648
425 0.000229568411387
426 0.000240519306196
427 0.000501920949583
428 0.00058347107438
429 0.00107107438017
430 0.000315079520804
431 0.00878146443465
432 0.02312682149
