1 0.000519489005081
2 0.00651884074127
3 0.00194870546222
4 0.00142071005917
5 0.000440612175983
6 0.000714282171219
7 0.0019557468493
8 0.000229568411387
9 0.00116219008264
10 0.00219334173493
11 0.072959234685
12 0.0328518300062
13 0.00117086311289
14 0.00456918938161
15 0.000880301888552
16 0.00302384832489
17 0.0021266059846
18 0.00256100151578
19 0.0150260145682
20 0.000500926112196
21 0.000216661066768
22 0.00287538729992
23 0.00609179854368
24 0.00112924453681
25 0.00274007909681
26 0.0005485379026
27 0.0096919426944
28 0.000425475715888
29 0.02377555214
30 0.0013135263121
31 0.00162389142704
32 0.000556993100318
33 0.000519357924031
34 0.00124812083659
35 0.000415797840707
36 0.000241669583157
37 0.0312618076068
38 0.0231457261569
39 0.00232778883103
40 0.015385229253
41 0.000201912489865
42 0.00143176757155
43 0.0187020491557
44 0.00200480423091
45 0.00133690187212
46 0.00051841234767
47 0.00128027476381
48 0.000537542433147
49 0.000165424261536
50 0.000560469754362
51 0.00182755555556
52 0.0162091870326
53 0.00218551127678
54 0.13486182286
55 0.0458989565485
56 0.036984238628
57 0.000217224462349
58 0.000965447747
59 0.000294593093557
60 0.00052112464811
61 0.000198022108586
62 0.000193199266558
63 0.000341921676412
64 0.000762044462372
65 0.000455791505651
66 0.000467696746926
67 0.000667906229415
68 0.00656222765673
69 0.00700441800889
70 0.000287152488546
71 0.000372078833301
72 0.00261522745027
73 0.00120146128147
74 0.000170785184888
75 0.000582334406421
76 0.00527467712614
77 0.00165567628641
78 0.00149149690523
79 0.000725162779822
80 0.00803663832021
81 0.000838808348473
82 0.0023262419247
83 0.000883797595735
84 0.00202915495242
85 0.002888300936
86 0.000206656769745
87 0.00061060508937
88 0.000344464781645
89 0.000527985780709
90 0.000944245128074
91 0.000483458375007
92 0.0106179127076
93 0.00519894692257
94 0.00407423013848
95 0.000855780797505
96 0.00148879483181
97 0.00399327010131
98 0.0022250609298
99 0.00938945976804
100 0.00105166700315
101 0.000459853769949
102 0.000324934182661
103 0.000459853769949
104 0.00303301927493
105 0.0150849429356
106 0.00241404955796
107 0.000443505028033
108 0.000254979063828
109 0.00234311770147
110 0.000341921676412
111 0.000459655669441
112 0.00127854183863
113 0.000354926291747
114 0.00049771551399
115 0.000663457606808
116 0.00023944120409
117 0.000921169035979
118 0.0010780811256
119 0.000598453293599
120 0.000518397608028
121 0.000693124571466
122 0.00178390075696
123 0.00198523583179
124 0.0016271139539
125 0.000239416618955
126 0.00151489257813
127 0.00162876938661
128 0.0139300835363
129 0.00134001662244
130 0.00043987320391
131 0.000763452312506
132 0.00811798747983
133 0.00337693250239
134 0.00124150252086
135 0.00214749179614
136 0.000251313969961
137 0.000455791505651
138 0.00263859563341
139 0.000291582049025
140 0.000413045351898
141 0.000369822485207
142 0.000467459768195
143 0.00101487582082
144 0.0064402339757
145 0.0652450359113
146 0.0018060150334
147 0.00633411394116
148 0.000355459407488
149 0.000330470687628
150 0.00310349005117
151 0.000912121075627
152 0.0177484294084
153 0.000235370470525
154 0.00241326228623
155 0.000690660385686
156 0.000876291438787
157 0.00670476383427
158 0.00549468689298
159 0.000355390655277
160 0.00106506310263
161 0.00133014926397
162 0.000486797370983
163 0.00225534823628
164 0.000219478737997
165 0.000546513779224
166 0.00425843279326
167 0.00100249928642
168 0.00105566343886
169 0.000620029840796
170 0.00050453312926
171 0.000495834909408
172 0.000257384668958
173 0.000210401084803
174 0.00062250748005
175 0.00369372032931
176 0.00296958046234
177 0.00246793677488
178 0.0324447764151
179 0.00176808853978
180 0.00107497984413
181 0.000472287203669
182 0.0116535066668
183 0.000324415118471
184 0.00112482853224
185 0.00107497984413
186 0.000276835360212
187 0.000469256573153
188 0.000579557479327
189 0.00128673988025
190 0.0313024398848
191 0.0738945713702
192 0.00315582792884
193 0.00161158892815
194 0.000526891675785
195 0.00294473316281
196 0.00021811605975
197 0.00107108820738
198 0.00142130177515
199 0.00246521109273
200 0.000780008197308
201 0.000249471578268
202 0.00128569387787
203 0.000483458375007
204 0.00203052973406
205 0.00556986663903
206 0.00649343418283
207 0.00193476559525
208 0.0230736895752
209 0.00214032413511
210 0.00689795285894
211 0.000657654328165
212 0.0016729329071
213 0.000558001116002
214 0.00676717458251
215 0.00200371057514
216 0.00852755950951
217 0.00167853267861
218 0.00384812522158
219 0.0106243810991
220 0.0106753799863
221 0.000731463978156
222 0.00052112464811
223 0.00142214455681
224 0.0013135263121
225 0.000264392887831
226 0.000213506807615
227 0.000186373749257
228 0.00347533418508
229 0.000906030133891
230 6.2656205401e-05
231 0.000455791505651
232 0.00926011452877
233 0.00936913490295
234 0.00110927683803
235 0.0147360847733
236 0.00214952815052
237 0.000745629153702
238 0.00217016371838
239 0.000612
240 0.00961980183548
241 0.00260479342435
242 0.00128793178919
243 0.000981460335498
244 0.00727512653983
245 0.486111428466
246 0.0134163364566
247 0.000519357924031
248 0.00032701820958
249 0.0031407092973
250 0.000514862084783
251 0.000443505028033
252 0.00306509740065
253 0.000521019869388
254 0.000944245128074
255 0.000444335118257
256 0.000357925493061
257 0.00202831017517
258 0.00100249928642
259 0.000586841235503
260 0.000563905848609
261 0.0130467414856
262 0.00747292899863
263 0.00638885851122
264 0.114797928603
265 0.000985927673557
266 0.00356722549644
267 0.000707595704905
268 0.000292721041404
269 0.000218310008707
270 0.00310796537532
271 0.000519805345733
272 0.000479234206741
273 0.000442262705152
274 0.000450776809708
275 0.000442262705152
276 0.000575232767318
277 0.0012635297358
278 0.00176263691065
279 0.000246542387474
280 0.00202831017517
281 0.000385791091416
282 0.00142071005917
283 0.00129083151063
284 0.000739405346877
285 0.00327114484479
286 0.000214681533363
287 0.00962012334959
288 0.0255898620738
289 0.0071328162633
290 0.00276216405479
291 0.033924128638
292 0.00097486928402
293 0.00101881007839
294 0.00106568971785
295 0.00464774406225
296 0.168160341335
297 0.00114958382878
298 0.00878985879358
299 0.000620029840796
300 0.000846965269849
301 0.00197038343236
302 0.000993740051098
303 0.00126294986498
304 0.000430663800054
305 0.0013135263121
306 0.00111111111111
307 0.00029148395338
308 0.00735920370898
309 0.00368633585008
310 0.00351467143067
311 0.0216794745833
312 0.0832577804751
313 0.000585618261799
314 0.000275986663084
315 0.000585450571595
316 0.000331447929812
317 0.000444335118257
318 0.000212729005683
319 0.00507242090319
320 0.00122528740163
321 0.0067670713252
322 0.135295817894
323 0.00329932027382
324 0.00121284126631
325 0.00503083748677
326 0.000780428250658
327 0.000644180473601
328 0.00265712720092
329 0.000419914001612
330 0.000311113597033
331 0.000483458375007
332 0.000499137091796
333 0.000206656769745
334 0.000483458375007
335 0.00101027254036
336 0.000661269262858
337 8.93364446239e-05
338 0.247868669313
339 0.000509096951609
340 0.000658058406696
341 0.00060287318187
342 0.000993740051098
343 0.00218642527755
344 0.000672707189662
345 0.00069401368051
346 0.000346519749685
347 0.00344752125242
348 0.00151489257813
349 0.00740383775104
350 0.000231051838009
351 0.000341921676412
352 0.00532505478451
353 0.00239142473536
354 0.00145469121365
355 0.00142071005917
356 0.000455791505651
357 0.000601910125669
358 0.000219072859697
359 0.000250446076621
360 0.000291582049025
361 0.000322090402788
362 0.00491336455458
363 0.00113338847395
364 0.00126473943084
365 0.000912121075627
366 0.000981682055305
367 0.000209340666502
368 0.0064022129636
369 0.170932613892
370 0.00768798571729
371 0.00071640800984
372 0.000954521673725
373 0.000442262705152
374 0.000130986223933
375 0.00349249680569
376 0.0146551071324
377 0.000478211162461
378 0.00941602267254
379 0.000586841235503
380 0.000442262705152
381 0.000180474747282
382 9.31709425918e-05
383 0.000392429193216
384 0.00128569387787
385 0.00407308746818
386 0.0131770880914
387 0.00462887369938
388 0.0223455153392
389 0.000269528316834
390 0.00356043986067
391 0.000277777777778
392 0.095681632771
393 0.000238722393118
394 0.00227293373102
395 0.000455791505651
396 0.00238418579102
397 0.000846965269849
398 0.00111860542643
399 0.00120749541599
400 0.00129083151063
401 0.118473376341
402 0.0010209348982
403 0.111941880397
404 0.00116219008264
405 0.000667906229415
406 0.000363408955463
407 0.00202087366383
408 0.000440612175983
409 0.00298197998812
410 0.00164701123353
411 0.000965447747
412 0.000341921676412
413 0.000369822485207
414 0.00428776167861
415 0.000161353938829
416 0.000499935711143
417 0.00363091773248
418 0.0139485335611
419 0.179105403289
420 0.00017199677506
421 0.00651466666667
422 0.000210401084803
423 0.00119499277105
424 0.00046208363492
425 0.000469748861965
426 0.000216262975779
427 0.000450260849075
428 0.000339535011833
429 0.000667886659222
430 0.000667886659222
431 0.0078139748178
432 0.0204921208036
