1 0.000223167401806
2 0.000768037914847
3 0.00363763050125
4 0.000531889543988
5 0.000188944391304
6 0.000233532109297
7 0.000579084331837
8 0.00045423855446
9 0.00192435775261
10 0.00641088
11 0.000430433360307
12 0.000610035968734
13 0.000997381910483
14 0.000375302274586
15 0.00463724270205
16 0.00202458679794
17 0.00015455493311
18 0.00429556517036
19 0.00143167779307
20 0.000667479309159
21 0.000607630470724
22 0.00306525818299
23 0.00081348277629
24 0.0940776000083
25 0.00164807746033
26 0.000768037914847
27 0.000306884145693
28 0.00194870546222
29 0.00100252195274
30 0.000843161219663
31 0.000874474486724
32 0.000468506962013
33 0.000474729011942
34 0.000570146751213
35 0.000967109902146
36 0.000971496036431
37 0.0106408106814
38 0.00510068768766
39 0.121774701821
40 0.000120758362517
41 0.00860500893116
42 0.00167268390307
43 0.000638833870665
44 0.00100954139735
45 0.00126937490959
46 0.00105342942665
47 0.0232436498471
48 0.00817808676497
49 0.00116547528206
50 0.0079188841857
51 0.00591716044649
52 0.00186307012682
53 0.00219027575946
54 0.430015384067
55 0.000447347551112
56 0.000609061470382
57 0.00135209042295
58 0.000295187804593
59 0.000612685030879
60 0.000315457977065
61 0.000279265206326
62 0.000570146751213
63 0.000591502480896
64 0.00188951977116
65 0.00799803578956
66 0.0146042532849
67 0.000584573252173
68 0.000268744961032
69 0.225198326679
70 0.000703793588636
71 0.000228269582811
72 0.00225228928448
73 0.000309146641685
74 0.000805809691336
75 0.00667342341112
76 0.000945129266117
77 0.000209662835952
78 0.00018993519715
79 0.00772052560623
80 0.000198699685879
81 0.00025801249748
82 0.00179797354364
83 0.00387112645215
84 0.00401529261837
85 9.32333717801e-05
86 0.000434752062638
87 0.00105186267348
88 0.00124567474048
89 0.00100959032912
90 0.00106332703214
91 0.00121310641291
92 0.000234444344099
93 0.00113258136095
94 0.00282088807011
95 0.0131070399161
96 0.619912703225
97 0.00079598274388
98 0.00141706671294
99 0.00821165065869
100 0.000348095440058
101 0.000430433360307
102 0.00106315124898
103 0.00177289055017
104 0.00042014234306
105 0.00219027575946
106 0.00140553279996
107 0.00082944
108 0.00360025108455
109 0.000215865980955
110 0.00111079322937
111 0.00106332703214
112 0.000462879301815
113 0.00211289419865
114 0.000959826520244
115 0.000468506962013
116 0.000456570969391
117 0.00139411448535
118 0.169768293156
119 0.000473099042288
120 0.000487657057122
121 0.000212729005683
122 0.00183867987213
123 0.000393675988914
124 0.000206029233427
125 0.00578345652305
126 0.000565643568651
127 0.000442860730195
128 0.000286496306031
129 0.00333841404474
130 0.000501036352041
131 0.000599554315304
132 0.00510377471759
133 0.000851288643908
134 0.00188537489073
135 0.00413104916956
136 0.00659439963219
137 0.00841573999716
138 0.00127144397608
139 0.00120920792608
140 0.000283358159456
141 0.000484309908748
142 0.00024189474649
143 0.000440612175983
144 0.00199516540096
145 0.00023346028571
146 0.000581195849983
147 0.000550003696025
148 0.00149181486781
149 0.000816326530612
150 0.00191880837031
151 0.00191880837031
152 0.000329843757642
153 0.000882266444466
154 0.00398458276518
155 0.000562836266163
156 0.00241872520641
157 0.00244262928706
158 0.000245577447549
159 0.00317397341797
160 0.00150669259095
161 0.00135614014587
162 0.00198548134546
163 0.00168751367104
164 0.0432509608699
165 0.033928604274
166 0.000500926112196
167 0.000365871720106
168 0.000189595362023
169 0.00149181486781
170 0.000248127866128
171 0.00018573928589
172 0.000268744961032
173 0.000465867061454
174 0.000228269582811
175 0.000366432228213
176 0.00023944120409
177 0.00529749090224
178 0.00114388343762
179 0.0046253703786
180 0.0255545876378
181 0.000758680993931
182 0.00167083912713
183 0.000570146751213
184 0.000633842740067
185 0.00243497027024
186 0.00482447781454
187 0.000456570969391
188 0.0158926741434
189 0.000957269045004
190 0.00102558548624
191 0.000814369061761
192 0.000339406630322
193 0.00105267429592
194 0.0167194595167
195 0.00226082171622
196 0.00165081172358
197 0.000874474486724
198 0.00183019245618
199 0.00114048766408
200 0.000644180473601
201 0.00447539249049
202 0.000441317155464
203 0.00128875938186
204 0.00608680795161
205 0.00456866433754
206 0.0107885473308
207 0.000245774841331
208 0.00289665676979
209 0.00223886911521
210 0.00215156934665
211 0.00210492285675
212 0.00257245184737
213 0.000634241578201
214 0.000114070078087
215 0.233415228581
216 0.000149631998803
217 0.00758115896342
218 0.000210771672287
219 0.000194028487947
220 0.0658506069167
221 0.00205692324451
222 0.000532740567258
223 0.000393652234837
224 0.000651483231689
225 0.000238057820153
226 0.00012273965099
227 0.00031325867335
228 0.0195807042846
229 0.00181846346273
230 0.00128056496016
231 0.0392274940602
232 0.00329827981259
233 0.0120731043079
234 0.00649844363141
235 0.000965747721283
236 0.00023944120409
237 0.000883347718686
238 0.00188266874981
239 0.000581195849983
240 0.0283968216399
241 0.0392907905598
242 0.000528091951948
243 0.000519357924031
244 0.00165081172358
245 0.000445837518262
246 0.000903975708475
247 0.000616109188774
248 0.000250955788648
249 0.000598121455577
250 0.00548195408561
251 0.012520888671
252 0.000245577447549
253 0.00121503669907
254 0.00106755555556
255 0.155937063475
256 0.536273956641
257 0.158691809251
258 0.00101066429856
259 0.000398723828972
260 0.000210118433748
261 0.00226328769964
262 0.00407785605774
263 0.000509732007217
264 0.0338451884572
265 0.0173820830619
266 0.0142246998106
267 0.00433586855522
268 0.000488597839924
269 0.00031325867335
270 0.000550883701938
271 0.000599554315304
272 0.000236231880046
273 0.0017720917325
274 0.000660671493726
275 0.00119134181306
276 0.000327342669295
277 9.32384292384e-05
278 0.00169402513385
279 0.000425585494511
280 0.000367557115435
281 0.000644323461134
282 0.00202864738251
283 0.000958281077369
284 0.000461290017832
285 0.0022126867289
286 0.000644180473601
287 0.00225885360785
288 0.00245028555683
289 0.00215518586583
290 0.0193384415598
291 0.0331248189624
292 0.132057349607
293 0.000920972412742
294 0.0384901408382
295 0.000812969868439
296 0.00153664
297 0.00194251073961
298 0.000270404730393
299 0.000263856321987
300 0.00101666336044
301 0.000524124837312
302 0.00238959896185
303 0.000212729005683
304 0.000354920928632
305 0.000268674519728
306 0.0868526886237
307 0.000271913580247
308 0.00177293868199
309 0.00203445677499
310 0.00714211210287
311 0.00107777156395
312 0.000806058374548
313 0.000284888888889
314 0.00115561476298
315 0.0061753752207
316 0.00178390075696
317 0.144134967236
318 0.000431148662818
319 0.000969401196533
320 0.00230211469287
321 0.000189595362023
322 0.00550429508607
323 0.000377554668975
324 0.00018573928589
325 0.00149181486781
326 7.87496281695e-05
327 0.00037696657759
328 8.34857893788e-05
329 0.000599554315304
330 0.00177587982572
331 0.000500926112196
332 0.00114744608223
333 0.0149920260137
334 0.00455915472365
335 0.0010131640974
336 0.00876970620561
337 0.000607630470724
338 0.000924933079823
339 0.244805477253
340 0.00199516540096
341 0.00186052494545
342 0.000930674260729
343 0.000433241883859
344 0.00257503079533
345 0.0148187565477
346 0.000813741175052
347 0.11301788448
348 0.00320277847438
349 0.00125880429133
350 0.00171853035235
351 0.0002055472052
352 0.00446824330121
353 0.00105154409472
354 0.00045423855446
355 0.00222842208041
356 0.00107371886528
357 5.56916907997e-05
358 0.000249471578268
359 0.000238057820153
360 0.0157356693926
361 0.000403628466879
362 0.0211891771116
363 0.00153159324192
364 0.000672865473706
365 0.00479037103545
366 0.000790309833712
367 0.000806058374548
368 0.000572965431686
369 0.000738073464411
370 0.00882550873257
371 0.000572965431686
372 0.000812115199668
373 0.00454627704322
374 0.059471166087
375 0.0436323419968
376 0.00507873903449
377 0.000228298130709
378 0.000244082629633
379 0.00214091901691
380 0.00082944
381 0.000999074205747
382 0.000463619908698
383 0.000550003696025
384 0.00237072705563
385 0.000311890764063
386 0.126426811107
387 0.00115780032233
388 0.0430575296409
389 0.00338819174685
390 0.010098037664
391 0.000455791505651
392 0.00637002717819
393 0.0036775508688
394 0.000594078740186
395 0.00528843030624
396 0.00844871444444
397 0.00041144826828
398 0.000208827558555
399 0.0206506663231
400 0.0174987163961
401 0.00164076269829
402 0.0251529272043
403 0.00146469590149
404 0.000627153619769
405 0.00641024
406 0.000236231880046
407 0.000255341596549
408 0.000217861957217
409 0.00104808239739
410 0.000558352778899
411 0.000227997096497
412 0.00138426937271
413 0.00115927542329
414 0.0787916661899
415 0.000271519800263
416 0.00881199546481
417 0.000562547429726
418 0.000581195849983
419 0.000561680638617
420 0.000785865321947
421 0.00160919040054
422 0.000959354687133
423 0.000485532127305
424 0.00395855340492
425 0.00261075221028
426 0.00151297556059
427 0.00384125895443
428 0.000414419306382
429 0.000951913840189
430 0.00140296095729
431 0.00329158614624
432 0.000888891753971
