1 0.00061124216907
2 0.212523190971
3 0.000965020933305
4 0.000761278783667
5 0.00115343538626
6 0.000281790521093
7 0.000575447511557
8 0.000705635240634
9 0.00174045954049
10 0.000712892227786
11 0.00192771792217
12 0.000835663999378
13 0.000441768302972
14 0.00842023290905
15 0.0139858676115
16 0.0587069921926
17 0.000202839151536
18 0.000267980309058
19 0.00125108195386
20 0.000468506962013
21 0.00295508395505
22 0.000266054824297
23 0.00131790885536
24 0.000265090862644
25 0.00110364041039
26 0.000507161427214
27 0.0903313117418
28 0.256759176266
29 0.00048516369423
30 0.00274268213974
31 0.000532910225762
32 0.000231757892669
33 0.000288669997172
34 0.000380725758477
35 0.000417884335673
36 0.00040694632461
37 0.000480074599752
38 0.00785926261254
39 0.0132177586243
40 0.000491203913284
41 0.0198209615332
42 0.00607667618264
43 0.00103724924828
44 0.00298780447784
45 0.00324429248539
46 0.000528790192386
47 0.00231556334445
48 0.00106995457024
49 0.00135734072022
50 0.0018549078071
51 0.00361121780216
52 0.000415021238206
53 0.0323325249438
54 0.000609174515053
55 0.000235326777889
56 0.000270091336985
57 0.000990268472786
58 0.000417884335673
59 0.00054279651723
60 0.000420669070937
61 0.000380725758477
62 0.000218712980488
63 0.129483276799
64 0.00283603515283
65 0.0496444070877
66 0.00186215354072
67 0.00126419753086
68 0.00187622503833
69 0.000971496036431
70 0.0103818993764
71 0.0045237654321
72 0.000679323223178
73 0.0064
74 0.000485939956141
75 0.00157333968924
76 0.00176819697438
77 0.000224385229842
78 0.00173611111111
79 0.000202839151536
80 0.00306013357969
81 0.00607837243597
82 0.01388156956
83 0.00186380484776
84 0.000235342597468
85 0.00354613304489
86 0.000620029840796
87 0.000798483866436
88 0.000223055750036
89 0.000235370470525
90 0.000540832882639
91 0.000529615138084
92 8.86061177121e-05
93 0.00176565125283
94 0.0263315329896
95 0.000694401954156
96 0.0503305946378
97 0.110324017091
98 0.00712073687114
99 0.00148741386385
100 0.00709792737809
101 0.000377875434028
102 0.00168214459808
103 0.000948366007811
104 0.000515591061218
105 0.000420082472818
106 0.000995482690046
107 0.00359522047161
108 0.00198069462078
109 0.00155689114381
110 0.0544357148239
111 0.000417884335673
112 8.7525555301e-05
113 0.000220177738605
114 0.000877007378472
115 0.00416602424926
116 0.000726989950064
117 0.000288669997172
118 0.001610500382
119 0.000470950279707
120 0.0035938859691
121 0.000833435690726
122 0.000707961121135
123 0.00141165392671
124 0.000516416006916
125 0.00346043102462
126 0.00497069726043
127 0.000474870202925
128 0.00043547816199
129 0.00106222231322
130 0.000468506962013
131 0.000515591061218
132 0.000618177113913
133 0.000760455833328
134 0.00120450994636
135 0.0010499699835
136 0.0226871744792
137 0.000470950279707
138 0.000637824122831
139 0.000251311742895
140 0.000296236561352
141 0.000712892227786
142 0.000700443575136
143 0.000713066273741
144 0.000712892227786
145 0.000434976550698
146 0.000351211200996
147 0.000213771943061
148 0.000496845428416
149 0.00196994460197
150 0.0273603955153
151 0.000927271185482
152 0.0014876462566
153 0.000155318936144
154 0.00586651275264
155 0.00229817196827
156 0.00175857848533
157 0.000990268472786
158 0.000941454093987
159 0.00063004577987
160 0.00179050295161
161 0.00550855052583
162 0.0279547629934
163 0.000531889543988
164 0.00145236695501
165 0.00271620919055
166 0.00123114804555
167 0.000980687036986
168 0.00043547816199
169 0.00749611139222
170 0.00187039072548
171 0.000242247148647
172 0.000498691694503
173 0.00113883007384
174 0.177200689208
175 0.000296921127124
176 0.000837244941701
177 0.00488708645414
178 0.00098796883241
179 0.00140124109926
180 0.000338906951876
181 0.000493827160494
182 0.000457352434322
183 0.000249964848693
184 0.0504206229497
185 0.346811235472
186 0.00167690585381
187 0.00069264050553
188 0.000880217166573
189 0.00120357517938
190 0.00142101367835
191 0.000710041788765
192 0.000991092247062
193 0.000903007516701
194 0.000715676963051
195 0.0006428744821
196 0.00711949257294
197 0.00900638216071
198 0.000909067952829
199 0.00303053121116
200 0.00896892090169
201 0.00715487025835
202 0.000759501519003
203 0.00321204114043
204 0.0030453755025
205 0.00141330770535
206 0.00159026403547
207 0.000556247775009
208 0.000266271604938
209 0.00330252035437
210 0.000377450073964
211 0.000217326998654
212 0.00048516369423
213 0.00154935798118
214 0.000427459986825
215 0.00124634740414
216 0.0120522613461
217 0.0156019117135
218 0.000235326777889
219 0.000394928735899
220 0.000293912975826
221 0.000550003696025
222 0.00114136766999
223 0.000161762810224
224 0.000546513779224
225 0.000951323770964
226 0.00112110960087
227 0.0103775528414
228 0.0208559241739
229 0.000679367233113
230 0.000374807152276
231 0.000457352434322
232 0.747279648621
233 0.00132423771409
234 0.00369421013444
235 0.000205313854685
236 0.00040064076882
237 0.000385082660515
238 0.000860683567225
239 0.000729227865905
240 7.95854337324e-05
241 0.00354440237966
242 0.00147928994083
243 0.000235326777889
244 0.000239661278726
245 0.000210031473834
246 0.000161762810224
247 0.000409658170172
248 0.0055596346702
249 0.0350408426237
250 0.00612806193503
251 0.0112170885479
252 0.0229325885708
253 0.00285394968241
254 0.00475073803398
255 0.000290019971935
256 0.00134269387755
257 0.0220752310595
258 0.000996485767634
259 0.0238919892532
260 0.00097840061329
261 0.00590223969801
262 0.0104586336188
263 0.000784326530612
264 0.0318616292325
265 0.0207866635117
266 0.00426876064308
267 0.000834078773821
268 0.00100959032912
269 0.00293799252356
270 0.00293799252356
271 0.000705341470759
272 0.00114208955047
273 0.000913139661959
274 0.000587980179894
275 0.000880217166573
276 0.00182442495137
277 0.0106954489006
278 0.0371360278732
279 0.00122590022979
280 0.00822546411444
281 0.000609663161103
282 0.00173611111111
283 0.00239125527799
284 0.00100603543636
285 0.000212011044373
286 0.00283812134306
287 0.00190291082419
288 0.000220130493356
289 0.0303261372041
290 0.188361365702
291 0.00542051346741
292 0.456598230695
293 0.000471768967566
294 0.00145124716553
295 0.00306998890533
296 0.00189708641975
297 0.00094674556213
298 7.78967127587e-05
299 0.00111654253074
300 0.000565815167649
301 0.000833435690726
302 0.000401926934185
303 0.00168416061323
304 0.14352165544
305 0.0013703284801
306 0.0105992307531
307 0.000617354811999
308 0.00327317321486
309 0.00250928504308
310 0.0154926471491
311 0.0106291647498
312 0.00273279239788
313 0.00387948020122
314 0.000839455577137
315 0.00166173069901
316 0.00264387146852
317 0.00359467258675
318 0.000506469135802
319 0.00156849750436
320 0.00420330642061
321 0.000996250809406
322 0.000625888546923
323 0.00128569387787
324 0.00088472612587
325 0.0016318136375
326 0.000380725758477
327 0.000859425564197
328 0.000616409036861
329 0.000550003696025
330 0.00154404251036
331 0.00231276305588
332 0.000240836681684
333 0.00931467957676
334 0.00384650447953
335 0.00940737373611
336 0.0010378479503
337 0.00108232875571
338 0.00064743505816
339 0.000201197122881
340 0.000342428039432
341 0.000514212613677
342 0.000526891675785
343 0.000169763074409
344 0.0067973877551
345 0.00552799344153
346 0.0373199728936
347 0.00303352579238
348 0.00781423074755
349 0.0016318136375
350 0.000494275381175
351 0.00178034146949
352 0.000978260131144
353 0.00120798172751
354 0.000780546558853
355 0.00316359907463
356 0.000910592594831
357 0.0018345946012
358 0.00160549571164
359 0.0622039119817
360 0.107228880325
361 0.00100419984525
362 0.00254655875169
363 0.00211163801898
364 0.00319514825098
365 0.000166529818155
366 0.00124634740414
367 0.000252913436529
368 0.00134963391964
369 0.00196877973126
370 0.00248538252179
371 0.0016729329071
372 0.0011867860168
373 0.00421666396368
374 0.00241075188645
375 0.0185844937927
376 0.000833435690726
377 0.000414460630882
378 0.00981356516409
379 0.0012530346934
380 0.00025396422279
381 0.000385071309045
382 0.000288669997172
383 0.000222390481341
384 0.000211186098675
385 0.00516561094331
386 0.00127470230137
387 0.00488541847486
388 0.073598446985
389 0.000331532097219
390 0.00194937345651
391 0.0110578769872
392 0.00114477924134
393 0.000419226463453
394 0.00156104603197
395 0.00085615663196
396 0.00119226105829
397 0.00401567451335
398 0.00144828254189
399 0.000220130493356
400 0.00101856043459
401 0.00176819697438
402 0.00236354303838
403 0.00121247486354
404 0.000922084237407
405 0.000427459986825
406 0.000287785896252
407 0.000245535893561
408 0.000271519800263
409 0.00140040888482
410 0.000555543537047
411 0.000540832882639
412 0.00114191550452
413 0.000381019528352
414 0.000556247775009
415 0.00902143075454
416 0.00566945031204
417 0.00801641254573
418 0.00542936288089
419 0.00458669259101
420 0.00175696511169
421 0.0043936719338
422 0.0015921919596
423 0.00186380484776
424 0.00116321358819
425 0.00192435775261
426 0.000513561164111
427 0.00192875735627
428 0.00140903242311
429 0.00106885212031
430 0.100449775954
431 0.00157626732509
432 0.00365280777843
