1 8.29795603927e-05
2 0.00269484619755
3 0.00217868480726
4 0.00136024253625
5 0.00181801961029
6 0.00225062020891
7 0.000610472203972
8 0.000569920622812
9 0.000885185438153
10 0.00129051607743
11 0.00187292327911
12 0.086888347804
13 0.000484607533107
14 0.000865800294451
15 0.00322098121395
16 0.000967529411765
17 0.00231609518423
18 0.00126271619309
19 0.00241284112502
20 0.00103501067355
21 0.000398723065459
22 0.000830353995351
23 0.000696104871929
24 0.0022314510968
25 0.00182759924386
26 0.0116984406935
27 0.00341349381608
28 0.0138799585487
29 0.000473912975974
30 0.00058570559719
31 0.000625868960618
32 0.00121639338424
33 0.000729927418089
34 0.000833833549745
35 0.00225399580166
36 0.0012792370398
37 0.000262256388402
38 0.000517469351325
39 0.000640274385746
40 0.000232199546485
41 0.0105199138196
42 0.0783142690356
43 0.0114298757846
44 0.00120233187512
45 0.00466795224026
46 0.0105927001404
47 0.00150755598866
48 0.000207686115663
49 0.157273347327
50 0.0198468442432
51 0.00146395700371
52 0.00219084660877
53 0.00127298319092
54 0.000643885004982
55 0.000257150745058
56 0.000536767103039
57 0.029967436836
58 0.000909639244537
59 0.462082578081
60 0.00121639338424
61 0.00108709961326
62 0.000300075817151
63 0.000484309908748
64 0.0011246275282
65 0.000517469351325
66 0.00091751123293
67 0.000333528690927
68 0.00229631910605
69 0.000714282171219
70 0.0006148823129
71 0.00224852245736
72 0.00132767296628
73 0.000624362732644
74 0.00238677601974
75 0.000536767103039
76 0.00190663825371
77 0.00404823231497
78 0.000341520592466
79 0.000808341691948
80 0.00131643087649
81 0.00325734148756
82 0.119026553084
83 0.00145706618247
84 0.00225124716553
85 0.276650773817
86 8.36874522107e-05
87 0.00113244692594
88 0.000278647412677
89 0.000499137091796
90 0.000159451744703
91 0.00188825424742
92 0.00035173834719
93 0.00168416586009
94 0.00162317280621
95 0.000262256388402
96 0.00050453312926
97 0.116359505458
98 0.0438014358424
99 0.000341316989897
100 0.00113244692594
101 0.00187701157243
102 0.0201402758288
103 0.00189534445763
104 0.000426766509498
105 0.000930306303561
106 0.000684536027738
107 0.00222779247351
108 0.00224624701397
109 0.00109684665051
110 0.205685288902
111 0.000356372033705
112 0.0136178958118
113 0.083387823487
114 0.000540319880171
115 0.00120749541599
116 0.000154315034142
117 0.00050635126519
118 0.00198791026005
119 0.00309716446125
120 0.000343907293785
121 0.000223693219938
122 0.00571736236197
123 0.0161064639684
124 0.00130354765448
125 0.004933249774
126 0.00147928994083
127 0.00540191586839
128 0.00339090621077
129 0.000738350184918
130 0.00765268595138
131 0.00602391049344
132 0.00146395700371
133 0.00354779411765
134 0.00194285215319
135 0.01108033241
136 0.00432209289374
137 0.00580691033093
138 0.00672447349757
139 0.00576382830192
140 0.000517469351325
141 0.000979962192817
142 0.00116439433077
143 0.000540319880171
144 0.000575232767318
145 0.000855241754275
146 0.0004860197394
147 0.0155795904594
148 0.000372471541604
149 0.00341934481597
150 0.000583757488401
151 0.000820227727115
152 0.000889231800077
153 0.000988666180732
154 0.000522176344873
155 0.000364754555201
156 0.00222507396684
157 0.00290709021987
158 0.0011263116127
159 0.00279830612663
160 0.0107966571957
161 0.015722289151
162 0.00048176203114
163 0.00107107438017
164 0.000385071309045
165 0.00188779336037
166 0.00132767296628
167 0.00111764804416
168 0.000738369138421
169 0.000146923783287
170 0.000648731256026
171 0.000598381593208
172 0.00154835969688
173 0.00111259407539
174 0.00964697186988
175 0.00445395941359
176 0.0306802165208
177 0.00167553330969
178 0.000874271836955
179 0.00112820123714
180 0.000423183673469
181 0.00296322190427
182 0.000423183673469
183 0.00297878350338
184 0.00485076916594
185 0.00892221082646
186 0.00053087144307
187 0.00798300676734
188 0.0058048971386
189 0.000192307235738
190 0.000551924269111
191 0.00409429087634
192 0.000688732692757
193 0.00364599722639
194 0.000558548081043
195 0.000303546239092
196 0.00225039516939
197 0.000656665410021
198 0.00111764804416
199 0.00108766386239
200 0.102927461908
201 0.00291663403555
202 0.000992001984004
203 0.00372748266521
204 0.000143639311516
205 0.00467232815254
206 0.00787127150699
207 0.00712660569579
208 0.000918961104737
209 0.00141422805586
210 0.000649766162154
211 0.000690248354594
212 0.00368620242215
213 0.000771575896722
214 0.003176671314
215 0.00246996341144
216 0.00327427156774
217 0.000146923783287
218 0.000858931382412
219 0.000409928362576
220 0.000290076426258
221 0.00225062020891
222 0.000524124837312
223 0.000602772671185
224 0.000402475380562
225 0.000232199546485
226 0.00326306790934
227 0.00404239962803
228 0.00461922691419
229 0.00219084660877
230 0.00460125326861
231 0.00088886404499
232 0.000921202131665
233 0.000231500208025
234 0.00366748788927
235 0.00203289016553
236 0.00264012163051
237 0.00327114484479
238 0.00372323144181
239 0.00866451697282
240 0.000492950414709
241 0.000952985180325
242 0.00275206630422
243 0.000207401478222
244 0.000195951009186
245 0.000522448979592
246 0.00302387994077
247 0.000448877105865
248 0.000517469351325
249 0.00061026574388
250 0.000640274385746
251 0.00370904959013
252 0.0127324450864
253 0.0438240559896
254 0.00202784804201
255 0.001822533005
256 0.0193160269942
257 0.00355442883265
258 0.00243050962672
259 0.015428508605
260 0.00096428178781
261 0.00129051607743
262 0.00260122855193
263 0.000377875434028
264 0.00571138019109
265 0.000206656769745
266 0.000423183673469
267 0.0100213443109
268 0.00387624778315
269 0.00509461156239
270 0.0063998015222
271 0.00249485658223
272 0.000635548336982
273 0.000575907998473
274 0.00189035916824
275 0.00225399580166
276 0.00106568971785
277 0.00117551020408
278 0.000329618923607
279 0.00120233187512
280 0.000908729663521
281 0.000992767417634
282 0.000210088036815
283 0.0978563603428
284 0.00038087437788
285 0.000582125763343
286 0.0216938620798
287 0.000567315455233
288 0.000239905012609
289 0.00338603596908
290 0.00229360576224
291 0.00046208363492
292 0.000426883409603
293 0.00546661864173
294 0.743817106824
295 0.0165835102041
296 0.000282727771997
297 0.00194870546222
298 0.000262256388402
299 0.00801208941606
300 0.000165262183305
301 0.00047703522607
302 0.00107302444691
303 0.000575232767318
304 0.00135123803456
305 0.000412442975634
306 0.00104742104117
307 0.000871447828869
308 0.01554346575
309 0.000582125763343
310 0.00105186267348
311 0.0073703882504
312 0.00275795512327
313 0.000504673147373
314 0.000448208286104
315 0.000735017319516
316 0.00236953645063
317 0.000225721731694
318 0.00623588063405
319 0.00297267840771
320 0.0412411268297
321 0.000488601513023
322 0.00135217146625
323 0.000278647412677
324 0.000429008085258
325 0.000277407777449
326 0.00188779336037
327 0.000249964848693
328 0.00124080407168
329 0.00050453312926
330 0.000694015141458
331 0.000580117949359
332 0.00248644949211
333 0.233947337226
334 0.0699028931428
335 0.000194328922495
336 0.00289116753472
337 0.00236187330172
338 0.00239705421942
339 0.000200147756794
340 0.0022748964775
341 0.000164914238154
342 0.000344464781645
343 0.00146418013387
344 0.000333970281454
345 0.0516184910969
346 0.0157818834272
347 0.00243310358667
348 0.00116722629461
349 0.00280923434192
350 0.000592930277891
351 0.000592473122704
352 0.000484309908748
353 0.00329480356751
354 0.000303546239092
355 0.00034926133029
356 0.0010499699835
357 0.000288054406795
358 0.00111718274523
359 0.0076665832344
360 0.000311792873955
361 0.00120526394492
362 0.000727095212462
363 0.00272566892612
364 0.00399503734344
365 0.000730226567354
366 0.00652112869636
367 0.000264751783591
368 0.0178105172183
369 0.00989120113668
370 0.0673043753913
371 0.00392958913827
372 0.000562276162776
373 0.00191748505184
374 0.0036011768484
375 0.00884458082459
376 0.00214791836735
377 0.0178995381608
378 0.00047258979206
379 0.00431562683148
380 0.278038351786
381 0.000597309617929
382 0.00183618547189
383 0.000310808957054
384 0.000495810374199
385 0.000517469351325
386 0.000634307405494
387 0.000210088036815
388 0.000262256388402
389 0.00351122989215
390 0.00167553330969
391 0.00184496193865
392 0.000702165740041
393 0.00159941939433
394 0.00162894898578
395 0.0220648825531
396 0.0012205700977
397 0.000519476302952
398 0.00185697559273
399 0.000526386491491
400 0.000251453469812
401 0.000526386491491
402 0.00642865294328
403 0.00132329590517
404 0.000295251846224
405 0.000781219860345
406 0.000290076426258
407 0.00339128714085
408 0.000409928362576
409 0.00106568971785
410 0.000540544919688
411 0.000254899075897
412 0.000186704318704
413 0.0002301492294
414 0.000271774903316
415 0.00260018905623
416 0.00147263118905
417 0.00012589280621
418 0.000832100591716
419 0.00178005642361
420 0.000163954924517
421 0.0186420875814
422 0.000278647412677
423 0.00368238767039
424 0.000407134030477
425 0.000638227146814
426 0.000387444595285
427 0.00192642752168
428 0.00144122621393
429 0.00303412613688
430 0.000844436104335
431 0.00262035415786
432 0.0160954417893
