1 0.00115869368677
2 0.000900035022996
3 0.000436935828458
4 0.000546556266118
5 0.00315091999084
6 0.000418540612502
7 0.000901971984697
8 0.000453480819423
9 0.00150994798509
10 0.000559306031707
11 0.00393694732795
12 0.000107423624549
13 0.000856625716958
14 0.0471279291863
15 0.00458978432893
16 0.408893621882
17 0.00133464299656
18 0.00027742844905
19 0.00506570126857
20 0.000411094410401
21 0.000604189656879
22 0.0294052556258
23 0.00188523277286
24 0.00580986363323
25 0.000348073067498
26 0.0294279448662
27 0.000330864417283
28 0.00108483747109
29 0.254386884547
30 0.00107694059127
31 7.41741260502e-05
32 0.0728250986369
33 0.0904288442816
34 0.000164951500688
35 0.000230685530961
36 0.000581004674025
37 0.000172678031306
38 0.000949725089989
39 0.00373651374875
40 0.000254700499568
41 0.000409112807784
42 0.00090754713678
43 0.00646324837877
44 8.03558673672e-05
45 0.00624287936623
46 0.018586490549
47 0.0678345186083
48 0.00151820213188
49 0.00193718146109
50 0.000858027556191
51 0.00254816447571
52 0.000177186663381
53 0.00143229826628
54 0.000123456790123
55 0.00922036415289
56 0.173407693625
57 0.00809594528807
58 0.000272533771544
59 0.00217454085231
60 0.0017702540139
61 0.000950120643962
62 0.00144478471475
63 0.000773393360266
64 0.00276545862474
65 7.41741260502e-05
66 8.67974876352e-05
67 0.0123836349392
68 0.00535732904117
69 0.0013532676821
70 0.00452857831622
71 0.0018255960034
72 0.0080038642676
73 0.00230872741253
74 0.00105154409472
75 0.00132985933556
76 0.0013371574961
77 0.00676003166341
78 0.0065742392806
79 0.00147811136022
80 0.000801458284899
81 0.0209055572635
82 0.014140615137
83 0.00753850087062
84 0.0237782582307
85 0.00282646119591
86 0.000520188896709
87 0.00297592061537
88 0.000597212308498
89 0.00264435768539
90 0.00107777156395
91 0.000381408912769
92 0.00184749153586
93 0.000320248574381
94 0.000226554887789
95 0.000911295212573
96 0.0112189209752
97 0.000180079857472
98 0.0329928358721
99 0.00101312032803
100 0.000179268570228
101 0.000725006978752
102 0.00340854552932
103 0.000769228942951
104 0.00362487179021
105 0.00108318694257
106 0.000308219448302
107 0.000520306089829
108 0.000310173627403
109 0.086958554648
110 0.00366183528774
111 0.00149991964869
112 0.00541027512414
113 0.000437667407783
114 0.00317188891771
115 0.00226999399255
116 0.000309992450745
117 0.00143835846217
118 0.00123846528685
119 0.000133185141815
120 0.000227439867819
121 0.000275731539603
122 0.000338973849359
123 0.00607651890633
124 0.000434530561145
125 0.00882360574402
126 0.00147972822455
127 0.000580579860558
128 0.00134606816663
129 0.00546196520859
130 0.00182482285046
131 0.00204286688252
132 0.000348073067498
133 0.000439895135974
134 0.00132985933556
135 0.0100308247538
136 0.00607651890633
137 0.00545280701889
138 0.000226554887789
139 0.000898356680217
140 0.00150994798509
141 0.000228701298237
142 0.00456623317253
143 0.000490334141142
144 0.000300636475273
145 0.00158960197717
146 0.000269487175885
147 0.000635796477006
148 0.00385152804487
149 0.00620732142037
150 0.087621580295
151 0.0250053614861
152 0.00272174268211
153 0.00384767801125
154 0.000296446812224
155 0.0981829945145
156 0.0293391806437
157 0.000659339317584
158 0.00528159967112
159 0.000133649637475
160 0.00323379390496
161 0.000686604387586
162 0.0107709760216
163 0.00167162245884
164 0.00268690356799
165 0.000814076243114
166 0.00026115562828
167 0.000883343593131
168 0.00395155087114
169 0.000581205340209
170 0.000357075726906
171 0.000490334141142
172 0.00259522961908
173 0.000580076551542
174 0.000129221342329
175 0.00143170197224
176 0.0046468101536
177 0.11246461092
178 0.00169435799878
179 0.000364203540727
180 0.00023962656596
181 0.073498169331
182 0.00823769718787
183 0.00256431761737
184 0.000971496036431
185 0.00116109379992
186 0.000392665840395
187 0.00258912515448
188 0.000626719650812
189 0.000565815167649
190 0.000648501656145
191 0.000393051849513
192 0.0096015512604
193 0.000167572606068
194 0.034618540095
195 0.00115308015516
196 0.000906030133891
197 0.000622403948807
198 0.000193572778828
199 0.000492364509506
200 0.00084833631822
201 0.000247450416297
202 0.000725006978752
203 0.000459708904966
204 0.00195266272189
205 0.000802400792495
206 0.0644111688068
207 0.00119824153486
208 0.00651913386771
209 0.000544436933502
210 0.000228701298237
211 0.00107694059127
212 0.00177916157011
213 0.00281039554242
214 0.000342572252849
215 0.000925913318174
216 0.00172497595766
217 8.43398583923e-05
218 0.000513749820668
219 0.000212729005683
220 0.00597634170503
221 0.000949725089989
222 0.000543864167966
223 0.000418540612502
224 0.00144478471475
225 0.000572331219523
226 0.000244966523445
227 0.000532653486886
228 0.001217696697
229 0.000253550096911
230 0.110750158542
231 0.012436474897
232 0.00193701954308
233 0.0095179998137
234 0.00595386798312
235 0.0125463141022
236 0.000632568044079
237 0.0211699318683
238 0.00118775919993
239 0.0221864840329
240 0.0105231199734
241 0.0115571396748
242 0.0139721358964
243 0.00849026366913
244 0.0467354153699
245 0.00914336351949
246 0.00349014837551
247 0.000600730488274
248 0.00114167966139
249 0.00162187234294
250 0.00115561476298
251 0.000309992450745
252 0.000208526111379
253 0.000459708904966
254 0.0016618171046
255 0.000153247566375
256 0.000131173816067
257 0.00217363554804
258 0.000594926511262
259 0.00323342523626
260 0.000233532109297
261 0.0182012795309
262 0.000460444439214
263 0.0123298930621
264 0.00839317459719
265 0.00384015949544
266 0.000419210277482
267 0.000348073067498
268 0.000551419043423
269 0.0332581388175
270 0.0242601883001
271 0.00220073605372
272 0.000247602453378
273 0.00487794131416
274 0.0385680787467
275 0.00424576328456
276 0.000621988060252
277 0.000500926112196
278 0.00176601772932
279 0.000953252385338
280 0.00121378463442
281 0.00322406538768
282 0.00192435775261
283 0.000200951088982
284 0.00107694059127
285 0.00148768069905
286 0.015107519573
287 0.016918058552
288 0.000103068875776
289 0.00313649941488
290 0.000308219448302
291 0.000361662744468
292 0.000569059204009
293 0.000158597003272
294 0.00208024816424
295 0.0138954426476
296 0.00111389570588
297 0.000904516931426
298 0.0013371574961
299 0.0215071256857
300 0.0081101345001
301 0.0140822025034
302 0.0485708003156
303 0.000975724288426
304 0.00466033777778
305 0.000620029840796
306 0.000908081649829
307 0.000239181983422
308 0.000468506962013
309 0.00165222894664
310 0.00141508043356
311 0.00101675687507
312 0.00177778627728
313 0.000773393360266
314 0.00340366409093
315 0.0580820001399
316 0.0753318168791
317 0.00184549006693
318 0.0075130157484
319 0.00140346943544
320 0.0017154387357
321 0.000520306089829
322 0.00232185241427
323 0.000330458077381
324 0.00154539149927
325 0.00353781733254
326 0.00164601172187
327 0.00577581848396
328 0.00873525617429
329 0.0765802513498
330 0.000644445823609
331 0.0015697396326
332 0.00100142441135
333 0.00102826095542
334 0.00238112494623
335 0.000188260829843
336 0.00102826095542
337 0.000622403948807
338 0.000558352778899
339 0.00162651793837
340 0.000246290956708
341 0.00283274134421
342 0.00600810421007
343 0.0226701685683
344 0.00597375590001
345 0.00186375111111
346 0.000322865681019
347 0.00371051487392
348 0.00866474177308
349 0.000301719486784
350 0.000997240301308
351 0.000320305892127
352 0.000565815167649
353 0.000896219282361
354 0.0238186812697
355 0.000981972907032
356 0.00391389058497
357 0.0013210898066
358 0.000518380259821
359 0.000557787090666
360 0.00268116169709
361 0.000418540612502
362 0.000906030133891
363 0.000622403948807
364 0.000528719417788
365 0.00171819510958
366 0.00477658399695
367 0.00165447537161
368 0.00220369612145
369 0.00426488962932
370 0.00223366392723
371 0.00115788966049
372 0.00868741372647
373 0.00148708917853
374 0.00058583248401
375 0.000571565635084
376 0.0410581993297
377 0.00302714256521
378 0.000665019170614
379 0.00169041733314
380 0.00109046273702
381 0.00169460249452
382 0.000381408912769
383 0.00144794352481
384 0.000416493127863
385 0.000496547966148
386 0.00120516771452
387 7.73987151813e-05
388 0.00218700833285
389 0.00102930942909
390 0.000279522060951
391 0.000259099870855
392 0.0342936429093
393 0.0212015243196
394 0.000650770512287
395 0.00273689863853
396 0.000418540612502
397 0.000526116758069
398 0.00271179079487
399 0.000233086649962
400 0.00147972822455
401 0.000200131179734
402 0.00102826095542
403 0.000895693642655
404 0.00869828962311
405 0.000498030979988
406 0.0361883310713
407 0.00184496193865
408 0.000428577766356
409 0.00158887713215
410 0.00268223324023
411 0.000565815167649
412 0.00162651793837
413 0.00220230024877
414 0.000130627989256
415 0.000255488766977
416 0.000458921395209
417 0.00152001011244
418 0.00953821277901
419 0.00154404251036
420 0.00172443194405
421 0.00451492550908
422 0.00146246392229
423 0.0123390962087
424 0.000769228942951
425 0.000361848334821
426 0.0136779653359
427 0.000517634904209
428 0.0452473602595
429 0.0015384578859
430 0.00362546577892
431 0.000228269582811
432 0.00307226420203
