1 0.00143855440983
2 0.00176324163381
3 9.03202354124e-05
4 0.000598702545283
5 0.000274337838475
6 0.00134668798923
7 0.00039745223578
8 0.00276426054372
9 0.000316217672931
10 0.000243189737393
11 0.000517469351325
12 0.00563428621165
13 0.151638692365
14 0.00254438012092
15 0.00175565051379
16 0.00157512013711
17 0.00191854041626
18 0.00239083193501
19 0.0105191922779
20 0.00115949951732
21 0.00101649445898
22 0.000784881933461
23 0.000575232767318
24 0.0024846445804
25 0.0019242609397
26 0.000486589846531
27 0.00114351208975
28 0.000553881445835
29 0.000244139697305
30 0.000240714568276
31 0.0034293371991
32 0.000443732129596
33 0.000490334141142
34 0.000318477170376
35 0.00134668798923
36 0.0159706063402
37 0.000525556801795
38 0.0788409949634
39 0.000840845666189
40 0.000453413367984
41 0.000979299765157
42 0.00184502270177
43 0.00217913952718
44 0.00249072017412
45 0.0244345418588
46 0.000569008301603
47 0.0036293366236
48 0.00239303404435
49 0.000824156956114
50 0.0163556997138
51 0.0625094386659
52 0.00685527373674
53 0.288174301111
54 0.000970564289221
55 0.00709809797093
56 0.00225187208052
57 0.00170408291453
58 0.00069966274744
59 0.00021042093228
60 0.00118543189205
61 0.000663975382601
62 0.000789403774935
63 0.000468445061721
64 0.000323030182634
65 0.00286232067415
66 0.00315850680669
67 0.0166057050261
68 0.000391217174434
69 0.00258367624524
70 0.00049015275849
71 0.00340980523761
72 0.00447743487225
73 0.003189523662
74 0.0010203318437
75 0.280002823466
76 0.00364652617331
77 0.000811319716352
78 0.0104361854935
79 0.00989281157195
80 0.00189092984542
81 0.0101062925089
82 0.00405393787057
83 0.00273937545696
84 0.00596505487551
85 0.000207834123918
86 0.000942533157223
87 0.000226554887789
88 0.000789732556182
89 0.000443732129596
90 0.000781130925164
91 0.000242274344162
92 0.00116109379992
93 0.000276999430384
94 0.00544025031888
95 0.00104935130107
96 0.00345469892177
97 0.0123219921727
98 0.00136143217448
99 0.00047703522607
100 0.00149507637925
101 0.000592569276089
102 0.00088085261124
103 0.00229220920139
104 0.000344794581196
105 0.000664605034722
106 0.000365449090937
107 0.000663129866948
108 0.0023950038791
109 0.000696514379387
110 0.272466970357
111 0.00157110187857
112 0.000162796435776
113 0.000226554887789
114 0.000858890692937
115 0.000461290017832
116 0.000291208983215
117 0.00225187208052
118 0.000171434234881
119 0.000372108862978
120 0.000443471708137
121 0.0104750158496
122 0.00352980992687
123 0.00220480918451
124 0.000540508178875
125 0.00172270257662
126 0.000834110480991
127 0.00606271710029
128 0.000235326777889
129 0.000600343629241
130 0.00503083544305
131 0.00563681805673
132 0.00111597675764
133 0.000455791505651
134 0.000713264802031
135 0.00281389326744
136 0.0281572867264
137 0.000181693138742
138 0.000153361002214
139 0.00194170203406
140 7.40323695111e-05
141 0.000275477350597
142 0.00101675687507
143 0.000663698956547
144 0.00069966274744
145 0.00134668798923
146 0.000215514660983
147 0.00111938751537
148 0.00023397884685
149 0.000553112519016
150 0.0570166543329
151 0.00684814280712
152 0.00106140332917
153 0.0129723994737
154 0.0233025334259
155 0.000593724944807
156 8.00907824194e-05
157 0.000477560027385
158 0.0031407092973
159 8.24846393401e-05
160 0.000343444145816
161 0.00108304521683
162 0.000729424797628
163 0.000321942437759
164 0.00269462023064
165 0.000960728370767
166 0.00371934000793
167 0.00371934000793
168 0.0379643547486
169 0.00225732970892
170 0.00555103058623
171 0.0151479289941
172 0.00105151310223
173 0.000329379867837
174 0.00215713376399
175 0.00147227808101
176 0.00152685250897
177 0.000298238270253
178 0.000575447511557
179 0.000826792148537
180 0.00100600844679
181 0.0067473205062
182 0.0010207568049
183 0.00289696050751
184 0.000209668198591
185 0.00209878105707
186 0.0020636877097
187 0.000536830432874
188 0.0358081145618
189 0.00112691444469
190 0.000404410892932
191 0.003189523662
192 0.00304687505697
193 0.000959648999977
194 0.00532464533907
195 0.000824156956114
196 0.000825428803268
197 0.000533227784953
198 0.00257298886788
199 0.000372108862978
200 0.000663975382601
201 0.00215713376399
202 0.00123114804555
203 0.000295138888889
204 0.000337414519406
205 0.00210144276613
206 0.101310536894
207 0.00488503144281
208 0.000845901195491
209 0.000201197122881
210 0.00850611408504
211 0.566876724836
212 0.000505440970964
213 0.00154412113423
214 0.00213285529896
215 0.0401951556609
216 0.000418540612502
217 0.000325717536189
218 0.000262222775736
219 0.00180920259452
220 0.0413487526394
221 0.00182185240668
222 0.000595624864631
223 0.00071305006348
224 0.0127759243856
225 0.00082754672626
226 0.00101832594432
227 0.000702474145361
228 0.000236686390533
229 0.00113224111871
230 0.000242716375486
231 0.00043987320391
232 0.00149531006157
233 0.00546493744741
234 0.013232711727
235 0.00470424370325
236 0.0172230798629
237 0.00302984232245
238 0.0450399824318
239 0.000536830432874
240 0.0171137376752
241 0.000102478001203
242 0.089893010336
243 0.00906315984304
244 0.00038751028357
245 0.504566092971
246 0.00417232153618
247 0.00123095607611
248 0.00106525596967
249 0.000477560027385
250 0.00188366763661
251 0.000162278388576
252 0.000781130925164
253 0.000287273771905
254 0.000822068551821
255 0.000241724447141
256 0.000277777777778
257 0.000372683770367
258 0.00102435840618
259 0.00659672390198
260 0.00165464389838
261 0.0271567426653
262 0.0147558740029
263 0.0893715437748
264 0.0495581473477
265 0.00256153253402
266 0.000724118367225
267 0.00192647212518
268 0.000712165780764
269 0.000258754295726
270 0.000699264243541
271 0.00111596798093
272 0.00852368455465
273 0.000492019452411
274 0.00173442300112
275 0.0153140966122
276 0.0029348343122
277 0.00119134181306
278 0.0050338683893
279 0.000219072859697
280 0.00404715386206
281 0.00481368624274
282 0.00115463162911
283 0.000235326777889
284 0.00121301775148
285 0.000467696746926
286 0.000804929441389
287 0.00127106324604
288 0.000486589846531
289 0.00534966884855
290 0.00391739521378
291 0.00289731849495
292 0.000247991940744
293 0.000551593363007
294 0.00212397983503
295 0.00320795353632
296 0.0027118782472
297 0.000571237419067
298 0.000571237419067
299 0.000404159765128
300 0.00341961901388
301 0.00405567867036
302 0.00363206507093
303 0.0229245988564
304 0.000248602524778
305 0.00161858025667
306 0.000969815974426
307 0.000241312741313
308 0.000571237419067
309 0.00111938751537
310 0.00224673629198
311 0.000619006231517
312 0.000372108862978
313 0.000443586764507
314 0.0334175396277
315 0.00123873991308
316 0.00472756810186
317 0.0200188581582
318 0.0052106443506
319 0.00267359443544
320 0.000589236189949
321 0.00101338178403
322 0.00123026692334
323 0.00574404432133
324 0.00177916157011
325 0.00107302444691
326 0.137099040073
327 0.00112900616479
328 0.00285200419064
329 0.000770076672998
330 0.0103941065467
331 0.0199699615108
332 0.00033908726395
333 0.000485425508514
334 0.00202499870607
335 0.000392588662162
336 0.00243865264441
337 0.000494437388623
338 0.000426100496591
339 0.000226554887789
340 0.000197751970239
341 0.000256912655248
342 0.00221985946746
343 0.00679394446197
344 0.0440765769872
345 0.296792333103
346 0.000139081991248
347 0.000162191976864
348 0.00106731122258
349 0.000242716375486
350 0.000219928613055
351 0.0509475882792
352 0.000389337994592
353 0.00306955410294
354 0.000244446087122
355 0.00225079555402
356 0.0139090089572
357 0.0562167863975
358 0.000215865980955
359 0.00121404483237
360 0.000565143600256
361 0.0270991776969
362 0.00481401502399
363 0.00276868336059
364 0.00211686393793
365 0.00023397884685
366 0.000553112519016
367 0.000551037051731
368 0.00176263691065
369 0.000758108909282
370 0.00309857778795
371 0.0148105618647
372 0.0193732645639
373 0.00492221929443
374 0.00152901004213
375 0.000879105826397
376 0.00184644796369
377 0.0013499969781
378 0.000603850947594
379 0.00418393999108
380 0.00371724687553
381 0.00310775694858
382 0.000277777777778
383 0.00191547727187
384 0.000252182085942
385 0.000540508178875
386 0.00987351463698
387 0.000196638556059
388 0.00228085374797
389 0.00227412716418
390 0.000603850947594
391 0.000221113583284
392 5.29353293656e-05
393 0.284857821666
394 0.00471302688926
395 0.00525798110407
396 0.00122683956926
397 0.00324970976548
398 0.000946908640866
399 0.00418563525197
400 0.00664725317542
401 0.0138408304498
402 0.000437565689718
403 0.00635601426873
404 0.000706400779217
405 0.000706106690633
406 0.00170668507499
407 0.00975312404755
408 0.0682289431101
409 0.000793769376181
410 0.00345539508507
411 0.00094674556213
412 0.000663698956547
413 0.000571237419067
414 0.00069966274744
415 0.000990268472786
416 0.000789403774935
417 0.000559246143346
418 0.000228701298237
419 0.154376955366
420 0.00109081727127
421 0.000529146975064
422 0.000980718390511
423 0.00224584152651
424 0.0199951540061
425 0.00192642752168
426 0.000417556661657
427 0.00360324201709
428 0.00113078985929
429 0.00416476376539
430 0.00181227556073
431 0.00344183014898
432 0.00257846709205
