1 0.00026929651545
2 0.00975832195204
3 0.00602586928625
4 0.000999752567021
5 0.00183568558084
6 0.00110089405169
7 0.000497637258901
8 0.00222413459303
9 0.000213117374394
10 0.000493827160494
11 0.030972469922
12 0.000220293885812
13 0.000193909866755
14 0.00021746055342
15 0.00116882168164
16 0.000571237419067
17 0.000111382657504
18 0.000742669296515
19 0.00122492423319
20 0.000424774478734
21 0.000679583464266
22 0.00279467625049
23 0.00109354441365
24 0.000825472974996
25 0.00488338238691
26 0.00457404835901
27 0.0128451498807
28 7.47452432958e-05
29 0.000945129266117
30 0.000166687426749
31 0.00135928312059
32 0.000235990266277
33 0.0139484051117
34 0.00146606445313
35 0.00202925898872
36 0.000618796564441
37 0.00183568558084
38 0.000236231880046
39 0.00124817611935
40 0.000260670962986
41 0.0017347476066
42 0.00512145470734
43 0.00294587234096
44 0.00810604513352
45 0.00037510350107
46 0.0013134543489
47 0.00249701658232
48 0.00492491031344
49 0.00277905982486
50 0.00769374752889
51 0.00593578181243
52 0.00145949823606
53 0.00016033223846
54 0.000518563932784
55 0.00155875456374
56 0.0158847648351
57 0.0159418420529
58 0.00428168636901
59 0.000262965668371
60 0.00323059983784
61 0.000455791505651
62 0.000636403718227
63 0.00185073701883
64 0.00400451660156
65 0.000114730348802
66 0.000750150735073
67 0.000633683156849
68 0.0842432941409
69 0.00967299714748
70 0.00138122420263
71 0.0497720643082
72 0.434206806651
73 0.000200728446979
74 0.000572151398938
75 0.00115642904104
76 0.000295532170772
77 0.000962222563489
78 0.000436216422217
79 0.000444703951521
80 0.29082138716
81 0.000170414201183
82 0.000464476813317
83 0.0534164911441
84 0.00299534604449
85 0.000803678860509
86 0.00226057440102
87 0.000268500369499
88 0.000618796564441
89 0.00133126369613
90 0.00124323582821
91 0.000981668700448
92 0.000903007516701
93 0.000126816005194
94 0.00478471690972
95 0.000791015625
96 0.0591080272351
97 0.00469051512431
98 0.00845554234377
99 0.000455791505651
100 0.00187222633136
101 0.00312250501219
102 0.00144955622811
103 0.00587972132667
104 0.00127298319092
105 0.00104742104117
106 0.000464476813317
107 0.00226504068545
108 0.0161804065143
109 0.00323728064638
110 0.000492364509506
111 0.000385071309045
112 0.000986815054412
113 0.000464418908823
114 0.00044962702539
115 0.000236231880046
116 0.00420745069394
117 0.000268500369499
118 0.000566893424036
119 0.000616166188823
120 0.00111111111111
121 0.000617422853292
122 0.0120553035077
123 0.00958371299002
124 0.000998737418095
125 0.00114277453265
126 0.00099725678374
127 0.0129368508055
128 0.00185572075746
129 0.00949847829698
130 0.00120053245838
131 0.000604473912583
132 0.670999757146
133 0.0348716234947
134 0.000198448855792
135 0.00101309299144
136 0.000409767388276
137 0.000525926230865
138 0.000263168573979
139 0.000537826869658
140 0.000237904851276
141 0.00120439330959
142 0.000995482690046
143 7.50332786486e-05
144 0.000494963877675
145 0.00063484788887
146 0.0146250834419
147 0.0100692513826
148 0.000500077574083
149 0.000197676681256
150 0.00322098121395
151 8.91216244775e-05
152 0.00262597041746
153 0.000239522992822
154 0.000540832882639
155 0.000544691253056
156 0.000536633604665
157 0.000499388496126
158 0.00252360333096
159 0.000209736521091
160 0.000352266681096
161 0.00775359537899
162 0.0190373777276
163 0.000262965668371
164 0.00149568084002
165 0.000389337994592
166 0.000347975252979
167 0.00029471900385
168 0.000661613042586
169 0.000372108862978
170 0.000291928119909
171 0.00128412871423
172 0.0419390151223
173 0.252369458461
174 0.00318245602149
175 0.000807595056525
176 0.0115315682032
177 0.00216080054384
178 0.00708031269106
179 0.00265838371405
180 0.00162837183489
181 0.00174741271655
182 0.000463677025582
183 0.0118578289404
184 0.212805575843
185 0.0160488095961
186 0.00267538644471
187 0.00787083737178
188 0.0216784366956
189 0.00101131485577
190 0.000812779752804
191 0.000437667407783
192 0.000282465927547
193 0.0009
194 0.000961480680248
195 0.00133126369613
196 0.00380647762042
197 0.00112147106544
198 0.000985095115646
199 0.00223000679539
200 0.00493479745457
201 0.003688132684
202 0.0312808480048
203 0.00889927268024
204 0.00287676958622
205 0.000520464369877
206 0.00650981730449
207 0.0096006931317
208 0.00117968180516
209 0.00157460052936
210 0.000492950414709
211 0.00502295506158
212 0.0023542686831
213 0.000447915791831
214 0.00842494900337
215 0.00147928994083
216 0.000492364509506
217 0.000486940487236
218 0.000254449147298
219 0.000551595237522
220 0.00121535384675
221 0.00183568558084
222 0.00168134311374
223 0.000359244746836
224 0.000440748107959
225 0.000268500369499
226 0.000147146648304
227 0.0050020106072
228 0.00310255786808
229 0.00383236788516
230 0.000603720007402
231 0.00134206681566
232 0.00474112390991
233 0.00255346472002
234 0.00682075314981
235 0.00074170388377
236 0.0142511801531
237 0.000196638556059
238 0.00112153915064
239 0.0016
240 0.00206611570248
241 0.000503925865508
242 0.00149854299709
243 0.000589381077992
244 0.000841064453125
245 0.001722577313
246 0.000833596704212
247 0.00122492423319
248 0.000389337994592
249 0.000751896813911
250 0.00133126369613
251 0.000459576945441
252 8.52071005917e-05
253 0.00276123760018
254 0.0371472542408
255 0.0926616513419
256 0.000259447772623
257 0.0025795862546
258 0.00520472120551
259 0.000172845791171
260 0.00119914940828
261 0.00677062294102
262 0.00422294321493
263 0.00187535020413
264 0.00479362992184
265 0.0155653816124
266 0.00471892339603
267 0.00633689084445
268 0.0214709363357
269 0.000757077827453
270 0.00402404785156
271 0.00343574313355
272 0.000616166188823
273 0.0005789604834
274 0.000487176365555
275 0.0026876272589
276 0.00191051851852
277 0.000463677025582
278 0.000144387287702
279 0.000198448855792
280 7.5959615422e-05
281 0.000201792241533
282 0.000234444344099
283 0.000476726225663
284 0.0145531090256
285 0.00154869228354
286 0.00339829662144
287 0.0602670121628
288 0.00290329730326
289 0.00112176919027
290 0.00162837183489
291 0.000689614080926
292 0.000398723828972
293 0.00407771139264
294 0.00396107389114
295 0.00149201495699
296 0.000961480680248
297 0.00233365368308
298 0.00167675492465
299 0.000177777777778
300 0.000237294447804
301 0.000263193245745
302 0.000190249702735
303 0.000197676681256
304 0.000416300438823
305 0.00221985946746
306 0.00297094391689
307 0.00225004662217
308 0.000208928465812
309 0.000620029840796
310 0.000594086126968
311 0.0188648385002
312 0.0115906031477
313 0.0462814764738
314 0.000245458826869
315 0.283319153403
316 0.000212341697606
317 0.00170639297462
318 0.0033030702072
319 0.000981668700448
320 0.00445480552496
321 0.00216291985672
322 0.00225196046342
323 0.768627818916
324 0.00257143641253
325 0.001216134045
326 0.00139846795048
327 0.000262965668371
328 0.000719528817993
329 0.000129266882832
330 0.000389337994592
331 0.000487176365555
332 0.000480074599752
333 0.00259467698193
334 0.0627918400106
335 0.000935863131546
336 0.00361565940176
337 0.035915706374
338 0.000582193503871
339 0.000463677025582
340 0.000159122898866
341 0.00020263167893
342 0.000507370727321
343 0.000561680638617
344 0.00313212990958
345 0.000998981747771
346 0.000605378900137
347 0.00211585218395
348 0.00121535384675
349 0.00063448041287
350 0.0276965032778
351 0.0097966544592
352 0.016416622743
353 0.000260670962986
354 0.0005789604834
355 0.00380666118898
356 0.000831101371642
357 0.00031351314924
358 0.000166687426749
359 0.000670558310058
360 0.00183683479967
361 0.000380583964585
362 0.00650866229741
363 0.0329382377348
364 0.0110985791461
365 0.000954852503535
366 0.000637032023694
367 0.00144955622811
368 0.00179060570988
369 0.00228268455793
370 0.00128208097117
371 0.457067658812
372 0.00286829712365
373 0.000360576147242
374 0.0010973513539
375 0.0128619649029
376 0.00200480423091
377 0.00164018270586
378 0.00210187707593
379 0.000197676681256
380 0.000486737764303
381 0.00182819671732
382 0.000932346599848
383 0.000240841948206
384 0.00297074101128
385 0.000424774478734
386 0.00015510095065
387 0.000848593760391
388 0.00285394968241
389 0.0476901018918
390 0.0286007785467
391 0.00361069041728
392 0.000989344785926
393 0.000804788491525
394 0.00255370805232
395 0.0032104327039
396 0.00813806895838
397 0.00023397884685
398 0.000397420794842
399 0.0019131279999
400 0.0825333986764
401 0.011572336116
402 0.00695366746623
403 0.000554154652594
404 0.0126805995418
405 0.00100344417579
406 0.00976114925693
407 0.000356913932754
408 0.000613900072784
409 0.000987262085309
410 0.00016384
411 0.000218310008707
412 0.000831101371642
413 0.000487176365555
414 0.000159472842585
415 0.000751896813911
416 0.00058570559719
417 0.000347975252979
418 0.0878072380367
419 0.00042033417162
420 0.00793155029586
421 0.00286394971614
422 0.0406526636958
423 0.000552293195524
424 0.00201347797502
425 0.0172111919342
426 0.00164018270586
427 0.00189090699998
428 0.00298374170734
429 0.000359378706093
430 0.0457803577152
431 0.00476859590983
432 0.00117663324099
