1 0.104069634705
2 0.000967730137494
3 0.000130651826175
4 0.00429991937651
5 0.000186464829976
6 0.000941030678906
7 0.000383865134973
8 0.00107107438017
9 0.00156404609148
10 0.00191485969388
11 0.00671180626065
12 0.0036
13 0.0011341387088
14 0.0157582307676
15 0.331781427501
16 0.000496380624028
17 0.000490277777778
18 0.000831982821398
19 0.000745845400479
20 0.00061154246378
21 0.000174436847668
22 0.000268744961032
23 0.00036435625578
24 0.00217763704537
25 0.187492475782
26 0.000543864167966
27 0.00870182668746
28 0.000453465053444
29 0.000204081632653
30 0.000756418749269
31 0.000756418749269
32 0.00024177378851
33 0.000212396694215
34 0.283278772152
35 0.00830879472143
36 0.00941121178501
37 0.000525086093116
38 0.0222131024675
39 0.00180387214747
40 0.0206842570383
41 0.212179458282
42 0.00169336071474
43 0.00021631175827
44 0.000236231880046
45 0.039597427862
46 0.00160957698305
47 0.00492430210039
48 0.00017408
49 0.00115958705122
50 0.00745410287566
51 0.00193516532524
52 0.103467250233
53 0.00212910520028
54 0.000208903022484
55 0.000390015363689
56 0.000458921395209
57 0.000453465053444
58 0.000201912489865
59 0.00109483131488
60 0.000915189605254
61 0.00147465630251
62 0.000330578512397
63 0.000202992715258
64 0.000940305134821
65 0.0472672480956
66 0.0006291928655
67 0.00113516751769
68 0.00361468094588
69 0.00159872
70 0.000320664301011
71 0.00033205540637
72 0.000586642726146
73 0.00274192517244
74 0.000277522701765
75 0.000425124880434
76 0.0105705471737
77 0.00494574188203
78 0.00288233414107
79 0.00236234496572
80 0.0110057199563
81 0.000216978537482
82 0.000286496306031
83 0.00165644590809
84 0.140571973178
85 0.000431090203964
86 0.000545899205171
87 0.00152440522401
88 0.000511865031429
89 0.000277375638449
90 0.00219512142837
91 0.000263856321987
92 0.000141761925722
93 0.0152694848358
94 0.00151570814432
95 0.480971544637
96 0.000330578512397
97 0.00231904932566
98 0.0014183924397
99 0.0118031456284
100 0.00247571439615
101 0.00344544680558
102 0.00155248397436
103 0.000377624737381
104 0.00109081727127
105 0.00125348742023
106 0.00165644590809
107 0.00191471211247
108 0.00108505806739
109 0.00113869172242
110 0.000299072857486
111 0.00192681760204
112 0.000157231159285
113 0.00138484591139
114 0.00123912092086
115 0.000592425261678
116 0.00062750752005
117 0.0537674969637
118 0.00900713352164
119 0.00298343727962
120 0.000591416978304
121 0.0010460848065
122 0.00529771900826
123 0.00217596409659
124 0.000657165412524
125 0.00532155323027
126 0.00018077819363
127 0.000544734350635
128 0.00040236897088
129 0.000568897885247
130 0.000387096840458
131 0.00111013655263
132 0.0120029883301
133 0.0247152503606
134 0.00212756013119
135 0.0229768000695
136 0.000214332457757
137 0.000119404347608
138 0.00103158712965
139 0.00015588455081
140 0.000217107753028
141 0.00020628591873
142 0.00174275689339
143 0.000153123876618
144 0.00158489135384
145 0.000511865031429
146 0.000336101671542
147 0.00636390762774
148 0.000750064349042
149 0.000353858844858
150 0.000941809725421
151 0.00209479025392
152 0.000640294666367
153 0.00102765062099
154 0.000742820487125
155 0.00315292636404
156 0.0149871369717
157 0.00188700895327
158 0.00401940359025
159 0.0120301052741
160 0.0110777112106
161 0.033716090206
162 0.000399022204481
163 0.00133209477202
164 0.00108988301671
165 9.33992662969e-05
166 0.00516085348131
167 0.000541096294258
168 0.000805809691336
169 0.00272095815248
170 0.000208526111379
171 0.000270961404935
172 0.00041024
173 0.00051652892562
174 0.694456304737
175 0.000525086093116
176 0.000181999664438
177 0.00772188398716
178 0.00875796797438
179 0.00164405003276
180 0.00753870696025
181 0.000215679759961
182 0.00179263029745
183 0.00043987320391
184 0.00108834645841
185 0.000721244343904
186 0.00309051887388
187 0.000548601848399
188 0.0252642702186
189 0.0187054189325
190 0.0033115044794
191 0.0423861520463
192 0.00119592389273
193 0.00481757323835
194 0.00057389612936
195 0.00150781640604
196 0.00175956571097
197 0.000415813970817
198 0.000209659916873
199 0.00202171534383
200 0.00202087366383
201 0.000257027080213
202 0.00243335406831
203 0.00058570559719
204 0.00193473629246
205 0.000884534600263
206 0.00161229042087
207 0.0267289925335
208 0.0017249134044
209 0.0010553198335
210 0.00785495477921
211 0.000127497087737
212 0.000585924897249
213 0.00473963568152
214 0.00400650871803
215 0.0273165565515
216 0.0025065327872
217 0.784314247807
218 0.00119824153486
219 0.0125971317468
220 0.00106869632082
221 0.000212496493808
222 0.000237179631548
223 0.00131109429066
224 0.000441353011793
225 0.000915189605254
226 0.000446042387543
227 0.0019140625
228 0.0061975923321
229 0.00121198982541
230 0.024744044588
231 0.000685487603306
232 0.000466593843142
233 0.00209712638658
234 0.00112939796511
235 0.00122730851338
236 0.000780077525924
237 0.00177743888865
238 0.000677620062095
239 0.00014646046254
240 0.00312238777379
241 0.000185108056828
242 0.00276924596498
243 0.0226498827159
244 0.00103525012688
245 0.000832742644642
246 0.00131016399826
247 0.00024177378851
248 0.00102680525531
249 0.00251631273278
250 0.000351859505074
251 0.000576737988393
252 0.000186056111907
253 0.000236686390533
254 0.0252130471356
255 0.00451869444444
256 0.00336503833698
257 0.000905588677953
258 0.000526049995792
259 0.000872876687539
260 0.00107450707397
261 0.0117472007577
262 0.000735600402183
263 0.000941909066529
264 0.00325445506198
265 0.00288343829352
266 0.000429992862118
267 0.000242244394313
268 0.00126795164173
269 0.00228927419917
270 0.00029600637336
271 0.000881754112882
272 0.0018123476658
273 0.000310977123342
274 0.0167328815606
275 0.000240842141565
276 0.000180474747282
277 0.000224018845585
278 0.000438400826017
279 0.00175956571097
280 0.000205916065073
281 0.000892503934435
282 0.00500524398848
283 0.000211570247934
284 0.000258031092245
285 0.00201717073531
286 0.00709690238873
287 0.00394995187893
288 0.00814944217467
289 0.00601660092045
290 0.000611473592657
291 0.0129484158968
292 0.306173569921
293 0.00327083351227
294 0.000465073758812
295 0.000594926511262
296 0.000752541527119
297 0.00045184
298 0.000395537685973
299 0.00121451912633
300 0.00317425635479
301 0.00109380531181
302 0.0297491757557
303 0.00440382495841
304 0.000268744961032
305 0.00132231404959
306 0.000803118382417
307 0.001531863275
308 0.00102218197994
309 0.000832742644642
310 0.00194762916238
311 0.00179981634527
312 0.00128673988025
313 0.019605027158
314 0.0831127270487
315 0.00893615722656
316 0.0214297597031
317 0.00116922954055
318 0.00215921024995
319 0.0010150314275
320 0.00016384
321 0.000913653408118
322 0.000511865031429
323 0.00357257887137
324 0.000735420856076
325 0.000440612175983
326 0.00307115683739
327 0.000356536541288
328 0.000967213247731
329 0.000590268038355
330 0.00147527048673
331 0.000576737988393
332 0.000226789262975
333 0.000539516875684
334 0.00188285480362
335 0.00467364283795
336 0.0153050441936
337 0.0474887836304
338 0.00739333815872
339 0.010699679998
340 0.0114727410493
341 0.000694550139446
342 0.000144940582854
343 0.000953150200974
344 0.00042645880847
345 0.00475568628812
346 0.012451148682
347 0.000862231849887
348 0.0807218173556
349 0.174383746899
350 0.000417556661657
351 0.000613700161994
352 0.000951945775422
353 0.00104432246357
354 0.000492950414709
355 8.34857893788e-05
356 0.000511865031429
357 0.00226757369615
358 0.0026818559838
359 0.000383865134973
360 0.00116325827206
361 0.000256884650292
362 0.0002429244843
363 0.0043600529418
364 0.000420603232521
365 0.0953618338827
366 0.000776223467906
367 0.00125750390723
368 0.0278249444444
369 0.00345259747922
370 0.00193479056695
371 0.032971799998
372 0.000795799730204
373 0.00198060958184
374 0.002454463581
375 0.0682167825591
376 0.051067634878
377 0.00338163112076
378 0.0154667731712
379 0.00274819290751
380 0.000592425261678
381 0.00236150243674
382 0.00113409540578
383 0.000894788032671
384 0.000411555925378
385 0.000179573291703
386 0.000365663876744
387 0.0093778449318
388 0.00126995041322
389 0.000688972222222
390 0.000765468312195
391 0.00233981627661
392 0.143121189574
393 0.00058570559719
394 0.00546427351725
395 0.00034791809112
396 0.0053771076353
397 0.000539048699509
398 0.000775116219008
399 0.013510839556
400 0.00215926186656
401 0.00132747933884
402 0.0497186113154
403 0.00093783261604
404 0.000202992715258
405 0.00510710613328
406 0.00119592389273
407 0.000311418685121
408 0.000555199734215
409 0.00517479627345
410 0.00011734888695
411 0.00112366977328
412 0.000401283078567
413 0.0019771015247
414 0.000213949864138
415 6.60982219578e-05
416 0.000276818345607
417 0.00264154255456
418 0.00463751140142
419 0.00258764497041
420 0.000748441507471
421 0.0248025296051
422 0.000357162821097
423 0.00126795164173
424 0.000289231338794
425 0.000294289005555
426 0.000233444315874
427 0.000545899205171
428 0.000371535284855
429 0.00933040638283
430 0.00151588378568
431 0.00631239841232
432 0.041130686365
