1 0.00011958737925
2 0.00354628253035
3 0.000305994951083
4 0.000562201564474
5 0.00100781053162
6 0.000322528624415
7 0.000522210227634
8 0.000151814890792
9 0.000373291550775
10 0.00207766360195
11 0.00102826095542
12 0.291675172218
13 0.00676357448927
14 0.00115086838251
15 0.00131547155628
16 0.00249650486826
17 0.000537120908953
18 0.00242167125803
19 0.00102523306604
20 0.00370456924761
21 0.000656198171848
22 0.000756347311683
23 0.00491461110761
24 0.00196438026105
25 0.000663082490193
26 0.00823741321166
27 0.02831203585
28 0.00760546241211
29 0.000219478737997
30 0.000247026991559
31 0.00013235382489
32 0.00429316146866
33 0.00270985011548
34 0.000212341697606
35 0.000401926934185
36 0.000522210227634
37 0.000653731921488
38 0.00121673717745
39 0.00685670755596
40 0.000473278628262
41 0.00301416776131
42 0.106848212212
43 0.00280757971142
44 0.00286829712365
45 0.00164534998465
46 0.00330951785253
47 0.00026506355191
48 0.000759289063605
49 0.128047309581
50 0.00213285529896
51 0.000769727478489
52 0.00064578837493
53 0.000446340011902
54 0.000537355984657
55 0.000548973244362
56 0.00116645834962
57 0.00314221168564
58 0.000757729217251
59 0.440740840949
60 0.00060309324111
61 0.000236164529636
62 0.000309772666529
63 0.000565712398557
64 0.000522210227634
65 0.000364872341128
66 0.00199153287481
67 0.000185423268447
68 0.00134053041773
69 0.000842872008325
70 0.00197351819689
71 0.000840460358607
72 0.00109931740448
73 0.00281438523413
74 0.00113617228194
75 0.000883156269839
76 0.00141065485243
77 0.00810853305182
78 0.000238913155946
79 0.000773991959084
80 0.00437582371594
81 0.00389301061561
82 0.103317677926
83 0.00121373569199
84 0.00132032564027
85 0.334853639481
86 0.000579084331837
87 0.00148968913512
88 0.00038568742314
89 0.00268151143139
90 0.000798483866436
91 0.00229458446096
92 0.000650635012727
93 0.000505617780268
94 0.000149175455976
95 0.000217697984802
96 0.000211570247934
97 0.0635964984321
98 0.0111467491672
99 0.00130905785207
100 0.0016516568238
101 0.000931921546424
102 0.0405380674601
103 0.00058564217858
104 0.000919821514881
105 0.00144966827569
106 0.000813816862069
107 0.00216647142276
108 0.00045185038242
109 0.000446591577354
110 0.0435392722678
111 0.000826899975754
112 0.017257444669
113 0.130021598885
114 0.000613900072784
115 0.00150231356289
116 7.95614494328e-05
117 0.00185073701883
118 0.00100249928642
119 0.00396749155407
120 0.000261105113817
121 0.0002341732693
122 0.00517553885463
123 0.00160213506808
124 0.00093141455689
125 0.0122913482996
126 0.000385071309045
127 0.016997220096
128 0.00167853267861
129 0.00186709343088
130 0.000942533157223
131 0.00185740684057
132 0.000877102631929
133 0.00050213251339
134 0.00275387410009
135 0.010620111655
136 0.00461337561266
137 0.00255102040816
138 0.00467885621315
139 0.00640919249192
140 0.000958691760236
141 0.00153938371755
142 0.000540832882639
143 0.000558352778899
144 0.000558352778899
145 0.000218467434739
146 0.00121451912633
147 0.0925328477787
148 0.00295939760626
149 0.0159287074557
150 0.000452693526483
151 0.000491502602433
152 0.0036876270886
153 0.000446340011902
154 0.00207839570934
155 0.00108881852268
156 0.000738381325559
157 0.00245235746919
158 0.00504267781966
159 0.000948672105589
160 0.00204091916952
161 0.00207684325403
162 0.00791666996402
163 0.00597216017811
164 0.000154085256235
165 0.000987576485781
166 0.00229458446096
167 0.000474237880756
168 0.000483458375007
169 0.00396749155407
170 0.00211440167129
171 0.00563957475995
172 0.000924488677867
173 0.00298492597095
174 0.00653157484709
175 0.00113854595336
176 0.000913653408118
177 0.00177711896798
178 0.000573133744167
179 0.000816091867734
180 0.000628783460031
181 0.00179154549118
182 0.002604588559
183 0.0031415994814
184 0.00351662987063
185 0.00160660686082
186 0.000616341024941
187 0.000243664485425
188 0.00280548628429
189 0.000525926230865
190 0.000384467512495
191 0.00117938379538
192 0.000604058190296
193 0.00129350480942
194 0.000562201564474
195 0.000203269998351
196 0.000555083468107
197 0.00051652892562
198 0.000305994951083
199 0.000185423268447
200 0.0358991571508
201 0.00364372734299
202 0.00148862297725
203 0.000866397244177
204 0.000377486996273
205 0.000284806696906
206 0.0034467208484
207 0.00643302695673
208 0.00391893150888
209 0.00146399523904
210 0.00128122356851
211 0.00372389734782
212 0.00245765956488
213 0.00652445369407
214 0.00233513105866
215 0.00388801481395
216 0.00855921805222
217 0.000149861056556
218 0.000286414395608
219 0.00153563882786
220 0.00265531932549
221 0.000562201564474
222 0.00200612281048
223 0.00516085348131
224 0.000978260131144
225 0.000743801652893
226 0.000966066900133
227 0.015844828523
228 0.00471374269676
229 0.00489757115126
230 0.00228509789333
231 0.00170313675767
232 0.00127298319092
233 0.00259741661254
234 0.00174812945815
235 0.00113497047939
236 0.00175433787451
237 0.000514544935965
238 0.0104072406104
239 0.0167214611716
240 0.00054692100973
241 0.00217343416538
242 0.00770683449254
243 0.000478269173203
244 0.0018138573265
245 0.000555083468107
246 0.00447617149029
247 0.000355532335151
248 0.000217697984802
249 0.00024162292433
250 0.00053168370377
251 0.000768020453773
252 0.00761431369145
253 0.0277140591064
254 0.00894413843482
255 0.000402295547656
256 0.00188987265822
257 0.000574634937804
258 0.00180391264982
259 0.00303875375486
260 0.00314993434889
261 0.00147928994083
262 0.00124924499202
263 0.00067573529976
264 0.000243664485425
265 0.000836115546523
266 0.0163919294033
267 0.00223546314056
268 0.0280365455598
269 0.00289909457396
270 0.00200632797116
271 0.000499137091796
272 0.000977650264284
273 0.000254899075897
274 0.000979962192817
275 0.00177050995252
276 0.000225613053706
277 0.00108881852268
278 0.000349150910721
279 0.000452693526483
280 0.00047258979206
281 0.000428722707971
282 0.00922241908227
283 0.016391758494
284 0.000910958574686
285 0.12616009333
286 0.0185203467653
287 0.0040776300219
288 0.000202992715258
289 0.000622196963791
290 0.00111111111111
291 0.00182819671732
292 0.00080707420223
293 0.00633596385809
294 0.702692095334
295 0.00252174578143
296 0.00103501067355
297 0.00497911835763
298 0.00108285512802
299 0.0211405350664
300 0.00026506355191
301 0.00344120421984
302 0.00102826095542
303 0.000483458375007
304 0.00396749155407
305 0.00123355145747
306 0.00211388558594
307 0.000735975158567
308 0.00315448911933
309 0.00123355145747
310 0.00184102612862
311 0.0139710457222
312 0.000637153681061
313 0.00157021886752
314 0.00105166700315
315 0.00050213251339
316 0.00103521353581
317 0.00190384964583
318 0.0119116041616
319 0.00178457449705
320 0.106553850373
321 0.00413726926088
322 0.00451158526123
323 0.000464418908823
324 0.000650635012727
325 0.000483458375007
326 0.00324981240232
327 0.000627516375218
328 0.00270985011548
329 0.00112147106544
330 0.00243429688482
331 0.000717576968883
332 0.00445710418208
333 0.16137836908
334 0.0352788897825
335 0.000555199734215
336 0.00318818707025
337 0.00524750109032
338 0.00080316018948
339 0.00133915548984
340 0.00150467554938
341 0.000515591061218
342 0.000755200745877
343 0.000203451696092
344 0.000278006700209
345 0.0263927080509
346 0.0128340465327
347 0.00110117445113
348 0.000836115546523
349 0.001656999693
350 0.000243835735083
351 0.000144288432577
352 0.00211388558594
353 0.000562201564474
354 0.000570671139482
355 0.000565712398557
356 0.00175433787451
357 0.000565712398557
358 0.00354440237966
359 0.00305827197711
360 0.000587507319694
361 0.000367289738831
362 0.00441609535491
363 0.0156343026974
364 0.00320778790393
365 0.0246358846746
366 0.00127737158319
367 0.000729192096375
368 0.00230861492123
369 0.0972516143934
370 0.00265831936623
371 0.137079320804
372 0.00106525596967
373 0.0021229893306
374 0.0012287516509
375 0.00856463873302
376 0.0291922705231
377 0.000573133744167
378 0.0305194602374
379 0.000140806409815
380 0.00422169323867
381 0.306966216901
382 0.000457250958729
383 0.0016118772589
384 0.00101383629118
385 0.00113497047939
386 0.00177793266077
387 0.000641938252311
388 0.000322553342582
389 0.000978260131144
390 0.000219478737997
391 0.00210984180765
392 0.00127046368003
393 0.00581818052851
394 0.000522090865495
395 0.0266648557625
396 0.00648674146387
397 0.00177711896798
398 0.0040776300219
399 0.000446591577354
400 0.000495587683734
401 0.00059488399762
402 0.000904794582236
403 0.00428305145144
404 0.00127298319092
405 0.00263544377991
406 0.000376292417919
407 0.000958691760236
408 0.000376292417919
409 0.000371383151083
410 0.000279265206326
411 0.000385071309045
412 0.000624362732644
413 0.000535071318077
414 0.000726412763482
415 0.00066180268595
416 0.00158278941186
417 0.000267495276058
418 0.000931887074875
419 0.00198069462078
420 0.000540832882639
421 0.00838850554634
422 0.00568871467339
423 0.00319700410516
424 0.00033727549531
425 0.000340833147694
426 0.00124137489522
427 0.00101035889469
428 0.00567938855002
429 0.0239502810439
430 0.00388819194391
431 0.00206123595638
432 0.0028589789672
