1 0.00038628317709
2 0.000415717122461
3 0.00178407545333
4 0.00106484863242
5 0.0012664234717
6 0.000661224067289
7 0.0023120852175
8 0.000396795673751
9 0.00296322190427
10 0.000172041897845
11 0.000172279084041
12 0.00060546996094
13 0.0141133509437
14 0.00190907092955
15 0.0259125780842
16 0.000515479198026
17 0.00108439198173
18 0.0405151926122
19 0.00020777534291
20 0.00105186267348
21 0.00569076538471
22 0.0019771015247
23 0.00230923652992
24 0.00156366202018
25 0.00268695150534
26 0.00126544704651
27 0.00600533298481
28 0.00545342085268
29 0.0102148106879
30 0.0172535310026
31 0.000240370170062
32 0.001055010506
33 0.000673119277914
34 0.000707961121135
35 0.000190578144111
36 0.000512792743121
37 0.000881491998268
38 0.00020777534291
39 0.00671134786657
40 0.00678416189927
41 0.508600250438
42 0.00089369774846
43 0.000921417426289
44 0.00061026574388
45 0.00172123413271
46 0.00182467961081
47 0.000899999855885
48 0.000323554959001
49 0.00299980489074
50 0.000246913580247
51 0.00159296706211
52 0.00207603065001
53 0.000677513432891
54 0.000381469726562
55 0.000818924226761
56 0.00118239458295
57 0.0142822022849
58 0.00147004440134
59 0.00498150664486
60 0.00106525596967
61 0.0363884243463
62 0.000191900451641
63 0.000379042709332
64 0.000344766796516
65 0.000434752062638
66 0.000263954752373
67 0.000667443377953
68 0.00107580930388
69 0.000334948948421
70 0.000513930042066
71 0.000519241807426
72 0.000932444366805
73 0.00123608249333
74 0.00178741454692
75 0.00089230391037
76 0.00233513394314
77 0.0063369857747
78 0.000647793149023
79 0.000599066205271
80 0.00918782860449
81 0.0012551110191
82 0.000514655748828
83 0.00373651374875
84 0.000174851444573
85 0.000369254183354
86 0.000437811624889
87 0.000263954752373
88 0.000456570969391
89 0.00170330794326
90 0.00148605218678
91 0.0431447298955
92 0.00429677439714
93 0.0133444851851
94 0.00298707521143
95 0.000330578512397
96 0.00336180217732
97 0.00465722416193
98 0.0014975527796
99 0.0016392608665
100 0.00232732618985
101 0.00169602391281
102 0.00147004440134
103 0.00457130772302
104 0.0460279491591
105 0.00218297223694
106 0.000434752062638
107 0.000398723065459
108 0.000515479198026
109 0.00118316853812
110 0.000971496036431
111 0.000570146751213
112 0.000441452454331
113 0.000386891257558
114 0.00163249327667
115 0.00491979589111
116 0.0135153955502
117 0.0017547576156
118 0.00571364224195
119 0.000577706601663
120 0.012215715938
121 0.00215250904597
122 0.00325449124299
123 0.000398007475078
124 0.00148161495413
125 0.0039870262179
126 0.00161578937805
127 0.0148441910779
128 0.00346836366764
129 0.00303432921574
130 0.00711583931073
131 0.325367367176
132 0.000566581148006
133 0.00275420548383
134 0.000187011469063
135 0.0209014934862
136 0.00304230889481
137 0.000383264172036
138 0.000270404730393
139 0.000386891257558
140 0.000463677025582
141 0.0110706994329
142 0.000553112519016
143 0.000565634390571
144 0.00127153337565
145 0.00297197494139
146 0.00253154542937
147 0.000352796206284
148 0.00139367391472
149 0.00239303404435
150 0.000326332028005
151 0.000565396676375
152 0.00203668856002
153 0.00165355279696
154 0.00297400396825
155 0.00934985003878
156 0.00106240300261
157 0.344298418294
158 0.00829235971096
159 0.000170130459719
160 0.000973252653901
161 0.000800996796013
162 0.00510933726275
163 0.00131158537951
164 0.000892546615933
165 0.00141182142181
166 0.000601864371132
167 0.00148394545311
168 0.000473345935728
169 0.000795349809809
170 0.147879366744
171 0.104110961392
172 0.00252756970101
173 0.00199619959042
174 0.00111317158561
175 0.000882930305708
176 0.00135530190606
177 0.00054794568587
178 0.000212341697606
179 0.0257258073222
180 0.00141742492316
181 0.000685487603306
182 0.00060546996094
183 0.0205731735364
184 0.0861062180839
185 0.00515408019851
186 0.0104510635052
187 0.0011180882438
188 0.000212729005683
189 0.000134620572442
190 0.000437032364537
191 0.000604203977755
192 0.000241304552738
193 0.000491095929956
194 0.000254820415879
195 0.000273024840018
196 0.00111754034157
197 0.00614152433968
198 0.00080078125
199 0.000872162862955
200 0.105633183113
201 0.00139753246732
202 0.00451641808302
203 0.00254881540168
204 0.00150312646671
205 0.000885130523191
206 0.00232900964903
207 0.00212319169537
208 0.000505440970964
209 0.00051841234767
210 0.00129859080862
211 0.000247600882852
212 0.00227326187443
213 0.00695519222611
214 0.0242389472552
215 0.0100200712548
216 0.000241304552738
217 0.000519241807426
218 0.0311778273418
219 0.00130532811202
220 0.000234444344099
221 0.00132767296628
222 0.000591416978304
223 0.000942801913596
224 0.00212483705305
225 0.000398723065459
226 0.0220155867346
227 0.0020399534038
228 0.112244159977
229 0.0103005702979
230 0.000286715380172
231 0.00465934373144
232 0.00113843507579
233 0.00290791782401
234 0.00428305145144
235 0.00111870842992
236 0.00212363821699
237 0.00104746714504
238 0.00749947298511
239 0.000493739135373
240 0.00445306508986
241 0.00253856815433
242 0.0803106454027
243 0.0015834441216
244 0.00162212968471
245 0.00060546996094
246 0.00051841234767
247 0.000329715230162
248 0.00223750675322
249 0.000881491998268
250 0.0011725001111
251 0.000248000496001
252 0.00111754034157
253 0.00121687398594
254 0.000174851444573
255 0.00207877505065
256 0.00233716833545
257 0.00144514715446
258 0.00123556788779
259 0.452883182137
260 0.000758667002568
261 0.0035614406551
262 0.000741154270161
263 0.0242751635953
264 0.000259099870855
265 0.000459453414782
266 0.000311272186859
267 0.000662170109253
268 0.0113258919224
269 7.38910189572e-05
270 0.000885351539325
271 0.0359018308313
272 0.000251326874729
273 0.000249964848693
274 0.0011725001111
275 0.000385676529084
276 0.000396795673751
277 0.000119279199525
278 0.0019771015247
279 0.00199153287481
280 0.00034839645844
281 0.206935208661
282 0.0439746205517
283 0.0045342373318
284 4.62868622644e-05
285 0.000810885645346
286 0.000213650886525
287 0.000834078773821
288 0.00092667304189
289 0.0025890308104
290 0.00260177083796
291 0.00254694733164
292 0.00349435645687
293 0.000587780181479
294 0.00105186267348
295 0.000760998810939
296 0.000784871837575
297 0.000666928772419
298 0.000178074444856
299 0.00094674556213
300 0.00111649542729
301 0.000707961121135
302 0.00215445502069
303 0.00353589347306
304 0.000658812913998
305 0.0722679207285
306 0.000660916154762
307 0.000514544935965
308 0.000471768967566
309 0.000603850947594
310 0.000135404958678
311 0.000613621960462
312 0.111427274905
313 0.000685487603306
314 0.000465983471074
315 0.000176305504382
316 0.000261437908497
317 0.000109646117157
318 0.00227654176689
319 0.000319320159592
320 0.00105584166132
321 0.000526368003175
322 0.00273437424995
323 0.000286002773887
324 0.00502520251943
325 0.000570146751213
326 0.000519241807426
327 0.00340366409093
328 0.00031134392819
329 0.000435447665938
330 0.000465278672147
331 0.00131158537951
332 0.00102218197994
333 0.000694550139446
334 0.000500926112196
335 0.00039307573484
336 0.00869558994695
337 0.00070568732172
338 0.00884330491842
339 0.01
340 0.00246333647446
341 0.000945129266117
342 0.00265500262222
343 0.000411555925378
344 0.000394928735899
345 0.000265864460113
346 0.00314621689694
347 0.00441037184905
348 0.000793493354493
349 0.000506249676518
350 0.00671102881902
351 0.00032481884556
352 0.00115249581622
353 0.000381469726562
354 0.202870888627
355 0.000513722979199
356 0.00154608545571
357 0.00103872038625
358 0.000424774478734
359 0.00113622017422
360 0.000586841235503
361 0.00132767296628
362 0.00034196270203
363 0.000513722979199
364 0.000512792743121
365 0.000136794227284
366 0.264241110674
367 0.00141852687077
368 0.00501060183996
369 0.0747541603391
370 0.0329894384196
371 0.00284961518695
372 0.00318443625074
373 0.000748515828101
374 0.000689930433767
375 0.00639577069233
376 0.000401641845121
377 0.000971599039165
378 0.00240513204445
379 0.286216463136
380 0.00314772546557
381 0.000561973095428
382 0.00122636224621
383 0.00106719016077
384 0.000308625817965
385 0.000677918995253
386 0.000469256573153
387 0.00320398718405
388 0.00105186267348
389 0.000223474002155
390 0.000259099870855
391 0.00116963761298
392 0.000748441507471
393 0.00207169505719
394 0.000207028621707
395 0.00783482524994
396 0.000794736587134
397 0.000383264172036
398 0.000356746079372
399 0.00744058962244
400 0.000303058969221
401 0.00478398196809
402 0.00109468208338
403 0.00147004440134
404 0.000451664502369
405 0.00528650836085
406 0.0013908525478
407 0.646729582497
408 0.00084203519574
409 0.000278647412677
410 0.00087239040802
411 0.000398007475078
412 0.000575371802499
413 0.0010910671268
414 0.000383264172036
415 0.00575211463199
416 0.00203978882301
417 0.00219027575946
418 0.000553997499046
419 0.000668477666806
420 0.19764236102
421 0.000249964848693
422 0.000132727388562
423 0.149408108125
424 7.15970973255e-05
425 0.00133004121532
426 0.231763522705
427 0.00269939464937
428 0.00258592552635
429 0.00965162228043
430 0.00079704074324
431 0.00358129790176
432 0.00145407197687
