1 0.000760237451805
2 0.000605378900137
3 0.000941909066529
4 0.000235076283705
5 0.000466082609227
6 0.00137811488956
7 0.000686016528926
8 0.000308652797209
9 0.000388795095806
10 0.000308652797209
11 0.00286240186834
12 0.000896013293937
13 0.00166003569494
14 0.0013188062969
15 0.0159422507907
16 0.00221449014227
17 0.000242319818737
18 0.000778193307538
19 0.00572680788897
20 0.000687343068356
21 0.0119243169625
22 0.0013297636763
23 0.00375557946559
24 0.00292184075968
25 0.0021987879681
26 0.00599429724727
27 0.00928092924662
28 0.0208010153334
29 0.00549116763985
30 0.000912121075627
31 0.00045423855446
32 0.00223365189065
33 0.000240370170062
34 0.00168981690014
35 0.000495919014391
36 0.00196638070474
37 0.000358074566569
38 0.0177448089226
39 0.00341901721866
40 0.00104917860801
41 0.000461972982079
42 0.00403708765895
43 0.00582977923636
44 0.000869220821911
45 0.00878452445309
46 0.00055608805379
47 0.00158806716407
48 0.00522526301073
49 0.000327158905277
50 0.00109382596014
51 0.00357880013859
52 0.00834698159096
53 0.000737085645257
54 0.00954576271186
55 0.000521913559769
56 0.0022177931334
57 0.000279068265136
58 0.000582318391199
59 0.00137811488956
60 0.00088199352932
61 0.000507077543793
62 0.000219885745305
63 0.000833435690726
64 0.0208999866454
65 0.00345132433603
66 0.000561862022327
67 0.00119080961626
68 0.00488411376041
69 0.053372997198
70 0.00366488675342
71 0.000441353011793
72 0.00263596596751
73 0.0114171591314
74 0.00223703433163
75 0.000585546457814
76 0.00680648679368
77 0.0117186988144
78 0.0210710988976
79 0.00347028099174
80 0.00206066148453
81 0.00054794568587
82 0.00142071005917
83 0.000441353011793
84 0.00127179963091
85 0.000860200953958
86 0.000113366263361
87 0.000341143302584
88 0.0042192681843
89 0.00400810202522
90 0.000339949680931
91 0.000944224616176
92 0.00790161560738
93 0.00233513105866
94 0.000500304100847
95 0.00044962702539
96 0.00220369612145
97 0.000640922929018
98 0.000201912489865
99 0.000202171358176
100 0.00135654261705
101 0.00170075454411
102 0.00373170968767
103 0.167181631584
104 0.00431811803172
105 0.00191828367119
106 0.00102703169724
107 0.00136348484238
108 0.00136554215607
109 0.000694960897856
110 0.000270165066533
111 0.000436044164276
112 0.000913941150312
113 0.000882369836721
114 0.00193213380027
115 0.00021324187702
116 0.000739810772619
117 0.000791708218153
118 0.00341187003232
119 0.00129490440003
120 0.00899914470809
121 0.000749468692622
122 0.0238228946286
123 0.00294390476436
124 0.000943174645117
125 0.0195205795978
126 0.00104489795918
127 0.000502627150216
128 0.00707469333605
129 0.00231682941648
130 0.0038112093057
131 0.00499600911539
132 0.000680980612081
133 0.00216700826446
134 0.000466082609227
135 0.000940305134821
136 0.00324011360398
137 0.00136554215607
138 0.000737085645257
139 0.00137811488956
140 0.00051912525325
141 0.000850366339393
142 0.00159759402472
143 0.000667251969807
144 0.00736008834868
145 0.0124108706034
146 0.00330559998844
147 0.00147984061559
148 0.0143451088668
149 0.00208979591837
150 0.000803804355928
151 0.00164304223889
152 0.0159214281273
153 0.0427605858569
154 0.0026968630846
155 0.00172262680401
156 0.000898501872919
157 0.00697879883278
158 0.00364877179133
159 0.000186464829976
160 0.00198873821101
161 0.00175663133781
162 0.0017457296125
163 0.000686485764955
164 0.00759623963156
165 0.000860200953958
166 0.00380985503581
167 0.000612685030879
168 0.00042829810096
169 0.00013902095578
170 0.118846249947
171 0.00164176533198
172 0.00196604901814
173 0.00995238671861
174 0.00413678308953
175 0.000745061271636
176 0.0377183833844
177 0.0835517558714
178 0.000270733983396
179 0.000179207313949
180 0.00117257692961
181 0.00226757369615
182 0.00426315414738
183 0.000986603687439
184 0.00108153658309
185 0.00122551020408
186 0.000688550267879
187 0.000276349207102
188 0.00415847647108
189 0.00112377213157
190 0.000945739978662
191 0.000265798863611
192 0.000520249979709
193 0.000715039363688
194 0.000331059878933
195 0.00347028099174
196 0.000466082609227
197 0.000237599355512
198 0.000835078407201
199 0.00125550251101
200 0.000511865031429
201 0.00257427598169
202 0.00165675977224
203 0.00658549318594
204 0.000870844487271
205 0.000148621492287
206 0.244658260291
207 0.000944130545371
208 0.00314940148461
209 0.000353031934136
210 0.00219512142837
211 0.000259621986331
212 0.00183847073791
213 0.00522497715067
214 0.00242953622908
215 0.0407233017266
216 0.779403905418
217 0.000821534342164
218 0.000238057820153
219 0.00297193583761
220 0.000471450335472
221 0.00171272941015
222 0.000888735002867
223 0.00167853267861
224 0.000248000496001
225 0.00216647933884
226 0.000951913840189
227 0.288462386451
228 0.000461860223235
229 0.0150320752778
230 0.00260155848265
231 0.0143937678328
232 0.00299616918155
233 0.000793493354493
234 0.000784871837575
235 0.00262726949092
236 0.00189371831315
237 0.00050236270514
238 0.000259621986331
239 0.00793439427776
240 0.0011664011469
241 0.00041455642063
242 0.00076644662603
243 0.000769228942951
244 0.00601675380085
245 0.000796310485911
246 0.000365931848562
247 0.000442178356188
248 0.00106140332917
249 0.0010294832566
250 0.00142071005917
251 0.000492950414709
252 0.000237599355512
253 0.000209659916873
254 0.00031887755102
255 0.0147041166036
256 0.0096716870925
257 0.00638020700426
258 0.00388877733867
259 0.0402862846189
260 0.00136733739349
261 0.000438400826017
262 0.00188198270585
263 0.0288777820496
264 0.0026065966165
265 0.00124634740414
266 0.00145407197687
267 0.000930974336956
268 0.00390266299357
269 0.017797629095
270 0.000947887912775
271 0.000968977577253
272 0.00059137326627
273 0.00605610985783
274 0.000197347991259
275 0.000252936433912
276 0.0172974609759
277 0.000536830432874
278 0.0002055472052
279 0.000813208908221
280 0.00103405217846
281 0.000247221233337
282 0.000563825258892
283 0.00123669496865
284 0.0351402753325
285 0.00522127658204
286 0.0028174808346
287 0.000929569332486
288 0.00213285529896
289 0.000376161360585
290 0.00405680155057
291 0.0212673611111
292 0.0341691647115
293 0.00177967164886
294 0.000145597164495
295 0.00122004632828
296 0.00113622017422
297 0.000473635437102
298 0.000369822485207
299 0.000522391172648
300 0.000808162100764
301 0.000478014324024
302 0.000515604458999
303 0.000373965239242
304 0.000256884650292
305 0.000586841235503
306 0.000860200953958
307 0.00472000466173
308 0.247261788833
309 0.00995234843195
310 0.00600945676423
311 0.00911597729116
312 0.00531637814547
313 0.000956053953562
314 0.000562598792348
315 0.0110277494975
316 0.00270804415361
317 0.00065009545115
318 0.0949992432582
319 0.00109836082579
320 0.343616322436
321 0.00517558499412
322 0.0023112160889
323 0.009610076736
324 0.00341818969469
325 0.00119362209737
326 7.53781085426e-05
327 0.000912121075627
328 0.00111651382945
329 0.00339128714085
330 0.00520117444583
331 0.000331059878933
332 0.000449623887163
333 0.000766863905325
334 0.000238057820153
335 0.000135082533267
336 0.00118057671483
337 0.0228736737013
338 0.03163001526
339 0.00280689443445
340 0.000547310497247
341 0.000549447907048
342 0.000437177486051
343 0.00861039626159
344 0.00069435952128
345 0.00127179963091
346 0.000567572124894
347 0.00401706010712
348 0.000694550139446
349 0.000587780181479
350 0.00353703848731
351 0.000897551729913
352 0.00258476607052
353 0.001017554787
354 0.000491397510253
355 0.000927619881986
356 0.000807825646933
357 0.000230440465346
358 0.00126995041322
359 0.000687015460761
360 0.000436380618106
361 0.000275997624946
362 0.00125550251101
363 0.000299363696689
364 0.000289176692091
365 0.000463664364732
366 0.000358074566569
367 0.000609425506427
368 0.00113835091951
369 0.000620029840796
370 0.00319915644643
371 0.00663478189873
372 0.00351817192489
373 0.000572101560759
374 0.000575447511557
375 0.000382278891265
376 0.000143768655695
377 0.00155683349425
378 0.000396187472108
379 0.00142509158335
380 0.00356867923882
381 0.122964207471
382 0.000477495568449
383 0.000966468898494
384 0.00113135145038
385 0.000892193115719
386 0.000496471477912
387 0.000204090902209
388 0.000440577001036
389 0.00116660485581
390 0.000605378900137
391 0.0009172156911
392 0.000331059878933
393 0.000475198711024
394 0.00738976357177
395 0.000745358982815
396 0.00230241322314
397 0.000633842740067
398 0.000285064531899
399 0.0246848491237
400 0.00126587142333
401 0.00327114484479
402 0.00131549313077
403 0.0230494017751
404 0.0093485413954
405 0.00385570755941
406 0.0132052231796
407 0.00285226454861
408 0.000937786879458
409 0.000219885745305
410 0.25367984899
411 0.00025396422279
412 0.000611810922594
413 0.00232955463192
414 0.00019090743674
415 0.00137811488956
416 0.000849710698422
417 0.000396187472108
418 0.000213636855918
419 0.00110534013006
420 0.00125550251101
421 0.00206228779093
422 0.000703124832526
423 0.000174672851226
424 0.00176581027159
425 0.00242763049967
426 0.00265290892784
427 0.000857293938793
428 0.00135219590982
429 0.00331801818118
430 0.00714217542074
431 0.1159161611
432 0.000280407090725
