1 0.000531889543988
2 0.000773991959084
3 0.0228703159049
4 0.000891284598463
5 0.00077101002313
6 0.000343642247208
7 0.000262050222068
8 0.0045035552758
9 0.000735319113489
10 0.000425662049861
11 0.00416770685684
12 0.00117414054477
13 0.0026130714818
14 0.000580076551542
15 0.000372108862978
16 0.000240714568276
17 0.00439739122548
18 0.0166948741911
19 0.0290642449912
20 0.0146987698908
21 0.000439990692241
22 0.00135444315886
23 0.000531759009535
24 0.00129276606489
25 0.000553112519016
26 0.00110089405169
27 0.00084507985747
28 0.00983307096352
29 0.0122055296048
30 0.00182633153765
31 0.157437819098
32 0.012638827173
33 0.00444563884389
34 0.000511865031429
35 0.000491203913284
36 0.000267646923524
37 0.000425662049861
38 0.00170761899778
39 0.000529823849922
40 0.000735319113489
41 0.00054794568587
42 0.00161578937805
43 0.00075751199394
44 0.00870182668746
45 0.00369985139644
46 0.00124567474048
47 0.000286794842118
48 0.00109282152858
49 0.00164807746033
50 0.0034042527119
51 7.70207736029e-05
52 0.0081417888782
53 0.0912514588547
54 0.00217867445923
55 0.296215350089
56 0.000781130925164
57 0.00103132079886
58 0.000248979766504
59 0.000633771822583
60 0.000218310008707
61 0.00504871712076
62 0.00594287180673
63 0.000654773191805
64 0.00117414054477
65 0.000564739984675
66 0.00453357883208
67 0.000259099870855
68 0.000683509027474
69 0.000421634508575
70 0.000401902865594
71 0.000903007516701
72 0.0026861610582
73 0.00135773769053
74 0.00042829810096
75 0.000776559303365
76 0.000248979766504
77 0.000467696746926
78 0.00111684933518
79 0.000550003696025
80 0.00288275302914
81 0.000771604938272
82 0.00888424239927
83 0.000398723065459
84 0.00788107819604
85 0.56274277277
86 0.00318517896413
87 0.000255918001583
88 0.000458024321735
89 0.00100781053162
90 0.000446591577354
91 0.000582411662752
92 0.000429694498194
93 0.0010131640974
94 0.000372108862978
95 0.000279522060951
96 0.00469999545792
97 0.00888024614028
98 0.00655316507441
99 0.00517654574106
100 8.84425270978e-05
101 0.00224983062115
102 0.00020571102046
103 0.00176675326357
104 0.000581405895692
105 0.00219229024943
106 0.00237172111156
107 0.000412432534997
108 0.0028869148087
109 0.000141184996169
110 0.00566230769187
111 0.00177808778556
112 0.00084507985747
113 0.0032094764571
114 0.000333459303882
115 0.0161801249093
116 0.000229761772853
117 0.000981564092333
118 0.000562937840543
119 0.0066205829953
120 0.00251023540383
121 0.000248979766504
122 0.00370107996357
123 0.467148779709
124 0.0753493683486
125 0.0132430707397
126 0.0108457494189
127 0.00101242188691
128 0.000956053953562
129 0.00302451682755
130 0.000508075643211
131 0.000585861096995
132 0.00192987817788
133 0.000475894605716
134 0.0181714476259
135 0.0149674894089
136 0.00291211588455
137 0.000952353679338
138 0.00281784875337
139 0.0013695075926
140 0.00037990167699
141 0.0101953562472
142 0.00116052496754
143 0.00109282152858
144 0.000294899808446
145 0.00117462956624
146 0.00100066641633
147 0.00170709272856
148 0.0011741796359
149 0.000903007516701
150 0.000305087538396
151 0.000189595362023
152 0.00666182044533
153 0.00191961884314
154 0.000511865031429
155 0.00179886780318
156 0.00152997109662
157 0.00144955622811
158 0.00393916615211
159 0.000460498443515
160 0.00230861492123
161 0.00145633776846
162 0.00207612675167
163 0.00123026692334
164 0.000762368851288
165 0.700650912775
166 0.00177893773274
167 0.000497357638339
168 0.00487097146886
169 0.00042583933518
170 0.000530232664622
171 0.00114693411943
172 0.000455791505651
173 0.000429008085258
174 0.000267646923524
175 0.00282831669879
176 0.049229476029
177 0.119943030253
178 0.0010392413372
179 0.00289006969136
180 0.000267841212364
181 0.000142358174279
182 7.7153199918e-05
183 0.000281939184674
184 0.000822168242119
185 0.000379096670257
186 0.00421036350359
187 0.0010131640974
188 0.00126046006792
189 0.000210860375971
190 0.00630718954248
191 0.000256602371402
192 0.00365193307584
193 0.000189595362023
194 0.00203414808488
195 0.00100066641633
196 0.00125442194454
197 0.000529932270416
198 0.00117414054477
199 0.0300278789268
200 0.000529932270416
201 0.00777936446933
202 0.0024265922442
203 0.00153666458654
204 0.00230306696999
205 0.00696218949028
206 0.00171562620356
207 0.00553240898846
208 0.00021746055342
209 0.00227773078846
210 0.000247221233337
211 0.000489466677109
212 0.000916495992668
213 0.000507930577824
214 0.173418443366
215 0.0185886900414
216 0.00177282979653
217 0.000899083373536
218 0.00108119806094
219 0.00117414054477
220 0.000546803139617
221 0.000172420787862
222 0.000267150009523
223 0.000530909554248
224 0.0029023138334
225 0.0148623751247
226 0.00381077579637
227 0.000799092970522
228 0.00335455866997
229 0.000872162862955
230 0.000285739480209
231 0.00112496765592
232 0.000347928803458
233 0.00188523277286
234 0.00289586599011
235 0.000998997956318
236 0.00114424653245
237 0.00243679538754
238 0.00187953553621
239 0.00237000677961
240 0.00320326808129
241 0.00062479590148
242 0.000413786437206
243 0.000521256854528
244 0.00101856043459
245 0.000306127438995
246 0.000231317497723
247 0.0004581359073
248 0.00243120524414
249 0.0122020266512
250 0.00180791204986
251 0.00100959032912
252 0.0010392413372
253 0.000580635796197
254 0.000476240378908
255 0.000507930577824
256 0.0031407092973
257 0.0040857285816
258 0.00262526099583
259 0.000666326612795
260 0.00083167674145
261 0.00245575226524
262 0.00094148766582
263 0.0200891348474
264 0.00340410974272
265 0.0528106981689
266 0.00445988974261
267 0.0114178745787
268 0.00580498866213
269 0.000543498536539
270 0.000969815974426
271 0.000377918437341
272 0.00416770685684
273 0.000553112519016
274 0.00125932203026
275 0.00222842208041
276 0.000191568587541
277 0.000774061103731
278 0.000943342203216
279 0.000654773191805
280 0.00444749364236
281 0.00669433165887
282 0.00112420092968
283 0.00268452648586
284 0.00935770889883
285 0.00043547816199
286 0.00142208848862
287 0.00937350996577
288 0.000660280894497
289 0.00071874871935
290 0.00160885185438
291 0.000785301550441
292 0.0150800087868
293 0.000717000204904
294 0.000341416435733
295 0.00443943953003
296 0.00563202247035
297 0.0175020076701
298 0.0189501514781
299 0.000512792743121
300 0.000653434871885
301 0.00184495584911
302 0.00052286845933
303 0.000446626402936
304 0.00145181146889
305 0.000542905920291
306 0.0013116930962
307 0.000760125797451
308 0.000735319113489
309 0.000682426906619
310 0.00320209887575
311 0.0014978302943
312 0.00042829810096
313 0.0129649976635
314 0.00414928128344
315 0.0011034514244
316 0.00494201981722
317 0.00109457004303
318 0.00301275845461
319 0.00419993169865
320 0.00415901760721
321 0.00857854431105
322 0.00843708155152
323 0.000534601030004
324 0.00272254627416
325 0.00358459944204
326 0.00045113395793
327 0.0227014916099
328 0.00251800130809
329 0.00207842797784
330 0.000705446061104
331 0.00360450422227
332 0.000540134808646
333 0.000705737929561
334 0.000783651671669
335 0.000529823849922
336 0.00116109379992
337 0.000398697069269
338 0.00054692100973
339 0.0935307486889
340 0.000294820220988
341 0.00338378203868
342 0.00625963887999
343 0.00889441579404
344 0.00176070791893
345 0.000949990617377
346 0.000580635796197
347 0.000491550525854
348 0.13321732902
349 0.00026115562828
350 0.0430282636804
351 0.000994506825829
352 0.000543864167966
353 0.000459708904966
354 0.00118000116543
355 0.00187701157243
356 0.000540134808646
357 0.00450869137392
358 0.000208586965344
359 0.000633771822583
360 0.000540134808646
361 0.00145181146889
362 0.00156502837822
363 0.00147044901945
364 0.000268324001384
365 0.0930992734045
366 0.00135444315886
367 0.000607161981541
368 0.000578202739502
369 0.000347784084048
370 0.00105584880429
371 0.0013116930962
372 0.000889591165591
373 0.00192325223976
374 0.00303277940102
375 0.00194377006813
376 0.00844110282625
377 0.00902917549104
378 0.00588785188898
379 0.000727558612878
380 0.0779717454573
381 0.0062461948804
382 0.00666126803708
383 0.00557327613668
384 0.000529823849922
385 0.000988105127517
386 0.000279522060951
387 0.00143391565877
388 0.000569059204009
389 0.000410725572576
390 0.00271608218494
391 0.00329391596959
392 0.00532505478451
393 0.000224018845585
394 0.000731023816609
395 0.000361662744468
396 0.00275646534465
397 0.00107324238659
398 0.000965020933305
399 0.000347036364969
400 0.00126105344098
401 0.00184226419287
402 0.00125744167212
403 0.00089161013799
404 0.448081379726
405 0.00242612317163
406 0.00102205440726
407 0.000491502602433
408 0.000441353011793
409 0.00176299243184
410 0.000653629681668
411 0.00117414054477
412 0.000260481678552
413 0.000328462746045
414 0.0004860197394
415 0.00728512071385
416 0.0148888109479
417 0.121655770905
418 0.0080642978315
419 0.00840667964549
420 0.00183984758818
421 0.00108948416138
422 0.000511867078052
423 0.00462876742212
424 0.000956053953562
425 0.0317551632451
426 0.000522327146915
427 0.00360777905225
428 0.00147544092321
429 0.00185989710988
430 0.00347335617085
431 0.00226501311277
432 0.00394620280459
