1 0.000302994930104
2 0.00034799076007
3 0.00126397218655
4 0.00101642782728
5 0.000254979063828
6 0.00118738885229
7 0.00112682219824
8 0.0003808888705
9 0.00062250748005
10 0.000235678142944
11 0.000748045876251
12 0.0079435436466
13 0.0201904142146
14 0.00312813447493
15 0.00129781593233
16 0.000278172687521
17 0.00503029920465
18 0.000435595315922
19 0.00382726457639
20 0.00978142736384
21 0.00381795532841
22 0.00162377185769
23 0.000156371309455
24 0.00131270520507
25 0.00323083029661
26 0.0055995634316
27 0.000616409036861
28 0.00302303935651
29 0.00200360196292
30 0.000380280421825
31 0.006094221928
32 0.00100662661333
33 0.00020263167893
34 0.00149332265223
35 0.000630068002004
36 0.000113838362255
37 0.000482609085097
38 0.00168486205455
39 0.0069328848219
40 0.000872118703791
41 0.00190929000074
42 0.0149843657086
43 0.00487844877828
44 0.00111094513071
45 0.000452693526483
46 0.00107694059127
47 0.0147220599684
48 0.0255440426091
49 0.222612477578
50 0.0021675395935
51 0.0122781019708
52 0.0134346057904
53 0.00248476387499
54 0.000494706247388
55 0.00103848735452
56 0.0010251683357
57 0.00180368787339
58 0.000292205420411
59 0.00064774445472
60 0.0065977749684
61 0.000856437022958
62 0.000380280421825
63 0.000475065159937
64 0.0275798346777
65 0.000855901663036
66 0.00106644230222
67 0.00149332265223
68 0.000783922573637
69 0.00048516369423
70 0.00173159880344
71 0.00173878561488
72 0.000754049086501
73 0.00293943873661
74 0.00680698594229
75 0.0015144121678
76 0.0204340210847
77 0.0046021565112
78 0.00397781344516
79 0.606283809859
80 0.224218911844
81 0.000259099870855
82 0.000380280421825
83 0.0031407092973
84 0.000985095115646
85 0.000479234206741
86 0.000335791233793
87 0.000479851800019
88 0.000986815054412
89 0.00100603543636
90 0.00139854741272
91 0.00120349984531
92 0.00112792851536
93 0.00599217847258
94 0.00135847136639
95 0.00144955622811
96 0.000547509831808
97 0.00534504901499
98 0.00231633732735
99 0.000240519306196
100 0.00394682560696
101 0.00107777156395
102 0.000287273771905
103 0.00146110430529
104 0.00127096698346
105 0.000174955614373
106 0.00750041445471
107 0.00302160202745
108 0.012590876102
109 9.85686853371e-05
110 0.000523166218697
111 0.344764109749
112 0.000302994930104
113 0.000202761323565
114 0.000415097876861
115 0.000475894605716
116 0.000168772935388
117 0.000380280421825
118 0.000168268232573
119 0.000414460630882
120 0.000497265832277
121 0.0021467486961
122 0.00967997414216
123 0.000306388829844
124 0.00104476405493
125 0.00120337969958
126 0.00175396303601
127 0.0102653844885
128 0.00161805605815
129 0.00610235637978
130 0.00232573051077
131 0.00330650831592
132 0.000754049086501
133 0.000242465903232
134 0.00233401012859
135 0.000692273693422
136 6.8639407893e-05
137 0.0530350111072
138 0.0414390424489
139 0.000297265160523
140 0.00436262867573
141 0.000392481326454
142 0.000462705970928
143 0.000337
144 0.00490522310685
145 0.000648835557771
146 0.000197260446913
147 0.00052082673725
148 0.00102582287458
149 0.00200024577532
150 0.00247034815565
151 0.00488697410202
152 0.000447506455968
153 0.00100614969057
154 0.000574528266331
155 0.00143632390501
156 0.00484993800656
157 0.000677367117792
158 0.000248000496001
159 0.000895516818925
160 0.0207914067889
161 0.034351949656
162 0.0784635510809
163 0.00737219141431
164 0.00120516771452
165 0.142291913182
166 0.000223075977593
167 0.0042388974727
168 0.00185399106131
169 0.00267386222514
170 0.000851088421257
171 0.000429564764494
172 0.000241304552738
173 0.00830972678449
174 0.000260317027325
175 0.00108483747109
176 0.0051111079726
177 0.0437148835894
178 0.000286876710761
179 0.0033498412961
180 0.00217185225333
181 0.000784042055815
182 0.000405038911538
183 0.0078216986648
184 0.000548601848399
185 0.00148043136825
186 0.00182577042267
187 0.000302690844594
188 0.000272664292233
189 0.00125647126294
190 0.00791529995821
191 0.000483381259633
192 0.00248980612101
193 0.000632568044079
194 0.00020263167893
195 0.00122004632828
196 0.000292205420411
197 0.000741693073789
198 0.000640922929018
199 0.000470070195147
200 0.000703641296479
201 0.00311882288802
202 0.000247026991559
203 0.0763938571548
204 0.0027435535378
205 0.00146673654777
206 0.000482609085097
207 0.0034990469308
208 0.000465278672147
209 0.00167675492465
210 0.00175901663299
211 0.000511102993361
212 0.000582131726644
213 0.000213491209798
214 0.000162858768095
215 0.000725563387507
216 0.000102475196938
217 0.0137846680582
218 0.0317570811115
219 0.00125550251101
220 0.00220045952945
221 0.000935517844498
222 0.00048516369423
223 0.00869461572718
224 0.000225330090549
225 0.00292336961004
226 0.00062250748005
227 0.00368212449242
228 0.00151715823183
229 0.0273928881936
230 0.0297788371575
231 0.0027429477581
232 0.00025947563503
233 0.00284133114153
234 0.000870649519298
235 0.000362202151742
236 0.000192984089701
237 9.76425190208e-05
238 0.000621266807752
239 0.000204149071717
240 0.00188285480362
241 0.205779911661
242 0.00558002151718
243 0.000747768922673
244 0.00375482118606
245 0.00104790340791
246 0.00348579131548
247 0.000535836762689
248 0.00267386222514
249 0.000231478329543
250 0.000247991940744
251 0.000502724768244
252 0.00012175980975
253 0.000713591343286
254 0.122898557973
255 0.000785834288494
256 0.00789147659064
257 0.000827967403752
258 0.00888990229408
259 0.00254304808217
260 0.000305173116583
261 0.00025485696204
262 0.000869307994615
263 0.00193126746969
264 0.00345305012038
265 0.00116969992992
266 0.00249220577247
267 0.00020263167893
268 0.000589122443209
269 0.00170929898711
270 0.147171816128
271 0.0297062036475
272 0.000170039899597
273 0.000251952632905
274 0.00118906064209
275 0.000192233178846
276 0.00204415789545
277 0.000986815054412
278 0.000235326777889
279 0.000390015600624
280 0.00134668798923
281 0.000703469550983
282 0.000397420794842
283 0.000387500775002
284 0.000893918467365
285 0.00101845562693
286 0.0726042750801
287 0.000387500775002
288 0.485344094382
289 0.000572845020248
290 0.000898501872919
291 0.000530909554248
292 0.00062096999194
293 0.0016971439344
294 0.000581195849983
295 0.000368066822907
296 0.00734494297295
297 0.152015448325
298 0.130474939847
299 0.000397420794842
300 0.000973180467908
301 0.00255936511873
302 0.00182628387757
303 0.00249220577247
304 0.000196343251314
305 0.00015576286078
306 0.0007418741512
307 0.000693981019342
308 0.0053383665341
309 0.00125550251101
310 0.000475065159937
311 0.000589122443209
312 0.000419210277482
313 0.000534995734714
314 0.00164036968954
315 0.000260481678552
316 0.000260111979725
317 0.00393348674664
318 0.000754049086501
319 0.000126944340802
320 0.000216561441035
321 0.000387500775002
322 0.00278406971984
323 0.00263547713689
324 0.163274260963
325 0.101071202773
326 0.0635220262794
327 0.00162377185769
328 0.000248000496001
329 0.000966098071102
330 0.000180270419658
331 0.00045115636791
332 0.000168116231359
333 0.00151016961115
334 0.00120114690628
335 0.000616409036861
336 0.000338028909653
337 0.00569902199107
338 0.00143910843981
339 0.00139213592418
340 0.0266121656805
341 0.0601631242604
342 0.000387881656805
343 0.00115304965795
344 0.00354730562628
345 0.000850833922008
346 0.0112552996888
347 0.00110359092215
348 0.00160786561699
349 0.000569364377579
350 0.00405852321312
351 0.000542114469985
352 0.0104129990108
353 0.00849877478695
354 0.00518641919421
355 0.000434854354224
356 0.00109072833424
357 0.00267678427935
358 0.00254754251709
359 0.000380280421825
360 0.00134121365347
361 0.000526891675785
362 0.000999759387687
363 0.00180293696254
364 0.00112699394374
365 0.00254304808217
366 0.00145333111508
367 0.000238587749647
368 0.0110249619092
369 0.026648903732
370 0.000518915098953
371 0.00233515259523
372 0.00195960048449
373 0.0116432416337
374 0.00345298191333
375 0.00982063144225
376 0.0236757385349
377 0.00120080716625
378 0.0344935085423
379 0.00109483131488
380 0.0159250197761
381 0.000770337244101
382 0.022973297969
383 0.000165498039578
384 0.00752819472915
385 0.000649444439249
386 0.000411096721996
387 0.000178623495819
388 0.000788549482697
389 0.00202563296085
390 0.00118250291628
391 0.00104849099531
392 0.00204761326696
393 0.00692465259269
394 0.00290016776975
395 0.00119134181306
396 0.000600566924055
397 0.00165905546469
398 0.0103816336376
399 0.0367824630303
400 0.000701650286118
401 0.000448318513851
402 0.000801651209529
403 0.000245058733717
404 0.00242530120974
405 0.000603130269659
406 0.00173299088107
407 0.000192233178846
408 0.000247026991559
409 0.0690581108913
410 7.81608840478e-05
411 0.00294063630962
412 0.000256
413 0.000453283658412
414 0.00356131460185
415 0.000255975075797
416 0.000487226828032
417 0.00127551020408
418 0.000374667135858
419 0.0215427268865
420 0.00118906064209
421 0.00249865498033
422 0.0373949908818
423 0.00290298008323
424 0.00365154703841
425 0.000554652741726
426 0.00328969170809
427 0.000721293242155
428 0.000218571132314
429 0.000955914957175
430 0.01312783068
431 0.00353581505398
432 0.00177796177968
