1 0.000421088667217
2 0.00196650706799
3 0.000662745414464
4 0.000811793983336
5 0.00119241483124
6 0.000135999835357
7 0.000913653408118
8 0.0025
9 0.000176994197758
10 0.000213117374394
11 0.000255488766977
12 0.000196983687288
13 0.00161027316687
14 0.00840785907859
15 0.00262133335098
16 0.00548004709219
17 0.00227472974281
18 0.000308219448302
19 0.000479840960771
20 0.000293799436986
21 0.000667529585799
22 0.00133174470199
23 0.00169976103778
24 0.0478538389087
25 0.000515591061218
26 0.000601785805231
27 0.0041845480372
28 0.0058053712804
29 0.000255772596058
30 0.00175837794963
31 0.00691339677374
32 0.00109886755594
33 0.00749487115715
34 0.000643635827273
35 0.00124419511512
36 0.000873595573782
37 0.00108369066439
38 0.00205466381301
39 0.00115561476298
40 0.00189169574768
41 0.00026470357898
42 0.000599444226222
43 0.000366459317825
44 0.00179124868378
45 0.00111308777128
46 0.000431865749868
47 0.00198521580368
48 0.000415813970817
49 0.00069507923521
50 0.0130819158308
51 0.00139238176023
52 0.0355215558438
53 0.000529493767328
54 0.000593517386931
55 0.000348593161662
56 0.000322553342582
57 0.000242716375486
58 0.0012287516509
59 0.00101495810165
60 0.00108285512802
61 0.000237599355512
62 0.000578772189349
63 0.00132772564718
64 0.0120219455231
65 0.000487738640762
66 0.046851478852
67 0.00781708474322
68 0.000252955428463
69 0.00382524601848
70 0.000264388168904
71 0.000441939968249
72 0.00267584653179
73 0.000274556149804
74 0.000977572127743
75 0.0026108828446
76 0.00101810715389
77 0.00116750501388
78 0.00212910390267
79 0.00256930988517
80 0.00267132851676
81 0.00141983597039
82 0.793918318023
83 0.00845032744514
84 0.00108285512802
85 0.00123431096723
86 0.000668846611177
87 0.000493827160494
88 0.000687516388018
89 0.000238527477994
90 0.000445881715441
91 0.00228980035172
92 0.00237183418166
93 0.00194915287185
94 0.000223636945868
95 0.000729364636733
96 0.000953847357857
97 0.00117185904331
98 0.0630507335634
99 0.000251311742895
100 0.000189667899703
101 0.00137233130454
102 0.000214842108946
103 0.00437687371886
104 0.00396393552804
105 0.00304654063898
106 0.000670566046373
107 0.00250909633904
108 0.00569530178326
109 0.011961903149
110 7.42349499955e-05
111 8.77534566635e-05
112 0.00162466878227
113 0.00455638340265
114 0.000274633290816
115 0.00330327652266
116 0.000580076551542
117 0.000914875781131
118 0.00123379709922
119 0.000455791505651
120 0.00743162901308
121 0.00206623954393
122 0.00100545110638
123 0.00138510453463
124 0.000889440771061
125 0.000691486896645
126 0.0221904130048
127 0.0278950843559
128 0.00248373322913
129 0.00700984640225
130 0.00105838757876
131 0.00121183491049
132 0.00170185523709
133 0.000443773131651
134 0.00621308675479
135 0.000432753362939
136 0.00139704532116
137 0.00108682526265
138 0.00513822538962
139 0.000318341485557
140 0.00157164776238
141 0.000238149672306
142 0.000798322103316
143 8.77534566635e-05
144 0.000197136001017
145 0.000809612169853
146 0.0028491911177
147 0.00351249081937
148 0.000486598027915
149 0.00286889357459
150 0.00237343335613
151 0.00167014352383
152 0.109320833043
153 0.000937886156741
154 0.00917817520136
155 0.0534234269313
156 0.048608034026
157 0.000640022440293
158 0.000200408922618
159 0.000594784904232
160 0.00422872090526
161 0.0529717341421
162 0.0914463593469
163 0.00374934362529
164 0.000522210227634
165 0.000162140445281
166 0.00119241483124
167 0.000225704776389
168 0.00119241483124
169 0.00021080299472
170 0.000524124837312
171 0.000793037389351
172 0.000605503381665
173 0.00109081727127
174 0.002572355064
175 0.00106719016077
176 0.0554123728871
177 0.000550032361086
178 0.00273051400255
179 0.000755200745877
180 0.00179163216824
181 0.000214681533363
182 0.00294515235457
183 0.00165980234332
184 0.00685933352808
185 0.0163295288122
186 0.00109596779888
187 0.00540907162496
188 0.00171809900431
189 0.000322553342582
190 0.00060309324111
191 0.000493827160494
192 0.000721764312765
193 0.000529932270416
194 0.00134606816663
195 0.00131643087649
196 0.00368010350644
197 0.00188366763661
198 0.00208930858766
199 0.000522210227634
200 0.00095420635197
201 0.00150826249974
202 0.00171966759003
203 0.000122434378043
204 0.00116390215535
205 0.00115561476298
206 0.000415813970817
207 0.00233309794563
208 0.000122235434007
209 0.000340634804893
210 0.00272507843915
211 0.00273051400255
212 0.00112482853224
213 0.00131752177273
214 0.00144694698664
215 0.00291792889031
216 0.000480844273084
217 0.00332875164533
218 0.00766368856946
219 0.001217696697
220 0.000248979766504
221 0.000623751872503
222 0.0016955017301
223 0.000221113583284
224 0.000558820177049
225 0.000238907748065
226 0.00588358729339
227 0.0985239298016
228 0.00204330687218
229 0.00514263986278
230 0.0834257807428
231 0.00246632049006
232 0.0036683155588
233 0.00493816755522
234 0.000894802619517
235 0.000587079998665
236 0.0045299382613
237 0.0432631330085
238 0.00240550830737
239 0.00044962702539
240 0.0164866752543
241 0.00129504612294
242 0.00267132851676
243 0.00273945071569
244 0.024251614263
245 0.00116660485581
246 0.000520306089829
247 0.00973826136589
248 0.00325477134281
249 0.00203420705904
250 0.000668846611177
251 0.0010233353151
252 0.000274970025933
253 0.00398367626406
254 0.000915189605254
255 0.00467097659156
256 0.00619263128008
257 0.000607664480635
258 0.0375287847969
259 0.00207702392446
260 0.00125509721034
261 0.00102661440458
262 0.00216813111977
263 0.00116922954055
264 0.00267916124905
265 0.00325433586697
266 0.00119465573274
267 0.00239571250513
268 0.000548614278077
269 0.384136936181
270 0.00089290866969
271 0.00238680729561
272 0.00128313655603
273 0.000451743737022
274 0.000217861957217
275 0.000623751872503
276 0.000914875781131
277 0.00288759595652
278 0.00133915548984
279 0.000289998021927
280 0.000478515625
281 0.000297158466913
282 0.000257542939752
283 0.111236497483
284 0.0663459017006
285 0.000793102871654
286 0.000607915507336
287 0.0181418194671
288 0.0570923059008
289 0.00169628152595
290 0.00233342261832
291 0.000201197122881
292 0.000339406630322
293 0.000826792148537
294 0.0294883663923
295 0.00132071840255
296 0.001382282589
297 0.0110534830718
298 0.00618024992286
299 0.00209321201247
300 0.00108285512802
301 0.000229568411387
302 0.000225704776389
303 0.0032077688151
304 0.00217454085231
305 0.000668846611177
306 0.000771385922142
307 0.000225704776389
308 0.00117837237423
309 8.77534566635e-05
310 0.00325477134281
311 0.00198539474103
312 0.000477233281692
313 0.00323427696579
314 0.000489369536989
315 0.0349471842519
316 0.000526147311692
317 0.000658904752532
318 0.000867688770772
319 0.00483429663985
320 0.0357044479153
321 0.0100179497172
322 0.00054104592067
323 0.0834562889724
324 0.0035960563052
325 0.0460054087908
326 0.00380158968819
327 0.00166460008739
328 0.00211509093764
329 0.000599554315304
330 0.00229004232569
331 0.000213897309239
332 0.0206051476179
333 0.00215310060836
334 0.000522210227634
335 0.00215399735996
336 0.000131550211328
337 0.000522210227634
338 0.000526049995792
339 0.000988114765269
340 0.00418844405135
341 0.00051543012304
342 0.0231174139498
343 0.00175997490148
344 0.00334026788893
345 0.00204380090975
346 0.000126869762707
347 0.000447074293228
348 0.00404755412621
349 0.0016955017301
350 0.00256088987486
351 0.592341416154
352 0.000249471578268
353 0.00713868504188
354 0.000974397145747
355 0.0046331473766
356 0.000419586095663
357 0.0135733810915
358 6.32109278428e-05
359 0.000493827160494
360 0.00029098956269
361 0.000322553342582
362 0.000199777747256
363 0.000539828084189
364 0.00388346200778
365 0.000510017144736
366 0.00298707521143
367 0.00631073083817
368 0.000714751389016
369 0.00287373701379
370 0.000514655748828
371 0.000885720012134
372 0.00910928986201
373 0.00402623266984
374 0.00108166576528
375 0.0923459275003
376 0.00106912962454
377 0.00441577728945
378 0.000491118675768
379 0.000890738760617
380 0.000544013542629
381 0.000435076982946
382 0.00381628180856
383 0.00227542675933
384 0.00696409950842
385 0.0332188600033
386 0.000455791505651
387 0.00952166157098
388 0.00150278901618
389 0.000668846611177
390 0.001352886775
391 0.000242716375486
392 0.000665972944849
393 0.000950723634828
394 0.00175997490148
395 0.000255488766977
396 0.0937090482341
397 0.000201261798002
398 0.138682042364
399 0.000507518002008
400 0.00028157575474
401 0.0002525960052
402 0.00189808805627
403 0.0020306884834
404 0.0354670017714
405 0.00114381264488
406 0.00243624588153
407 0.000229568411387
408 0.00199298469388
409 0.000618555071163
410 0.000486679015641
411 0.00110991210557
412 0.000415813970817
413 0.000237599355512
414 0.00137964063945
415 0.000920972412742
416 0.000443403782395
417 0.000622568093385
418 0.0016955017301
419 0.00132873502881
420 0.0986012237539
421 0.0022070707276
422 0.00202087366383
423 0.00211152551453
424 0.000526049995792
425 0.0114610566086
426 0.00126294986498
427 0.000425475715888
428 0.00222842208041
429 0.00117702115765
430 0.0013051241042
431 0.0358847259864
432 0.0149443787107
