1 0.00418389735059
2 0.000866467120715
3 0.000268231614054
4 0.0003738375894
5 0.000318422499275
6 0.00043948217207
7 0.00186787106246
8 0.00301392400357
9 0.000326765093541
10 0.000189669102728
11 0.0004860197394
12 0.0254377853798
13 0.0222616835379
14 0.0196480323009
15 0.00073613974046
16 0.00415901760721
17 0.0012575593663
18 0.00182154526677
19 0.00586365949755
20 0.000440119321238
21 0.000690874436296
22 0.000621161145101
23 0.00112031282016
24 0.00871631335048
25 0.000930767020971
26 0.000390171891538
27 0.000454016664855
28 0.00160642157055
29 0.00977321756589
30 0.000454303102196
31 0.000803521607043
32 0.000139769928908
33 0.000616341024941
34 0.000299325918033
35 0.000817623831211
36 0.0319622813942
37 0.00150581341857
38 0.000316161785803
39 0.000655593079041
40 0.0751977796059
41 0.0010775895909
42 0.00047258979206
43 0.000672707189662
44 0.00344762434702
45 0.0137765139061
46 0.000853277835588
47 0.00186287477453
48 0.00125268628569
49 0.000485181756119
50 0.00327739862043
51 0.0399819090151
52 0.00952264852608
53 0.290812665839
54 0.00105186267348
55 0.000988539501535
56 0.00343077207011
57 0.000136102315336
58 0.00101394585983
59 0.000490792956074
60 0.00406782813566
61 0.00212639077372
62 0.000912121075627
63 0.000592681763909
64 0.000424160322348
65 0.00354366980025
66 0.00243331700955
67 0.00311403858418
68 0.00058769513315
69 0.000392271790992
70 0.00428278803007
71 0.000725985513635
72 0.000785507450381
73 0.00189413778639
74 0.00170929898711
75 0.391778289301
76 0.00162882578441
77 0.000438833114405
78 0.000188081632653
79 0.0135912266561
80 0.00105413231272
81 0.00235195842587
82 0.00668747843254
83 0.000649340868811
84 0.00556766701353
85 0.000462358448091
86 0.0016618171046
87 0.000520249979709
88 0.000921373301218
89 0.00153223166774
90 0.00535395597858
91 0.000347036364969
92 0.000677580097967
93 5.90705791323e-05
94 0.00110508883975
95 0.000295027882666
96 0.00327293533976
97 0.00686084980867
98 0.000492398571596
99 0.00288345682627
100 0.00231931343436
101 0.00145998449738
102 0.00292500206944
103 0.0213773882756
104 0.00108131793359
105 0.000442059176612
106 0.000590375609185
107 0.00517866032624
108 0.00105267429592
109 0.000428274021486
110 0.165085862286
111 0.0028349866141
112 0.000193572778828
113 0.00103452634946
114 0.000828572783381
115 0.000431148662818
116 0.000454303102196
117 0.00160261544705
118 0.00259645421721
119 0.00798619346873
120 0.000536830432874
121 0.0132108830423
122 0.00562716165972
123 0.00776619663729
124 0.000417856443246
125 0.00136869886969
126 0.00710936189211
127 0.0169211124294
128 0.000830099137324
129 0.000526200845313
130 0.00653228535799
131 0.00185364676547
132 0.000450394568322
133 0.000461920725468
134 0.000823664260291
135 0.00402088873473
136 0.0533725157693
137 0.000296568625392
138 0.00021507526374
139 0.000821534342164
140 0.000466082609227
141 0.000569059204009
142 0.00350542517127
143 0.00145235350982
144 0.00143582215015
145 0.000172420787862
146 0.00554258353157
147 0.00149854299709
148 0.00378698224852
149 0.000158720317441
150 0.0108407141283
151 0.0157962044244
152 0.000507264020778
153 0.00108338696896
154 0.00572122151582
155 0.000427589877682
156 0.00016948692468
157 0.000871316591668
158 0.00100455375388
159 0.000594926511262
160 0.000871679489041
161 0.000699826195265
162 0.0029416834243
163 0.000876002173159
164 0.000546097814776
165 0.00209496530723
166 0.0132685851141
167 0.0180659404218
168 0.0156882580645
169 0.00112326623761
170 0.00739773516945
171 0.00179720617373
172 0.0018147667509
173 0.000621595999326
174 0.000909067952829
175 0.00344120421984
176 0.000713752743411
177 0.00105267429592
178 0.00155433183988
179 0.00103686304127
180 0.00432514788217
181 0.0120204567765
182 0.00492973196973
183 0.00496105860113
184 0.00168981690014
185 0.0003738375894
186 0.0007196146064
187 0.000568820195982
188 0.0502102771703
189 0.00185090725776
190 0.00017199677506
191 0.000193654755015
192 0.000872367320052
193 0.00123095732215
194 0.00913201796325
195 0.00111925748633
196 0.00162806233219
197 0.000550573291956
198 0.000229779411765
199 0.00122325187322
200 0.004150390625
201 0.000634388013087
202 0.000577847633136
203 0.000909067952829
204 0.00218609783812
205 0.00221523366937
206 0.321531295258
207 0.000689994971129
208 0.0023507805326
209 0.000203354717353
210 0.0181845345352
211 0.154473194417
212 0.00104120982987
213 0.00593621299902
214 0.000200627563017
215 0.00845443149037
216 0.000479884087828
217 0.000621784943303
218 0.00063158276644
219 0.000358700642792
220 0.0355115097953
221 0.00281621191995
222 0.000606579454767
223 0.00017659849229
224 0.00494384765625
225 0.00522824149666
226 0.000508075643211
227 0.000430990665229
228 0.000569059204009
229 0.00111317158561
230 0.000306836722802
231 0.000223834547233
232 0.00095799356636
233 0.0494801075223
234 0.00327319093134
235 0.00859571776047
236 0.00557780985441
237 0.0521210704745
238 0.000473345935728
239 0.000583343086455
240 0.000617390348311
241 0.0289990258176
242 0.00154404251036
243 0.00177893773274
244 0.449051684243
245 0.000381417977909
246 0.00454692402863
247 0.000322553342582
248 0.0013593841384
249 0.00199153287481
250 0.000324415118471
251 0.00153223166774
252 0.000870733673744
253 0.000441353011793
254 0.00045991178247
255 0.00161314162859
256 0.000179828311286
257 0.000208191934972
258 0.000185809621698
259 0.00144143083042
260 0.00829363370776
261 0.00864923370151
262 0.00289502782367
263 0.000401926934185
264 0.00119792021218
265 0.000216719002913
266 0.000945129266117
267 0.000667886659222
268 0.000227084371109
269 0.00031666764466
270 0.00047258979206
271 0.00183139146851
272 0.0014520797786
273 0.00100284807631
274 0.00300476249339
275 0.010996671438
276 0.00660360891444
277 0.000500030401848
278 0.00187023775077
279 0.000507264020778
280 0.00213815483715
281 0.000536935092579
282 0.000660280894497
283 0.000841652583621
284 0.00200329434332
285 0.00168981690014
286 0.000577847633136
287 0.000499239476312
288 0.000287663692147
289 0.00739192566636
290 0.00193008158911
291 0.00210189034309
292 0.000352759115604
293 0.00206278549638
294 0.00102796387761
295 0.00506626494537
296 0.00221029195547
297 0.000164629272242
298 0.000417856443246
299 0.00263933852291
300 0.00128220519601
301 0.00118000116543
302 0.000280837253914
303 0.00517736821245
304 0.000525086093116
305 0.00160261544705
306 0.000875731556239
307 0.000705831068086
308 0.000454303102196
309 0.000219089073204
310 0.00019090743674
311 0.000344235263655
312 0.000660280894497
313 0.0014624696785
314 0.00522972857915
315 0.00141634871083
316 0.0120154158925
317 0.00414211534333
318 0.00386008373322
319 0.00097857505116
320 0.000339907414659
321 0.000523317788755
322 0.00435435743601
323 0.000625683013455
324 0.000706798861355
325 0.00170766872649
326 0.15215287579
327 0.00461834266695
328 0.000678221943622
329 0.00188060448781
330 0.00521403760027
331 0.0197931270432
332 0.00295742022292
333 0.00314682974659
334 0.000935517844498
335 0.000521256854528
336 0.00153223166774
337 0.00155497492297
338 0.00153260574774
339 0.000193572778828
340 0.00065608818962
341 0.000558978778743
342 0.000233086649962
343 0.00160641925133
344 0.135458192349
345 0.000131928228982
346 0.00453897798126
347 0.00406325697526
348 0.000396187472108
349 0.000912121075627
350 0.0421537344971
351 0.00103818049487
352 0.00123734249135
353 0.000800330232848
354 0.0045260262028
355 0.00450005178205
356 0.0201172597101
357 0.000396187472108
358 0.000243263513577
359 0.000500030401848
360 0.00531820398597
361 0.00177819712585
362 0.00414821209474
363 0.000660280894497
364 0.000195267062032
365 0.000843725020241
366 0.000213506807615
367 0.000508075643211
368 0.003542797415
369 0.0111774065156
370 0.0610254980892
371 0.105904875573
372 0.00306934415789
373 0.0317118577526
374 0.0015454709598
375 0.000699405778294
376 0.00144058761095
377 0.00152826588892
378 0.00129494645364
379 0.00115117110346
380 0.00230160903303
381 0.00856531376866
382 0.000306836722802
383 0.00336594115864
384 0.000507264020778
385 0.000404395737505
386 0.00600215411319
387 0.000521256854528
388 0.000534601030004
389 0.000369636673814
390 0.00083167674145
391 0.00083167674145
392 0.000181999664438
393 0.489858218074
394 0.00147041935196
395 0.000251362384122
396 0.00120542601549
397 0.00650076734194
398 0.000696218821773
399 0.00473605908777
400 0.00312427299251
401 0.00152826588892
402 0.000667886659222
403 0.00152179125153
404 0.000325965984099
405 0.000462705970928
406 0.00129494645364
407 0.00436558584807
408 0.0234414532545
409 0.000525086093116
410 0.00689062080086
411 0.000406060246687
412 0.00095288913779
413 0.00125530078335
414 0.00229990945487
415 0.000530909554248
416 0.000353858844858
417 0.000348710077707
418 0.0040935738191
419 0.17078091133
420 0.00302773275294
421 0.000410440017967
422 0.00148858346949
423 0.0668398316905
424 0.00406782813566
425 0.00152199379285
426 0.000444335118257
427 0.00148679053564
428 0.00207702483677
429 0.00705168468033
430 0.00734936658183
431 0.00167831228164
432 0.0199661225662
