1 0.280324035556
2 0.00147806173059
3 0.000640274385746
4 0.00148862297725
5 0.00062897168706
6 0.00233572661354
7 0.000192233178846
8 0.000545899205171
9 0.000653434871885
10 0.00251537669364
11 0.0050373385076
12 0.00198927777675
13 0.00335223617809
14 0.00213813046017
15 0.0570389959763
16 0.000775138381698
17 0.0011185885854
18 0.00158782036845
19 0.000324781588567
20 0.00184391949837
21 0.000520188896709
22 0.000825472974996
23 0.00109023615413
24 0.000432556735067
25 0.0966849199278
26 0.00178433412604
27 0.00106525596967
28 0.000225704776389
29 0.00106607792643
30 0.000854759884029
31 0.000215520133103
32 0.000236858035665
33 0.00183780614475
34 0.324198147348
35 0.00685238434378
36 0.000765685474604
37 0.000379365982434
38 0.00235540051044
39 0.000360336675528
40 0.0641658901634
41 0.133814891953
42 0.000696694654055
43 0.00111586778616
44 0.000262256388402
45 0.0168837079411
46 0.000520500696856
47 0.0010563127787
48 0.00024177378851
49 0.00116714609638
50 0.00540720193441
51 0.00117955764843
52 0.0198443077469
53 0.00110655271136
54 0.000431865749868
55 0.000267646923524
56 0.000480917205294
57 0.00184749153586
58 0.000143640673877
59 0.00135983296474
60 0.00502201004402
61 0.00311627096216
62 0.00103872038625
63 0.000303089671868
64 0.00132767296628
65 0.0660624439557
66 0.00345247513806
67 0.00308350771252
68 0.00784534625828
69 0.000823731565059
70 0.000689103359479
71 0.000207401478222
72 0.00218237008643
73 0.00182337922801
74 0.000474237880756
75 0.00117761214413
76 0.00948548263592
77 0.00378792550935
78 0.00435300573003
79 0.00358523129508
80 0.00767147124867
81 9.3242930955e-05
82 0.000304360042834
83 0.00110655271136
84 0.103291924581
85 0.000404943310466
86 0.000727742007883
87 0.000593711126764
88 0.000222501011045
89 0.000537719726563
90 0.000544588036956
91 0.00355762775019
92 0.00209712638658
93 0.0145285480145
94 0.000383865134973
95 0.15255025874
96 0.00100663120437
97 0.000361752789621
98 0.00235240599163
99 0.0103094169089
100 0.00202171534383
101 0.0027646201873
102 0.000533625925729
103 0.000209659916873
104 0.000640274385746
105 0.000877065035933
106 0.00186677705342
107 0.0102226016307
108 0.000813540816767
109 0.000980001624388
110 0.000596426927437
111 0.000322341918945
112 0.000194926430501
113 0.000279671851694
114 0.000596046447754
115 0.00107890670787
116 0.000514544935965
117 0.0376400115915
118 0.0488303046673
119 0.00215575513189
120 0.000839634505793
121 0.000495430730609
122 0.00510933726275
123 0.000844884540046
124 0.000802805824211
125 0.00121749642714
126 9.54917293552e-05
127 0.000464476813317
128 0.000618037363939
129 0.00110089405169
130 0.000344250192149
131 0.00221719808263
132 0.0154566504215
133 0.0382577975831
134 0.00149173394848
135 0.0350345739861
136 0.000548822398968
137 0.000671535385515
138 0.00051841234767
139 0.000350685238957
140 0.000387500775002
141 0.000461378096502
142 0.00116434928345
143 0.000360223877457
144 0.000246059207997
145 0.00225878465908
146 0.00165905546469
147 0.00073155821335
148 0.00168335212234
149 0.00167011122789
150 0.00306428917615
151 0.00264300975795
152 0.000951486620108
153 0.00139484031083
154 0.000442921513064
155 0.00410004843069
156 0.0165599268783
157 0.00580941403926
158 0.00263368043592
159 0.0230753488687
160 0.020837611978
161 0.0841507525638
162 0.00018497115762
163 0.00210192682459
164 0.00214923549194
165 0.00010541006624
166 0.00218551127678
167 0.00114799983471
168 0.0019530721226
169 0.000519241807426
170 0.000222501011045
171 0.0011988011295
172 0.00135496255034
173 0.000490263241344
174 0.0533882766396
175 0.00161097470815
176 0.000224438552932
177 0.00199187300253
178 0.0152782331596
179 0.000950778217941
180 0.0227349482249
181 0.00296559808996
182 0.0043762268151
183 0.00127124751017
184 0.00114484165234
185 0.000881910009183
186 0.00209931305474
187 0.000610500322915
188 0.0164514601674
189 0.0216931843141
190 0.000841064453125
191 0.00666288735548
192 0.000877065035933
193 0.00353684333094
194 0.000244140625
195 0.000386390378458
196 0.000500926112196
197 0.000854759884029
198 0.000195951009186
199 0.000285420352039
200 0.00180293696254
201 0.000615559696229
202 0.00117248535156
203 0.00106426589651
204 0.00293173691097
205 0.00108431891807
206 0.0159115531179
207 0.0350693411264
208 0.00136080617585
209 0.000907420327127
210 0.000793893763523
211 0.000551037051731
212 0.000408459985121
213 0.000698825927501
214 0.00144093617186
215 0.00485951748326
216 0.00184496193865
217 0.738464752654
218 0.00637958126355
219 0.00145407197687
220 0.000601691657055
221 0.000246059207997
222 0.00150041400428
223 0.000829883297661
224 0.00228977203369
225 0.000262256388402
226 0.000945896298153
227 0.00104059726666
228 0.0140986658933
229 0.00767463411441
230 0.00382454662868
231 0.00300297244812
232 0.00238600514684
233 0.00116521593372
234 0.00184473288833
235 0.000854655756777
236 0.000755681463169
237 0.000698635719692
238 0.000207401478222
239 0.00118707316486
240 5.96805982796e-05
241 0.00466144014009
242 0.0461067384417
243 0.00134597019477
244 0.00412845009008
245 0.00187779333485
246 0.000360223877457
247 0.00431835069939
248 0.00320209887575
249 0.000296855563382
250 0.000825472974996
251 0.000654773191805
252 0.000469319284292
253 0.00165124218078
254 0.0160119623639
255 0.00102910358036
256 0.00509106527528
257 0.00472923515122
258 0.000724278385156
259 0.0010291392642
260 0.00037844806996
261 0.00112702610414
262 0.000209659916873
263 0.000590268038355
264 0.00673938961572
265 0.0142209980399
266 0.000293860561915
267 0.000200840864212
268 0.00367303538627
269 0.00151771713413
270 0.000314494406562
271 0.00110655271136
272 0.000425839586611
273 7.10137608888e-05
274 0.049552533001
275 0.0105149382361
276 0.000854759884029
277 0.000854759884029
278 0.000727180911501
279 0.000803521607043
280 0.00116434928345
281 0.00264678818457
282 0.000132361160026
283 0.000240836681684
284 0.000378506866115
285 0.000180875861448
286 0.174705589359
287 0.000584149469245
288 0.0136938015589
289 0.00342034954189
290 0.000281518850502
291 0.00333392073722
292 0.022750295858
293 0.0124724728219
294 0.00347437364576
295 0.00110428415117
296 0.000346004287132
297 0.00197924903949
298 0.000301801021172
299 0.000447347551112
300 0.00644659873348
301 0.00143124416666
302 0.0774668538921
303 0.00290944271276
304 0.000320248574381
305 0.00043987320391
306 0.000209659916873
307 0.000860455909912
308 0.00134719241398
309 0.000653434871885
310 0.00109165895127
311 0.000640274385746
312 0.000758721392531
313 0.0339770037283
314 0.164518712546
315 0.00678587809982
316 0.0120707358885
317 0.00109909171747
318 0.00030028376097
319 0.000796310485911
320 0.000797573060318
321 0.000980092615764
322 0.00316282690009
323 0.0134216655387
324 0.000194926430501
325 0.000301801021172
326 0.00368269082413
327 0.000640274385746
328 0.000968140266791
329 0.000448865268601
330 0.0019530721226
331 0.000213171157362
332 0.000590268038355
333 0.000461378096502
334 0.000432556735067
335 0.00161218085617
336 0.0120900230649
337 0.0498036300225
338 0.00174143454697
339 0.00323097699191
340 0.00811310503267
341 0.00106374273791
342 0.000477189806154
343 0.000398723828972
344 0.00161681066183
345 0.00223703433163
346 0.00170489073881
347 0.00655952381477
348 0.0613494424305
349 0.159402698783
350 0.00180293696254
351 0.000590268038355
352 0.00103580929289
353 0.000488258026159
354 0.000727180911501
355 0.000927619881986
356 0.000190249702735
357 0.00155149864042
358 0.000803521607043
359 0.000296855563382
360 0.000268195099363
361 0.000303089671868
362 0.000387500775002
363 0.00217118046981
364 0.00211777856041
365 0.00554385732267
366 0.00276336089862
367 0.00331842365155
368 0.00225220311174
369 0.00223420294156
370 0.00331818471405
371 0.0046647619532
372 0.000714529456498
373 0.0168885647391
374 0.000720196646542
375 0.015002880338
376 0.0677261587788
377 0.0441160246214
378 0.0148466279628
379 0.00656364072587
380 0.00230179004623
381 0.00352470217299
382 0.00172436081586
383 0.00048783555105
384 0.000912824872753
385 9.48341680098e-05
386 0.000954889572473
387 0.00967272583553
388 0.00119972613037
389 0.00172610943882
390 0.0170013434907
391 0.00101675687507
392 0.0589205195272
393 0.00101993978935
394 0.00968445390643
395 0.000749520263866
396 0.00422434829347
397 0.000205245172146
398 0.000544079541154
399 0.00745799516259
400 0.00164106423005
401 0.00691054298308
402 0.0422212867478
403 0.000588487441969
404 0.000448865268601
405 0.00272780066187
406 0.000474237880756
407 0.000220293885812
408 0.000240836681684
409 0.000461378096502
410 0.000442921513064
411 0.00410067334281
412 0.000431865749868
413 0.000926052294802
414 0.000955626369983
415 0.000414206842361
416 0.000889440771061
417 0.00733928782901
418 0.00331893996265
419 0.00152395552379
420 0.000458024321735
421 0.0060485873464
422 0.000958963217632
423 0.00123644118068
424 0.000179304579382
425 0.000164893630726
426 0.00126001902801
427 0.00087936186555
428 0.000122603896026
429 0.00867300300085
430 0.00100073819886
431 0.00694742299334
432 0.00951492047742
