1 0.00118906064209
2 0.00717587763285
3 0.000577847633136
4 0.000553881445835
5 0.000766274350163
6 0.000479035090338
7 0.00125026708586
8 0.00087936186555
9 0.000407134030477
10 0.00113409540578
11 0.00119822485207
12 0.000623751872503
13 0.0874404948361
14 0.00606381176928
15 0.0998458963732
16 0.00220432885708
17 0.000678916514419
18 0.00173951703583
19 0.000798483866436
20 0.0503769165402
21 0.0391399997705
22 0.00114693411943
23 0.00306407990966
24 0.024293699714
25 0.00207380125598
26 0.00178513840365
27 0.00189622019063
28 0.00158098549253
29 0.00190700486402
30 0.0125881649374
31 0.000440612175983
32 0.000543864167966
33 0.00105213298235
34 0.000503529127873
35 0.000510268495918
36 0.00514811621468
37 0.000459708904966
38 0.000449175955748
39 0.000381513771511
40 0.00115681284368
41 0.00757460417012
42 0.219171211409
43 0.00108776575992
44 0.000757224174575
45 0.00332440548657
46 0.000517270293017
47 0.00108003262139
48 0.000294415664986
49 0.000316400679804
50 0.0010131640974
51 0.00721225583866
52 0.0137774127175
53 0.0068564110989
54 0.00522304674561
55 0.00029835751007
56 0.00321639366941
57 0.000723501877519
58 0.000674816373732
59 0.000268143787672
60 0.000434931293069
61 0.00227406638773
62 0.00125057232685
63 0.000652100650953
64 0.000200840864212
65 0.00441532449371
66 0.000931457592414
67 0.000706223432515
68 0.00332109564568
69 0.0033109492076
70 0.0306346663242
71 0.00107004508865
72 0.000272079923478
73 0.000665629349888
74 0.000277038515889
75 0.000878021971553
76 0.000158016061868
77 0.00353868105748
78 0.001958859928
79 0.00141552113484
80 0.31598991406
81 0.000283794203295
82 0.00512914324311
83 0.000898646638905
84 0.000222763661678
85 0.000250459583552
86 0.00020571102046
87 0.00134701677047
88 0.00126795164173
89 0.000131000821162
90 0.000236231880046
91 0.000615469763974
92 0.126281918682
93 0.127438873306
94 0.00370112378487
95 0.0102203323289
96 0.00112775673869
97 0.000236395352883
98 0.000311198141348
99 0.00337055219565
100 0.00810016
101 0.00184658287121
102 0.00014619757312
103 0.00280636925558
104 0.00548278962197
105 0.000931913473107
106 0.165272987691
107 0.00186638522692
108 0.000544880261473
109 0.00115513288197
110 0.00111158739039
111 0.000487738640762
112 0.00112792851536
113 0.000789732556182
114 0.00275713830982
115 0.00110581649244
116 0.000442840299743
117 0.000250665326105
118 0.0715125524269
119 0.00026710042663
120 0.0005789604834
121 0.0214406921556
122 0.00480480746926
123 0.0166775990219
124 0.000996250809406
125 0.00114254984406
126 0.000279644498114
127 0.00296377517648
128 0.000161676485353
129 0.00116398849785
130 0.000195002049327
131 0.00101215522731
132 0.000779085503568
133 0.0454325233749
134 0.00180215240236
135 0.00739306734549
136 0.00359138155165
137 0.000234933182239
138 0.0012927479049
139 0.00101675687507
140 0.000665629349888
141 0.00155399602213
142 0.000650148410343
143 0.00632947712219
144 0.000381105061824
145 0.000190578144111
146 0.000210748779564
147 0.000976712988571
148 0.00101675687507
149 0.00178741454692
150 0.000381884297521
151 0.00325264068604
152 0.000213897309239
153 0.000190578144111
154 0.00108285512802
155 0.000300989992203
156 0.0010294832566
157 0.000512684015479
158 0.0120306930723
159 0.00540581552687
160 0.0477522453875
161 0.00113622017422
162 0.00208930858766
163 0.00137655495464
164 0.000355463108093
165 0.000494706247388
166 0.00178741454692
167 0.00134668798923
168 0.000281282825486
169 0.00572319141234
170 0.000507264020778
171 0.000969815974426
172 0.00035890734546
173 0.25891147341
174 0.00125348742023
175 0.0021667306611
176 0.00248042547797
177 0.00295597896623
178 0.00178693270558
179 0.000789345471305
180 0.00771084177612
181 0.000693534344131
182 0.00138024901993
183 0.00166574348252
184 0.00146774655972
185 0.000747770669056
186 0.00343572552965
187 0.00108496353126
188 0.00197005166855
189 0.0511631289859
190 0.00875483054615
191 0.0133369567798
192 0.0013015666418
193 0.000255488766977
194 0.000732883611611
195 0.00102218197994
196 0.000449175955748
197 0.000544880261473
198 0.000201912489865
199 0.000492950414709
200 0.000577660769175
201 0.000465278672147
202 0.000658812913998
203 0.00408855580484
204 0.000224438552932
205 0.00679057090074
206 0.00146896917243
207 0.232692490079
208 0.0157115665125
209 0.00675764371026
210 0.000282727771997
211 0.00254331898198
212 0.000581559252555
213 0.000509181147747
214 0.000522210227634
215 0.000705725784952
216 0.000193909866755
217 0.0269891567446
218 0.00995785114828
219 0.00177348989705
220 0.00105444735092
221 0.0119675752126
222 0.000299840762389
223 0.00112025124031
224 0.00755781215601
225 0.000119808551685
226 0.00092667304189
227 0.00020571102046
228 0.000496471477912
229 0.00570926848964
230 0.000969815974426
231 0.000230440465346
232 0.00021826447345
233 0.00341776
234 0.00136549130215
235 0.000602121113824
236 0.0039807237456
237 0.000158016061868
238 0.00139765957034
239 0.00336184143443
240 0.0335849585099
241 0.000798483866436
242 0.000404517914966
243 0.00137518761969
244 0.000420603232521
245 0.000816384134057
246 0.000504673147373
247 0.00196719968879
248 0.000882930305708
249 0.000608827720076
250 0.00127841322314
251 0.000664257625678
252 0.00205123966942
253 0.000522210227634
254 0.00216239426395
255 0.00437932525952
256 0.000766274350163
257 0.000222766763199
258 0.000236231880046
259 0.00021826447345
260 0.00707937435944
261 0.276373562683
262 0.00208820607615
263 0.000973350812102
264 0.0220071629848
265 0.012718275146
266 0.00908567198976
267 0.000473412760633
268 0.193822615138
269 0.000363088377454
270 0.0066860687204
271 0.000372383439917
272 0.000394932498718
273 0.00257575329301
274 0.00308454406693
275 0.00584834580185
276 0.0107663634149
277 0.0162634820877
278 0.00489622052274
279 0.000466023118022
280 0.00193821446936
281 0.00186380484776
282 0.000238020023434
283 0.00149201495699
284 0.000733494093587
285 0.00054692100973
286 0.00125026708586
287 0.00102166186504
288 0.00285995738056
289 0.00025396422279
290 0.00135219590982
291 0.00517479627345
292 0.00556349587132
293 0.00542640123718
294 0.00178693270558
295 0.000908136387637
296 0.000617736417538
297 0.00114355060795
298 0.00145520421118
299 0.000500224749966
300 0.00219906700982
301 0.0169559054905
302 0.00064974908889
303 0.00738697204338
304 0.00397711371669
305 0.0350165331745
306 0.0432301866984
307 0.00402056190058
308 0.00113591468144
309 0.000205488279606
310 0.00105612419313
311 0.000543864167966
312 0.000269836986714
313 0.000410976559212
314 0.000686725648159
315 0.000509181147747
316 0.000255488766977
317 0.000770415566675
318 0.000574467066548
319 0.00104371007495
320 0.0126675307313
321 0.00451686972482
322 0.00320162420247
323 0.000213897309239
324 0.00246951219512
325 0.00579877766496
326 0.000269849769574
327 0.000770415566675
328 0.000580013580806
329 0.00210749181829
330 0.000254419114855
331 0.000782751447481
332 0.00315850680669
333 0.00725123945086
334 0.000784896768586
335 0.00134668798923
336 0.000507264020778
337 0.000490334141142
338 0.00023190600304
339 0.00016893664282
340 0.0023273872214
341 0.00273399119997
342 0.00468106422881
343 0.000224018845585
344 0.0275098757834
345 0.000935530982363
346 0.000419914001612
347 0.0274606398002
348 0.00767222547818
349 0.000487804878049
350 0.000797614796236
351 0.00668593849462
352 0.000838808348473
353 0.000908147861632
354 0.000328187355598
355 0.000641825319514
356 0.00155399602213
357 0.00487936607561
358 0.000272044263297
359 0.000434931293069
360 0.000149490486592
361 0.0015341843232
362 0.000200840864212
363 0.00050453312926
364 0.000173383586033
365 0.000172279084041
366 0.00103562757753
367 0.0137914213579
368 0.00231102322246
369 0.159806727568
370 0.00098509282808
371 0.00841013023951
372 0.000277038515889
373 0.00262265269693
374 0.00112277623969
375 0.000672850069088
376 0.000616344111682
377 0.000696524604102
378 0.00129051607743
379 0.00033593192353
380 0.165879249141
381 0.121569578873
382 0.000561973095428
383 0.0441758321597
384 0.00306196657362
385 0.0053097410331
386 0.000485939956141
387 0.000674816373732
388 0.000789732556182
389 0.00110496389684
390 0.00161578937805
391 0.000160711734734
392 0.000579084331837
393 9.49007015803e-05
394 0.0032878124737
395 0.00233602309155
396 0.000828114486828
397 0.00443261625423
398 0.00100603543636
399 0.00041923494128
400 0.00028255102909
401 0.0665707801846
402 0.00920285267655
403 0.0114456038007
404 0.000705571659077
405 0.00164774184449
406 0.00311467723475
407 0.00120053245838
408 0.00112775673869
409 0.00532505478451
410 0.000505340382267
411 0.000932346599849
412 0.000475113411456
413 0.00632947712219
414 0.000784896768586
415 0.000140250219856
416 0.00265104860752
417 0.0029082395244
418 0.00391019565467
419 0.0136011046928
420 0.00932759535078
421 0.00302451682755
422 0.00096711195899
423 0.000171541928318
424 0.0096401427114
425 0.000190578144111
426 0.000870733673744
427 0.000264155122664
428 0.00263372216945
429 0.0043283566179
430 0.00219829997343
431 0.00245391624941
432 0.225275043159
