1 0.000220761301842
2 0.000442059176612
3 0.00667512528328
4 0.000222766763199
5 0.000189269456863
6 0.000406477627471
7 0.00327635110884
8 0.00146361130278
9 0.000406477627471
10 0.00527740352712
11 0.000441353011793
12 0.000415400368127
13 0.000612685030879
14 0.00329465704116
15 0.00303426639926
16 0.00186745364762
17 0.00863128050356
18 0.00185073701883
19 0.000842872008325
20 0.00272428423865
21 0.000609570550233
22 0.0126551552397
23 0.00102929692064
24 0.00486172569242
25 0.00829401594918
26 0.0356614035274
27 0.00110925120905
28 0.000518297302287
29 0.00106484863242
30 0.0209690144402
31 0.000507264020778
32 0.00282530493428
33 0.00134938978561
34 0.000432584627396
35 0.000185680633944
36 0.00190518179322
37 0.00198791026005
38 0.000225737798081
39 0.000249584519539
40 0.0036380448378
41 0.00226292163455
42 0.164736408381
43 0.000846965269849
44 0.00212524801478
45 0.0148868592996
46 0.000408451615475
47 0.000661812206066
48 0.000614919520071
49 0.0108245863982
50 0.000182923910084
51 0.000413774869456
52 0.00468885428896
53 0.000548973244362
54 0.03269413405
55 0.207726002029
56 0.0012287516509
57 0.000196522268003
58 0.018077819363
59 0.000375416695151
60 0.00105186267348
61 0.000250955788648
62 0.000537257137845
63 0.000963367792823
64 0.00212483705305
65 0.00224130176332
66 0.00041717395019
67 0.000838686298319
68 0.000427999125471
69 0.00128298023323
70 0.0228378901502
71 0.00187627992373
72 0.00273870093457
73 0.00697399705944
74 0.00364751065754
75 0.000511865031429
76 0.00182819671732
77 0.000446591577354
78 0.00345291873163
79 0.00013800211747
80 0.00435115336933
81 0.00422168510337
82 0.00211306849558
83 0.00114693411943
84 0.00185725369343
85 0.00126554708778
86 0.0014272899503
87 0.000916536958189
88 0.000507264020778
89 0.000375416695151
90 0.00108148281609
91 0.00119113692165
92 0.000926488242356
93 0.0344855929802
94 0.0264321433354
95 0.00179670382299
96 0.000121256335436
97 0.00319237187399
98 0.00854836552717
99 0.000493739135373
100 0.000569149714042
101 0.000658399753303
102 0.00967364693873
103 0.000434027777778
104 0.000785490733043
105 0.0010413856451
106 0.00609867008516
107 0.00195771887595
108 0.002562890625
109 0.197527491846
110 0.00182323126117
111 0.00312973739547
112 0.000656361445842
113 0.00400300170486
114 0.0009
115 0.0044140985531
116 0.000475065159937
117 0.000583757488401
118 0.00118679182101
119 0.00289673375888
120 0.000695505775508
121 0.00290374973519
122 0.010544230385
123 0.00299859439463
124 0.00415995000041
125 0.00116684474553
126 0.000576615412451
127 0.000381641044603
128 0.000592569276089
129 0.659558574838
130 0.00474281434452
131 0.000210039907582
132 0.00522414791713
133 0.00738996614343
134 0.00289386342772
135 0.000458578969324
136 0.0410155877665
137 0.0350221744691
138 0.00189371831315
139 0.00189371831315
140 0.000434722222222
141 0.000969815974426
142 0.000507264020778
143 0.000537257137845
144 0.000969815974426
145 0.000340741818847
146 0.00166250924001
147 0.0004332767628
148 0.0320453567747
149 0.0266227687705
150 0.00160038804845
151 0.0219422493847
152 0.00114333723641
153 0.00508483327102
154 0.00135086840952
155 0.000846505775673
156 0.0081838519377
157 0.00123556788779
158 0.017154676912
159 0.000287273771905
160 0.00838134418468
161 0.00115413198573
162 0.00174382481351
163 0.0457300084439
164 0.000691183619778
165 0.00115148364423
166 0.000583757488401
167 0.000501824231446
168 0.00184496193865
169 0.00018104585993
170 0.000704842854446
171 0.000442059176612
172 0.00176299243184
173 0.000507264020778
174 0.000722842780022
175 0.00427213176212
176 0.00362631227788
177 0.000182221581443
178 0.000251453469812
179 0.00235835851961
180 0.00117086311289
181 0.00557804833565
182 0.00161748486714
183 0.0016618646914
184 0.000224859440891
185 0.0101169607367
186 0.0192582001201
187 0.000500224749966
188 0.00539933284601
189 0.00119800339163
190 0.000900694444444
191 0.000629215552367
192 0.00156657384233
193 0.00487589179548
194 0.000252955428463
195 0.000501388888889
196 0.00327612734493
197 0.0018345946012
198 0.000986815054412
199 0.00295527228503
200 0.000544880261473
201 0.000330626352082
202 0.00267315828072
203 0.0125344225268
204 0.00836503573583
205 0.00375868050761
206 0.00327114934832
207 0.00107608210485
208 0.00369384185658
209 0.0016477502903
210 0.00233294184286
211 0.000460828018344
212 0.00654568220896
213 0.00109466704295
214 0.000512831180136
215 0.00120996569109
216 0.000500030401848
217 0.000507264020778
218 0.002097240456
219 0.499931155804
220 0.000882931947151
221 0.000467631989307
222 0.000583757488401
223 0.000916536958189
224 0.000553112519016
225 0.000612685030879
226 0.00104245007943
227 0.000441187957943
228 0.00674521180614
229 0.00131109429066
230 0.160679698062
231 0.00261164995088
232 0.00281501177173
233 0.064435538507
234 0.000446147041481
235 0.0218719295997
236 0.000320847449264
237 0.000774111557258
238 0.000475894605716
239 0.000667443377953
240 0.0115231461752
241 0.000973555380923
242 0.000983687592684
243 0.00375380066875
244 0.00465334744876
245 0.0109610142774
246 0.00187701157243
247 0.0021748800825
248 0.000136092964778
249 0.000475065159937
250 0.00184496193865
251 0.000181484358449
252 0.011776629331
253 0.000951619405106
254 0.00171199294803
255 0.000985095115646
256 0.00059175841102
257 0.0141090333369
258 0.00561668821687
259 0.0473224641673
260 0.000635920519923
261 0.00132626278171
262 0.00451757030852
263 0.0029897783806
264 0.00252552549602
265 0.0201921319863
266 0.000668474915359
267 0.0033331487511
268 0.000377331379662
269 0.00124380157634
270 0.000645331756511
271 0.00125058393024
272 0.00427376308162
273 0.371640843768
274 0.00267759956155
275 0.000512792743121
276 0.0597877989592
277 0.00138145457225
278 0.000740432227313
279 0.000338587027417
280 0.00137174211248
281 0.000191568587541
282 0.00463996835083
283 0.000289108405488
284 0.000705831068086
285 0.00192171684038
286 0.000488099861849
287 0.000768987111699
288 0.000998018037507
289 0.00487509699415
290 0.00028853205491
291 0.00164321609433
292 0.00462581879834
293 0.00118441294956
294 0.00107195320892
295 0.00305385240621
296 0.000658393661115
297 8.16519088402e-05
298 0.000634859368306
299 0.000490415584105
300 0.000458578969324
301 0.0096308012487
302 0.00645536490602
303 0.00239460734426
304 0.000511865031429
305 0.000741003548476
306 0.00065608818962
307 0.000155170555908
308 0.000177471089177
309 0.0029013685329
310 0.000449573079379
311 0.000475825264193
312 0.000477560027385
313 0.00365273240459
314 0.015973045748
315 0.000148947967704
316 0.000280391308867
317 0.0113366186616
318 0.00262371612621
319 0.000535978379989
320 0.00120053245838
321 0.000613900072784
322 0.00052281473349
323 0.000487986932288
324 0.00207785259096
325 0.00623433922997
326 0.373567853364
327 0.0023256263978
328 0.00410750530007
329 0.00065608818962
330 0.000228469592337
331 0.000228469592337
332 0.000478324123429
333 0.000461872883964
334 0.00113835091951
335 0.000464476813317
336 0.00041784142851
337 0.000227409811134
338 0.000252593733493
339 0.292848928168
340 0.010361083519
341 0.00105850065601
342 0.0297097320357
343 0.00554833093201
344 0.000500030401848
345 0.000842872008325
346 0.150767319738
347 0.00780656880831
348 9.77806809568e-05
349 0.00247408639017
350 0.000831336495672
351 0.00179166316732
352 0.000985095115646
353 0.0028669552005
354 0.00167847222222
355 0.154865693022
356 0.000875731556239
357 0.000618037363939
358 0.0144006944444
359 0.00193126746969
360 0.00464019211474
361 0.000258060353865
362 0.000441880752728
363 0.00119226105829
364 0.000187974203478
365 0.00119113692165
366 0.000120592656378
367 0.00224053982422
368 0.00107645452636
369 0.0139552418471
370 0.0138236182927
371 0.000808474322442
372 0.050536509427
373 0.000176899063476
374 0.00273977613392
375 0.0212403853034
376 0.00016442246226
377 0.00107273429522
378 0.00020777534291
379 0.000475065159937
380 0.000884356712377
381 0.00402873613416
382 0.000477560027385
383 0.000777888195783
384 0.000479669783647
385 0.00251337986854
386 0.00137174211248
387 0.00118650214764
388 0.00118650214764
389 0.00203578781003
390 0.00106140332917
391 0.000462879301815
392 0.000122773766315
393 0.000777765432295
394 0.00156910772601
395 0.00041717395019
396 0.0017915825855
397 0.00127085618466
398 0.00280171855227
399 0.0834761174911
400 0.00170680036721
401 0.00484991969336
402 0.00212791495199
403 0.0217683418436
404 0.0010294832566
405 0.00198429720292
406 0.00489650187411
407 0.211762863184
408 0.000413482960272
409 0.00122150748574
410 0.000222766763199
411 0.000250955788648
412 0.00046208363492
413 0.000434027777778
414 0.000250955788648
415 0.000916536958189
416 8.16519088402e-05
417 0.000426100496591
418 0.00157599804406
419 0.000819884703714
420 0.000747840420012
421 0.00570423877066
422 0.0903795265242
423 0.000222766763199
424 0.000636245839185
425 0.00145432347027
426 0.0005125
427 0.000602912888602
428 0.00751200139601
429 0.00217265628524
430 0.070329416379
431 0.000773948150193
432 0.00190803918391
