1 0.271257480513
2 0.00261892263957
3 0.000214340818582
4 0.0009
5 0.00104746714504
6 0.000584573252173
7 0.000272664292233
8 0.000223182955099
9 8.11861092547e-05
10 0.00243608255573
11 0.00551351923178
12 0.00114693411943
13 0.0016729329071
14 0.0106755003396
15 0.142552547664
16 0.00284444444444
17 0.000368397395847
18 0.00129353018205
19 0.000589025410666
20 0.00227857162853
21 0.00102036879719
22 0.00030566893424
23 0.00384602434069
24 0.000580076551542
25 0.258778121887
26 0.000298140373977
27 0.00050817924661
28 0.000725006978752
29 0.00055068315107
30 0.00105948484185
31 0.00068449161709
32 0.000660804864555
33 0.0150852234316
34 0.358715533004
35 0.0283726616737
36 0.00552915576614
37 0.00131141410898
38 0.00158635855098
39 0.000257871283512
40 0.0249293745197
41 0.202940173849
42 0.00120377485976
43 0.000505624426079
44 0.000482609085097
45 0.0340690892427
46 0.00134316493517
47 0.00619445733578
48 0.000297039659197
49 0.000560748738383
50 0.0065875512013
51 0.00402406712148
52 0.0720627219624
53 0.0017457296125
54 0.000492848108241
55 0.00188111833346
56 0.000539828084189
57 0.00167572928422
58 0.000198798083803
59 0.00243489364282
60 0.00178693270558
61 0.000725006978752
62 0.00114136766999
63 0.000222355002747
64 0.00104808239739
65 0.0794321256186
66 0.00406697935113
67 0.000756355045664
68 0.00762838237257
69 0.00104089127474
70 0.0141449188086
71 0.000539438085328
72 0.000563905848609
73 0.0045940512771
74 0.00215926186656
75 0.000509096951609
76 0.00762202250402
77 0.00488240881237
78 0.00207380356822
79 0.00249221775945
80 0.0117506570641
81 0.000809283950617
82 0.00023757808529
83 0.000773185617161
84 0.238431456024
85 0.000166605729163
86 0.000506249676518
87 0.000470950279707
88 0.00105376048577
89 0.000232199546485
90 0.000532933492696
91 0.00234903695355
92 0.000619786638945
93 0.00612778355879
94 0.0039877886011
95 0.0943250880038
96 0.00166483213166
97 0.0038868900732
98 0.0110410811235
99 0.00283721527968
100 0.00552226243582
101 0.00384077496899
102 0.000526049995792
103 0.000358700642792
104 0.000554154652594
105 0.000665797608065
106 0.00171173672364
107 0.00187191783151
108 0.000996084507586
109 0.00144817259897
110 0.000597059520471
111 0.00394837977921
112 0.000222766763199
113 0.00145924378912
114 0.000671380828017
115 0.000252593733493
116 0.00285941810807
117 0.0424916295755
118 0.00683359182844
119 0.00670756554318
120 0.000237599355512
121 0.00165441157977
122 0.00346803559217
123 0.000297265160523
124 0.000165158626474
125 0.00441933214482
126 0.000209280956414
127 0.000178371855151
128 0.00621353934618
129 0.00416233090531
130 0.000891067052796
131 0.00461343201365
132 0.0133185655403
133 0.0155286864772
134 0.00199108054692
135 0.0331319096987
136 0.000620741782028
137 0.000208150219411
138 0.000266991328122
139 0.000266991328122
140 0.0009765625
141 0.000180474747282
142 0.00104746714504
143 0.000539828084189
144 0.000526049995792
145 0.000316611998328
146 0.000233196159122
147 0.00387075941999
148 0.0178092489316
149 0.00049504874855
150 0.000637421964176
151 0.00323814939908
152 0.000646804423935
153 0.000538509944509
154 0.000221977308219
155 0.00319080400315
156 0.0337901357906
157 0.00293092169176
158 0.0085554458414
159 0.0409941152003
160 0.0348871555005
161 0.0176123514771
162 0.000134640224814
163 0.000384775394375
164 0.000203189932536
165 0.000328363587226
166 0.00527023034134
167 0.000350196272144
168 0.00035858755662
169 0.000539828084189
170 0.000291094397343
171 0.00051100127551
172 0.00114693411943
173 0.000161692155969
174 0.0712663640846
175 0.00136413440467
176 8.50225164908e-05
177 0.0015585762772
178 0.0118682575894
179 0.00308808502073
180 0.0159231003353
181 0.000298121215258
182 0.00840442577232
183 0.00103316326531
184 0.00135220958254
185 0.000540691809124
186 0.000251399390021
187 0.00190295631389
188 0.00998808863904
189 0.00445866666667
190 0.00185644444444
191 0.0185116726324
192 0.000320148737657
193 0.000708110121915
194 0.000272664292233
195 0.00380344593315
196 0.000646804423935
197 0.000272664292233
198 0.000228701298237
199 0.000277338412102
200 0.00305980133702
201 0.00121629665278
202 0.000576444444444
203 0.000492076001729
204 0.000705682609243
205 0.00725074421528
206 0.0144009576448
207 0.0126391145722
208 0.00142669296515
209 0.00114544524801
210 0.000924933079823
211 0.000248867375157
212 0.000232199546485
213 0.000825445242447
214 0.000550003696025
215 0.00140770975057
216 0.00173906745134
217 0.771200215956
218 0.0115271755861
219 0.00243489364282
220 0.000301633745029
221 0.000149861056556
222 0.000536261553641
223 0.00286232067415
224 0.000831101371642
225 0.000915683807123
226 0.00195222139378
227 0.000447372957596
228 0.00385076113745
229 0.00159764219771
230 0.00264253802358
231 0.0256455718646
232 0.0225601202137
233 0.000573152965661
234 0.00175364005468
235 0.000775116219008
236 0.000419226463453
237 0.000146627249812
238 0.000470950279707
239 0.000487168627246
240 6.94444444444e-05
241 0.00441208677721
242 0.0436403611127
243 0.00095166797044
244 0.00285394968241
245 0.00106550435826
246 7.52337751941e-05
247 0.00455948499308
248 0.00134316493517
249 0.00106676987448
250 0.000566893424036
251 0.000266507937166
252 0.000221159608125
253 0.00100717095649
254 0.00250618428954
255 0.0102569221797
256 0.000523303003118
257 0.00364083610477
258 0.000869307994615
259 0.000265470941302
260 0.00132231404959
261 0.000805021197199
262 0.000476726225663
263 0.000485587085651
264 0.0033042496916
265 0.011499716099
266 0.000536694101509
267 7.77022392634e-05
268 0.00120811771441
269 0.000691620870551
270 0.000226554887789
271 0.00105140409091
272 0.000869307994615
273 0.000101135802469
274 0.0462242441532
275 0.000535836762689
276 0.00023944120409
277 0.000340828402367
278 0.000476726225663
279 0.00278380202383
280 0.00104746714504
281 0.000250459583552
282 0.000130529355962
283 0.000487176365555
284 0.000565396676375
285 0.00104808239739
286 0.0765346244704
287 0.000556033648257
288 0.00356409222827
289 0.0165117362975
290 0.00185447963479
291 0.00832128029587
292 0.000774614398889
293 0.0123994013437
294 0.00128313655603
295 0.000672756049656
296 0.000449119227293
297 0.00193950222462
298 0.00112986371019
299 0.000588811742874
300 0.00510852577381
301 0.000808786789189
302 0.046720718286
303 0.00441531333252
304 0.000220336076818
305 0.000219478737997
306 0.000965581415575
307 0.00151249276424
308 0.000271945335942
309 0.000297265160523
310 0.000505460468976
311 0.000758671598813
312 0.00190539588065
313 0.0535220464294
314 0.119701681125
315 0.00132620027435
316 0.00573285197453
317 0.00301274827959
318 0.00253115234752
319 0.00146088526848
320 0.000999375650364
321 0.0031521955636
322 0.00302544137619
323 0.00438164808407
324 0.00064974908889
325 0.000326204289901
326 0.00870182668746
327 0.000584573252173
328 0.00137348900722
329 0.00117338739134
330 0.000725566397717
331 0.000221113583284
332 0.000940305134821
333 0.000725745020809
334 0.000693630332037
335 0.0190350500929
336 0.054270074416
337 0.00544299757849
338 0.00117431297768
339 0.00134269387755
340 0.0236028773817
341 0.000790289256198
342 0.0009
343 0.00341610892183
344 0.000265470941302
345 0.000896075382342
346 0.000579098741893
347 0.0128202479339
348 0.0253776887554
349 0.164402614343
350 0.000272664292233
351 0.000599554315304
352 0.00106550435826
353 0.00051223412437
354 0.000266507937166
355 0.000178670011146
356 0.00100959032912
357 0.00333040351058
358 0.00134224854055
359 8.01960347516e-05
360 0.000426213671719
361 0.00104746714504
362 0.000229134239547
363 0.0036
364 0.00209321201247
365 0.0086856184637
366 0.000277924525777
367 0.00666583224958
368 0.274108112153
369 0.000593020592207
370 0.00376549586777
371 0.0015283312918
372 0.000682469592959
373 0.00376549586777
374 0.00529511849855
375 0.0246781058954
376 0.0962976902096
377 0.0641681460251
378 0.00782519665677
379 0.0180656723321
380 0.00235056979131
381 0.000965581415575
382 0.00147366538655
383 0.000575088931335
384 0.0009765625
385 0.000483643493308
386 0.000434027777778
387 0.0064311547116
388 0.00510041444078
389 0.00221899905135
390 0.00193562348903
391 0.000944793796536
392 0.200611980594
393 0.000511362607515
394 0.011125529908
395 0.000590938063186
396 0.00310709922459
397 0.000751096434819
398 0.000251632997501
399 0.00525477970265
400 0.00214496803542
401 0.000678102922116
402 0.113776945388
403 0.000241168104809
404 0.000208526111379
405 0.00453988191757
406 0.000264931092044
407 0.000281939184674
408 0.00892236866675
409 0.000546114580408
410 0.000305515994772
411 0.00384077496899
412 0.000234876176216
413 0.000252449315231
414 0.000174667265655
415 0.00050817924661
416 0.000476726225663
417 0.00140553279996
418 0.0128302690309
419 0.000509096951609
420 0.000589381077992
421 0.00132498944405
422 0.00273756503642
423 0.00126544704651
424 0.000240141781782
425 0.000459731722563
426 0.000291075302995
427 0.00173979176098
428 0.000245577447549
429 0.00981927776355
430 0.000576
431 0.00699237143889
432 0.0603923498682
