1 0.000435660207253
2 0.000551037051731
3 0.0905249625036
4 0.00580407940745
5 0.0125879400652
6 0.000709008788208
7 0.000314816894938
8 0.00166736111111
9 0.0010150314275
10 0.000265470941302
11 0.0110706994329
12 0.000249460069402
13 0.336285249248
14 0.014182229889
15 0.00978436193477
16 0.0168726797317
17 0.00696506639136
18 0.00174119365914
19 0.000804788491525
20 0.00219383641659
21 0.000571237419067
22 0.00339090621077
23 0.00273484923946
24 0.000330917167404
25 0.00184062814206
26 0.00141634871083
27 0.00232005432322
28 0.00627588918803
29 0.0989949448968
30 0.000249097668605
31 0.000413388199239
32 0.00301421934808
33 0.00411482336212
34 0.000270985066651
35 0.000404395737505
36 0.000203423208926
37 0.00103848735452
38 0.00020075341576
39 0.000805087293329
40 0.00146928817876
41 0.0372124968564
42 0.00952964544772
43 0.011502093441
44 0.000469060656641
45 0.0122698224852
46 0.00241787811656
47 0.00397960520569
48 0.00115673697899
49 0.0016613100704
50 0.000413786437206
51 0.000308652797209
52 0.000394301616132
53 0.000775761880165
54 0.000161249685059
55 0.00125330853587
56 0.00173053467139
57 0.00384306644653
58 0.00201437114198
59 0.00553683729764
60 0.000310504764307
61 0.00218790280732
62 0.00960562270168
63 0.000589236189949
64 0.00141634871083
65 0.00189708641975
66 0.000393675988914
67 0.000251420574974
68 0.00120940058359
69 0.000652804313344
70 0.000521256854528
71 0.000205671077505
72 0.00399154525229
73 0.231404572949
74 0.00331842365155
75 0.00479456548669
76 0.00187466378442
77 0.0276059929075
78 0.00167355371901
79 0.000911805555556
80 0.000443732129596
81 0.00162605083759
82 0.00053638816803
83 0.00297967175478
84 0.000816956412195
85 0.00695203348284
86 0.154175735243
87 0.0044558928585
88 0.00847025859229
89 0.00102218197994
90 0.000322876207449
91 0.000457352434322
92 0.000554652741726
93 0.00019615689413
94 0.00068528823223
95 0.00185073701883
96 0.000624749875499
97 0.00128112239696
98 0.00137130373617
99 0.000965020933305
100 0.0472213450685
101 0.00206651300046
102 0.000193572778828
103 0.000640022440293
104 0.000429719836418
105 0.00106426589651
106 0.000434027777778
107 0.00284444444444
108 0.168099435057
109 0.0621510889298
110 0.00644115745023
111 0.000551918711014
112 0.000488601513023
113 0.000539828084189
114 0.00177170318071
115 0.000394301616132
116 0.000177777777778
117 0.00173202155705
118 0.000211955446303
119 0.000349636853179
120 0.000798762496415
121 0.0032077688151
122 0.00498039944373
123 0.00177035739469
124 0.00596265505713
125 0.00121373569199
126 0.00354620495729
127 0.00600235895177
128 0.00191629506893
129 0.00434442656151
130 0.00201511493386
131 0.00100678003912
132 0.000212270093222
133 0.000347036364969
134 0.0210685928225
135 0.0068247707332
136 0.0110415840111
137 0.00898025734246
138 0.000534601030004
139 0.000550720409272
140 0.00132129041857
141 0.00090267260432
142 0.000172777791259
143 8.08990638227e-05
144 0.00112986371019
145 0.000652804313344
146 0.00165081172358
147 0.00121373569199
148 0.00050635126519
149 0.00172520074855
150 0.00307336809073
151 0.0162121981902
152 0.0151443190983
153 0.00259511371122
154 0.00426703954214
155 0.0032073164071
156 0.00456979785969
157 0.00145633776846
158 0.0010979649959
159 0.00044148742799
160 0.000318422499275
161 0.00055200846988
162 0.00246629545953
163 0.00064158429518
164 0.000111912004249
165 0.00130937993076
166 0.000840588458036
167 0.0013135263121
168 0.000817623831211
169 0.000230003818423
170 0.000278550993208
171 0.00315727564728
172 0.00227433752146
173 0.00208827769821
174 0.0189704755939
175 0.00239096619959
176 0.00173311610524
177 0.000421276197693
178 0.000430373335748
179 0.000266745608592
180 0.000945848257423
181 0.000394301616132
182 0.0015315986323
183 0.00231683960922
184 0.00299874347398
185 0.00246763771332
186 0.00285152229659
187 0.171931454595
188 0.00144288621119
189 0.00100662661333
190 0.000341921676412
191 0.00115780032233
192 0.000490334141142
193 0.000457352434322
194 0.000355617164522
195 0.00120940058359
196 0.000314816894938
197 0.00278839765165
198 0.00047258979206
199 0.00129341188282
200 0.00119033003123
201 0.00321345382739
202 0.101276115009
203 0.000609061470382
204 0.000630715299045
205 0.00800029808106
206 0.000402572340639
207 0.000495217573069
208 0.00456979785969
209 0.0014866837725
210 0.000948366007811
211 0.00224125827005
212 0.00894916796359
213 0.0100549126248
214 0.0143220322537
215 0.000836638983071
216 0.00826552091244
217 0.000575248409801
218 0.000212639378468
219 0.00169421487603
220 0.00215926186656
221 0.00480110291454
222 0.00241622837133
223 0.000393675988914
224 0.00512914324311
225 0.000235326777889
226 0.000953987919586
227 0.000484688090737
228 0.00150206342925
229 0.00368415152288
230 0.00368799243149
231 0.00068528823223
232 0.000316554308818
233 0.00137243861731
234 0.00242553875374
235 0.0012314034892
236 0.00268554280732
237 0.00130503055681
238 0.00066553230269
239 0.00208756460013
240 0.000535879194072
241 0.000228701298237
242 0.0261726948491
243 0.0010019704622
244 0.000507161427214
245 0.000709008788208
246 0.000539828084189
247 0.00131407338679
248 0.000517469351325
249 0.000939504704863
250 0.000142146095091
251 0.000880358694585
252 0.000266507937166
253 0.00238980936717
254 0.000669307128204
255 0.000658907698267
256 0.322672495956
257 0.00155911979448
258 0.000269134719896
259 0.0183856467515
260 0.00468068179533
261 0.000834343412183
262 0.0036430489449
263 0.00129438502116
264 0.000633098172376
265 0.000591177450653
266 0.00151234567901
267 0.000882294073516
268 0.000973931378762
269 0.00208681369125
270 0.0145719387755
271 0.00206829491514
272 0.0235080753337
273 0.000177777777778
274 0.0140005090849
275 0.000694077450419
276 0.000309785641206
277 7.40323695111e-05
278 0.000386689635984
279 0.000648122415288
280 0.000265470941302
281 0.000652804313344
282 0.000648122415288
283 0.00173159880344
284 0.000390570076083
285 0.000948366007811
286 0.00317422754038
287 0.00710195543145
288 0.0122651349465
289 0.00166736111111
290 0.0015921919596
291 0.000609061470382
292 0.000891898853967
293 0.0036659258577
294 0.000200840864212
295 0.00669421487603
296 0.00104149438503
297 0.000217861957217
298 0.00121057522833
299 0.392088888758
300 0.0108764295028
301 0.00123734634619
302 0.000213506807615
303 0.00110292615841
304 0.000561532759821
305 0.000201912489865
306 0.000656113609115
307 0.000342643597272
308 0.00110377718168
309 0.000394301616132
310 0.00101675687507
311 0.00314168008378
312 0.00124308438394
313 0.00513443727412
314 0.00068528823223
315 0.000986815054412
316 0.00181362062324
317 0.00288897333347
318 0.000660280894497
319 0.00289320764463
320 0.0016351882713
321 0.00134372435414
322 0.000535974607376
323 0.000169763074409
324 0.000828858821142
325 0.000234933182239
326 0.000427939646202
327 0.0471549835595
328 0.00214941396286
329 0.000872162862955
330 0.000214532020482
331 0.00157193036931
332 0.000217224462349
333 0.00258409507148
334 0.000255488766977
335 0.0013135263121
336 0.000827717952584
337 0.000625
338 0.00118451791218
339 0.000120210679778
340 0.000305244060411
341 0.00669295362581
342 0.00856374251674
343 0.0013532676821
344 0.00319154333559
345 0.00864215693834
346 0.00635223758199
347 0.00467886606648
348 0.00280540792876
349 0.0103286941862
350 0.00394840797723
351 0.000844259454868
352 0.000574528266331
353 0.00173094162648
354 0.0529827003291
355 0.00902445736018
356 0.011819563562
357 0.000225202661697
358 0.00157193036931
359 0.00114008847484
360 0.000753556324491
361 0.000501109711756
362 0.00120940058359
363 0.000314816894938
364 0.0004581359073
365 0.000814725752038
366 0.00023397884685
367 0.00136694599664
368 0.153281007233
369 0.00238980936717
370 0.0794076235897
371 0.00811103150411
372 0.377933200852
373 0.000551918711014
374 0.00711889692131
375 0.00174090368609
376 0.0107114149822
377 0.000577706601663
378 0.000980102040816
379 0.00724309642372
380 0.0015921919596
381 0.000468837865654
382 0.00102918863861
383 0.000561900147763
384 0.00621912186722
385 0.000589236189949
386 0.000170039899597
387 0.00045039072296
388 0.000199039779417
389 0.000548311437514
390 0.00060309324111
391 0.0009
392 0.000128949000167
393 0.000493739135373
394 0.00051605010393
395 0.0013077163982
396 0.414578851888
397 0.00254828701407
398 0.00795846070322
399 0.000671596828495
400 0.000154231383365
401 0.000423553719008
402 0.0168221759333
403 0.000218190779755
404 0.000213084911274
405 0.0542199150467
406 0.0285171177525
407 0.002629322224
408 0.000686384693402
409 0.00142211013952
410 0.00107495593655
411 0.000167031613343
412 0.000544880261473
413 0.000606663592904
414 0.0035893569903
415 0.000255488766977
416 0.000653308020376
417 0.000939504704863
418 0.000280694059922
419 0.0348861013316
420 0.0155558884002
421 0.000115620302925
422 0.000829883297661
423 0.00232955463192
424 0.0043614521109
425 0.0119263501867
426 0.00117181889184
427 0.00068528823223
428 0.00153671272049
429 0.00661421118782
430 0.000545505916314
431 0.00108348888622
432 0.00131697553138
