1 0.00459930847734
2 0.0161122841654
3 0.000413786437206
4 0.000840656839747
5 0.00229718847379
6 0.00171255200716
7 0.00116529278318
8 0.001476970396
9 0.000128219961344
10 0.00459121571915
11 0.0257858464747
12 0.000514655748828
13 0.00175488799224
14 0.00288602255697
15 0.00298390009229
16 0.592461266799
17 0.000592331614238
18 0.000561532759821
19 0.000892910963051
20 0.0100864818133
21 0.00734485688493
22 0.000769228942951
23 0.00024026230991
24 0.0209633428611
25 0.00415671192432
26 0.00523038903061
27 0.00146774655972
28 0.00107123762881
29 0.00143180716597
30 0.00100701776034
31 0.000596046447754
32 0.000222766763199
33 0.00037659053034
34 0.00616132256824
35 0.00116969992992
36 0.000102193653709
37 0.00124781471185
38 0.00140040888482
39 0.000363817768338
40 0.00173264798952
41 0.000465278672147
42 0.00163082526446
43 0.00179762384603
44 0.00083072
45 0.000922929017786
46 0.00140581041885
47 0.00201717073531
48 0.0148255975694
49 0.00508749473444
50 0.00114919812177
51 0.00090494309671
52 0.00398690403925
53 0.00731115099537
54 0.000969815974426
55 0.00157512013711
56 0.00283970962305
57 0.000671304397658
58 0.000684907619815
59 0.00118955587768
60 0.000599715432479
61 0.000222766763199
62 0.00325238702088
63 0.000294406876373
64 0.00347936885472
65 0.000840656839747
66 0.000530909554248
67 0.000567403119093
68 0.000426142127461
69 0.00305352079395
70 0.000766630931165
71 0.00342148335549
72 0.507513972137
73 0.00703697806615
74 0.00276010380372
75 0.000741798324698
76 0.0010931902579
77 0.048746031923
78 0.0101564239589
79 0.000434722222222
80 0.000255393305691
81 0.00216950512513
82 0.000741873457585
83 0.000433305301369
84 0.000359380966286
85 0.000211733496582
86 0.00059700012207
87 0.000436920091166
88 0.00037659053034
89 0.000561532759821
90 0.00173183462851
91 0.000795249099029
92 0.0129451086232
93 0.000384467512495
94 0.000882682809752
95 0.000349114422392
96 0.412515555349
97 0.000507381704213
98 0.000471239694135
99 0.000358801018575
100 0.00188439641265
101 0.000142997267412
102 0.000969252209753
103 0.000306495147078
104 0.00374893584367
105 0.000536664629329
106 0.0234267550855
107 0.00117743175702
108 0.073191796875
109 0.458084673028
110 0.0161240658268
111 0.00093432320319
112 0.00208383784323
113 0.000499831091983
114 0.000552073322404
115 0.00102907558083
116 0.000586841235503
117 0.00143412345506
118 0.000459367669199
119 0.00079723183391
120 0.0094770673618
121 0.000858405985899
122 0.0100127314265
123 0.000300156225312
124 0.00370074438686
125 0.00115308015516
126 8.91859275755e-05
127 0.00184749153586
128 0.00120256299682
129 0.00168689615992
130 0.00152244229412
131 0.0679066306721
132 0.00348637371628
133 0.000993957630615
134 0.00324973591562
135 0.0006423205551
136 0.0022964023135
137 0.00169835490878
138 0.000244140625
139 0.000434027777778
140 0.00301432469861
141 0.00277743808512
142 0.00393351867814
143 0.0942370606355
144 0.0230252138031
145 0.00829841454252
146 0.000927943065649
147 0.00782922116396
148 0.000835066972232
149 0.000411772552158
150 0.00103376595642
151 0.000558276729094
152 0.000558702244894
153 0.000499709092692
154 0.00226467686488
155 0.000451338743483
156 0.000314410416331
157 0.0004860197394
158 0.000442803070761
159 0.000376745688824
160 0.00211289419865
161 0.000453765624453
162 0.00228085374797
163 0.000437368582217
164 0.000384467512495
165 0.00165800636903
166 0.0023386544547
167 0.153813225791
168 0.0267991682672
169 0.000427079475009
170 0.000359380966286
171 0.00148066980013
172 0.0043173188332
173 0.000470950279707
174 0.000513046404419
175 0.00232211254832
176 0.00164434068157
177 0.001779872063
178 0.000443482963764
179 0.00836788854295
180 0.00225054083288
181 0.420966641615
182 0.00179932568093
183 0.000438457666783
184 0.000182095931254
185 0.000222766763199
186 0.00250391083241
187 0.000236080667453
188 0.00143412345506
189 0.000309522241278
190 0.000226129232857
191 0.0048660561401
192 0.000426178690929
193 0.0318487110444
194 0.021306915012
195 0.00253985413328
196 0.0057172102704
197 0.00254812809478
198 0.000543864167966
199 0.000424074973741
200 0.00680486118197
201 0.00144407398756
202 0.00113980960958
203 0.000544691253056
204 0.00057389612936
205 0.00143131962981
206 0.000174562791805
207 0.000386390378458
208 0.00082109169847
209 0.000663698956547
210 0.00521773459964
211 0.0503373381141
212 0.00698117175279
213 0.000558702244894
214 0.000394309880815
215 0.000430433360307
216 0.000258808173866
217 0.00118906064209
218 0.000187331557098
219 0.000218829872904
220 0.00156847367905
221 0.000561532759821
222 0.000309522241278
223 0.000286266431651
224 0.000840656839747
225 0.00125560799604
226 0.000493228685749
227 0.00144730623819
228 0.000622403948807
229 0.00285658767122
230 0.0147611145078
231 0.00220393828707
232 0.000283966559157
233 0.00337284791552
234 0.000430433360307
235 0.00103376595642
236 0.00195413221807
237 0.00123137654327
238 0.000579886820173
239 0.00899195406323
240 0.0182358876101
241 0.0169169700765
242 0.00593869204558
243 0.000456479552778
244 0.000642446818939
245 0.000142027521778
246 0.000201197122881
247 0.000880812359102
248 0.000392588662162
249 0.00337284791552
250 0.000231317497723
251 0.00135115363066
252 0.00823531543045
253 0.0282530352414
254 0.00176867333401
255 0.0175245425584
256 0.00705047950235
257 0.012992986092
258 0.000494724212372
259 0.001001274173
260 0.00135188902848
261 0.0026813018475
262 0.0160519628996
263 0.00197454003631
264 0.000377348481926
265 0.00210812446367
266 0.00108682526265
267 0.00787142499555
268 0.0011429752136
269 0.00113197659184
270 0.000594708208548
271 0.000383109953421
272 0.00021507526374
273 0.00186709343088
274 0.000561532759821
275 0.00170393540696
276 0.00278380202383
277 0.00102907558083
278 0.000168837876738
279 0.000514655748828
280 0.015062713966
281 0.00743145379223
282 5.96948724053e-05
283 0.0438586308154
284 0.0011364293288
285 0.000269097760418
286 0.00802158228053
287 0.00175696511169
288 0.00272741332336
289 0.00120053245838
290 0.00215615642719
291 0.0043568713307
292 0.00065013440119
293 0.000803703982084
294 0.000282800551717
295 0.00458879516241
296 0.00252977728176
297 0.000837668389622
298 0.000237142214
299 0.00104445716061
300 0.000593724944807
301 0.000642446818939
302 0.000218829872904
303 0.00125550251101
304 0.000491989839545
305 0.000468554768846
306 0.000853413219029
307 0.00541788324491
308 0.0232489895882
309 0.00161028936256
310 0.000913653408118
311 0.0154547140145
312 0.00194762916238
313 0.00125820147465
314 0.000617779060395
315 0.000447372957596
316 0.0034729641274
317 8.43613777795e-05
318 0.0297228438595
319 0.0151216743938
320 0.023726543959
321 0.0116433731818
322 0.00308921294083
323 0.000427853883631
324 0.000253361901847
325 0.0019140625
326 0.00163248648097
327 0.00156847367905
328 0.000491203913284
329 0.00102907558083
330 0.00102907558083
331 7.72476196289e-05
332 0.0012258482377
333 0.00115544776461
334 0.00108429752066
335 0.000350102221204
336 0.00514733057757
337 0.000201554330308
338 0.0237798658676
339 0.00446998679461
340 0.000313037014999
341 0.0364716998793
342 0.0005789604834
343 0.000858027556191
344 0.0036149870174
345 0.00436384232483
346 0.000537078722407
347 0.00525679567397
348 0.0149334528583
349 0.161395811716
350 0.139805929457
351 0.0167238008823
352 0.00313882415711
353 0.00228977203369
354 0.000956530980976
355 0.000956530980976
356 0.0032829677163
357 0.00117104483222
358 0.000425258766588
359 0.000350102221204
360 0.000491203913284
361 0.00350127796646
362 0.000440283158359
363 0.00895013635188
364 0.000550003696025
365 0.000249465641643
366 0.000642446818939
367 0.000980149029889
368 0.0587245589392
369 0.000464731018355
370 0.000926766841326
371 0.0006743948624
372 0.0236656299299
373 0.0020665899827
374 0.000317493263162
375 0.0354483308817
376 0.0003047722324
377 0.00085385393827
378 0.00110959261754
379 0.000542591577837
380 0.00201717073531
381 0.000892910963051
382 0.0188419305319
383 0.00198987319225
384 0.00163720805907
385 0.0671871341286
386 0.000445085367373
387 0.00142623593186
388 0.00112775673869
389 0.00315327793167
390 0.000642446818939
391 0.000922929017786
392 0.000453413367984
393 0.000916729680043
394 0.0102299051685
395 0.0165640503121
396 0.060561573993
397 0.00261615225534
398 0.00285452383536
399 0.032983988144
400 0.0032800403587
401 0.000276623977248
402 0.00762156714538
403 0.00128528001513
404 0.00147574035617
405 0.000997216760548
406 0.0031257946965
407 0.00103316326531
408 0.0361550446922
409 0.00154688
410 0.00142740520322
411 0.000945667571256
412 0.000590375609185
413 0.00327827718117
414 0.000248727577615
415 0.00202848496044
416 0.0022964023135
417 0.000840656839747
418 0.000836115546523
419 0.000846437960678
420 0.00339834710744
421 0.00511710384467
422 0.0123082566281
423 0.00507599358214
424 0.00542231404959
425 0.000563162644935
426 0.00341435733
427 0.00527497913931
428 0.00114286888833
429 0.000783153498086
430 0.00170049952173
431 0.000442840299743
432 0.000830768698225
