1 0.00156910772601
2 0.00336470554644
3 0.000725549547098
4 0.000524124837312
5 0.000111859887501
6 0.000172562088648
7 0.0023120852175
8 0.000482494673987
9 0.000533625925729
10 0.000123933464279
11 0.000675027955431
12 0.000221154408803
13 0.000277966838707
14 0.00904202002732
15 0.00777334369591
16 0.00884995400755
17 0.00173405667832
18 0.000977809308044
19 0.000403296980747
20 0.000242995129377
21 0.00119456908106
22 0.00151957312716
23 0.00734868794604
24 0.0122709342758
25 0.00027564354622
26 0.000490707692624
27 0.00252264402307
28 0.0117983240324
29 0.000426020728632
30 0.00366963443095
31 0.0132267190311
32 0.00156910772601
33 0.00195095456305
34 0.000463747789068
35 0.000176338022573
36 0.000550003696025
37 0.00026506355191
38 0.000270099359696
39 0.00116660485581
40 0.278615356979
41 0.000426020728632
42 0.000805360185005
43 0.00126392436334
44 0.00349868969971
45 0.0010862716623
46 0.00080141351048
47 0.00393617762874
48 0.000520306089829
49 0.00278236162872
50 0.0124596289627
51 0.00463763472115
52 0.011840994181
53 0.000247026881216
54 0.00406342756464
55 0.000242716375486
56 0.000370963031902
57 0.000165188109872
58 0.000243664486328
59 0.0023819066364
60 0.0018207808868
61 0.000603045636717
62 0.000204081632653
63 0.0197967308565
64 0.0339682973947
65 0.000865051903114
66 0.0135262208623
67 0.00383490446932
68 0.00137219558095
69 0.000363655433839
70 0.00126215311692
71 0.00237190533054
72 0.00714840254393
73 0.000190800689147
74 0.00116030570503
75 0.00174514839169
76 0.000766461428862
77 0.000576806450888
78 0.00241607299586
79 0.00382668274839
80 0.00483259352367
81 0.00238316748326
82 0.777161348824
83 0.0211914796028
84 0.000212341697606
85 0.00231909241164
86 0.000212729005683
87 0.000270348454964
88 0.000306031367132
89 0.00685276961537
90 0.00450706657603
91 0.00461337957235
92 0.00126199237105
93 0.00777334369591
94 0.000489693179001
95 0.00277177854891
96 0.00399299621652
97 0.000232334862871
98 0.0975255642241
99 0.00211047513978
100 0.000243227666155
101 0.000910083179645
102 0.00062128417503
103 0.0118007705329
104 0.0039366910918
105 0.00131565896809
106 0.00203250462474
107 0.00127046368003
108 0.00103475765306
109 0.0138223136486
110 0.000572331219523
111 0.000697603642558
112 0.000484231908407
113 0.00200927011073
114 0.000310468259186
115 0.00027082903446
116 0.00013220763949
117 0.000476610592597
118 0.000458445794529
119 0.000365312497078
120 0.000769228942951
121 0.00309629570994
122 0.00276166748903
123 0.000302009065917
124 0.000142997267412
125 0.016389351188
126 0.179404969113
127 0.00108877778911
128 0.00247554643159
129 0.0014127364887
130 0.00100954139735
131 0.000307038294378
132 0.00205968851411
133 0.000490707692624
134 0.00507353274609
135 0.00135530190606
136 0.000524124837312
137 0.000439262532345
138 0.00165631441603
139 0.000562598792348
140 0.000592569276089
141 0.000876589297286
142 0.000431865749868
143 0.00116414910477
144 0.000293039696704
145 0.000493218061371
146 0.0008749437151
147 0.0065305317657
148 0.000321738237304
149 0.00166809951093
150 0.00051841234767
151 0.146285062484
152 0.00177796177968
153 0.00228795627859
154 0.00674316692418
155 0.0456865851732
156 0.00293252098205
157 0.00027564354622
158 0.000713392139674
159 0.00359036308672
160 0.089512390348
161 0.103754789413
162 0.00137746960207
163 0.000439947809307
164 9.54140148279e-05
165 0.005175100137
166 0.000620029840796
167 0.00037793510987
168 0.000232794334013
169 0.000233086649962
170 0.000440392939802
171 0.00147234764329
172 0.385707450399
173 0.00480258922388
174 0.001151533485
175 0.00914976658219
176 0.00168416061323
177 0.000804856493561
178 0.00185740684057
179 0.00180357182958
180 0.000275203221067
181 0.00150861469802
182 0.00520129203139
183 0.021674792635
184 0.00102799181874
185 0.00120235342597
186 0.0101167143101
187 0.000502733636969
188 0.000228183386424
189 0.0011128268929
190 0.000918652207027
191 0.000715343905999
192 0.000312434318744
193 0.00165905546469
194 0.00382846417691
195 0.123125539036
196 0.00100249928642
197 0.0012337351834
198 0.00127046368003
199 0.000568333762454
200 0.00636601287914
201 0.00550205289216
202 0.000527558285741
203 0.000168335998653
204 0.001129476273
205 0.000935517844498
206 0.00157213293688
207 0.000173874299748
208 0.000362917631286
209 0.00140885954213
210 0.00217985800597
211 0.000754049086501
212 0.000914383821743
213 0.00195095456305
214 0.00718681529196
215 0.000597058534245
216 0.000449175955748
217 0.00183855842026
218 0.000370963031902
219 0.000261726309935
220 0.000561532759821
221 0.00120143769602
222 0.000254956270535
223 0.000638980248865
224 0.00027370782872
225 0.00138564588289
226 0.105499537985
227 0.000419319833746
228 0.00989710923357
229 0.0769264212385
230 0.0123805737022
231 0.00233228218202
232 0.0455905159194
233 0.00108766386239
234 0.00137589890438
235 0.00278917579243
236 0.00495093134688
237 0.000947789297705
238 0.000569059204009
239 0.00506771263243
240 0.00306181389567
241 0.0206452225779
242 0.00969365752264
243 0.199205889414
244 0.00267682850718
245 0.00127854183863
246 0.00359659413453
247 0.00125797762625
248 0.00518075559785
249 0.000455014036273
250 0.000339356066843
251 0.00116414910477
252 0.000448865268601
253 0.00924748265108
254 0.0952884308163
255 0.0123018724909
256 0.000657462195924
257 0.0277582604966
258 0.00164108834599
259 0.00352470217299
260 0.00142071937115
261 0.000550003696025
262 0.000406329871394
263 0.00646846279211
264 0.000269836986714
265 0.000528611612595
266 0.00157080006518
267 0.240679874922
268 0.00105931796647
269 0.00427561428274
270 0.00218097141634
271 0.00250288128695
272 0.000769228942951
273 0.000912768125637
274 0.000512792743121
275 0.000476610592597
276 0.00330650831592
277 0.00053168370377
278 0.000642955990165
279 0.000525920237345
280 0.000277966838707
281 0.00192681760204
282 0.0972403716888
283 0.000484231908407
284 0.000249460069402
285 0.000469864186527
286 0.00580493409497
287 0.000210860375971
288 0.00132498944405
289 0.000383264172036
290 0.00276099341837
291 0.0011183759336
292 0.00289367122274
293 0.000406870587526
294 0.00118225630331
295 0.00767963959532
296 0.00151918896775
297 0.00125400154116
298 0.000326293060243
299 0.000883198536895
300 0.00042829810096
301 0.0012530346934
302 0.000848672592647
303 0.00118770174675
304 0.0020452591557
305 0.000713392139674
306 0.000685287194545
307 0.000491203913284
308 0.000273205382146
309 0.00935968379513
310 0.00036169146016
311 0.00786653540603
312 0.0010862716623
313 0.248031391232
314 0.00111366045432
315 0.000571561813587
316 0.000204081632653
317 0.000483458375007
318 0.0227415948709
319 0.00214496803542
320 0.00116843784569
321 0.0227299550018
322 0.00152761139518
323 0.00435874494615
324 0.00947085912525
325 0.000713392139674
326 0.00174798192175
327 0.0011070072878
328 0.00161844365174
329 0.000306836722802
330 0.00179981634527
331 0.000242716375486
332 0.000678561031748
333 0.00231909241164
334 0.000306031367132
335 0.000240241614424
336 0.000234426867517
337 0.000759575355583
338 0.00267197287383
339 0.000291457830235
340 0.00185389373091
341 0.000235236553879
342 0.00536062466571
343 0.00455419910708
344 0.00118380656357
345 0.000301538646811
346 0.00639465818983
347 0.00258771939282
348 0.00202756086159
349 0.662507123534
350 0.000785759694051
351 0.00595989128764
352 0.000990052103426
353 0.0161219399163
354 0.000714548862592
355 0.00764361071202
356 0.000321647301503
357 0.000483805534845
358 0.00449610214464
359 0.000476978347684
360 0.000330244847505
361 0.000550883701938
362 0.000562598792348
363 0.000174687745655
364 0.000275848360477
365 0.000988539501535
366 0.000715988759179
367 0.0461899501385
368 0.00858675529499
369 0.00131726378609
370 0.0150170330828
371 0.00155881263841
372 0.00104238813639
373 0.0131232938321
374 0.0007524178515
375 0.00285394968241
376 0.0035994463012
377 0.00189837522115
378 0.0024128159807
379 0.000609663161103
380 0.000577706601663
381 0.00235871565112
382 0.0139001865462
383 0.0076741845508
384 0.00053385768123
385 0.00913058238726
386 0.00127854183863
387 0.00116439433077
388 0.00084902605895
389 0.00023944120409
390 0.000247513025856
391 0.000778799351001
392 0.000638980248865
393 0.00604696175792
394 0.00114062141032
395 0.00107645452636
396 0.00369495557846
397 0.000755247808413
398 0.000778346758041
399 0.000344976806519
400 0.000495834909408
401 0.000242995129377
402 0.00313902376418
403 0.00394267171444
404 0.00794669116262
405 0.00181061703204
406 0.0085497062361
407 0.00018765246763
408 0.00199516540096
409 0.000157231159285
410 0.000609061470382
411 0.00107302444691
412 0.000479002564781
413 0.000258031092245
414 0.000657462195924
415 0.000476978347684
416 0.000594167529847
417 0.000375578390722
418 0.00121955581526
419 0.00164025
420 0.0298290582719
421 0.00164603526161
422 0.000550422429737
423 0.00117761106845
424 0.00239364003482
425 0.0117904793025
426 0.00067500778747
427 0.00126601333174
428 0.00563107598741
429 0.000209938095741
430 0.000957998645661
431 0.00882095112864
432 0.0210794740687
