1 0.000578455825167
2 0.200183351392
3 0.000926574382061
4 0.00295240126715
5 0.000189520096098
6 0.00138848328008
7 0.000330146313885
8 0.000628511532082
9 0.000980718336484
10 0.000702757455411
11 0.00673241288626
12 0.000303089671868
13 0.000892546615933
14 0.0184113807148
15 0.00935781345724
16 0.0244860803004
17 0.00165329553142
18 0.00122120591294
19 0.00417126151483
20 0.000537826869658
21 0.00141886077367
22 0.000328655115367
23 0.0015621748179
24 0.000217768160754
25 0.000213559978361
26 0.000630030160804
27 0.0931087650686
28 0.246429241526
29 0.000273342477097
30 0.00241151147959
31 0.000194607452901
32 0.00054692100973
33 0.000519357924031
34 0.00161858025667
35 0.000578455825167
36 0.000170039899597
37 0.00104808239739
38 0.000537826869658
39 0.0024219449891
40 0.00111317158561
41 0.0433678070218
42 0.000991719422517
43 0.000616109188774
44 0.000250955788648
45 0.00240379388655
46 0.00166762434423
47 0.000789112125925
48 0.00767851540069
49 0.00600079349335
50 0.000429255252182
51 0.000888359055416
52 0.00353621557735
53 0.000662261724737
54 0.0426481174909
55 0.000980718336484
56 0.00312973739547
57 0.000191127439529
58 0.00147710835982
59 0.000757729217251
60 9.41541896188e-05
61 0.000220776616117
62 0.00150404750164
63 0.000444166955717
64 0.178264178824
65 0.00113164258162
66 0.0031865813531
67 0.00185632639203
68 0.000551595237522
69 0.00216963402257
70 0.000960289254488
71 0.00777936446933
72 0.0071501743495
73 0.000889494193851
74 0.0116006214551
75 0.000269097760418
76 0.00030830701054
77 0.00183818628337
78 0.000636106242858
79 0.00850546182461
80 0.00827354982958
81 0.00122675187679
82 0.0020700152207
83 0.00183818628337
84 0.00497315689981
85 0.000248489407654
86 0.00187701157243
87 0.00200907372401
88 0.000477560027385
89 0.000683497799991
90 0.000171153999154
91 0.000855241754275
92 0.00435860086388
93 0.000502724768244
94 0.00199599637364
95 0.00188313702959
96 0.000474729011942
97 0.048149399202
98 0.087436884144
99 0.000773788518035
100 0.00132601181244
101 0.000898501872919
102 0.000289324389783
103 0.00141562481326
104 0.000998323700356
105 0.00965106885604
106 0.00105722069405
107 0.00201347797502
108 0.012924385246
109 0.00051872518349
110 0.000984547087988
111 0.0494900338319
112 0.00206766888093
113 0.000248489407654
114 0.000183027038432
115 0.00112774103724
116 0.0015844409352
117 0.00320288063817
118 0.000477560027385
119 0.000489383275444
120 0.000231317497723
121 0.00255677741263
122 0.0009765625
123 0.00476471106983
124 0.00130057173091
125 0.000248469823439
126 0.000845002244427
127 0.000844650453318
128 0.000829788051588
129 0.00106140332917
130 0.00355770961802
131 0.00448154757642
132 0.000897339247575
133 0.00068449161709
134 0.000959028184773
135 0.000551063927196
136 0.00112442738297
137 0.0229463254088
138 0.00043547816199
139 0.000441353011793
140 0.000502724768244
141 0.000470950279707
142 0.00050789868788
143 0.00102728468113
144 0.000518380259821
145 0.00102748844859
146 0.000467696746926
147 0.00272063839355
148 0.00067564513478
149 0.000182306966476
150 0.00710005741731
151 0.026023997012
152 0.00398823882999
153 0.00352353975028
154 0.00448154757642
155 0.00337918701696
156 0.00586403307767
157 0.00529453771456
158 0.0021698867208
159 0.000467459768195
160 0.000213628194046
161 0.000488601513023
162 0.00533957313124
163 0.0418378166555
164 0.000210478900923
165 0.00164709478833
166 0.000758721392531
167 0.00126626405693
168 0.0015844409352
169 0.0018345946012
170 0.0018936486804
171 0.000990268472786
172 0.000449623887163
173 0.000892546615933
174 0.00162916693833
175 0.097911748331
176 0.000294627980465
177 0.000866467120715
178 0.00180118061761
179 0.00121669557174
180 0.000691936044436
181 0.00373530027403
182 0.0021695560462
183 0.000235808980854
184 0.000158807960004
185 0.108746958253
186 0.326255026483
187 0.00297489698888
188 0.000990268472786
189 0.00271354482529
190 0.000524124837312
191 0.0107840236686
192 0.000406477627471
193 0.000702757455411
194 0.000683497799991
195 0.000347582969844
196 0.000209280956414
197 0.00283386147578
198 0.000909594488634
199 0.00701441321628
200 0.00461275079102
201 0.00277149844669
202 0.00174051911784
203 0.00118508950975
204 0.00515092542169
205 0.00340366409093
206 0.0015058843906
207 0.00181003922724
208 0.00157822481304
209 0.000829315002907
210 0.00555835843015
211 0.00116418355341
212 0.000368710496882
213 0.00200246033235
214 0.000247020376778
215 0.00141224566691
216 0.000855241754275
217 0.0172242389792
218 0.000954521673725
219 0.000459708904966
220 0.000922128677465
221 0.000637421964176
222 0.00213017751479
223 0.00200024544725
224 0.000130925096134
225 0.00129946292431
226 0.00170121529549
227 0.00105722069405
228 0.00168374275921
229 0.157672187973
230 0.000188944391304
231 0.000907906211235
232 0.000443875728667
233 0.819399026466
234 0.000642929564424
235 0.00272612048528
236 0.00118522599592
237 0.00157861012183
238 0.000956797528662
239 0.00068449161709
240 0.000138816287489
241 0.000412442975634
242 0.00126626405693
243 0.00111523779692
244 0.000860826991709
245 0.00126626405693
246 0.000505440970964
247 0.000459708904966
248 0.00045039072296
249 0.00425878175963
250 0.0146628312723
251 0.0123690976896
252 0.00893991928334
253 0.000221154408803
254 0.000547524437869
255 0.140522839912
256 0.00163267315686
257 0.000877164245662
258 0.00148989035768
259 0.0289026932713
260 0.00112588881895
261 0.00268094254452
262 0.0138511025818
263 0.0017098399473
264 0.00636964496542
265 0.00864014637842
266 0.00421202993858
267 0.000276962898172
268 0.00152001011244
269 0.00673241288626
270 0.000362011883936
271 0.0016729329071
272 0.00222106059982
273 0.000470950279707
274 0.00498197103302
275 0.000415136473625
276 0.00199516540096
277 0.000763336747538
278 0.0131773521864
279 0.0732495499653
280 0.198503173238
281 0.0176519192181
282 0.000214681533363
283 0.00121373569199
284 0.000157231159285
285 0.000461290017832
286 0.00171502526587
287 0.00290219818839
288 0.000231317497723
289 0.00127179963091
290 0.0228284534397
291 0.213229607037
292 0.000845957710508
293 0.410661746153
294 0.00098643245674
295 0.000200485550944
296 0.0182112744728
297 0.0014747487618
298 0.000878600453765
299 0.0013359386853
300 0.000726447782292
301 0.000477560027385
302 0.0027429477581
303 0.00173022100132
304 0.00664014277976
305 0.0747543492105
306 0.00293037682652
307 0.00691180448608
308 0.00123834979468
309 0.00151537997112
310 0.00460373455903
311 0.055699324423
312 0.00197206111496
313 0.0020544262453
314 0.00282488064976
315 0.00206245134782
316 0.00206453442485
317 0.000320143839978
318 0.00128314054582
319 0.000650033304175
320 0.00735173466954
321 0.00474229500547
322 0.00295818612545
323 0.000188574467156
324 0.000284854635119
325 0.00141224566691
326 0.00216019057775
327 0.000410440017967
328 0.000370686290101
329 0.000944949933208
330 0.000438400826017
331 0.000616166188823
332 0.00045115636791
333 0.00052286845933
334 0.00561937921594
335 0.002492766093
336 0.00750372365423
337 0.000769749145219
338 0.00301568514795
339 0.000433525866542
340 0.00134921294975
341 0.000258060353865
342 0.000861760701491
343 0.000438400826017
344 0.000115465055809
345 0.00169939798241
346 0.00190959507027
347 0.0133104128997
348 0.00460025189018
349 0.0165220692591
350 0.000347036364969
351 0.00141224566691
352 0.00454866573165
353 0.00113409540578
354 0.00520062869822
355 0.00202773417059
356 0.000368121502478
357 0.000179568978337
358 0.000338906951876
359 0.00464129287844
360 0.00913762758972
361 0.0163742512082
362 0.0818856273366
363 0.000316999689429
364 0.00896327159413
365 0.266012827605
366 4.32460027772e-05
367 0.00245454484152
368 0.000212729005683
369 0.00650364203954
370 0.00957924072453
371 0.0020194913923
372 0.000625482253086
373 0.00107694059127
374 0.000353728732174
375 0.00262641918702
376 0.00673691467969
377 0.000411832130145
378 0.000702757455411
379 0.00360229509029
380 0.000615824926506
381 0.000579197328283
382 0.000209659916873
383 0.000228099129198
384 0.000652695653414
385 0.000336697226046
386 0.00199432872372
387 0.00205127387651
388 0.0475656918206
389 0.123612559378
390 0.00399564634374
391 0.00275804891753
392 0.00147527048673
393 0.000209659916873
394 0.00121373569199
395 0.000896214205668
396 0.00270885281853
397 0.000963139120095
398 0.00132752313052
399 0.000275997624946
400 0.000514974971899
401 0.00409424914068
402 0.00192683665731
403 0.000584365017719
404 0.000958715367759
405 0.000447311827957
406 0.000410440017967
407 0.000335683458163
408 0.00213017751479
409 0.000932346599849
410 0.000526049995792
411 0.000241417044661
412 0.00102567229614
413 0.00067400147929
414 0.000811248306351
415 0.0205810927578
416 0.0406522905422
417 0.00289977696613
418 0.00371363060496
419 0.00436327509839
420 0.000558001116002
421 0.00183085971811
422 0.000926890432099
423 0.00659908761015
424 0.000656360511634
425 0.00331203678689
426 0.00062750752005
427 0.00444943742414
428 0.000663851514275
429 0.000606663592904
430 0.0629212704772
431 0.00230279051854
432 0.00113700297869
