1 0.000937786879458
2 0.00671610782264
3 0.000540832882639
4 0.000467635653558
5 0.000520179041795
6 0.00139750196524
7 0.00532505478451
8 0.000416493127863
9 0.000803521607043
10 0.00190472452774
11 0.335307248109
12 0.0367483493747
13 0.00329644239901
14 0.0146560652966
15 0.000924478468842
16 0.00114700553503
17 0.000435416666667
18 0.000441353011793
19 0.0018585860188
20 0.000451837755056
21 0.000191900451641
22 0.00581957452823
23 0.00600694590101
24 0.00414110204851
25 0.0071021427301
26 0.000170387046591
27 0.00917741008972
28 0.0016426292741
29 0.00740031375539
30 0.000213583064023
31 0.000241304552738
32 0.000451505876949
33 0.000213984232862
34 0.000254207231362
35 0.000540193936454
36 0.000191237583564
37 0.00534938111334
38 0.0321853964895
39 0.00442609193646
40 0.0451581710175
41 0.000313480567214
42 0.0011739006038
43 0.0458389661594
44 0.000525920237345
45 0.0117429327239
46 0.000270961404935
47 0.000739644970414
48 0.00048516369423
49 0.000180172064321
50 0.000586841235503
51 0.000491502602433
52 0.00199368315885
53 0.00514605534274
54 0.0927658877537
55 0.0563653224383
56 0.00548557568128
57 0.000413113887236
58 0.000865051903114
59 0.000338261666322
60 0.00291145365069
61 0.00107107438017
62 0.000213984232862
63 0.00139784315224
64 0.00059700012207
65 0.00291145365069
66 0.000179787163725
67 0.00131580312926
68 0.000773788518035
69 0.00738064028531
70 0.000150446451308
71 0.0016729329071
72 0.00186493431752
73 0.000408262936593
74 0.000918343195266
75 0.000507038207412
76 0.00300216903121
77 0.00297779804587
78 0.00201270378374
79 0.00106801360997
80 0.00707624140724
81 0.000929737625022
82 0.00204330687218
83 0.00086191936213
84 0.00226073079616
85 0.000317755797918
86 0.000888118942152
87 0.00042829810096
88 0.000175430902153
89 0.000416493127863
90 0.001600666389
91 0.000201912489865
92 0.000957653724612
93 0.00822733311006
94 0.00105302399018
95 0.00049504874855
96 0.00187679204105
97 0.000648829008098
98 0.00280689443445
99 0.00225803553664
100 0.0075399277908
101 0.000597212308498
102 0.0009
103 0.000222390481341
104 0.00219976837918
105 0.017297015647
106 0.00229313045115
107 0.000452651648895
108 0.000225239483549
109 0.0016955017301
110 0.0016
111 0.000521073204143
112 0.0002055472052
113 0.000186056111907
114 0.000278512396694
115 0.00272952936277
116 0.000262399077278
117 0.00515587826042
118 0.00166913580247
119 0.000511865031429
120 0.0012498634562
121 0.000695235312629
122 0.00102166343487
123 0.00487656440186
124 0.000868075917151
125 0.0104300588502
126 0.000244850499862
127 0.00330057469968
128 0.00341610892183
129 0.00156692055941
130 0.000425883366849
131 0.00218446395634
132 0.00788799535601
133 0.00102075049598
134 0.000930124854353
135 0.00198551993648
136 0.000596046447754
137 0.000728099173554
138 0.00314621689694
139 0.000865051903114
140 0.0022385279282
141 0.000416493127863
142 0.000522090865495
143 0.000872367320052
144 0.00207711874205
145 0.0369332653189
146 0.00599838131576
147 0.00767234840084
148 0.000475373206998
149 0.000824156956114
150 0.00264316148198
151 0.00158407005261
152 0.0203790399536
153 0.00116088714333
154 0.0110662398367
155 0.000344633488254
156 0.000201912489865
157 0.00673788316099
158 0.00542643322241
159 0.000600979922546
160 0.00566981187237
161 0.00576855535192
162 0.000661526867517
163 0.000292746774709
164 0.000191900451641
165 0.000427155351937
166 0.00284724571799
167 0.00625705718994
168 0.00021324187702
169 0.000406477627471
170 0.00449610214464
171 0.000971496036431
172 0.00102218197994
173 0.000367072154886
174 0.000289176692091
175 0.0138929371765
176 0.00136923664796
177 0.00318219908287
178 0.0134385102998
179 0.00317956878651
180 0.000903007516701
181 0.000317968420903
182 0.000313480567214
183 0.00011320022203
184 0.000521703422813
185 0.0180949068707
186 0.000396172026423
187 0.000448865268601
188 0.00064748680723
189 0.0351962844212
190 0.0419354385765
191 0.00563167067705
192 0.00565380616304
193 0.000196010042632
194 0.000536699911627
195 0.000636904843977
196 0.00289245109809
197 0.000535735522924
198 0.000919117647059
199 9.20617745873e-05
200 0.00116012927964
201 0.000442178356188
202 0.000520249979709
203 0.000930767020971
204 0.00563424242584
205 0.00633933438266
206 0.00918746463569
207 0.172286815822
208 0.00262991724082
209 0.060915653903
210 0.00903597608025
211 0.00115788966049
212 0.000248156790622
213 0.00987268431626
214 0.000441353011793
215 0.0112656400934
216 0.0014729883934
217 0.0027229308953
218 0.0170992444625
219 0.00421202993858
220 0.00167847222222
221 0.00041717395019
222 0.00273846398646
223 0.00181318445389
224 0.00102218197994
225 0.00041784142851
226 0.00140296095729
227 0.00107256490162
228 0.00189371831315
229 0.000200408922618
230 0.00137174211248
231 0.0823581538675
232 0.00572680788897
233 0.00187945674611
234 0.00242885913495
235 0.00344055640288
236 0.00152685250897
237 0.00104202189324
238 0.00193745281716
239 0.0080241349619
240 0.000610129730312
241 0.00194502099223
242 0.00172507900029
243 0.00664997724169
244 0.275793628107
245 0.0203879321258
246 0.00132053495251
247 0.00043987320391
248 0.000912121075627
249 0.000248601230847
250 0.00131370120733
251 0.000107955018742
252 0.000309145712194
253 0.000237599355512
254 0.000279522060951
255 0.000865051903114
256 0.00102218197994
257 0.000493142003226
258 0.000278512396694
259 0.0409979494987
260 0.00172436081586
261 0.00142998375821
262 0.00338834984431
263 0.0769037540333
264 0.00340422125404
265 0.00334284144917
266 0.000931485205401
267 0.000237680908707
268 0.000290498668704
269 0.000385071309045
270 0.00082737028153
271 0.000317968420903
272 0.000956530980976
273 0.000427589877682
274 0.000485191263729
275 0.00162632034302
276 0.00194863258026
277 0.00132528721121
278 0.00086191936213
279 0.000865051903114
280 0.000194028487947
281 0.000680046484477
282 0.000819189994759
283 0.016826090251
284 0.00198429752066
285 0.000289176692091
286 0.0968261238955
287 0.00703377300442
288 0.00610479941786
289 0.000472287203669
290 0.108631011436
291 0.000283588425336
292 0.000500926112196
293 0.00154389660219
294 0.00148394545311
295 0.00618053083343
296 0.209223932794
297 0.00594495944951
298 0.00983096725189
299 0.000272304458169
300 0.000545505916314
301 0.00123596191406
302 0.000428274021486
303 0.00226317277783
304 0.000589122443209
305 0.000283752742906
306 0.000367072154886
307 0.000137111488753
308 0.0447095399484
309 0.00435966473144
310 0.00102348489342
311 0.00252047832859
312 0.000213506807615
313 0.00121371204456
314 0.00107004482376
315 0.000298086902109
316 0.000758671598813
317 0.000485939956141
318 0.00182195216049
319 0.0029465891945
320 0.00158701830921
321 0.00686121589942
322 0.181666707978
323 0.0125266435683
324 0.00404232457383
325 0.00035314887651
326 0.00031259440351
327 0.000480842719112
328 0.000427155351937
329 0.000824403469821
330 0.000244618161561
331 0.00042829810096
332 0.000520249979709
333 0.00323059983784
334 0.000120406780141
335 0.00221519246513
336 0.000208928465812
337 0.00200358840769
338 0.144738817899
339 0.000872162862955
340 0.000418540612502
341 0.000676713155811
342 0.00253346115647
343 0.000845984896075
344 0.000336588580019
345 0.00748669540862
346 0.000558276729094
347 0.00286351237687
348 0.00122964747731
349 0.00622968029533
350 0.00102218197994
351 0.00273399119997
352 0.00042829810096
353 0.000522090865495
354 0.000468506962013
355 0.000472287203669
356 0.00122160429824
357 0.000334002774295
358 0.00051652892562
359 0.000954889572473
360 0.000245577447549
361 0.00163732426356
362 0.000865051903114
363 0.00986365052649
364 0.0060613596573
365 0.0172232073007
366 0.00246032414032
367 0.000445837518262
368 0.0477506442392
369 0.231063163413
370 0.00216389885819
371 0.0017281453838
372 0.000613022180429
373 0.000794736587134
374 0.000314873497309
375 0.00212190180397
376 0.00513970786603
377 0.00264714295399
378 0.0114285147395
379 0.00289245109809
380 0.000924488677867
381 0.00104058272633
382 0.000213984232862
383 0.000467635653558
384 0.00178126166148
385 0.00431524859079
386 0.019214591596
387 0.00567831260141
388 0.000599554315304
389 0.000484075963823
390 0.00547727931618
391 0.124004936648
392 0.0209314932337
393 0.000178371855151
394 0.000954889572473
395 0.00136052136522
396 0.00395720905398
397 0.00134921294975
398 0.00105721533349
399 0.00153239359733
400 0.000479234206741
401 0.132919998475
402 0.00114513064314
403 0.0134515431817
404 0.000657165412524
405 0.000199963689313
406 0.000955626369983
407 0.00440087172274
408 0.000191237583564
409 0.000863640149938
410 0.000573702893614
411 0.00290437089892
412 0.00499531891432
413 0.00146395700371
414 0.00301865939693
415 0.00179262834092
416 0.000170595585173
417 0.00182616799282
418 0.00242366863905
419 0.0995011147541
420 0.000417856443246
421 0.00351467143067
422 0.000166493236212
423 0.00153223166774
424 0.000189922109679
425 0.000379289940828
426 0.00252360333096
427 0.000597505040957
428 0.000558276729094
429 0.00775729689794
430 0.000613022180429
431 0.00506055442517
432 0.0200290825796
