1 0.000317438119528
2 0.0735585134333
3 0.00166320276793
4 0.000633842740067
5 0.000630241067208
6 0.00024177378851
7 0.000636038729217
8 0.00254231594599
9 0.000255488766977
10 0.000577847633136
11 0.000470133721075
12 0.000660223188985
13 0.000612480795227
14 0.0102912090487
15 0.00642487655084
16 0.0020282867614
17 0.013690730991
18 0.00374260205441
19 0.00023397884685
20 0.00250149302117
21 0.00311505241067
22 0.000413861997129
23 0.000525417394518
24 0.00122397980433
25 0.000328501048784
26 0.000516011503724
27 0.00364698278996
28 0.000251453469812
29 0.000709180056711
30 0.0217398295321
31 0.00127298319092
32 0.000223220295849
33 0.00116759938454
34 0.000479234206741
35 0.00207766360195
36 0.000267340678857
37 0.000313566922948
38 0.000523166218697
39 0.00250999750581
40 0.00555979203934
41 0.000259621986331
42 0.0047636115538
43 0.00168351413544
44 0.00907029478458
45 0.0770567833149
46 0.00114078553232
47 0.000482011644777
48 0.00285567765722
49 0.00126869962852
50 0.0057198562024
51 0.000437565689718
52 0.00304451365739
53 0.00669732087988
54 0.00759972024575
55 0.00192594587484
56 0.382560185688
57 0.0010499699835
58 0.000177777777778
59 0.000504333487502
60 0.00785142283537
61 0.000227265891066
62 0.000161249685059
63 0.000133386688009
64 0.000234876176216
65 0.000222351734387
66 0.00118451791218
67 0.000294357939254
68 0.000235793661279
69 0.0135492856673
70 0.00112722060451
71 0.000129465725078
72 0.000241309116039
73 0.00289665676979
74 0.00187953553621
75 0.0159531307245
76 0.000890738760617
77 0.00102765062099
78 0.000663619605566
79 0.00271657127992
80 0.00115497866715
81 0.00393810927396
82 0.00493750578698
83 0.344427317127
84 0.00108647316868
85 8.10470273287e-05
86 0.00184771466283
87 0.000746106016741
88 0.000237599355512
89 0.00116759938454
90 0.00109214103481
91 0.000500926112196
92 0.00021226385646
93 0.000164642307012
94 0.00234537330688
95 0.000891023388107
96 0.000494334893402
97 0.00153173452827
98 0.00464985306428
99 0.00766593749845
100 0.000652381670942
101 0.000236686390533
102 0.00170367690818
103 0.00164807746033
104 0.000592882316561
105 0.000219172736733
106 0.00284622760106
107 0.0510787338352
108 0.51850833384
109 0.000779260485528
110 0.000214732845603
111 0.000128663937207
112 0.0196803731795
113 0.000393675988914
114 0.000216064387187
115 0.000566893424036
116 0.00319059540274
117 0.00181810112614
118 0.00242747113687
119 0.00243120524414
120 0.00532115096269
121 0.00132906590102
122 0.00400214567151
123 0.0176522141134
124 0.000479234206741
125 0.00145776107091
126 0.00136987500438
127 0.000152860319587
128 0.00019090743674
129 0.00452409599376
130 0.00108112798186
131 0.000203584883711
132 0.00220023505001
133 0.00148394545311
134 0.000824237438226
135 0.0144402787142
136 0.00118274480971
137 0.000754126572558
138 0.0101673611111
139 0.000500926112196
140 0.00056081418145
141 0.000359380966286
142 0.000205179335556
143 0.00057565881831
144 0.00122794215726
145 0.00118527803278
146 0.000270404730393
147 0.000128663937207
148 0.00286892555376
149 0.0248149165842
150 0.000675162460967
151 0.00056081418145
152 0.000434027777778
153 0.0121065478774
154 0.00217777777778
155 0.000195002049327
156 0.00108285512802
157 0.00174150082795
158 0.00181801961029
159 0.000962295150904
160 0.00602821150019
161 0.000236248717786
162 0.00923217435122
163 0.00144881754813
164 0.00623274583205
165 0.00224327204012
166 0.00363944529772
167 0.000680159598387
168 0.00463475748801
169 0.00199187300253
170 0.000573428164589
171 0.000160057597283
172 0.000913653408118
173 0.000555199734215
174 0.000801614849096
175 0.00112900616479
176 7.78967127587e-05
177 0.0035765350311
178 0.144777981314
179 0.000924140396772
180 0.00439000491264
181 0.00105140183987
182 0.0012081887229
183 0.00263441323355
184 0.00112248317519
185 0.00382454662868
186 0.000575232767318
187 0.000579243054712
188 0.0110203404782
189 0.0339819940036
190 0.00994222036278
191 0.000255488766977
192 0.000256486769973
193 0.000643394612747
194 0.000578785435743
195 0.00122794215726
196 0.000250941273883
197 0.00122492423319
198 0.00198429752066
199 0.00200864659589
200 0.178021954153
201 0.00529587543604
202 0.00405018852574
203 0.0476844303616
204 0.00112147106544
205 0.000890277578527
206 0.00185241381369
207 0.000239416618955
208 0.000615182347848
209 0.00214775554354
210 0.00228180370788
211 0.000386996758902
212 0.00596321070747
213 0.0459246703997
214 0.00240145025082
215 0.000162278388576
216 0.000103784118406
217 0.00364132120294
218 0.00185476323584
219 0.00100073819886
220 0.000504123217915
221 0.000398723065459
222 0.00114998173506
223 0.000577847633136
224 0.00112147106544
225 0.00155632124869
226 0.00235467111068
227 0.00138007461944
228 0.000328986218436
229 0.0020338748224
230 0.00147618379206
231 0.0370394273804
232 0.00139750196524
233 0.000290019971935
234 0.000125976316453
235 0.00266474599108
236 0.000631120984821
237 0.00168981690014
238 0.00506344598338
239 0.000463956724055
240 0.00438117633885
241 0.00185715111574
242 0.000585861096995
243 0.000548947391288
244 0.000258579328805
245 0.000500926112196
246 0.00486297119759
247 0.000707961121135
248 0.00103952186803
249 0.000366432228213
250 0.00621040872202
251 0.00056081418145
252 0.0328203902369
253 0.00396141176203
254 0.044234551034
255 0.259047905846
256 0.000422782982539
257 0.045674863302
258 0.0240143516971
259 0.000229386981214
260 8.57539564441e-05
261 0.00102848303003
262 0.0033441034527
263 0.000534749183385
264 0.00101309299144
265 0.000610472203972
266 0.000702096496528
267 0.0122174914285
268 0.0109182647707
269 0.000507863269262
270 0.000166493236212
271 0.00115628315405
272 0.00101137484548
273 0.00193260551262
274 0.00386932504503
275 0.00057565881831
276 0.00470984962612
277 0.00117743175702
278 0.000281141352924
279 0.000266797540193
280 0.00293149614654
281 0.000495587683734
282 0.0247479749645
283 0.00538922080148
284 0.000416883454735
285 0.0102361830405
286 0.00270878588355
287 0.000462083284717
288 0.0526083793034
289 0.000778799351001
290 0.000335439895879
291 0.00190767532423
292 0.00109622370985
293 0.00428743353097
294 0.0020194913923
295 0.000778799351001
296 0.000175948397159
297 0.0033405553549
298 0.0022629414717
299 0.000919821514881
300 0.00609023058428
301 0.000492040360835
302 0.0013742501255
303 0.0064396643431
304 6.03001159102e-05
305 0.00030393569985
306 0.0014076860479
307 0.000294357939254
308 0.000314341422844
309 0.00022479338843
310 0.000525086093116
311 0.00119529145704
312 0.00827412676571
313 0.0155895665228
314 0.00690891733112
315 0.00193213380027
316 0.00375494100827
317 0.00129342014642
318 0.000618886607898
319 0.000341416435733
320 0.000613866272832
321 0.000614870898878
322 0.000290019971935
323 0.000470885935028
324 0.0237787518485
325 0.0251087096039
326 0.000443586764507
327 0.000746106016741
328 0.000236686390533
329 0.000274740536855
330 0.000513749820668
331 0.000165211702275
332 0.00180606570288
333 0.000208903022484
334 0.000240865604864
335 0.00108881852268
336 0.000570301166985
337 0.0919651776167
338 0.0300003919662
339 0.00423303895369
340 0.000759833868422
341 0.0103967501353
342 0.00112900616479
343 0.000634307405494
344 0.000417533818939
345 0.179931726834
346 0.000209107086923
347 0.000226981745702
348 0.0010294832566
349 0.241187173916
350 0.000776774806148
351 0.000441147036758
352 0.00123562617432
353 0.00223330687359
354 0.00179691974829
355 0.000634677275461
356 0.00057565881831
357 0.000176261167905
358 0.000113710383864
359 0.0009
360 0.000858736406707
361 0.00380783637335
362 0.104132441566
363 0.00428649735373
364 0.242896326321
365 0.0115587583979
366 0.00206761040535
367 0.000266797540193
368 0.000777272453329
369 0.000616925533459
370 0.00172578977089
371 0.00432449196597
372 0.000537826869658
373 0.0629534643148
374 0.000285121916019
375 0.0263911100309
376 0.00321129828903
377 0.00118906915888
378 0.000103784118406
379 0.000854106314223
380 0.00415901760721
381 0.000561532759821
382 0.000586841235503
383 0.000366432228213
384 0.00116759938454
385 0.000573428164589
386 0.00102386095469
387 0.000265591131879
388 0.0025861992351
389 0.000243189737393
390 0.0796859862299
391 0.010612425874
392 0.00106003244997
393 0.000375578390722
394 0.00299329495414
395 0.0151079498834
396 0.00387751710745
397 0.00100262432673
398 0.000964801854564
399 0.000176084159811
400 0.0010270159519
401 0.0046366500503
402 0.00144247817887
403 0.000803225397675
404 0.000185183513355
405 0.00174336757598
406 0.000235778677503
407 0.00152199379285
408 0.00057565881831
409 0.00057565881831
410 0.000492040360835
411 0.000804365863993
412 0.000230003818423
413 0.000212744520042
414 0.000177121166048
415 0.0159476042379
416 0.00230839256329
417 0.000487738640762
418 0.000592640532544
419 0.00161314162859
420 0.00123114804555
421 0.0012083657222
422 0.0122036552078
423 0.00113258136095
424 0.00387968930989
425 0.00476447508925
426 0.000745504698634
427 0.00334242674896
428 0.000935968003724
429 0.00198987319225
430 0.0199699552398
431 0.00019090743674
432 0.00897980034426
