1 0.00111294236109
2 0.00751249839672
3 0.000409995684613
4 0.0016318136375
5 0.00162235501856
6 0.000462879301815
7 0.0023305588585
8 0.000690984066214
9 0.000225704776389
10 0.0191309258636
11 0.0141999615147
12 0.00092961035722
13 0.0048963321198
14 0.00129862562122
15 0.00145832049239
16 0.533161538659
17 0.00107136334865
18 0.000309087060676
19 0.000154881355783
20 0.00117374900549
21 0.00269146189482
22 0.000190249702735
23 0.000465219976219
24 0.0128267767121
25 0.00123885710748
26 0.00104700714984
27 0.000171551421669
28 0.0014428219458
29 0.000305376871435
30 0.00191271885371
31 0.0024719925454
32 0.00198151956647
33 0.000557269551196
34 0.0010294832566
35 0.00153482330043
36 0.00109622370985
37 0.001591303744
38 0.00277989626787
39 0.000182430715976
40 0.0118013475018
41 0.00071892016722
42 0.00121976682691
43 0.00222187183255
44 0.00063655800216
45 0.000658399753303
46 0.0033341648001
47 0.000762358031368
48 0.00158748934364
49 0.00132526289992
50 0.00439944727891
51 0.00192861088629
52 0.00116660485581
53 0.00194654328606
54 0.000278907136542
55 0.0017830911787
56 0.00050789868788
57 0.00173989480227
58 0.000379687854059
59 0.00081823383494
60 0.000828114486828
61 0.00193821446936
62 0.000557269551196
63 0.000404550885597
64 0.00935526558769
65 0.000519241807426
66 0.000203354717353
67 0.000233552997528
68 0.0012547490989
69 0.0062891067881
70 0.00128058685659
71 0.0024157943067
72 0.151816597279
73 0.00850342451764
74 0.000522210227634
75 0.000941909066529
76 0.000581559252555
77 0.00944773923788
78 0.00161184190668
79 0.00154935798118
80 0.000461920725468
81 0.00418378817357
82 0.00131006792758
83 0.000728271546386
84 0.000818924226761
85 0.000728833484307
86 0.000628766942754
87 0.000380650082147
88 0.000557269551196
89 0.000628766942754
90 0.000442840299743
91 0.000470211700831
92 0.00369747663309
93 0.00362538297075
94 0.000375578390722
95 0.00114263043047
96 0.0438732566104
97 0.000837180670976
98 0.000384526354489
99 0.00044962702539
100 0.000892085143176
101 7.87787542453e-05
102 0.000500926112196
103 0.00012325335134
104 0.00282749462791
105 0.000434294502115
106 0.00743408574994
107 0.00089926575569
108 0.0651881986715
109 0.46562795338
110 0.00949087188306
111 0.000778799351001
112 0.000351211200996
113 0.000558126302805
114 0.000489399003447
115 0.00176124697662
116 0.0010294832566
117 0.00101282825118
118 0.000394928735899
119 0.000509181147747
120 0.00394065530733
121 0.000577975141346
122 0.00891528498094
123 0.0022613919621
124 0.0472964901166
125 0.000317515313129
126 0.000250459583552
127 0.00726781687136
128 0.000205179335556
129 0.000399999744409
130 0.000699549737885
131 0.0317948340563
132 0.00243341020365
133 0.00351761709219
134 0.00340788769238
135 0.000823686455248
136 0.0010324106423
137 0.000879775926458
138 0.00105376048577
139 0.000225704776389
140 0.00538483121831
141 0.00142573012589
142 0.00607500566494
143 0.288139907224
144 0.0199229508361
145 0.00636857330253
146 0.00583902674158
147 0.0278324358114
148 0.00042155317566
149 0.000589122443209
150 0.000257542939752
151 0.000619929027034
152 0.000705991111111
153 0.00106416507999
154 0.00448820640804
155 0.00221545520969
156 0.000822483385773
157 0.00265290892784
158 0.000496471477912
159 0.000395560621877
160 0.00197805498664
161 0.000737262553131
162 0.000322553342582
163 0.00087936186555
164 0.00160211780255
165 0.00124323582821
166 0.0037513726818
167 0.0104411908703
168 0.112536730537
169 0.000853700017157
170 0.000249636295445
171 0.00432290014271
172 0.00367309458219
173 0.00157674637302
174 0.00237953599048
175 0.00596296705055
176 0.00044296773527
177 0.000932346599849
178 0.000797648243807
179 0.00529418463756
180 0.00297809817943
181 0.168470699041
182 0.00400451660156
183 0.000401728551683
184 0.000122773766315
185 0.000491118675768
186 0.000500926112196
187 0.000214681533363
188 0.00362031699843
189 0.00223591511497
190 0.000442840299743
191 0.000522210227634
192 0.000625868960618
193 0.116788363186
194 0.0789389949467
195 0.00133624402851
196 0.00298591874423
197 0.00128301452737
198 0.000227632883883
199 9.49007015803e-05
200 0.00278451908845
201 0.000891686585758
202 0.00739073160748
203 0.000950504528991
204 0.000496274875012
205 0.00494320930799
206 0.000273639373487
207 0.00040064076882
208 0.000344328966649
209 0.00366691872017
210 0.00589534966165
211 0.0197714106725
212 0.00677112389802
213 0.000632054804681
214 0.000442840299743
215 0.000480074599752
216 0.00123912092086
217 0.00081823383494
218 0.00050453312926
219 0.000593701325949
220 0.000429008085258
221 9.25064086914e-05
222 0.00108682526265
223 0.00103027761096
224 0.00282557587665
225 0.00186091666471
226 0.00051841234767
227 0.00222187183255
228 0.00415800303593
229 0.00561794569067
230 0.0024851029783
231 0.00251239155475
232 0.000510017144736
233 0.000918982190026
234 0.00073155821335
235 0.00295240126715
236 0.00119530148105
237 0.00247352121379
238 0.000983099365323
239 0.00551195353644
240 0.0306077592937
241 0.0188968372236
242 0.0117521365743
243 0.00362538297075
244 0.000309087060676
245 0.00369586571032
246 0.000626351884199
247 0.000818924226761
248 0.000472019548019
249 0.000660445749283
250 0.00184290119459
251 0.000193909866755
252 0.00116750501388
253 0.0910430522956
254 0.00062556051241
255 0.0133754934003
256 0.0998458427044
257 0.000787928234743
258 0.00199131318678
259 0.00162912641912
260 0.00102297676749
261 0.00143668313418
262 0.0249994357108
263 0.00196922609396
264 0.000562598792348
265 0.000621149845968
266 0.000445138888889
267 0.00284513888889
268 0.00123963700621
269 0.000968140266791
270 0.000941909066529
271 0.000229303922775
272 0.00481698704299
273 0.000823686455248
274 0.0010324106423
275 0.00247272522261
276 0.000880812359102
277 0.00168656105983
278 7.30513551026e-05
279 0.00114263043047
280 0.000925269990892
281 0.00339746716169
282 0.000306830831506
283 0.0764552589687
284 0.000379687854059
285 0.00079704074324
286 0.000389407863123
287 0.000589122443209
288 0.00401428222656
289 0.00105757155133
290 0.000858412410476
291 0.00391886499957
292 0.00118225097656
293 0.0011435188794
294 0.000192233178846
295 0.0179051518722
296 0.0031640625
297 0.0021125
298 0.000636719218549
299 0.00105316667467
300 0.000249307479224
301 0.000268744961032
302 0.000593701325949
303 0.000424774478734
304 0.000626351884199
305 0.000786340996456
306 0.000457075750375
307 0.00115361118802
308 0.00153993299021
309 0.0173749960562
310 0.000494724212372
311 0.153718206986
312 0.000605503069798
313 0.000856363378685
314 0.00474678054463
315 0.000309087060676
316 0.00402010457075
317 0.000377975768176
318 0.0200558432895
319 0.0137892751422
320 0.0244140625
321 0.011233364375
322 0.00203815104609
323 0.000271249762307
324 0.000355865802166
325 0.00024583986864
326 0.000611473592657
327 0.000489399003447
328 0.00115949951732
329 0.00134921294975
330 0.000394928735899
331 0.000132117849121
332 0.000320465188851
333 0.000473412760633
334 0.000535578809461
335 0.000226507533473
336 0.00165111290789
337 0.000237963132432
338 0.0109512399417
339 0.00498181716269
340 0.000632743090104
341 0.0440819965106
342 0.00145921636072
343 0.00281154738755
344 0.00192780796752
345 0.0037517472198
346 0.000668061939365
347 0.00243364257353
348 0.000494930261606
349 0.139524378179
350 0.136867623688
351 0.0187481961514
352 0.000902067880608
353 0.00294739507684
354 0.000405670797516
355 0.000606663592904
356 0.0103695436508
357 0.000879393424036
358 0.000677991477652
359 0.000448287929704
360 0.000309554015244
361 0.00247272522261
362 0.00242527185954
363 0.000500926112196
364 0.000397724044448
365 0.00108682526265
366 0.00473111055122
367 0.000214847182694
368 0.173764480613
369 0.000391808015326
370 0.000173987626489
371 0.000526360311467
372 0.0193979910058
373 0.055864436163
374 0.000364519919526
375 0.00111396400196
376 0.00114263043047
377 0.00147752746141
378 0.00250452213877
379 0.00195928186322
380 0.000485401257549
381 0.000361827789164
382 0.035491663948
383 0.00365592674281
384 0.000952456387783
385 0.0435314603495
386 0.000589122443209
387 0.00084399666229
388 0.001192442296
389 0.00277921774791
390 0.0010324106423
391 0.0013947299214
392 0.00149800648226
393 0.000225704776389
394 0.00138434765239
395 0.0024191001836
396 0.00502964203683
397 0.000876589297286
398 6.58164359246e-05
399 0.00185945176219
400 0.00148306351429
401 0.00051841234767
402 0.00791579344718
403 0.00201760541705
404 0.00114926051341
405 0.000397773386095
406 0.00505484786171
407 0.00140413537329
408 0.0324780759741
409 0.000787320734177
410 0.00266113124192
411 0.00299283145705
412 0.00246139054143
413 0.00241688805309
414 0.000422429558953
415 0.00341334031269
416 0.00176124697662
417 0.000593701325949
418 0.000212341697606
419 0.00445176944435
420 0.00128421085834
421 0.00733616497384
422 0.0114871879271
423 0.00752245922788
424 0.00520615347455
425 0.000464476813317
426 0.00107845553465
427 0.000390015363689
428 0.00139950776814
429 0.000209719049916
430 0.000627612327352
431 0.000229359258298
432 0.00185003599349
