1 0.00302378939742
2 0.000728997229917
3 0.000909067952829
4 0.00107302444691
5 0.0011101628599
6 0.00110746214441
7 0.000269972946461
8 0.000602658222256
9 0.000242247148647
10 0.00115994505999
11 0.000570146751213
12 0.000271519800263
13 0.00117086311289
14 0.0744861834261
15 0.000870362338363
16 0.40596626783
17 0.00593239584243
18 0.000304785275116
19 0.00239832026418
20 0.0002298469293
21 0.000271945335942
22 0.0111724761498
23 0.000590874005693
24 0.0062276672453
25 0.00100073819886
26 0.0293158265315
27 0.00122610338035
28 0.00270614659954
29 0.0734556181821
30 0.000919821514881
31 0.000617969804354
32 0.027981512572
33 0.0346942156788
34 0.000225281513892
35 0.000368121502478
36 0.000130195286681
37 0.000727284998554
38 0.000768045058643
39 0.00110746214441
40 0.000258403084275
41 0.000699868424736
42 0.000584791250409
43 0.00852897215016
44 0.000139772099536
45 0.00451165303036
46 0.0130550695068
47 0.185266770888
48 0.000656884615787
49 0.000927619881986
50 0.00124201898742
51 0.00150632483586
52 0.000350578044937
53 0.00106471442427
54 0.00017199677506
55 0.000431549044017
56 0.175564626411
57 0.00484100315146
58 0.000221606648199
59 0.000385727028482
60 0.000584533379257
61 0.000419914001612
62 0.000391188311168
63 0.00119822485207
64 0.00016893664282
65 0.00168416061323
66 7.58136094675e-05
67 0.00453592067509
68 0.000592640532544
69 0.000817623831211
70 0.00089383438263
71 0.000995147485577
72 0.0343056545615
73 0.0011392292767
74 0.000931887074875
75 0.000555199734215
76 0.000665972944849
77 0.00213105170275
78 0.000556493838828
79 0.00165469692617
80 0.00222903974761
81 0.00334655403632
82 0.0188458715461
83 0.00932097938541
84 0.00346865390994
85 0.00501213877359
86 0.00459445737995
87 0.00442035985992
88 0.00333641778206
89 0.000232642463974
90 0.00114048766408
91 0.00117104483222
92 0.000598482803676
93 0.000571058986015
94 0.000233551223599
95 0.00057686869639
96 0.00108282987339
97 0.000551763707852
98 0.0673862462842
99 0.00100096169099
100 0.000196638556059
101 0.000965546300439
102 0.0187455278451
103 0.000332992107
104 0.0010294832566
105 0.000643635827273
106 0.00122675187679
107 0.000225737798081
108 0.000554045887074
109 0.199700904122
110 0.00691630944368
111 0.00386439228441
112 0.00197882133726
113 6.64579395085e-05
114 0.00455419910708
115 0.00100983093821
116 0.00085324783079
117 0.00120982986767
118 0.00144955622811
119 0.000460846948309
120 0.000232642463974
121 0.000578785435743
122 0.00139414581701
123 0.00122598058831
124 0.000403012117594
125 0.00117086311289
126 0.00273861233588
127 0.00422324860443
128 0.00572065047895
129 0.0115482290042
130 0.00202543002443
131 0.000370200680778
132 0.00259418919286
133 0.000276132266591
134 0.00089926575569
135 0.00514733168006
136 0.00702208912596
137 0.00257672648322
138 0.000863640149938
139 0.00227559340234
140 0.00118225630331
141 0.000693981019342
142 0.000691383164685
143 0.000571058986015
144 0.000740029435411
145 0.000616790945375
146 0.00012713794119
147 0.00107254344249
148 0.00307235374699
149 0.00856457464595
150 0.000266642661717
151 0.0152808325238
152 0.00173022100132
153 0.00120217418603
154 0.000434752062638
155 0.0267877383275
156 0.0294999444905
157 0.000899640293698
158 0.00162912641912
159 0.00113835091951
160 0.0008829799636
161 0.00146013346496
162 0.00162759793353
163 0.00153948162081
164 0.00109466704295
165 0.00561668821687
166 0.00196675532569
167 0.000782434348868
168 0.00443622540886
169 0.00315250846414
170 0.000919821514881
171 0.000768045058643
172 0.00052212983357
173 0.00988107142434
174 0.000280294765997
175 0.000682554578035
176 0.000234444344099
177 0.0367913476558
178 0.00142349091887
179 0.000552910223336
180 0.00152001011244
181 0.00613811207223
182 0.0118344194085
183 0.000461920725468
184 0.000207401478222
185 0.000232642463974
186 0.00120294448414
187 0.00240723600342
188 0.00060180213538
189 0.00020075341576
190 0.000740029435411
191 0.000956530980976
192 0.00290779995869
193 0.000207401478222
194 0.00997303650442
195 0.00248499583752
196 0.000691383164685
197 0.000691383164685
198 0.000901501877086
199 0.000855241754275
200 0.00287310365339
201 9.07029478458e-05
202 0.000677900892582
203 0.000680464170846
204 0.000260680755804
205 0.000792094032187
206 0.0664196848635
207 0.000570146751213
208 0.000193701151881
209 0.000662681042979
210 0.00144955622811
211 0.000524963437051
212 0.00091975766282
213 0.00387298156179
214 0.00169254739938
215 0.00286969765935
216 0.000805502431158
217 0.000321167508126
218 0.00646253140476
219 0.000294357939254
220 0.00261082946474
221 0.000405276117775
222 0.000269972946461
223 0.000691383164685
224 0.000178334344113
225 0.000231317497723
226 0.000284254625522
227 0.00114048766408
228 0.000517469351325
229 0.000113633494104
230 0.000815032315151
231 0.0102395124717
232 0.0166068610166
233 0.0387663619928
234 0.677498682603
235 0.00862727931409
236 0.000595317900602
237 7.36095296169e-05
238 0.0187349777628
239 0.000647607752567
240 0.00571516889851
241 0.0128334699949
242 0.00106332703214
243 0.00593613295057
244 0.000621823385066
245 0.0126352592922
246 0.000708872361587
247 0.00172550564239
248 0.00207466729316
249 0.000772667582464
250 0.000909067952829
251 0.00117775247387
252 0.000235796907174
253 0.00157419397138
254 0.000391188311168
255 0.00107107438017
256 0.000477189806154
257 0.00037039210004
258 0.000976712988571
259 0.000197676681256
260 0.018039766326
261 0.000445881715441
262 0.0943300572177
263 0.000310395364233
264 0.0028491911177
265 0.000356983738026
266 0.000792094032187
267 0.0021943205263
268 0.0105572589766
269 0.0326983983469
270 0.000763336747538
271 0.00417262340281
272 0.00266431137285
273 0.0199225557358
274 0.0724746680134
275 0.000563194100366
276 0.00170408291453
277 0.000598482803676
278 0.00168794717941
279 0.000407976833263
280 0.000269972946461
281 0.000570146751213
282 0.00220487151629
283 0.000517469351325
284 0.160854975324
285 0.00686227350064
286 0.00336280760295
287 0.0379775656276
288 0.000162020291776
289 0.000835663999378
290 0.000597663212419
291 0.00941948248112
292 0.000552910223336
293 0.00120982986767
294 0.00407424173834
295 0.00341311134235
296 0.00300515880138
297 0.000555199734215
298 0.000960329779904
299 0.0637510154967
300 0.0112144598091
301 0.00508913000953
302 0.0154568828677
303 0.00722022550814
304 0.00210400301141
305 0.000461290017832
306 0.000630241067208
307 0.00120830707389
308 0.000269972946461
309 0.00102567229614
310 0.000782434348868
311 0.00124567474048
312 0.000436174927049
313 0.000647607752567
314 0.00086824103185
315 0.230264425777
316 0.00339057982163
317 0.00265014900132
318 0.00112867781291
319 0.00258546394714
320 0.00167083912713
321 0.00337970992151
322 0.000759535102269
323 0.0018845367102
324 0.00090754713678
325 0.00151474908853
326 0.00831688553172
327 0.00223187458686
328 0.0152398429257
329 0.000227409811134
330 0.000600730488274
331 0.00151474908853
332 0.000377331379662
333 0.00130958212128
334 0.000662890137361
335 0.000438400826017
336 0.000598482803676
337 0.000247020376778
338 0.000393051849513
339 0.000527016555066
340 0.00123656563217
341 0.00536149919488
342 0.00757590930941
343 0.000600667739412
344 0.00169225023549
345 0.00620458631784
346 0.0022865053537
347 0.0157819206332
348 0.00463090442369
349 0.000825883893492
350 0.00185399106131
351 0.00117775247387
352 0.00648979345781
353 0.00720491099702
354 0.00308704913799
355 0.000955233714178
356 0.0103402457999
357 0.00185980301631
358 0.00117775247387
359 0.00107107438017
360 0.00168811597412
361 0.000855241754275
362 0.00504847645429
363 0.000909067952829
364 0.00178741454692
365 0.00257266968635
366 0.000459183673469
367 0.00235331632653
368 0.00232432918216
369 0.00401726106702
370 0.00331557376252
371 0.00152929059642
372 0.0530713881328
373 0.00257433203813
374 0.000913285296353
375 0.000214681533363
376 0.0186698430102
377 0.000888941608017
378 0.00253418542134
379 0.000471768967566
380 0.0047608016312
381 0.000922929017786
382 0.00144955622811
383 0.000740029435411
384 0.00107107438017
385 0.00566689929658
386 0.00521175898653
387 0.000287785896252
388 0.000529752066116
389 0.000405276117775
390 8.61669987501e-05
391 0.000482609105476
392 0.00205416628957
393 0.00614659817802
394 0.000286666106772
395 0.00200335607772
396 0.00118225630331
397 0.000629486843528
398 0.146754758975
399 0.000272380448479
400 0.0010131640974
401 0.000495661243077
402 0.000893569330559
403 0.00144873550397
404 0.0142528984097
405 0.000804788491525
406 0.0286689529897
407 0.000977599023227
408 0.000637598969772
409 0.00282539612188
410 0.00888056695878
411 0.0026659974839
412 0.000691383164685
413 0.000912182294888
414 0.000577847633136
415 0.000424074973741
416 0.00219027575946
417 0.00419396687246
418 0.00990599347115
419 0.000571058986015
420 0.00127663897259
421 0.00127459961321
422 0.000671502918136
423 0.00194305859875
424 0.000250677732317
425 0.00374575461169
426 0.00799253754462
427 0.00246333647446
428 0.222488178406
429 0.00234460242327
430 0.00766169283818
431 0.000937707470067
432 0.00352336799348
