1 0.000473412760633
2 0.00303623490212
3 0.000654773191805
4 0.00286726260752
5 0.00238384089415
6 0.000550749716551
7 0.00158186983471
8 0.00129859589319
9 0.00101856043459
10 0.000299740640419
11 0.00047916145215
12 0.000152775309132
13 0.000153011164457
14 0.00127790359968
15 0.0197378552038
16 0.000559900262639
17 0.000733761700697
18 0.0457719955234
19 0.00139377341277
20 0.00142949340802
21 0.000775787765522
22 0.0038560684243
23 0.00295395654624
24 0.0233235663706
25 0.000864395344915
26 0.000803876032991
27 0.00011846915637
28 0.0037733798505
29 0.00178451895011
30 0.000784871837575
31 0.00062250748005
32 0.00625901297869
33 0.00498739187334
34 0.00045115636791
35 0.00191795595126
36 0.00146711736277
37 0.00105078014552
38 0.00755099530897
39 0.157226303445
40 0.000394928735899
41 0.00594456455767
42 0.00124603521435
43 0.00180174304813
44 0.00118200541334
45 0.00105200360449
46 0.000558663091716
47 0.00514893647415
48 0.00157354138123
49 0.00925334192146
50 0.00827784919906
51 0.00525539556779
52 0.00263709354618
53 0.00145467758785
54 0.297425302184
55 0.000155642023346
56 0.000738747852712
57 0.000471245486925
58 0.00111038796719
59 0.000557549095768
60 0.000300220225443
61 0.000501824231446
62 0.00021631175827
63 0.000263733804132
64 0.000427853603315
65 0.00259658579879
66 0.0723540691615
67 0.000235778677503
68 0.000193909866755
69 0.134863940392
70 0.000473412760633
71 0.00176903286618
72 0.00826228781791
73 0.000275203221067
74 0.0010499699835
75 0.000270515927978
76 0.00659957939787
77 0.000792697762395
78 0.000422315103727
79 0.000893839383938
80 0.000949725089989
81 0.000959432631198
82 0.00658837915331
83 0.00229595033782
84 0.000821182502804
85 0.000497357638339
86 0.000407134030477
87 0.00054966690323
88 0.00115148364423
89 0.000252435709929
90 0.00111038796719
91 0.000311711992084
92 0.00173316230296
93 0.00118860512738
94 0.00627168993288
95 0.0222124896889
96 0.207836891968
97 0.00113883007384
98 0.000698005629798
99 0.00602102630653
100 0.00023489282672
101 0.00134517641364
102 0.00552938103619
103 0.00133444443753
104 0.000662015004296
105 0.00109165895127
106 0.000272044263297
107 0.000613900072784
108 0.000803876032991
109 0.000268195099363
110 0.00229877718299
111 0.000640274385746
112 0.000284957293073
113 0.000646365986785
114 0.00102713122292
115 0.000385071309045
116 0.00119033003123
117 0.000458921395209
118 0.17481480451
119 0.00419904
120 0.00274861075652
121 0.000374635749271
122 0.00594575347059
123 0.000634881269763
124 0.00109165895127
125 0.00192366811398
126 0.000634881269763
127 0.000265930682621
128 0.000877914951989
129 0.000371888049
130 0.00064031262163
131 8.48586056579e-05
132 0.000464282480761
133 0.000350674871328
134 0.00194769916195
135 0.00871506004889
136 0.00394159879426
137 0.00463477667811
138 0.00206264159772
139 0.0017311586272
140 0.00502201004402
141 0.0005789604834
142 0.000287012615856
143 0.000814061628123
144 0.00101934636085
145 0.000251502111698
146 0.000935517844498
147 0.00238384089415
148 0.00174064107947
149 0.000196716442816
150 0.000533227784953
151 0.000651878678135
152 0.00418517563656
153 0.00399154525229
154 0.000429197561064
155 0.00177518819118
156 0.00328875528321
157 0.000981668700448
158 0.00129959789619
159 0.000693143622422
160 0.00062250748005
161 0.00110763093913
162 0.000709008788208
163 0.000432555250331
164 0.0473910650231
165 0.00491414842578
166 0.000992001984004
167 0.000600730488274
168 0.0004
169 0.000987870302216
170 0.00196438026105
171 0.00119747278879
172 0.0014272899503
173 0.000319691819081
174 0.00199153287481
175 0.000159724873905
176 0.000455014036273
177 0.0416381218381
178 0.0104507841982
179 0.00118200541334
180 0.0183962627134
181 0.00500243479129
182 0.000647779345478
183 0.000856646405949
184 0.00208617912572
185 0.00453355389581
186 0.00102200366985
187 0.000349534831385
188 0.0312548142377
189 0.000561680638617
190 0.00455625
191 0.000784871837575
192 0.000425475715888
193 0.000831336495672
194 0.00605610985783
195 0.00287940609934
196 0.000935517844498
197 0.00194519902035
198 0.00406782813566
199 0.000632568044079
200 0.00266771508968
201 0.000533227784953
202 0.00107062799023
203 0.00373878346944
204 0.0264461441476
205 0.00456802877476
206 0.0024321046999
207 0.000473412760633
208 0.00142949340802
209 0.00142949340802
210 0.0174835977388
211 0.0040598628118
212 0.000696579263706
213 0.001037276026
214 0.000185423268447
215 0.131721940828
216 0.000255975075797
217 0.00135053945694
218 0.000250446076621
219 0.00221792425514
220 0.063268664927
221 0.00050817924661
222 0.00195928186322
223 0.000872367320052
224 0.000872367320052
225 0.000335656033243
226 0.000257150745058
227 0.00105757155133
228 0.00582985620915
229 0.00356339031713
230 0.00767984013076
231 0.0251453061072
232 0.00109567609213
233 0.00155248310497
234 0.00198902591347
235 0.000992794697171
236 0.0010150314275
237 0.000247026991559
238 0.000524124837312
239 0.00170755725901
240 0.00263168
241 0.112175642624
242 0.0234859926586
243 0.00104616101532
244 0.00047839601852
245 0.000431865749868
246 0.000422514406734
247 0.000844233125597
248 0.000470885935028
249 0.000872367320052
250 0.00221134611205
251 0.00173316230296
252 0.00532062798586
253 0.000352109866258
254 0.0180569535423
255 0.00113883007384
256 0.0552153613487
257 0.0451444911201
258 0.00126591235141
259 0.00171150952549
260 0.00145357743076
261 0.00427324608218
262 0.00432581390036
263 0.00138335159668
264 0.0306394750337
265 0.0214490033667
266 0.0243903268419
267 0.00573861470313
268 0.00249027237354
269 0.000455014036273
270 0.0014882201345
271 0.00125057414477
272 0.000651878678135
273 0.00243007339814
274 0.000558663091716
275 0.000946976701183
276 0.000621542191972
277 0.00174471190598
278 0.00131407338679
279 0.000175176109257
280 0.000943517105616
281 0.000645490448807
282 0.00440325153707
283 0.000539403902113
284 0.000759833868422
285 0.00573416367232
286 0.00154930628541
287 0.010204911661
288 0.00161943124726
289 0.00231904932566
290 0.0222857444916
291 0.0210075790608
292 0.11510772731
293 0.00180316376025
294 0.0283429341988
295 0.00133848899465
296 0.000208903022484
297 0.00170680036721
298 0.00018383567982
299 0.00062250748005
300 0.00119747278879
301 0.00410653841532
302 0.000533227784953
303 0.000310950394085
304 0.0011372585357
305 0.000344778627335
306 0.0149937628517
307 0.00373713065148
308 0.00201347797502
309 0.00176375374526
310 0.0205816540151
311 0.00104619989683
312 0.00272387142629
313 0.000778595198507
314 0.000543491470666
315 0.0211256921924
316 0.00207558933321
317 0.115334961618
318 0.0030436392244
319 0.000529021314692
320 0.00230257627056
321 0.00020263167893
322 0.00124438891203
323 0.00314655734686
324 0.000646365986785
325 0.00300758725564
326 0.000339000557497
327 0.000227084371109
328 0.000526956067096
329 0.000904247148821
330 0.000771604938272
331 0.000381046588147
332 0.00119856047957
333 0.000621542191972
334 0.00443206118045
335 0.00264462716869
336 0.000959166052549
337 0.00103648460339
338 0.00444444444444
339 0.322780714955
340 0.00243865264441
341 0.000168662506325
342 0.000296038904722
343 0.000285721992045
344 0.00168767577974
345 0.0189309729933
346 0.00484264489877
347 0.0646420743308
348 0.00228454014427
349 0.00284394162855
350 0.0002055472052
351 0.000470882151931
352 0.00411441192093
353 0.00102713122292
354 0.000510017144736
355 0.00062250748005
356 0.000257150745058
357 0.000188731579806
358 0.00241163690106
359 0.000262256388402
360 0.165304731547
361 0.00460865865101
362 0.0330278191256
363 0.00234691570706
364 0.00473180262131
365 0.00420315652071
366 0.00140296095729
367 0.000473412760633
368 0.000427561355963
369 0.0029659659605
370 0.00119753412635
371 0.00858548702062
372 0.00116949133552
373 0.00402370090128
374 0.0304395719671
375 0.00748006618011
376 0.00320756725772
377 0.000270316863205
378 0.000198022108586
379 0.000992001984004
380 0.00071892016722
381 0.000557549095768
382 0.00499537170034
383 0.000575631536872
384 0.00111111111111
385 0.00377245884004
386 0.202706127987
387 0.00227183954368
388 0.00207877505065
389 0.00177623273487
390 0.00158604129721
391 0.00118073682699
392 0.00194279382859
393 0.00163523570585
394 0.000237142214
395 0.00148099645727
396 0.0072251918667
397 0.00107568776624
398 0.000794192313591
399 0.0113589272205
400 0.0207762545009
401 0.000524831532987
402 0.00777080325974
403 0.00207631035233
404 0.000407785444926
405 0.0106589768081
406 0.000248602524778
407 0.000192076830732
408 0.000143082804881
409 0.0016955017301
410 0.000122443892902
411 0.000299740640419
412 0.000935517844498
413 0.00230727571758
414 0.0696640177784
415 0.000844233125597
416 0.0105686086121
417 0.000640245417665
418 0.000600730488274
419 0.000600730488274
420 0.00176372670607
421 0.00443746249292
422 0.000339000557497
423 0.0013135263121
424 0.00644780124654
425 0.00374624421502
426 0.000882266444466
427 0.00307422602073
428 0.000255264160533
429 0.000992001984004
430 0.00189837522115
431 0.000769214533464
432 0.000282885153539
