1 0.00124419511512
2 0.0183108446103
3 0.000830768698225
4 0.000166225023229
5 0.00255290858726
6 0.00124112034472
7 0.000489466677109
8 0.000195346793766
9 0.000570116955354
10 0.000287883371249
11 0.00112775673869
12 0.00020571102046
13 0.113488520997
14 0.00575364465317
15 0.0125329685613
16 0.00169394443813
17 0.00121076337838
18 0.00026092603802
19 0.000200131179734
20 0.439076820157
21 0.000688979296943
22 0.000510461910962
23 0.00171150952549
24 0.0119341854389
25 0.000609297494552
26 0.000306031508241
27 0.00201113377254
28 0.00129017173428
29 0.00115024758378
30 0.0119058039126
31 0.000251453469812
32 0.000526891675785
33 0.00440811419985
34 0.000311272186859
35 0.000645454006671
36 0.000311272186859
37 0.000852469497576
38 0.000566342908483
39 0.000559468573925
40 0.00368002705902
41 0.00522106154423
42 0.406998870438
43 0.000640022440293
44 0.0005683410117
45 0.013759666865
46 0.000520193006808
47 0.000281212380532
48 0.000571101724357
49 0.000451116727
50 0.000901501877086
51 0.000181484358449
52 0.00711738035488
53 0.0017570165321
54 0.00127658077775
55 0.000461467998703
56 0.00269422458493
57 0.0050576780006
58 0.000568459237921
59 0.00028839010128
60 0.00124908389279
61 0.00020777534291
62 0.00435327877564
63 0.00182819671732
64 0.000478178899823
65 0.00196282647012
66 0.00116111273384
67 0.00198080706282
68 0.00519547624777
69 0.00571356416731
70 0.00974708822546
71 0.00126236259147
72 0.00185150783808
73 0.000488601513023
74 0.000596046447754
75 0.000317515313129
76 0.00035724648922
77 0.000334646162585
78 0.000375416695151
79 0.000646983684926
80 0.00179345204158
81 0.462824629755
82 0.000103092783505
83 0.00342910478046
84 0.000644575724595
85 0.00028827003879
86 0.000222351734387
87 0.000327116035703
88 0.00141417556392
89 0.000664257625678
90 0.000971496036431
91 0.000524837398507
92 0.00125222966437
93 0.0385002565175
94 0.196819261132
95 0.00147361673439
96 0.0139160395209
97 0.00628034887711
98 0.0086487779839
99 0.00116111273384
100 0.00829682483219
101 0.00267614904328
102 0.0019557468493
103 0.000508992333405
104 0.000236675925637
105 0.000823579553623
106 0.000787850060199
107 0.232822038347
108 0.00127102292452
109 0.000443626689425
110 0.000169326658416
111 0.00202087366383
112 0.00206453442485
113 0.00302714256521
114 0.00141417556392
115 0.000251453469812
116 0.00145860886015
117 0.000298800188679
118 0.00029756848261
119 0.0548712051509
120 0.000936719359894
121 0.000969197726209
122 0.0803521494761
123 0.000308600993567
124 0.00191368871442
125 0.00126184052257
126 0.00208930858766
127 0.000200131179734
128 0.01534662868
129 0.00015455493311
130 0.000971496036431
131 0.000333883037343
132 0.0034252940292
133 0.000402295547656
134 0.0929073065514
135 0.00434539077882
136 0.00950426306624
137 0.00154935798118
138 0.000295532170772
139 0.00238334324807
140 0.000555041300038
141 0.00052103988173
142 0.000357616136556
143 0.00182819671732
144 0.000787320734177
145 0.000381105061824
146 0.00204708203419
147 0.00052212983357
148 0.000216450044205
149 0.00101495810165
150 0.00136335917182
151 0.000174562791805
152 0.00774119713008
153 0.000507264020778
154 8.8614303314e-05
155 0.000827871370649
156 9.10880979343e-05
157 0.00195222139378
158 9.52847012766e-05
159 0.0232827644744
160 0.00362785444069
161 0.214033508451
162 0.00156404609148
163 0.000532872249633
164 0.0021225263652
165 0.000221937864334
166 0.000658399753303
167 0.00651414448763
168 0.00057389612936
169 0.000532872249633
170 0.000294438118468
171 0.000716649515706
172 0.000171434234881
173 0.00174920555457
174 0.0934219912116
175 0.0124436602076
176 0.000541840489096
177 0.00763768692034
178 0.00177587982572
179 0.00213899673354
180 0.0011711847931
181 0.0021288405134
182 0.000221937864334
183 0.000200485550944
184 0.00239002016383
185 0.00289986578696
186 0.000633780646539
187 0.00125312805176
188 0.00262041868293
189 0.000974657941701
190 0.0462181757379
191 0.0104400456773
192 0.0251200331126
193 0.000659415802305
194 0.000881491998268
195 0.000379687854059
196 0.00224569660555
197 0.00124112034472
198 0.000249471578268
199 0.000401283078567
200 0.000435648705389
201 0.000311272186859
202 7.89343665615e-05
203 0.000159556786704
204 0.00198080706282
205 0.000150782567415
206 0.00287066574925
207 0.00101495810165
208 0.0351584390298
209 0.00466097846577
210 0.00217173266365
211 0.00116111273384
212 0.00083008
213 0.000304035850617
214 0.00096358191881
215 0.00431562683148
216 0.000377331379662
217 0.000268175238592
218 0.0190308030228
219 0.00300067697086
220 0.00508170273246
221 0.00300877708344
222 0.00138195617272
223 0.00204210640825
224 0.000277407777449
225 0.00217107143413
226 0.000215470078276
227 0.000828114486828
228 0.000257027080213
229 0.00112775673869
230 0.0019771015247
231 0.00021009846015
232 0.000311272186859
233 0.000807756232687
234 0.00485076916594
235 0.00275845632371
236 0.000566375593356
237 0.00186556292
238 0.00163494871481
239 0.00137389924114
240 0.000415800127771
241 0.0370644084928
242 0.00208086835612
243 0.000512637949448
244 0.000684648859544
245 0.00226225075503
246 0.00031802333763
247 0.000553633217993
248 0.00197590652989
249 0.000945358141966
250 0.00198080706282
251 0.00478549068579
252 0.000411106046285
253 0.0132593811293
254 0.000526049995792
255 0.00386439228441
256 0.000251963602376
257 0.000271476702069
258 0.000488601513023
259 0.000309479723379
260 0.000215470078276
261 0.00112792851536
262 0.0706822586589
263 0.0305853842166
264 0.000715875661346
265 0.00424110789638
266 0.00731057403808
267 0.00438705606634
268 0.000177481851441
269 0.32591546681
270 0.000208150219411
271 0.00508730451459
272 0.00118572058576
273 0.000327408408177
274 0.000572331219523
275 0.00104571881066
276 0.00181009903962
277 0.0133102880017
278 0.0287524449496
279 0.00394768869786
280 0.000413786437206
281 0.00126294986498
282 0.00019458668951
283 0.000545482964846
284 0.00112565565533
285 0.00109165895127
286 0.000934204894398
287 0.000490249823792
288 0.000626739734719
289 0.176508455023
290 0.000677580097967
291 0.000878600453765
292 0.000624653444023
293 0.0197614453678
294 0.000240714568276
295 0.000479234206741
296 0.0288222449223
297 0.000380051469165
298 0.00213839419961
299 0.000799336934026
300 0.000111242003938
301 0.00307720739492
302 0.0350081173486
303 0.00036868719045
304 0.0116214711654
305 0.00543122904071
306 0.0613962651999
307 0.0902537660421
308 0.0134746159455
309 0.0039187360077
310 0.000664257625678
311 0.000252164104248
312 0.00041024
313 0.000645454006671
314 0.00114765376435
315 0.00124323582821
316 0.000368121502478
317 0.000215755018289
318 0.000246536734453
319 0.00054794568587
320 0.00084833631822
321 0.00412908357446
322 0.00239156039057
323 0.00210372846927
324 0.00079853503244
325 0.000363483805438
326 0.00419865325395
327 0.000109359647999
328 0.00069117280363
329 0.00679707129891
330 0.000792094032187
331 0.000860200953958
332 0.000786177801222
333 0.00355722061113
334 0.000606179343736
335 0.00114765376435
336 0.00208541607134
337 0.000311272186859
338 0.00124323582821
339 0.000836528280063
340 0.000681262620895
341 0.00198080706282
342 0.000966155998812
343 0.00230324785767
344 0.00116697603516
345 0.0024785342913
346 7.89343665615e-05
347 0.00139660741883
348 0.000599554315304
349 0.0340940132992
350 0.00256047028696
351 0.00291666463782
352 0.000517181726725
353 0.00146007238271
354 0.000570661399204
355 0.000867208672087
356 0.00112356043819
357 0.000720470836514
358 0.00032866350694
359 0.00201857445331
360 0.000526049995792
361 0.000453289365549
362 0.00174769402397
363 0.00023944120409
364 9.59991960067e-05
365 0.00112775673869
366 0.00048133385797
367 0.000208526111379
368 0.000357644913312
369 0.0010440531544
370 0.000469319284292
371 0.0058097470104
372 0.000457301482943
373 0.0897603269874
374 0.0157828555976
375 0.0012558236075
376 0.00284877971599
377 0.000653182441444
378 0.000284552013589
379 0.00093710949707
380 0.00375525552674
381 0.108851792574
382 0.12842552105
383 0.0019557468493
384 0.0125665733215
385 0.00447641554539
386 0.00668529263163
387 0.000386991062982
388 0.000224438552932
389 0.000368121502478
390 0.000645454006671
391 0.000526891675785
392 0.000261951286691
393 0.00112862692136
394 0.00105376048577
395 0.000311272186859
396 0.0177730905382
397 0.00200047504041
398 0.000634477262308
399 0.00289645886108
400 0.0016201890748
401 0.00571356416731
402 0.000327287917691
403 0.007609996317
404 0.00110649590899
405 0.00179698608205
406 0.00190181412214
407 0.00105186267348
408 0.000291928119909
409 0.00147540227765
410 0.000368121502478
411 0.000381105061824
412 0.00124323582821
413 0.000433305301369
414 0.000483684073115
415 0.00054794568587
416 0.000261080615892
417 0.000489466677109
418 0.0195783005829
419 0.032604818903
420 0.0024880790604
421 0.000526049995792
422 0.00363170793124
423 0.00037793510987
424 0.00504461710621
425 0.00153664
426 0.00279300466887
427 0.00026092603802
428 0.00870836269305
429 0.00106030235178
430 0.00166525863466
431 0.000524444962415
432 0.0994022846152
