1 0.00276078494214
2 0.000471768967566
3 0.000979962192817
4 0.000452693526483
5 0.000905067272988
6 0.000718543352947
7 0.00235792033269
8 0.00181310249615
9 0.00104058272633
10 0.000179268570228
11 0.000245673686383
12 0.000430433360307
13 0.00104834789526
14 0.00540870931567
15 0.0100884673513
16 0.000939429606157
17 0.00061026574388
18 0.00256346114997
19 0.000328624598612
20 0.000261197836955
21 0.0070056157817
22 0.00160642157055
23 0.00163728428932
24 0.000130799033927
25 0.0024332594906
26 0.00287950140929
27 0.00744870917773
28 0.00265520221607
29 0.0436683569377
30 0.0233339390582
31 0.000904516931426
32 0.000325952783124
33 0.00181978594142
34 0.00068949336602
35 0.00376522844623
36 0.00110764700999
37 0.000607747155109
38 0.00132565358951
39 0.0342358389
40 0.00367156975702
41 0.0254808561081
42 0.00065992656305
43 0.00868693609774
44 0.00055674789743
45 0.000391129060226
46 0.0391132927208
47 0.000563667863446
48 0.00416863189732
49 0.00295454218747
50 0.000152723467796
51 0.00106703546823
52 0.00147004440134
53 0.00128688002043
54 0.000214611982767
55 0.000580300035941
56 0.00145437941893
57 0.0168565196356
58 0.00128092383406
59 0.00102517241385
60 0.000244618161561
61 0.162873723216
62 0.000701723608614
63 0.00113055287984
64 0.00036036575397
65 0.00103501067355
66 0.00161416103996
67 0.000387102118409
68 0.000430433360307
69 0.000427794618477
70 0.0105602464687
71 0.000312047695263
72 0.00188700895327
73 0.00105348591835
74 0.000533639226145
75 0.00532891043796
76 0.000346963276619
77 0.000971107531379
78 0.0036675759522
79 0.000528471396486
80 0.0485603450301
81 0.00352535826636
82 0.00801481779514
83 0.00349056016548
84 0.000141536077066
85 0.000584978281979
86 0.000170874449998
87 0.00395924313312
88 0.00051841234767
89 0.000243664485425
90 0.00303059764517
91 0.0246953862141
92 0.00121089491224
93 0.0174624493779
94 0.00070499545253
95 0.000330847174689
96 0.00262203775409
97 0.000492454707285
98 0.00380212428013
99 0.00667835998785
100 0.000531115906255
101 0.00321038217942
102 0.000613416746506
103 0.0110053524044
104 0.00408822774366
105 0.000889243655636
106 0.0012383794429
107 0.000140375214692
108 0.00108682526265
109 0.000421371943114
110 0.00110764700999
111 0.000404517914966
112 0.00114909508762
113 0.000690025382507
114 0.00051841234767
115 0.00225400373638
116 0.00385977800377
117 0.00114909508762
118 0.169950869418
119 0.000431148662818
120 0.0916110636777
121 0.000644132459856
122 0.00207468193464
123 0.000459511837599
124 0.000219522278522
125 0.0018612998413
126 0.00041088385683
127 0.00558022514526
128 0.00123520788796
129 0.0164867722526
130 0.0119373821143
131 0.284148948553
132 0.00180721443666
133 0.00538075844511
134 0.000436206081899
135 0.0438107237661
136 0.0041513708134
137 0.000591416978304
138 0.000207401478222
139 0.000523045763998
140 0.00643083094696
141 0.000603850947594
142 0.000294820220988
143 0.000190335968906
144 0.00129808696984
145 0.00269665566408
146 0.000310833311782
147 0.000484309908748
148 0.00132231404959
149 0.000470133721075
150 0.000528957682539
151 0.00053385768123
152 0.00077101002313
153 0.000818566539592
154 0.00212247803945
155 0.0020472639484
156 0.000509947077444
157 0.0632927872938
158 0.0170063499592
159 0.000274906708905
160 0.000436206081899
161 0.000229591836735
162 0.00184593348377
163 0.00217913952718
164 0.00110658980914
165 0.00465934373144
166 0.0019084671924
167 0.00365231332497
168 0.00133680331882
169 0.000593724944807
170 0.0313367477682
171 0.00424646726415
172 0.000222351734387
173 0.00125160410635
174 0.00108767966619
175 0.0002044465528
176 0.00262177557654
177 0.000199499311068
178 0.000594926511262
179 0.0628293549281
180 0.00041717395019
181 0.00140079276591
182 0.000528957682539
183 0.0279393134234
184 0.0700405144925
185 0.00884014674293
186 0.0118997306179
187 0.000580888319547
188 0.000498246173469
189 0.000293609047105
190 0.0002055472052
191 0.000584978281979
192 0.00112147106544
193 0.000954889572473
194 0.000291208983215
195 0.00344120421984
196 0.00217363554804
197 0.00319342944991
198 0.000432108460787
199 0.00802918770314
200 0.0888760639155
201 0.00309209592615
202 0.0043507020534
203 0.000540832882639
204 0.00088192
205 0.00308113165669
206 0.00190110398621
207 0.0222939195287
208 0.00277464478653
209 0.000896637541701
210 0.0099774998293
211 0.00040064
212 0.010606200215
213 0.00221690286882
214 0.00388718042798
215 0.00558022514526
216 0.000291208983215
217 0.000918273645546
218 0.0198745668225
219 0.00181550094518
220 0.000470885935028
221 0.000213171157362
222 0.000746060730265
223 0.000473345935728
224 0.000188620162464
225 0.000671158957287
226 0.0207338733316
227 0.00144118760579
228 0.330985738706
229 0.00143447358286
230 0.000497583884803
231 0.000199721284952
232 0.00306645070263
233 0.00275095409825
234 0.0035068800112
235 0.00042829810096
236 0.000344928755707
237 0.00132526289992
238 0.00216769123948
239 0.000280347342111
240 0.00693183764887
241 0.00476201194814
242 0.151366761174
243 0.00274891880172
244 0.0023620964819
245 0.000838808348473
246 0.000452693526483
247 0.000597309617929
248 0.00349056016548
249 0.000269285242271
250 0.00772351226862
251 0.000228269582811
252 0.00154404251036
253 0.000904516931426
254 0.000893235309309
255 0.00097486928402
256 0.00192435775261
257 0.000812563892784
258 0.000669724699931
259 0.00044962702539
260 0.737879534542
261 0.000540832882639
262 0.00390022880629
263 0.000382664619258
264 0.00357482194863
265 0.000261493584412
266 0.000280694059922
267 0.00369770446164
268 0.00021750739906
269 0.000938705296514
270 0.00473111055122
271 0.000536414345825
272 0.000507264020778
273 0.00177819712585
274 0.000347074181285
275 0.000178670011146
276 0.000164365548981
277 0.000542498999212
278 0.000462879301815
279 0.0144973954533
280 0.0104015969717
281 0.00123520788796
282 0.00042300151581
283 0.000502627150216
284 0.00931094757735
285 0.0001841672296
286 0.000912533952385
287 0.000623726439455
288 0.00700395938868
289 0.000878592355501
290 0.000865719381434
291 0.012551485376
292 0.00048516369423
293 0.00051841234767
294 0.0013000296175
295 0.000192307235738
296 0.00532016486127
297 0.00203204383324
298 0.00119134181306
299 0.000229161260868
300 0.000904516931426
301 0.0010499699835
302 0.00149478866957
303 0.00238019683786
304 0.0067186240258
305 0.00102206650672
306 0.00101856043459
307 0.000567365638467
308 0.000281939184674
309 0.000192307235738
310 0.000558190464217
311 0.010855994576
312 0.0134431667862
313 0.000354743348562
314 0.00854172289968
315 0.00207766360195
316 0.000245573701254
317 0.0031790578609
318 0.00100756204281
319 0.00139080854357
320 0.000397889693779
321 0.000770773768463
322 0.000484309908748
323 0.0145505028972
324 0.000913299391399
325 0.000660104195255
326 0.000574528266331
327 0.0020517218405
328 0.000262213056354
329 0.000350466436754
330 0.00127737158319
331 0.00111870842992
332 0.000943780033608
333 0.000671980963712
334 0.000542850914031
335 0.00284725585465
336 0.000554154652594
337 0.0129205633269
338 0.0275137514733
339 0.00803421899585
340 0.00158212105026
341 0.000675000629438
342 0.00138031558286
343 0.000625744024908
344 0.000961784970357
345 0.000669878781873
346 0.0144679221468
347 0.000662887513437
348 0.00140079276591
349 0.00629754946585
350 0.00172041859056
351 0.00193859068424
352 0.000615128293998
353 0.0581442978547
354 0.0019140625
355 0.00795059477396
356 0.000554154652594
357 0.000954889572473
358 0.000892546615933
359 0.000365199061574
360 0.00104666328561
361 0.00036036575397
362 0.000159089685108
363 0.00021507526374
364 0.000943780033608
365 0.0042626410194
366 0.00030392971197
367 0.0568661228796
368 0.00434827632437
369 0.00113955263873
370 0.00523500907272
371 0.00460723501211
372 0.0010174382563
373 0.000476454125453
374 0.000503728210645
375 0.00178555884323
376 0.0107445698067
377 0.000865800294451
378 0.288403781349
379 0.0127820183588
380 0.00218812041633
381 0.000178670011146
382 0.00045950089029
383 0.000498246173469
384 0.00117746780583
385 0.000623726439455
386 0.00110764700999
387 0.00068949336602
388 0.000770547583222
389 0.000430433360307
390 0.000580076551542
391 0.000488660330728
392 0.000542498999212
393 0.0049992625702
394 0.0168383832661
395 0.000396795673751
396 0.000466082609227
397 0.00457083750307
398 0.00106820621368
399 0.0008588096061
400 0.000690229550034
401 0.00109395135175
402 0.00131679950661
403 0.00175204387296
404 0.00223472634191
405 0.00203289016553
406 0.0047193224588
407 0.727783746652
408 0.000979058505372
409 0.00199153287481
410 0.00250812360231
411 0.00109684665051
412 0.000237599355512
413 0.000212341697606
414 0.000531430508271
415 0.000584978281979
416 0.000603850947594
417 0.000891067052796
418 0.00047258979206
419 0.000237599355512
420 0.073316238622
421 0.000252449315231
422 0.000159089685108
423 0.317175475657
424 0.00318508611328
425 0.00958371299002
426 0.4193607352
427 0.00569863175513
428 0.002780418094
429 0.004084643502
430 0.00056384
431 0.00674511853312
432 0.000651878678135
