1 0.182071487924
2 0.000308925147127
3 0.000421294161739
4 0.00128873397379
5 0.000152651272342
6 0.000559798798846
7 0.000300989992203
8 0.000556247775009
9 0.000407663956561
10 0.000531181501768
11 0.00316579150678
12 0.00604274962146
13 0.00500014269396
14 0.00971113027448
15 0.547157674032
16 0.00242740166682
17 0.00055872
18 0.00164529777778
19 0.000403713579605
20 0.00034516678841
21 0.000247505443675
22 0.000443586764507
23 0.000617319024886
24 0.000848452513143
25 0.109256914914
26 0.00115780032233
27 0.000483458375007
28 0.00164534998465
29 0.00113959360858
30 0.000755562363935
31 0.000768045058643
32 0.000542850914031
33 0.000768045058643
34 0.164032925121
35 0.0103092132701
36 0.00224173945719
37 0.000275689910281
38 0.00194651834832
39 0.000954590807421
40 0.0298871438754
41 0.275434061069
42 0.00065023338405
43 0.000234380293012
44 0.000230029295171
45 0.0502966755556
46 0.000674794869918
47 0.00928547555556
48 0.00063035481148
49 0.000300989992203
50 0.0148751838192
51 0.000538816317616
52 0.0667058771307
53 0.00253706136236
54 0.000960928818769
55 0.00134800738972
56 0.000379874137801
57 0.00224569660555
58 0.000221113583284
59 0.00206379878009
60 0.00242740166682
61 0.000308652797209
62 0.00442984857763
63 0.000455014036273
64 0.000437634925784
65 0.0658998816099
66 0.00451266831541
67 0.000728271546386
68 0.00300345527823
69 0.00155489655584
70 0.00106912962454
71 0.000151712604176
72 0.000545899205171
73 0.0064
74 0.000772797066233
75 0.000751870516686
76 0.00927303111111
77 0.00579212996998
78 0.00112638393695
79 0.00370693544071
80 0.00690654907112
81 0.000527233903885
82 0.000209659916873
83 0.00564698071616
84 0.0913884820587
85 0.00053382684513
86 0.000550003696025
87 0.00043207929228
88 0.00108881852268
89 0.000502573908599
90 0.00167879585744
91 0.000574528266331
92 0.000536439756108
93 0.00958553606828
94 0.00166476953882
95 0.319076250987
96 0.000211186098675
97 0.000388159997542
98 0.000345580985512
99 0.00195065460777
100 0.00154935798118
101 0.00105346256743
102 0.000815632851096
103 0.000291271111111
104 0.00127757554493
105 0.000205916065073
106 0.00496820314898
107 0.00507346169028
108 0.000670558310058
109 0.000739338591246
110 0.000552310761231
111 0.000407663956561
112 0.000256512769025
113 0.0026891063527
114 0.000229134239547
115 0.00116882168164
116 0.0015391015775
117 0.0169738423454
118 0.030864276548
119 0.00165152653507
120 0.00216132053226
121 0.000443586764507
122 0.00216221778092
123 0.0005385282971
124 0.000530747332649
125 0.00421656542889
126 0.000151712604176
127 0.000712165780764
128 0.000227382290644
129 0.00102582287458
130 0.000340828402367
131 0.000882989569929
132 0.0156284429064
133 0.0432672228781
134 0.000937485039182
135 0.032055662329
136 0.00102255680277
137 0.00106140332917
138 0.00104325443906
139 0.00104245007943
140 0.000421968232398
141 0.000511865031429
142 0.000926052294802
143 0.000198024550403
144 0.000201630089626
145 0.00055940976452
146 0.000442840299743
147 0.00281158447304
148 0.00434346896127
149 0.000557298786159
150 0.00196801295609
151 0.0433707878392
152 0.00110897620489
153 0.000394949789351
154 0.000630230033962
155 0.00277624888889
156 0.0196158169031
157 0.00192156126853
158 0.00324937958254
159 0.0188502887167
160 0.018824965506
161 0.0269518429506
162 0.000879080924126
163 0.000944377655303
164 0.000576951814396
165 0.000222763661678
166 0.00232254318479
167 0.000310704886432
168 0.000813741175052
169 0.00107302444691
170 0.00111938751537
171 0.000196597201274
172 0.000483006606867
173 0.000532738956404
174 0.0414140789931
175 0.0016211044711
176 0.000443548844222
177 0.00367132956981
178 0.00762156714538
179 0.000647507416993
180 0.00183285104963
181 0.000854864595795
182 0.0110830346573
183 0.000594078740186
184 0.00119455056532
185 0.00278380202383
186 0.00069966274744
187 0.000471703800154
188 0.0100325171212
189 0.0142452040148
190 0.000365119887659
191 0.0124016205941
192 0.00396069900772
193 0.000768045058643
194 0.000250459583552
195 0.000257514772029
196 0.00128841941827
197 0.000228517467724
198 0.00023936160851
199 0.000860826991709
200 0.00202087366383
201 0.00116088714333
202 0.00606112120189
203 0.0009765625
204 0.0092612795858
205 0.000880593155756
206 0.00317618839042
207 0.00928437793609
208 0.000515591061218
209 0.000347613083897
210 0.00198069462078
211 0.000181789759083
212 0.000576552547331
213 0.000601413045621
214 0.000816047874809
215 0.0082795096212
216 0.00203953880682
217 0.80957453364
218 0.00308106835443
219 0.000236248717786
220 0.000550003696025
221 0.000258786724441
222 0.000206720424702
223 0.00161844365174
224 0.00242740166682
225 0.000584573252173
226 0.000229134239547
227 0.00167853267861
228 0.0160928709259
229 0.00181307180551
230 0.00174798192175
231 0.00403769211388
232 0.0288628374396
233 0.00122873236372
234 0.00153664
235 0.000765685474604
236 0.00160523731237
237 0.00037039210004
238 4.9944436814e-05
239 0.000500030401848
240 0.00020263167893
241 0.00399391975663
242 0.0423102299752
243 0.000717221192261
244 0.0011840558326
245 0.00300832152988
246 0.00023757533409
247 0.00319794119764
248 0.00202087366383
249 0.000470950279707
250 0.000531181501768
251 0.000546772643899
252 0.000537689361567
253 0.000991863935293
254 0.00609448491155
255 0.000144999010964
256 0.00326419433968
257 0.00683106766401
258 0.000700971718357
259 0.000194356654465
260 0.0298585213444
261 0.000674650025299
262 0.0101061541173
263 0.00180606570288
264 0.000550573291956
265 0.00451868846924
266 0.014119364568
267 0.000579275008771
268 0.000227839088644
269 0.002268127303
270 0.00122576598404
271 0.000421294161739
272 0.000830602196692
273 0.000609061470382
274 0.000437634925784
275 0.00800048642957
276 0.00214496803542
277 0.000487727643141
278 0.000443586764507
279 0.000249471578268
280 0.00129345230662
281 0.000385676529084
282 0.000502724768244
283 0.000205916065073
284 0.00116669967035
285 0.000249471578268
286 0.00124812083659
287 0.0455109552819
288 0.00185142893763
289 0.0408622643746
290 0.000613445625497
291 0.000423910892606
292 0.00227911838871
293 0.0364006465238
294 0.00100249928642
295 0.000501997024043
296 0.00251254703174
297 0.000419618055556
298 0.000308695336004
299 0.000381143441121
300 0.00275906807605
301 0.00168035867517
302 0.0122175928296
303 0.00467762949808
304 0.00023944120409
305 0.000209659916873
306 0.00137460583192
307 0.00126392436334
308 0.00062833748665
309 0.000984079309989
310 0.000589236189949
311 0.000246542387474
312 0.000885185438153
313 0.0390045559232
314 0.159956681187
315 0.00792741925441
316 0.00361128210401
317 0.00154999900641
318 0.00187943731472
319 0.000877164245662
320 0.000247450416297
321 0.00134316493517
322 0.01160011166
323 0.010851551098
324 0.000169835408392
325 0.000261987122838
326 0.00182276596258
327 0.000962657017259
328 0.00311128592785
329 0.000221113583284
330 0.000813741175052
331 0.000524968776233
332 0.000229778638162
333 0.000553647683144
334 0.00115343538626
335 0.00683153423512
336 0.0043112692872
337 0.019946211297
338 0.00131937503057
339 0.00265779793399
340 0.00247789873395
341 0.00111938751537
342 0.000459655669441
343 0.000459655669441
344 0.000563667863446
345 0.00613452530701
346 0.0167195922031
347 0.011921748179
348 0.0419131952378
349 0.133447966924
350 0.00327699924155
351 0.000762316645408
352 0.000535912106244
353 0.00481830751258
354 0.000564083790643
355 0.000135082533267
356 0.000280107140981
357 0.00122713617096
358 0.00067529902091
359 0.000392429193216
360 0.000860826991709
361 0.000209659916873
362 0.000187331557098
363 0.0156492330149
364 0.000187331557098
365 0.0109616346433
366 0.000472010638291
367 0.00132471231687
368 0.00236564400477
369 0.000289362762537
370 0.00118454898371
371 0.0292886276484
372 0.000166009491806
373 0.0033697015844
374 0.00103385987328
375 0.0152783954048
376 0.100490383283
377 0.00884492905978
378 0.00539155319879
379 0.00418306477562
380 0.000599903130876
381 0.00112356043819
382 0.000984079309989
383 0.000859197845805
384 0.00128841941827
385 0.000308652797209
386 0.000421986794852
387 0.00938463811869
388 0.000419618055556
389 0.000279677107479
390 0.0019725680129
391 0.0154919517485
392 0.0360620710609
393 0.00197304959689
394 0.0185395387678
395 0.000589236189949
396 0.00171682338679
397 0.000152161958503
398 0.00131348724114
399 0.0182212589743
400 0.000651252190627
401 0.00223420294156
402 0.0670002595196
403 0.00598140143039
404 0.000768045058643
405 0.00190335200065
406 0.00020628591873
407 0.000555711605616
408 0.00214902855138
409 0.00290709021987
410 0.000308652797209
411 0.00171562620356
412 0.000575631536872
413 0.000567974765563
414 0.000205916065073
415 0.000835556126876
416 0.00324011360398
417 0.0134336650285
418 0.0125871188453
419 0.00190046351997
420 0.00357760503101
421 0.0139360496664
422 0.000822556019548
423 0.000763578475463
424 0.000229134239547
425 8.38791759788e-05
426 0.00367034782993
427 0.00055940976452
428 0.000215470078276
429 0.00929403211361
430 0.00239285047492
431 0.00758217773634
432 0.0130108040986
