1 0.00121466133258
2 0.000253863545279
3 0.00039866893278
4 0.000178670011146
5 0.00096104923964
6 0.00118073682699
7 0.00162235501856
8 0.000242716375486
9 0.00099378806712
10 0.00051652892562
11 0.0013871671258
12 0.00114693411943
13 0.00151993585871
14 0.000226554887789
15 0.00559026096632
16 0.00282721274776
17 0.000436206081899
18 0.00175059592556
19 0.000463619908698
20 0.0054034736381
21 0.00724172676525
22 0.00108036534794
23 0.00338512396694
24 0.000423140495868
25 0.000836115546523
26 0.000344464781645
27 0.0104969255334
28 0.00239896145846
29 0.0263183092611
30 0.0574996333193
31 0.000840364747427
32 0.000183855214019
33 0.000575410817604
34 0.000193010635521
35 0.00105838757876
36 0.000443586764507
37 0.00393047474815
38 0.00139171521383
39 0.00374687743958
40 0.00258974517949
41 0.135924449111
42 0.000422940888919
43 0.00202412920407
44 0.000591416978304
45 0.000514655748828
46 0.00394806048652
47 0.00347381201903
48 0.000445046054446
49 0.001555352832
50 0.000179501385042
51 0.00301112393421
52 0.00151474908853
53 0.000253757856876
54 0.00132384704882
55 0.00147583007813
56 0.00145527496801
57 0.00900282750504
58 0.00523841184104
59 0.00228550365957
60 0.00103027761096
61 0.0492005367473
62 0.000203354717353
63 0.00241499083198
64 0.000743801652893
65 0.000593948598472
66 0.000524124837312
67 0.000329267623113
68 0.000585327783559
69 0.000815032315151
70 0.00122744653536
71 0.000375416695151
72 0.00134640889627
73 0.000487738640762
74 0.000928662683572
75 0.000170039899597
76 0.002391269907
77 0.000606557252949
78 0.00324442931339
79 0.00108577291578
80 0.0737841599495
81 0.00186919451361
82 0.000969815974426
83 0.000329267623113
84 0.000193010635521
85 0.00131742112483
86 0.000180172064321
87 0.00103027761096
88 0.000225737798081
89 0.000315223784298
90 0.00161493184988
91 0.0214643076986
92 0.000975342940331
93 0.0140871070066
94 0.00134863722384
95 0.000203435293763
96 0.000729273319568
97 0.000193947375313
98 0.00313920844766
99 0.00232111680038
100 0.0073102257254
101 0.00190067488808
102 0.000666989418229
103 0.00629751020627
104 0.0721646825073
105 0.00499091590918
106 0.000597657686306
107 0.000403219302914
108 0.000745581334152
109 0.000692520775623
110 0.000529932270416
111 0.000711111111111
112 0.00140889688314
113 0.000115620302925
114 0.000740029435411
115 0.00383356079066
116 0.00420764347558
117 0.00237463280732
118 0.0205358795918
119 6.23678945671e-05
120 0.381638655537
121 0.00143096900586
122 0.00175479969766
123 0.00365393183337
124 0.000574528266331
125 0.00281689947169
126 0.000540319880171
127 0.00491388535322
128 0.00346591039232
129 0.00332793449774
130 0.0187077393941
131 0.278068090676
132 0.00140462472808
133 0.0185010262784
134 0.000425475715888
135 0.0164109010261
136 0.00289155974891
137 0.000234426867517
138 0.000282276130188
139 0.00194870546222
140 0.000593701325949
141 0.00143601108033
142 0.00296322190427
143 0.000210277772815
144 0.00133834141847
145 0.00436406549855
146 0.00146812789821
147 0.000412442975634
148 0.000536830432874
149 0.000629023464754
150 0.00051652892562
151 0.000931887074875
152 0.000658812913998
153 0.00196638070474
154 0.00111497243565
155 0.000304785275116
156 0.000358074895659
157 0.23762830357
158 0.015814201102
159 6.60982219578e-05
160 0.000180024089188
161 0.000904516931426
162 0.00163450751016
163 0.000269849769574
164 0.00147004440134
165 0.000436206081899
166 0.00143835846217
167 0.00737477465407
168 0.000191568587541
169 0.00112147106544
170 0.0743037211519
171 0.00105863859165
172 0.000833435690726
173 0.000806644644636
174 0.000622301148222
175 0.000264931092044
176 0.0022177931334
177 0.000246676600435
178 0.000156739428048
179 0.0757550294997
180 0.00083768018759
181 0.000459955932163
182 0.00198429752066
183 0.0119250185929
184 0.0543986350683
185 0.00639522612546
186 0.0117374886876
187 0.00125459599504
188 0.000279947916667
189 0.000242663865047
190 0.00124392142437
191 0.000307847252685
192 0.000633842740067
193 0.00513139938197
194 0.00119134181306
195 0.000274906708905
196 0.000214681533363
197 0.00365309475073
198 0.00165081172358
199 0.00258409507148
200 0.0454116715166
201 0.00477488847042
202 0.00588358729339
203 0.00558641457153
204 0.00133915548984
205 0.0043107848389
206 0.00143046454622
207 0.0300992923656
208 0.00187240636611
209 0.000485532127305
210 0.0120353971787
211 0.00110494408763
212 0.00169822708465
213 0.00170107765416
214 0.0061290266343
215 0.00379587652612
216 0.00028495081293
217 0.00111317158561
218 0.0273567288278
219 0.000358700642792
220 0.000510017144736
221 0.0010130755237
222 0.000343484224966
223 0.00664907070182
224 0.0013143363058
225 0.00150994798509
226 0.0380083564417
227 0.000235326777889
228 0.0162338410999
229 0.000831182309059
230 0.000126207503797
231 0.000523045763998
232 0.00473709613781
233 0.00297779804587
234 0.000343454537548
235 0.00118212936648
236 0.000909067952829
237 0.000793893763523
238 0.000969815974426
239 0.00321511891015
240 0.00219069486001
241 0.111360291166
242 0.00589997442943
243 0.00523092168348
244 0.000572331219523
245 0.000539807607263
246 0.000375697254046
247 0.000330553824766
248 0.000710353198976
249 0.000496471477912
250 0.000315223784298
251 0.000425475715888
252 0.000933076362604
253 0.000129085985833
254 0.00510547458713
255 0.00308460573879
256 0.0490854228167
257 0.000683886743387
258 0.000986615324158
259 0.000984252999562
260 0.161442968219
261 0.104243680917
262 0.000632002746481
263 0.00612263390813
264 0.000529302091207
265 0.00167011122789
266 0.000344464781645
267 0.000454942585678
268 0.00300670966668
269 0.000193048959913
270 0.000510017144736
271 0.0125111022152
272 0.000959826520244
273 0.0018499248468
274 0.00512744302161
275 0.00322698669667
276 0.000329267623113
277 0.000240519306196
278 0.000572331219523
279 0.000242716375486
280 0.0100918994913
281 0.00464420420827
282 0.0756661881804
283 0.000640922929018
284 0.000150513702452
285 0.000295138888889
286 0.000214681533363
287 0.00127640160478
288 0.00292336961004
289 0.00143503438849
290 0.00358377796207
291 0.000848844604917
292 0.00462501795326
293 0.00118122859576
294 0.000211570247934
295 0.000930767020971
296 0.000290682329856
297 0.00162260229108
298 0.00134121365347
299 0.000615202736595
300 0.000312916597011
301 0.000969815974426
302 0.000554678204435
303 0.00455217455101
304 0.00304451365739
305 0.00424315736843
306 0.00135530190606
307 0.000543404825804
308 0.000740029435411
309 0.000348756945386
310 0.000155591424192
311 0.00064292733542
312 0.00434352070343
313 0.00099378806712
314 0.00123508456757
315 0.00225194168244
316 0.00039825382443
317 0.000217060257963
318 0.00090313608226
319 0.000327360654721
320 0.0026453010834
321 0.000803521607043
322 0.00220315837913
323 0.000377248080131
324 0.00583913758839
325 0.00109971544757
326 0.000887465793476
327 0.00136611445847
328 0.00425330812854
329 0.000343484224966
330 0.000573428164589
331 0.000358700642792
332 0.00190724482955
333 0.00198429752066
334 0.000522210227634
335 0.00119134181306
336 0.0102874528143
337 0.000416469050333
338 0.0324746145403
339 0.00828074389192
340 0.00410056773761
341 0.000627882233967
342 0.0035244238857
343 0.000681780315169
344 0.000236246023115
345 0.000176892211146
346 0.00116260290214
347 0.00552991589767
348 0.00113835091951
349 0.00232852690658
350 0.00578118467505
351 0.000701663895438
352 0.00126236631518
353 0.00123643429457
354 0.0911476815874
355 0.00119134181306
356 0.00158610303444
357 0.00092685068282
358 0.00362031699843
359 0.000585327783559
360 0.00180878236338
361 0.000612834840777
362 0.000743801652893
363 0.000743801652893
364 0.000379687854059
365 0.000274906708905
366 0.0211566037737
367 0.000196983687288
368 0.00176482817667
369 0.0239251520381
370 0.00216644066404
371 0.00587676527345
372 0.0031080155068
373 0.000583070545505
374 0.00172436081586
375 0.00208681369125
376 0.00296466532606
377 0.00272130261191
378 0.00150842390661
379 0.370713497222
380 0.00172295064927
381 0.0005532588322
382 0.000593701325949
383 0.00182911255741
384 0.000554040525846
385 0.000342935528121
386 0.000242244394313
387 0.000329348010716
388 0.000226554887789
389 0.000637332331436
390 0.00108087821355
391 0.00256418887663
392 0.000573428164589
393 0.000619006231517
394 0.000135109776694
395 0.00110041319447
396 0.00522760803193
397 0.000247783664977
398 0.000377045968842
399 0.00468824825639
400 0.000449623887163
401 0.00354204265891
402 0.0057550408829
403 0.001256538999
404 0.00563430905923
405 0.0036118047693
406 0.00178799552651
407 0.530770357813
408 0.00150862923652
409 0.00135263800255
410 0.00228936432077
411 0.00599066414899
412 0.00119685206015
413 0.000699826195265
414 0.000358700642792
415 0.00131742112483
416 0.000605970278957
417 0.000320465188851
418 0.00111317158561
419 0.000303116056744
420 0.0687548257794
421 0.000258241485707
422 0.000375416695151
423 0.140742658915
424 0.000242244394313
425 0.00165081172358
426 0.381865570632
427 0.00103614027488
428 0.00139494528483
429 0.000817623831211
430 0.00170408291453
431 0.00622599889815
432 0.0031033153285
