1 0.000639349112426
2 0.00673673061126
3 0.00244985207101
4 0.000724183439721
5 0.00355762775019
6 0.00144730623819
7 0.000427589877682
8 0.00130386451105
9 0.00140984424774
10 0.000990409813513
11 0.00122397980433
12 0.000277400234121
13 0.0151051688545
14 0.00467648668321
15 0.0117262594178
16 0.000467696746926
17 0.00214373429745
18 0.000621021888541
19 0.00129977202576
20 0.00029662553691
21 0.00182819671732
22 0.0217780557814
23 0.00260504793132
24 0.00786391005191
25 0.000892157171889
26 0.00586524595417
27 0.00306982248521
28 0.0023599112426
29 0.000228936958169
30 0.00062597309557
31 0.000283861226741
32 0.000525926230865
33 0.00194498377164
34 0.000431148662818
35 0.00295689934803
36 0.000189595362023
37 0.00024177378851
38 0.00166181255139
39 0.00112026563428
40 0.00354577614548
41 0.0706783801192
42 0.0014019973677
43 0.000287850697482
44 0.00082944
45 0.00381503379701
46 0.000685864562788
47 0.00479666400894
48 0.0201922585484
49 0.000897007483368
50 0.00129324639552
51 0.000970564289221
52 0.000990822312394
53 0.000652736686391
54 9.08110240326e-05
55 0.000571237419067
56 0.000258224299567
57 0.000257500366766
58 0.00169000791585
59 0.000208562726774
60 0.000534598549901
61 0.000493506139374
62 0.00847583916175
63 0.0718214191117
64 0.116200148581
65 0.00103241172732
66 0.00105613021464
67 0.000720971096232
68 0.00205086766821
69 0.000523159533405
70 0.00099549129239
71 0.00222289733055
72 0.00203291038178
73 0.00230515243214
74 0.000372155744311
75 0.00477935354064
76 0.162974496899
77 0.000352296067876
78 0.000639081318113
79 0.00399415565229
80 0.000562598792348
81 0.000925137307333
82 0.0011867860168
83 0.00089402986722
84 0.00121114597295
85 0.000196372683261
86 0.000525086093116
87 0.000505440970964
88 0.000577001321432
89 0.000697674933558
90 0.00058570559719
91 0.000127320054323
92 0.000376745688824
93 0.00141849675903
94 0.00275935115669
95 0.000207028621707
96 0.000537852057984
97 0.0102388905665
98 0.00083968
99 0.000448393194707
100 0.000526049995792
101 0.00251851840506
102 0.168034947899
103 0.00860156598645
104 0.000513749820668
105 0.00201477666813
106 0.000637824100211
107 0.000278357386964
108 0.000381469726563
109 0.000954343375103
110 0.000291224210054
111 0.000543719475493
112 0.00116882168164
113 0.00295689934803
114 0.0047825928923
115 0.00112862692136
116 0.00116882168164
117 0.00420772527016
118 0.0508094704888
119 0.000724183439721
120 0.0359182069793
121 0.000142208168709
122 0.000414460630882
123 0.000633381212295
124 0.000724183439721
125 0.000840454101563
126 0.00251277448289
127 0.00141027160505
128 0.000154315034142
129 0.00435199560014
130 0.00030735548391
131 0.00904612980557
132 0.000568883525188
133 0.00712462863166
134 0.0522059759504
135 0.0151151891379
136 0.0171789740891
137 0.00686412936413
138 0.000428274021486
139 0.000140051118658
140 0.0035502121228
141 0.00616454543863
142 0.000889591165591
143 0.000791015625
144 0.00169619539907
145 0.000275263712084
146 0.000563667863446
147 0.000241168104809
148 0.000945179584121
149 0.000401283078567
150 0.000491502602433
151 0.00103829514501
152 0.00756219281664
153 0.000996466140697
154 0.000969815974426
155 0.000700692041522
156 0.00105721533349
157 0.0112202638408
158 0.00177819712585
159 0.00794078092834
160 0.00303352579238
161 0.00330138050405
162 0.000807496367361
163 0.0054071150519
164 0.00697583990863
165 0.00153173452827
166 0.00509448317142
167 0.00312606724698
168 0.000500035013393
169 0.000186056111907
170 0.000494095139137
171 0.000431148662818
172 0.00029662553691
173 0.00225004662217
174 0.000479234206741
175 0.000439136089328
176 0.000556539424119
177 0.000292021420416
178 0.00628726366399
179 0.330575743454
180 0.030748017584
181 0.000826792148537
182 0.00673837532089
183 0.262833919864
184 0.00436262867573
185 0.00303352579238
186 0.00064714530443
187 0.000175721711722
188 0.00323436322828
189 0.00215718425013
190 0.00281154738755
191 0.000341921676412
192 0.000475894605716
193 0.000192087854426
194 0.000596667181964
195 0.000227409811134
196 0.000325352056954
197 0.00168959541697
198 0.00222433529248
199 0.000675528537822
200 0.000551595237522
201 0.000937109537693
202 0.000920531253704
203 0.00505832071653
204 0.000147215035038
205 0.0035657576823
206 0.00106853535001
207 0.000657082772879
208 0.0286378650171
209 0.000787331271662
210 0.00281287553335
211 0.00241994421603
212 0.00508194961453
213 8.86276500762e-05
214 0.00692573424898
215 0.00179097864354
216 0.000335130279936
217 0.00196638070474
218 0.000370511168472
219 0.00145695092782
220 0.00121802988612
221 0.00246904054628
222 0.0126568603516
223 0.000364739075066
224 0.000505440970964
225 0.00107367565275
226 0.000534598549901
227 0.00602793102118
228 0.000222766763199
229 0.000790706725022
230 0.0334105431822
231 0.00216127952068
232 0.00934692645814
233 0.0101015710333
234 0.000692520775623
235 0.00127989622852
236 0.000353020349303
237 0.00233572661354
238 0.000959826520244
239 0.00637048266164
240 0.00353219372269
241 0.000954343375103
242 0.436856488345
243 0.000408163265306
244 0.0206791048833
245 0.000600699660478
246 0.000278357386964
247 0.000990268472786
248 0.0012924104127
249 0.0028349866141
250 0.000460659823729
251 0.000303353268834
252 0.000986815054412
253 0.00135279429251
254 0.00921191030416
255 0.00367034782993
256 0.00194170203406
257 0.00493425676663
258 0.00036253552123
259 0.000248652699522
260 0.00106414750053
261 0.00194762916238
262 0.000481049062776
263 0.000577213806313
264 0.000625640424435
265 0.000839662861897
266 0.000877065035933
267 0.000845855023761
268 0.000637332331436
269 0.0275537605954
270 0.0907117001449
271 0.0963962872186
272 0.00347723029286
273 0.00184257951021
274 0.000251730599311
275 0.000201035402071
276 0.000367581215778
277 0.103711259204
278 0.00122397980433
279 0.000534598549901
280 0.000442186068586
281 0.000886650370361
282 0.000383214155505
283 0.000317755797918
284 0.00179670382299
285 0.00216538646422
286 0.0711168701235
287 0.00388323424495
288 0.181118043999
289 0.000246809237635
290 0.00293601226378
291 0.00079723183391
292 0.000677580097967
293 0.0134346057904
294 0.00101695703391
295 0.00115874056465
296 0.000468174728644
297 0.000279038594108
298 0.000494095139137
299 0.00105216025234
300 0.000461645717802
301 0.000791015625
302 0.00342374476574
303 0.000541945405613
304 0.000259169859005
305 0.00570926848964
306 0.00295689934803
307 0.000571237419067
308 0.000897007483368
309 0.000979962192817
310 0.0293318628258
311 0.00787183743272
312 0.000725127496888
313 0.0238727564778
314 0.00493162650574
315 0.000713071240196
316 0.000583889370766
317 0.00206834111386
318 0.00265115055884
319 0.0171278150741
320 0.00181936614182
321 0.0130210452222
322 0.00751531886917
323 0.0157833284836
324 0.0233277143075
325 0.00555363250051
326 0.000760432052808
327 0.000230003818423
328 0.00400451660156
329 0.000709951533463
330 0.000376745688824
331 0.000251730599311
332 0.00116882168164
333 0.000781219860345
334 0.000195608587217
335 0.000597212308498
336 0.000314216353024
337 0.00353847054086
338 0.0134907434842
339 0.288801357541
340 0.0751794128944
341 0.0020836276031
342 0.000232642463974
343 0.000932346599849
344 0.00117775247387
345 0.000420079815165
346 0.00172112923269
347 0.000475894605716
348 0.000475894605716
349 0.00532600645189
350 0.000619332735114
351 0.000910592594831
352 0.014487191979
353 0.000208920086732
354 0.0238027599437
355 0.0202708505297
356 0.00305779241721
357 0.000234426867517
358 0.00356295504247
359 0.000990409813513
360 0.00118415344753
361 0.000181631926534
362 0.000557787090666
363 0.000998981747771
364 0.00230017795615
365 0.00132583719977
366 0.00216538646422
367 0.0139810700781
368 0.00140984424774
369 0.00206729776884
370 0.000157775458839
371 0.000255674758219
372 0.00044962702539
373 0.00146075459148
374 0.000688258918457
375 0.00417895693592
376 0.000218393905525
377 0.00339144715874
378 0.0468221952
379 0.00185073701883
380 0.000234426867517
381 0.00079559300523
382 0.00208541607134
383 0.000983255719418
384 0.00058570559719
385 0.00208541607134
386 0.00295689934803
387 0.000969815974426
388 0.00113133713591
389 0.00247526753864
390 0.00117631528632
391 0.048758997787
392 0.00171960946708
393 0.0103439384113
394 0.00870139427592
395 0.0457092117621
396 0.00115351230702
397 0.000307623009349
398 0.000944024320435
399 0.0303876557753
400 0.000465867061454
401 0.00286265862087
402 0.00363941067847
403 0.00286645142631
404 0.000265360634054
405 0.00478620307741
406 0.00249650486826
407 0.00415340132178
408 0.000210039907582
409 0.000547524437869
410 0.00162856580463
411 0.000383214155505
412 0.00270640515888
413 0.000400444815089
414 0.000998981747771
415 0.000298912055769
416 0.000211199427122
417 0.000463090742062
418 0.000116119203329
419 0.00737167626886
420 0.00117876956942
421 0.00191505155179
422 0.000230003818423
423 0.00315558107436
424 0.00191505155179
425 0.00110077832958
426 0.000558276729094
427 0.00714305476384
428 0.0171466542039
429 0.000432858390561
430 0.000838527168985
431 0.00177769594112
432 0.00616055681532
