1 0.000519357924031
2 0.00211302526946
3 0.00104058272633
4 0.000463905325444
5 0.000959826520244
6 0.000201514593637
7 0.000217861957217
8 0.000463905325444
9 0.000272
10 0.000173270687125
11 0.00118274480971
12 0.000188260829843
13 0.000533056810113
14 0.000490792956074
15 0.00152142125609
16 0.00305451898783
17 0.000239181983422
18 0.0167038659287
19 0.000518235330784
20 0.00402801107913
21 0.0019084671924
22 0.00253553054553
23 0.00258985197073
24 0.11907535388
25 0.00111206693628
26 0.000940267442149
27 0.000315471383975
28 0.00114048766408
29 0.00162281709559
30 0.000898166072815
31 0.0067898941207
32 0.00459445737995
33 0.000770415566675
34 0.005184
35 0.026001220264
36 0.000707678129901
37 0.000856632956573
38 0.00099932095971
39 0.0380955145885
40 0.000339907414659
41 0.00166250924001
42 0.0013077163982
43 0.00709809797093
44 0.00190539178634
45 0.00296686696949
46 0.000790309833712
47 0.00137489553328
48 0.00392289923726
49 0.00247573257869
50 0.00791162465543
51 0.0125533902185
52 0.00733584606229
53 0.00189114648984
54 0.406721132048
55 0.000492076001729
56 0.000456706242145
57 0.00193213380027
58 0.000563498950416
59 0.000867885814085
60 0.000472783475883
61 0.000420585864015
62 0.000382224474889
63 0.000257150745058
64 0.00106284611086
65 0.0117967193863
66 0.00105532348045
67 0.000602583857262
68 0.00092351342747
69 0.00103648460339
70 0.000541346616054
71 0.0019067578981
72 0.0226937480261
73 8.85253271956e-05
74 0.000854512776185
75 0.000318790644564
76 0.00112070381319
77 0.00119073596509
78 0.000449280863079
79 0.000795576371546
80 0.000225281513892
81 0.000199165060296
82 0.002402
83 0.000543598216758
84 0.000572376882256
85 0.000542850914031
86 0.00382343530095
87 0.000790032629715
88 0.00077101002313
89 0.00551836734694
90 0.00170408291453
91 0.00113835091951
92 0.000952353679338
93 0.00136102783015
94 0.00350453014032
95 0.0517180818252
96 0.313758489812
97 0.00119409725054
98 0.00164807746033
99 0.00358219523155
100 0.00318663574889
101 0.00271034752101
102 0.00293677918329
103 0.0077629080979
104 0.00380158968819
105 0.00160786561699
106 0.0027429477581
107 0.000225281513892
108 0.00124905127015
109 0.000555199734215
110 0.0029552254827
111 0.0016618171046
112 0.000242718217372
113 0.00107107438017
114 0.000828114486828
115 0.000231247151035
116 0.000959826520244
117 0.000651380398023
118 0.375630097242
119 0.0047287422785
120 0.00115788966049
121 0.00344120421984
122 0.00155463159448
123 0.000318561439465
124 0.000704832015036
125 0.00397352674653
126 0.000179787163725
127 0.00141152759548
128 0.000511865031429
129 0.000526116758069
130 0.00159155877512
131 0.000127857758244
132 0.000310833311782
133 0.000350196272144
134 0.00162432425573
135 0.00885813148789
136 0.00543815726576
137 0.0137932885186
138 0.000188260829843
139 0.00128641468422
140 0.00052674148849
141 0.000975621497974
142 0.000357162376762
143 0.000463905325444
144 0.0115271755861
145 0.00084015963033
146 0.000260145681582
147 0.000372683770367
148 0.000215915401489
149 0.000668611329634
150 0.00110226072667
151 0.00029471900385
152 0.000967214630669
153 0.00278917579243
154 0.00283970962305
155 0.00140984424774
156 0.00196638070474
157 0.00056868481377
158 0.001088
159 0.00270738317139
160 0.00103648460339
161 0.000840864629876
162 0.000812882118712
163 0.000603850947594
164 0.0372735918044
165 0.0226337938141
166 0.000870733673744
167 0.00112565565533
168 0.00123909066612
169 0.00381262256932
170 0.00110226072667
171 0.00101495810165
172 0.000791402004589
173 0.000511757338731
174 0.00368704744553
175 0.000318272526281
176 0.000541572083199
177 0.0287392225304
178 0.00322190615597
179 0.0161634204015
180 0.324416044497
181 0.00162644583312
182 0.00110226072667
183 0.00144124267676
184 0.000779818612599
185 0.000644543955312
186 0.000898540152812
187 0.000303512243684
188 0.0177805937563
189 0.000576768768683
190 0.00167097252216
191 0.00122397980433
192 0.000127836828498
193 0.000590268038355
194 0.000235778677503
195 0.0123266490668
196 0.00351817192489
197 0.00133036464925
198 0.000531889543988
199 0.000217861957217
200 0.000875831262117
201 0.000580076551542
202 0.00131698751301
203 0.000927346368942
204 0.00369995441656
205 0.000468065780676
206 0.00602793102118
207 0.000877914951989
208 0.0125091624552
209 0.00277464478653
210 0.00196557546267
211 0.0100541919043
212 0.00108280443732
213 0.000291606945564
214 0.00019090743674
215 0.244795695035
216 0.000532653486886
217 0.00132715742445
218 0.000376745688824
219 0.00176118369037
220 0.0457525590921
221 0.000605378900137
222 0.000492076001729
223 0.00282883709697
224 0.00047258979206
225 0.000532740567258
226 0.000430663800054
227 0.000259099870855
228 0.00332732603045
229 0.0204328472294
230 0.0023318002262
231 0.0141571636412
232 0.000782948375617
233 0.00706838348765
234 0.000493827160494
235 0.00148642763826
236 0.00486297119759
237 0.000630241067208
238 0.000572376882256
239 0.00174975436798
240 0.000541454529579
241 0.0643347207393
242 0.031693007101
243 0.000947246282893
244 0.000588107925603
245 0.000240667651865
246 0.000791402004589
247 0.00381262256932
248 0.000584149469245
249 0.00017199677506
250 0.000873508793299
251 0.000159715799827
252 0.0218349941335
253 0.000948327203222
254 0.00145935506424
255 0.00267197287383
256 0.00778229876215
257 0.00660324689433
258 0.00018570730156
259 0.00106853535001
260 0.000263455544116
261 0.0119365430911
262 0.000535606747142
263 0.000655271011
264 0.0119362323812
265 0.0161773551069
266 0.0107616666698
267 0.000850723767693
268 0.00090078144592
269 0.000381408912769
270 0.000348073067498
271 0.00101495810165
272 0.000536830432874
273 0.000629772969862
274 0.00092351342747
275 0.000791402004589
276 0.0011140305143
277 0.00195443461494
278 0.0678041270877
279 0.000222766763199
280 0.000546628041103
281 0.00310709888791
282 0.386435235499
283 0.0421273975538
284 0.000781219860345
285 0.00034616675331
286 0.00360015296132
287 0.00093634501842
288 0.000236686390533
289 0.0377313257308
290 0.0381647072612
291 0.122265156727
292 0.0108255388552
293 0.0329416263464
294 0.00160786561699
295 0.000276049770911
296 0.00105948484185
297 0.00114048766408
298 0.000875831262117
299 0.000205875031632
300 0.00018765246763
301 0.00109483131488
302 0.000216262975779
303 0.00399564634374
304 0.00352772323433
305 0.00289617309201
306 0.000381487155903
307 0.00720212104558
308 0.00969767399743
309 0.00577768431268
310 0.0029046381723
311 0.00210889470185
312 0.000213897309239
313 0.00111206693628
314 0.0069328848219
315 0.00290709021987
316 0.13523819974
317 0.00215464857851
318 0.000873247359488
319 0.00226757369615
320 0.000265965979122
321 0.0166636548653
322 0.000432584627396
323 0.000256884650292
324 0.00276805929755
325 0.000791402004589
326 0.000250404540514
327 0.000590268038355
328 0.000120951575897
329 0.00172805979446
330 0.000576768768683
331 0.000639204339334
332 0.00236121308635
333 0.00922139641363
334 0.000800713641867
335 0.000772797066233
336 0.000956933603714
337 0.0138891320374
338 0.407286330298
339 0.000888753408186
340 0.00049815341056
341 0.00128332327014
342 0.000203717688664
343 0.00437197410718
344 0.00439689939917
345 0.00170097496924
346 0.0876036839707
347 0.000497357638339
348 0.00295725668806
349 0.00320326808129
350 0.000465278672147
351 0.000546356939584
352 0.00840137748985
353 0.000546777145196
354 0.00221134611205
355 0.000212729005683
356 0.00016096566077
357 0.000625
358 0.000625
359 0.0546907374322
360 0.0108155338189
361 0.0540311841831
362 0.00185350044256
363 0.0572734996545
364 0.000605523775181
365 0.00212565463004
366 0.000553633217993
367 0.000716834316292
368 0.00131643087649
369 0.000773563889193
370 0.0030466467575
371 0.0022865909873
372 0.00519738887852
373 0.0321483841156
374 0.0131865097031
375 0.00663981386854
376 0.000171434234881
377 0.00020144507215
378 0.00110292615841
379 0.000242995129377
380 0.000399360767182
381 0.000771604479586
382 0.000987870302216
383 0.000182746573502
384 0.000964801854564
385 0.259461333789
386 0.00200695834684
387 0.00137464197885
388 0.0013116930962
389 0.0331343237179
390 0.142850559832
391 0.000590367704216
392 0.000956530980976
393 0.00141475507592
394 0.00187039072548
395 0.00742373964618
396 0.0112973958046
397 0.00043690401163
398 0.00010808432773
399 0.00329398928784
400 0.0193010875362
401 0.000324831848367
402 0.028164990696
403 0.00329999599163
404 0.000510939834995
405 0.00112777337338
406 0.00222842208041
407 0.000222351734387
408 0.000203717688664
409 0.0011265242168
410 0.000451111348117
411 0.000542850914031
412 0.000497357638339
413 0.00100959032912
414 0.00182287413312
415 0.00465360778194
416 0.00985355604891
417 0.00380158968819
418 0.000462097931654
419 0.00177474081955
420 0.000953070451078
421 0.0106592471287
422 0.000932169899719
423 0.000995730347818
424 0.00439616054604
425 0.00206228779093
426 0.00204353916001
427 0.00106142755681
428 0.000349123786441
429 0.000673695830391
430 0.00196438026105
431 0.0013077163982
432 0.000987656921233
