1 0.00397050864995
2 0.0264773302326
3 0.004651179076
4 0.000170595585173
5 0.000556247775009
6 0.00421314220589
7 0.00175696511169
8 0.000790127234349
9 0.000457352434322
10 0.000177777777778
11 0.000317063173189
12 0.000811376001512
13 0.000443260266194
14 0.110870821776
15 0.00531885642565
16 0.00241870464929
17 0.00650711111111
18 0.00392215042174
19 0.000158874175967
20 0.00132530272538
21 0.00139905481634
22 0.000290019971935
23 0.00058347107438
24 0.00146278647121
25 0.0011725001111
26 0.146693550751
27 0.000488495732224
28 0.000492610088472
29 0.000784086863653
30 0.0064589031097
31 0.00030692486332
32 0.000456943436745
33 0.000244925428565
34 0.0011070072878
35 0.0011070072878
36 0.00051100127551
37 0.0203016317474
38 0.00201313180585
39 0.000457352434322
40 0.00500380922024
41 0.000157507540201
42 0.00143766299147
43 0.113367116734
44 0.0032766069223
45 0.000338088119474
46 0.00109024563902
47 0.000895516818925
48 0.0214691665121
49 0.00215080865364
50 0.00180905666007
51 0.00219279531066
52 0.00712483131324
53 0.00136348484238
54 0.000808341691948
55 0.000689777777778
56 0.0332781775677
57 0.000592231995938
58 0.000385071309045
59 0.000229568411387
60 0.000492990188849
61 0.0072554408551
62 0.000203717688664
63 0.00107978226613
64 0.00125304563869
65 0.00106140332917
66 0.000522352601277
67 0.00726366782007
68 0.0152074993192
69 0.00282766309791
70 0.000948366007811
71 0.00136364925632
72 0.000223591292375
73 0.000100272468314
74 0.000908247404632
75 0.00470045134932
76 0.00240955527486
77 0.0181137183087
78 0.368405849201
79 0.000379122033186
80 0.000348253153254
81 0.00173675623543
82 0.000484309908748
83 0.000784896768586
84 0.000734867179562
85 0.000237562735567
86 0.00196638070474
87 0.000492610088472
88 0.00114909508762
89 0.000741540542046
90 0.00284712603878
91 0.0245460973889
92 0.0170674535407
93 0.000513722979199
94 0.00865376551205
95 0.0361706992452
96 0.0027084749682
97 0.00767383588925
98 0.000431865749868
99 0.00100959032912
100 0.00200115747545
101 0.00137609922995
102 0.000719097784547
103 0.00543218626247
104 0.00470045134932
105 0.0015141788672
106 0.00106755555556
107 0.00178741454692
108 0.000244925428565
109 0.000863640149938
110 0.00026434998704
111 0.000465278672147
112 0.00107422222222
113 0.00107107438017
114 0.00155689114381
115 0.000728883373995
116 0.000210771672287
117 0.000204878826531
118 0.000448871693423
119 0.00185041609684
120 0.000812531874363
121 0.00379609678295
122 0.000597475700983
123 0.000521220345905
124 0.00058928135411
125 0.000298976649733
126 0.011062287782
127 0.00139681990449
128 0.000432188289371
129 0.00121802988612
130 0.000266933111486
131 0.00113078985929
132 0.0289697055293
133 0.000875098573799
134 0.00182044444444
135 0.00240882231172
136 0.000798483866436
137 0.00214481786701
138 0.000943409135485
139 0.000784896768586
140 0.000188063320993
141 0.000434027777778
142 0.00508112758825
143 0.00207790521181
144 0.000456479552778
145 0.0890336222421
146 0.00284317096057
147 0.00114671395528
148 0.00138007461944
149 0.00193126746969
150 0.00238880795468
151 0.0006148823129
152 0.000207028621707
153 0.00107107438017
154 0.0155858923549
155 0.0024073469693
156 0.000228517467724
157 0.000676845792848
158 0.00231894651975
159 0.00103921398892
160 0.010702810536
161 0.00694444444444
162 0.000684056555578
163 0.00168134311374
164 0.0222589178955
165 0.000204315068874
166 0.00103396045918
167 0.0012255250979
168 0.000244508356817
169 0.00106780648681
170 0.00125330853587
171 0.00431220142533
172 0.00642180280367
173 0.000744929907039
174 0.0101381431379
175 0.000188063320993
176 0.000349203765399
177 0.000192316902336
178 0.00186717620476
179 0.000495587683734
180 0.00368253468385
181 0.0042242847582
182 0.00188779336037
183 0.000348109127963
184 0.00290709021987
185 0.00211328309251
186 0.00153438704848
187 0.000395311233537
188 0.000721688713385
189 0.0009
190 0.00089402986722
191 0.000431148662818
192 0.00108881852268
193 0.000657462195924
194 0.00163720805907
195 0.000556247775009
196 0.000243916437098
197 0.000226981745702
198 0.00053385768123
199 0.00984781183051
200 0.0334000180229
201 0.00047258979206
202 0.00102089025176
203 0.00243399223793
204 0.00208762316718
205 0.00480508476733
206 0.000412492757031
207 0.00219244614807
208 0.00285600644988
209 0.00152722126775
210 0.00186242008213
211 0.0010111490062
212 0.0108130803281
213 0.00307575707406
214 0.0297569382772
215 0.00296089125698
216 0.00286790330755
217 0.400593558047
218 0.0136640184255
219 0.000728489042676
220 0.000542544381761
221 0.00560422439448
222 0.000465799302897
223 0.000548616417272
224 0.000423667726817
225 0.0010349654265
226 0.000221113583284
227 0.00021826447345
228 0.000798483866436
229 0.00323448466549
230 0.00275088603347
231 0.0229412984089
232 0.0381928010183
233 0.0423631026824
234 0.00190464523261
235 0.000203717688664
236 0.00273027348485
237 0.000852684629447
238 0.000536749213375
239 0.000609609857305
240 0.00218779501731
241 0.00116219008264
242 0.77072257191
243 0.000627940019464
244 0.00388045789568
245 0.000952639384274
246 0.00217314731489
247 0.00111686105974
248 0.000484309908748
249 0.000453465053444
250 0.000743939613877
251 0.000305211399182
252 0.00114909508762
253 0.000556247775009
254 0.000226981745702
255 0.000492990188849
256 0.0006053329785
257 0.0033639029134
258 0.00908525856127
259 0.25261115888
260 0.00482231187276
261 0.000665579013157
262 0.00109171645927
263 0.00622672451356
264 0.00224454829711
265 0.00551824764096
266 0.00281636183885
267 0.0307972470686
268 0.415714383634
269 0.102569764559
270 0.00120974865275
271 0.000229568411387
272 0.00186052494545
273 0.000201137037484
274 0.000423667726817
275 0.000657462195924
276 0.00134952211282
277 0.000518380259821
278 0.000497357638339
279 0.000586841235503
280 0.000209659916873
281 0.000335130279936
282 0.00142268668758
283 0.00344204435759
284 0.000693534344131
285 0.00444142255472
286 0.00040516514363
287 0.000729089985771
288 0.00131547155628
289 0.0484473353894
290 0.00364069006544
291 0.000693534344131
292 0.00112839828983
293 0.000327548551368
294 0.00199870071499
295 0.0031790996542
296 0.00399723183391
297 0.00061269258239
298 0.00100829138379
299 0.0001453778091
300 0.000154463922168
301 0.00145181146889
302 0.00581322171439
303 0.0172493830064
304 0.00182044444444
305 0.00191329649372
306 0.000125716424016
307 0.00200246033235
308 0.000454965336147
309 0.00109572633329
310 0.000174562791805
311 0.00133306452608
312 0.000677580097967
313 0.00743486607776
314 0.000805144681279
315 0.000344766796516
316 0.0055009828602
317 0.0115883812249
318 0.00739326027883
319 0.0011070072878
320 0.00351101761716
321 0.000230405487853
322 0.00107268972469
323 0.000640357778638
324 9.5816043009e-05
325 0.00360445809595
326 0.0264533906645
327 0.0087887953043
328 0.000499043367347
329 0.000400981394029
330 0.00118573588404
331 0.000283126421408
332 0.00261189567709
333 0.00111938751537
334 0.00326530612245
335 0.000177288330151
336 0.000736001233851
337 0.000227868393147
338 0.00106140332917
339 0.00130220360561
340 0.000548616417272
341 0.039087340857
342 0.00228599122539
343 0.00037327000468
344 0.00103493870265
345 0.00784257715416
346 0.00485590564535
347 0.00165630070308
348 0.000292405321496
349 0.000402572340639
350 0.00166736111111
351 0.00378086189348
352 0.00763970653341
353 0.00176124697662
354 0.0031407023736
355 0.00104359522616
356 0.000449571961275
357 0.00166513333629
358 0.000345804723309
359 0.00121802988612
360 0.00191064910344
361 0.000525926230865
362 0.000232334862871
363 0.00103211657108
364 0.00096007423013
365 0.000833407663309
366 0.000837089117241
367 0.0080435962919
368 0.00442158631204
369 0.00092054941579
370 0.0203070029596
371 0.00293968538949
372 0.00970790237267
373 0.000487657057122
374 0.0016
375 0.000691530967454
376 0.00107302444691
377 0.000968035679299
378 0.0399848274379
379 0.0046482080942
380 0.00159869527915
381 0.00150201147107
382 0.000313777777778
383 0.00666389004581
384 0.000484309908748
385 0.00079598274388
386 0.00190384964583
387 0.000216439769538
388 0.000912621004955
389 0.000467696746926
390 0.00115686968035
391 0.00179670382299
392 0.0328389922959
393 0.00109659237265
394 0.0050821526068
395 0.00056712450965
396 0.000158258680459
397 0.000674326973713
398 0.00170814330095
399 0.00389471864098
400 0.000368086910823
401 9.79564589587e-05
402 0.00345242550066
403 0.0170561062719
404 0.167519084141
405 0.0141613386964
406 0.00570515511907
407 0.0100810457516
408 0.000957845744403
409 0.00455625
410 0.00118088888889
411 0.000523398219002
412 0.000402572340639
413 0.000204081632653
414 0.00206611570248
415 0.229576076086
416 0.000939799801849
417 0.00050793584299
418 0.000561366505969
419 0.000212783397265
420 0.00139798236129
421 0.000213897309239
422 0.00235434637286
423 0.0182769237497
424 0.00108417608566
425 0.00368648780565
426 0.000597309617929
427 0.000134064780298
428 0.000752633744844
429 0.000112502157791
430 0.0082323348542
431 0.000233644481301
432 0.12054320836
