1 0.000465278672147
2 0.00239620519341
3 0.0542814418639
4 0.00345088
5 0.025538830032
6 0.000179432589797
7 0.000496471477912
8 0.000392429193216
9 0.0020399534038
10 0.000484607533107
11 0.00168199292113
12 0.000959826520244
13 0.325205874191
14 0.0270143846324
15 0.00272470174833
16 0.0159860282636
17 0.0125785070992
18 0.00169546936573
19 0.000716872747242
20 0.00228713570788
21 0.000390398604204
22 0.00342087085717
23 0.00213530738052
24 0.00107890670787
25 0.00161815302213
26 0.00084015963033
27 0.00180035513178
28 0.00675878211642
29 0.0812608260334
30 0.000253439429456
31 0.000602516634529
32 0.000439262532345
33 0.00357104921314
34 0.000511350723467
35 0.000813741175052
36 0.000174274853228
37 0.00162980493908
38 0.00021009846015
39 0.0010574696026
40 0.00280657548993
41 0.0658100827342
42 0.0173644991324
43 0.0125846835363
44 0.000372448953474
45 0.00854991555639
46 0.00329465704116
47 0.00446779594005
48 0.000891145613876
49 0.0023124337186
50 0.0012483661445
51 0.00042645880847
52 0.000415813970817
53 0.000157150420884
54 0.000231066913836
55 0.00179394046378
56 0.00231691827551
57 0.00704416134185
58 0.0070244277502
59 0.00535188721395
60 0.000272954677519
61 0.00133834958376
62 0.00408782027164
63 0.000597225742013
64 0.000511757338731
65 0.000445837518262
66 0.00060546996094
67 0.000378086419753
68 0.000557298786159
69 0.00138183305494
70 0.000254470884455
71 0.00041287819256
72 0.00363369008862
73 0.0492415088279
74 0.0015465219038
75 0.028032379387
76 0.00194560373368
77 0.0192206424218
78 0.00615005302512
79 0.0019536175598
80 0.000888118942152
81 0.00082944
82 0.00135321706963
83 0.00111851543338
84 0.000295270907989
85 0.00689733466676
86 0.159789769978
87 0.00502778974752
88 0.008161455543
89 0.000258060353865
90 0.00161612080503
91 0.000862231849887
92 0.000567465971365
93 0.000233551223599
94 0.000321103565563
95 0.000205916065073
96 0.000190154472545
97 0.00128664248707
98 0.00140059086168
99 0.000967553430538
100 0.0770900259821
101 0.00504290988719
102 0.000618555071163
103 0.000319691819081
104 0.00425330812854
105 0.000415813970817
106 0.00111777888203
107 0.00449610214464
108 0.164433568202
109 0.108733406877
110 0.00180920259452
111 0.000324556777151
112 0.000511350723467
113 0.000351443423443
114 0.00097167623037
115 0.000669317546992
116 0.000242536431736
117 0.000524124837312
118 0.000524124837312
119 0.000242129016949
120 0.000413061413338
121 0.00473605908777
122 0.0041903837512
123 0.00295669837273
124 0.0112957205648
125 0.00129774425405
126 0.00531288753759
127 0.0017461569641
128 0.00766997887426
129 0.00361124074351
130 0.000981668700448
131 0.000937961199395
132 0.000494617283951
133 0.0004
134 0.0639468339397
135 0.00837706698102
136 0.0133471045969
137 0.00746787667429
138 0.000935517844498
139 0.000202271604938
140 0.001510255311
141 0.00045115636791
142 0.000248091377598
143 0.000541840489096
144 0.0020399534038
145 0.000197329727955
146 0.000567974765563
147 0.00227130261423
148 0.000258060353865
149 0.00166820844585
150 0.00327837616528
151 0.0106141741467
152 0.00307716595251
153 0.000700521725415
154 0.00405218239935
155 0.00195493342211
156 0.00586890585858
157 0.000468506962013
158 0.00172966678758
159 0.00031887755102
160 0.000729364636733
161 0.000228269582811
162 0.00288357057158
163 0.0015296993954
164 0.000953252385338
165 0.000160738997541
166 0.000844210378976
167 0.00161612080503
168 0.000225940437847
169 0.000257027080213
170 8.26599570975e-05
171 0.000205916065073
172 0.00236773568141
173 0.00128999748047
174 0.00605442176871
175 0.000647518266566
176 0.00241824342365
177 0.00133211420358
178 0.000144072027009
179 0.000433676839741
180 0.000376152165805
181 0.00169612524825
182 0.0027357232768
183 0.00263695570016
184 0.00126211431772
185 0.00288483791596
186 0.00269238261882
187 0.107993480153
188 0.00150424915507
189 0.00142952605229
190 0.000355841034822
191 0.00105186267348
192 0.000205671077505
193 0.000453465053444
194 0.000506469135802
195 0.0010429872808
196 0.00083477400555
197 0.00108499904923
198 0.000181627542453
199 0.00458677755282
200 0.00118414846083
201 0.000767743105331
202 0.0461168146163
203 0.000302398601459
204 0.000542498999212
205 0.0056290854315
206 0.001656999693
207 0.000630030160804
208 0.00759763917538
209 0.00513362115189
210 0.00174203134931
211 0.00544115812027
212 0.0118160542046
213 0.0119384936446
214 0.00578001202038
215 0.00174100485064
216 0.00956541148184
217 0.000505682238211
218 0.000228519004327
219 0.00183772586748
220 0.000227681938377
221 0.00277464478653
222 0.00334849530262
223 0.000980718336484
224 0.0173573995374
225 8.13249745985e-05
226 0.00087936186555
227 0.000397264114975
228 0.00287067435772
229 0.00563947062658
230 0.00292701885356
231 0.000898356680217
232 0.00084833631822
233 0.000493827160494
234 0.00313544142637
235 0.00124659735114
236 0.000916121340504
237 0.000738206826347
238 0.000650033304175
239 0.00300580553105
240 0.00297921767497
241 0.000515656918539
242 0.066684726403
243 0.000883498140889
244 0.00163450751016
245 0.000248969247938
246 0.000238517613035
247 0.00258871303755
248 0.000966468898494
249 0.00130220360561
250 0.000134581532184
251 0.00108682526265
252 0.000616341024941
253 0.00239753087867
254 0.000956530980976
255 0.000863643590369
256 0.229137936455
257 0.000538048676799
258 0.00100385933681
259 0.000413260586809
260 0.0806725184918
261 0.00126544704651
262 0.0101830303453
263 0.000637171238031
264 0.0015465219038
265 0.00133013850611
266 0.00154752
267 0.00132133328637
268 0.000485532127305
269 0.00143903904171
270 0.0177777777778
271 0.00177387871093
272 0.0290783467125
273 0.000191322589987
274 0.0153034258618
275 0.000826477386652
276 0.000889591165591
277 0.000197676681256
278 0.000414012653236
279 0.000284254625522
280 0.000101007550314
281 0.000392429193216
282 0.000813741175052
283 0.000645454006671
284 0.00178741454692
285 0.000888753408186
286 0.00289888357727
287 0.00201270139501
288 0.00753739390511
289 0.00271686468598
290 0.00198681341703
291 0.000618555071163
292 0.00118000116543
293 0.0131236436338
294 0.000343953895869
295 0.00330327652266
296 0.00129321268317
297 0.00025947563503
298 0.00149208307186
299 0.302955802288
300 0.0159923134478
301 0.000711746933437
302 0.000888118942152
303 0.00315727564728
304 0.000542707433878
305 0.000173701109244
306 0.000524124837312
307 0.00119578323304
308 0.00315727564728
309 0.000213117374394
310 0.00117894088284
311 0.00388027860466
312 0.00263829809161
313 0.00810162024303
314 0.00130220360561
315 0.000376152165805
316 0.00513109808887
317 0.00600848435254
318 0.000715643129717
319 0.00340273351319
320 0.00174682446737
321 0.00204558514992
322 0.000473733384606
323 0.000533625925729
324 0.000663230963803
325 0.00191995449938
326 0.000128600762466
327 0.0474610051043
328 0.0091459442974
329 0.000737668318706
330 0.000462879301815
331 0.000862671573392
332 0.000233106575964
333 0.000814369061761
334 0.000214288883178
335 0.00258871303755
336 0.000369000716126
337 0.00117578442353
338 0.00302311026086
339 0.000175430902153
340 0.000414674934483
341 0.00548668063256
342 0.00615931826025
343 0.00235792033269
344 0.0014765735386
345 0.0139474284353
346 0.0112561252036
347 0.00288023609041
348 0.000948531593292
349 0.0075024171948
350 0.00678974735227
351 0.000722261305822
352 0.000414802956443
353 0.00546196520859
354 0.055883292205
355 0.00883350857526
356 0.0126378558278
357 0.000197676681256
358 0.0009765625
359 0.00119578323304
360 0.00796184025807
361 0.000326871650856
362 0.000882266444466
363 0.000276324488352
364 0.000959826520244
365 0.000567974765563
366 0.000252453283816
367 0.000615282250082
368 0.123522392179
369 0.00141516300625
370 0.0396187472108
371 0.00242070630098
372 0.296066132706
373 0.000722291039727
374 0.00122020512821
375 0.00124183277445
376 0.00667523427703
377 0.000523566686314
378 0.000373098517885
379 0.00436839744029
380 0.000667048395534
381 0.000390534124063
382 0.000483905872256
383 0.000514705522213
384 0.00910494726415
385 0.000511350723467
386 0.00281154738755
387 0.00041024
388 0.00048176203114
389 0.000319240754843
390 0.000392429193216
391 0.000645454006671
392 0.0010294832566
393 0.00110960093648
394 0.00162558680066
395 0.00167853267861
396 0.0869341042032
397 0.00160306532729
398 0.483527690716
399 0.000929343151258
400 0.000255797443542
401 0.000129132231405
402 0.0135942814394
403 0.00066180268595
404 0.000469256573153
405 0.053072674112
406 0.0106008124562
407 0.00316275203763
408 0.000865375033485
409 0.00355187277412
410 0.00431299436129
411 0.00036128094165
412 0.000567974765563
413 0.00117775247387
414 0.00258871303755
415 0.000466082609227
416 0.000321103565563
417 0.000233551223599
418 0.000143380501998
419 0.0339904144679
420 0.00654614614075
421 0.00083477400555
422 0.000733708578049
423 0.00137798438935
424 0.0138509555326
425 0.00405170346556
426 0.000954852503535
427 0.00062750752005
428 0.00143167012696
429 0.00213345849623
430 0.000315264236829
431 0.000760092513257
432 0.0033220871974
