1 0.000154233994503
2 0.000490642956595
3 0.00268822622487
4 0.00323172878628
5 0.0017745067577
6 0.00140313188988
7 0.000352796206284
8 0.00156273781375
9 0.000498246173469
10 0.000511778666381
11 0.000797701000788
12 0.000350466436754
13 0.00314119659381
14 0.00468070673779
15 0.0153722711964
16 0.00445155555556
17 0.0033392147934
18 0.000231757892669
19 0.0384509280877
20 0.000407792024762
21 0.00069966274744
22 0.000795349809809
23 0.000927619881986
24 0.000524586665718
25 0.00172998244966
26 0.00287258922378
27 0.00404796613547
28 0.0128538065592
29 0.00404190388586
30 0.0117768433029
31 0.000204878826531
32 0.000177210251315
33 0.000796874643851
34 0.000447347551112
35 0.000284254625522
36 0.000571884391224
37 0.000341901032396
38 0.000232663196937
39 0.000509096951609
40 0.000845131762853
41 0.0015838055957
42 0.00100330345527
43 0.000388801545016
44 0.00259705983877
45 0.00110945997584
46 0.000210039907582
47 0.000174379629202
48 0.00052212983357
49 8.81496836153e-05
50 0.00064158429518
51 0.00304108222819
52 0.000189595362023
53 0.00153966912209
54 0.000742019428471
55 0.0118088843176
56 0.00130484942945
57 0.000760420159987
58 0.020266245856
59 0.00175066963113
60 0.000219062857143
61 0.000532740567258
62 0.0019771015247
63 0.00110764700999
64 0.00019458668951
65 0.000462879301815
66 0.00156273781375
67 0.000411106046285
68 0.00073155821335
69 0.0013225683203
70 0.000988539501535
71 0.0122563196387
72 0.00108651160299
73 0.0768188958538
74 0.512132495311
75 0.000512792743121
76 0.00175833597501
77 0.00020144507215
78 0.000342519920659
79 0.000284254625522
80 0.00164532602113
81 0.00785671883567
82 0.0031294615306
83 0.00103316326531
84 0.00104808239739
85 0.0756748121709
86 0.00674674354679
87 0.00351817192489
88 0.000352796206284
89 0.0132303996121
90 0.00100501435571
91 0.00196994460197
92 0.000350466436754
93 0.00110764700999
94 0.000225704776389
95 0.0002055472052
96 0.0036874426079
97 0.0109454838844
98 0.0069177921323
99 0.00194636678201
100 0.00250783084877
101 0.00532586640695
102 0.00145644410736
103 0.00250783084877
104 0.0015584689682
105 0.000638276143791
106 0.00272507843915
107 0.000537542433147
108 0.000227924968949
109 0.00361780658608
110 0.0023158419336
111 0.0144605745267
112 0.000515094455794
113 0.00131935088178
114 0.00212084487535
115 0.000523166218697
116 0.00029187625347
117 0.000696915396701
118 0.000692520775623
119 0.00105342942665
120 0.00105342942665
121 0.00382349794368
122 0.000819415085898
123 0.00253115234752
124 0.00608043170029
125 0.000476726225663
126 0.0205975397157
127 0.00124669471858
128 0.0003738375894
129 0.00128087877983
130 0.00110643978166
131 0.000595476659101
132 0.00242740166682
133 0.000595476659101
134 0.0533714874603
135 0.328724958457
136 0.00626984045974
137 0.0111329945138
138 0.00109282152858
139 0.000795799730204
140 0.001112734759
141 0.00097584770964
142 0.000367463177127
143 0.00238185918877
144 0.000361827789164
145 0.00215399735996
146 0.00128298023323
147 8.89996440014e-05
148 0.00234736494201
149 0.0205164116032
150 0.00306509740065
151 0.00339353304949
152 0.00041647927317
153 0.00109354056105
154 0.000205245172146
155 0.00179491844651
156 0.000334163093485
157 0.000956209074621
158 0.00134176292862
159 0.00134921294975
160 0.000728271546386
161 0.0211548594377
162 0.0016116157646
163 0.00630854747946
164 0.000341416435733
165 0.00034926133029
166 0.000567974765563
167 0.000615942677847
168 0.00106332703214
169 0.000985095115646
170 0.000649282341548
171 0.000400568670031
172 0.000565815167649
173 0.00136892394761
174 0.000278035158146
175 0.00020819794726
176 0.000551037051731
177 0.0195611414161
178 0.00361806772571
179 0.00220692616297
180 0.0350198681515
181 0.00134921294975
182 0.00292160512905
183 0.00397960520569
184 0.000708409836777
185 0.00486815669393
186 0.00180316376025
187 0.000222501011045
188 0.000697757208971
189 0.000852469497576
190 0.0156691726174
191 0.000808030421524
192 0.0059252236135
193 0.00351036104677
194 0.000921761861383
195 0.00047839601852
196 0.000552073322404
197 0.00097167623037
198 0.00393396772077
199 0.0023120852175
200 0.000350466436754
201 0.000475065159937
202 0.000555498871997
203 0.000565143600256
204 0.00112986371019
205 0.140127060888
206 0.028138342087
207 0.00106568971785
208 0.00418056126036
209 0.00116138456197
210 0.00407250857161
211 0.000491642820369
212 0.00180316376025
213 0.00407020988457
214 0.000608249398658
215 0.00155841440378
216 0.00724832669745
217 0.00195658461869
218 0.00542952676961
219 0.000540319880171
220 0.00651790844493
221 0.00146088526848
222 0.000576
223 0.00177423633607
224 0.000217861957217
225 0.000213897309239
226 0.000975609523721
227 0.000353326926338
228 0.000567974765563
229 0.0151538602121
230 0.00172800658398
231 0.00323539659641
232 0.00104339162282
233 0.000845597542547
234 0.000544880261473
235 0.00514269529398
236 0.000929886848125
237 0.00276232376988
238 0.000395850465153
239 0.0320354229
240 0.00106484863242
241 0.00356406252979
242 0.304660141623
243 0.00298365330869
244 0.00682676463549
245 0.00608572160074
246 0.00328621450986
247 0.00802939715469
248 0.000992001984004
249 0.00181362712588
250 0.00119229262787
251 0.000304218496485
252 0.00110764700999
253 0.000512792743121
254 0.000299844455689
255 0.000210039907582
256 0.00201089907298
257 0.000878942934356
258 8.55209504287e-05
259 0.0345919870439
260 0.000482816867421
261 0.00810625
262 0.0521717958126
263 0.000112275777378
264 0.00160803578794
265 0.000255513601815
266 0.00106484863242
267 0.00264179096578
268 0.00285446864466
269 0.00280280073593
270 0.00574634277882
271 0.0023532111092
272 0.00234142263942
273 0.00227736224186
274 0.00107645452636
275 0.00105566343886
276 0.0975224172781
277 0.00103316326531
278 0.00114263043047
279 0.000239811324913
280 0.00110764700999
281 0.000732658714455
282 0.00117327433164
283 0.00108598564079
284 0.00156273781375
285 0.000563667863446
286 0.000232329352814
287 0.000145343866489
288 0.0513049852981
289 0.230388783148
290 0.000144077259312
291 0.000173701109244
292 0.00299848657402
293 0.00134921294975
294 0.000462705970928
295 0.00019458668951
296 0.000515473850541
297 0.00142625670306
298 0.00117789964709
299 0.000405609335536
300 0.001035945858
301 0.00173137030618
302 0.00275675543484
303 0.00295279458882
304 0.000536830432874
305 0.000283752742906
306 0.000219885745305
307 0.000190335968906
308 0.000467792432591
309 0.00020144507215
310 0.000649282341548
311 0.000231757892669
312 0.000580785645387
313 0.000560469754362
314 0.00643118245391
315 0.000544880261473
316 0.000551855775053
317 0.000692520775623
318 0.0144238927646
319 0.14955638719
320 0.00200322664805
321 0.000537518091283
322 0.0032386376716
323 0.00291076060186
324 0.0150307526531
325 0.00037663196286
326 0.00158253701116
327 0.0019140625
328 0.015117650315
329 0.00399136111044
330 0.0644507583583
331 0.000563667863446
332 0.0213499413526
333 0.0019140625
334 0.00046429970546
335 0.000257886148954
336 0.00111718274523
337 0.00154010613845
338 0.00151041259823
339 0.000213897309239
340 0.00046759768137
341 0.00154010613845
342 0.000563837059071
343 0.00131158537951
344 0.000156985004866
345 0.0122499775232
346 0.00137651799142
347 0.0122529681948
348 0.00146604264322
349 0.0015016566241
350 0.000600599500843
351 0.00144080616389
352 0.000637892110399
353 0.00194786860823
354 0.0104832220429
355 0.000137494361952
356 0.000575075916537
357 0.000285456546489
358 0.0019140625
359 0.0044542555771
360 0.00413820640139
361 0.00131158537951
362 0.000571884391224
363 0.000321423469469
364 0.00073155821335
365 0.00875736983424
366 0.000498049635367
367 0.000350466436754
368 0.000308688950865
369 0.00113603395062
370 0.0050137572065
371 0.00647108635122
372 0.000787596325556
373 0.0615337802321
374 0.0150074845679
375 0.0683217985038
376 0.000717761983124
377 0.000520464369877
378 0.00317834898002
379 0.000499137091796
380 0.000374194565629
381 0.00137542332072
382 0.000171056164908
383 0.105588958157
384 0.00066016779881
385 0.000382664619258
386 0.00636851173287
387 0.0108099936139
388 0.000284254625522
389 0.000201197122881
390 0.000595476659101
391 0.000266313992417
392 0.000763629746958
393 0.000882160933872
394 0.000195951009186
395 0.00379651224097
396 0.148416543258
397 0.0157564001821
398 0.0682079092575
399 0.000287730789632
400 0.000454053496558
401 0.00614829674781
402 0.00149506210833
403 0.010107365768
404 0.000469703461435
405 0.000468417737611
406 0.00596166147963
407 0.000355253419588
408 0.000465895585276
409 0.00954452614379
410 0.00703263077823
411 0.00481689768523
412 0.000583268066928
413 0.00116882168164
414 0.00110764700999
415 0.00493902321384
416 0.000531889543988
417 0.00014474012085
418 0.000514655748828
419 0.000155255472135
420 0.000476726225663
421 0.194568902206
422 0.000334163093485
423 0.0161623258417
424 0.00264167795143
425 0.0359889681655
426 0.000233178753887
427 0.000520464369877
428 0.000873783723614
429 0.000392597152503
430 0.00588218928921
431 0.00428701931247
432 0.000658150818234
