1 0.331905654678
2 0.00188988132255
3 0.000182220843499
4 0.00129567606074
5 0.000185108056828
6 0.00129567606074
7 0.0011944940733
8 0.0054042970873
9 0.00121451912633
10 0.000377853141079
11 0.00375494100827
12 0.000476656037085
13 0.01457974241
14 0.0175174866681
15 0.143659958577
16 0.000808607174143
17 0.000746060730265
18 0.00258367624524
19 0.00155211471786
20 0.00116750501388
21 0.000203354717353
22 0.000767455621302
23 0.00067772441407
24 0.000551037051731
25 0.144970951796
26 0.000686365870485
27 0.000148332845181
28 0.000766863905325
29 0.00059488399762
30 0.00129567606074
31 0.00180995611497
32 0.000541502216696
33 0.00175270108043
34 0.172191369226
35 0.0305534419015
36 0.00160890009582
37 0.000907853950404
38 0.00166091957959
39 0.000571058986015
40 0.0362664955233
41 0.23766774714
42 0.000463283616174
43 0.000253050834479
44 0.000797614796236
45 0.0448212400441
46 0.000707722555161
47 0.00493474557926
48 0.00048516369423
49 0.000707961121135
50 0.00541492099401
51 0.0043064379023
52 0.0301835514027
53 0.00252262892121
54 0.000591416978304
55 0.000157906565813
56 0.00062096999194
57 0.00132384704882
58 0.000146426399298
59 0.000550003696025
60 0.00109282152858
61 0.000774657249882
62 0.000415021238206
63 0.00051841234767
64 0.00054931640625
65 0.0582842771239
66 0.00814347116829
67 0.00118174148491
68 0.0056336938865
69 0.00168813443968
70 0.000778224572011
71 0.0004309044994
72 0.00216127952068
73 0.00111769158578
74 0.000522105982271
75 0.00145142955159
76 0.00885357081526
77 0.00301895906292
78 0.000534601030004
79 0.00118700107029
80 0.0243727097282
81 0.000377038363654
82 0.000550883701938
83 0.000848465618071
84 0.122117169107
85 0.000327342669295
86 0.000259680096563
87 0.00198751918421
88 0.000612685030879
89 0.00171788007231
90 0.00111593956758
91 0.00061026574388
92 0.00118906064209
93 0.00488626036716
94 0.00138226776565
95 0.222217659848
96 0.000720061388907
97 0.000925068690636
98 0.00157376035442
99 0.00187465457997
100 0.000914358387599
101 0.00116552311932
102 0.00142071005917
103 0.000377918437341
104 0.00454866573165
105 0.00143017751479
106 0.00201914921057
107 0.00584032815259
108 0.000750356050293
109 0.000716873672275
110 0.000406691081599
111 0.000292761208056
112 0.00023936160851
113 0.00114366110394
114 0.000409960003593
115 0.000427589877682
116 0.00060546996094
117 0.0314819186881
118 0.0706325653193
119 0.000527985780709
120 0.000986815054412
121 0.00188033518678
122 0.00339746716169
123 0.000389953305431
124 0.000303864063822
125 0.0124587516665
126 9.19141359652e-05
127 0.000260670962986
128 0.00484655809262
129 0.00115343538626
130 0.000608677830614
131 0.00169265573525
132 0.0129908391365
133 0.00511516936174
134 0.00268073918035
135 0.0441055953373
136 0.00108483747109
137 0.000565643568651
138 0.000553112519016
139 0.000113324028368
140 0.000774657249882
141 0.000637690031629
142 0.000452490798576
143 0.000295830133507
144 0.00051841234767
145 0.000488601513023
146 0.000973707751222
147 0.00332158536432
148 0.00177576980872
149 0.000741211636108
150 0.000697610951631
151 0.00998766574277
152 0.00133654937724
153 0.00118256282488
154 0.000951423729497
155 0.000941508202946
156 0.0103833869201
157 0.00100715791028
158 0.00168698520076
159 0.013720635393
160 0.0247108530951
161 0.0446392517059
162 0.000539120201282
163 0.000743357109982
164 0.000637690031629
165 0.000257384668958
166 0.00614362785356
167 0.00292019834957
168 0.000774657249882
169 0.00228807400566
170 0.00129567606074
171 0.000379096670257
172 0.00460987501133
173 0.000192901234568
174 0.0755169028133
175 0.00112921743121
176 7.38910189572e-05
177 0.0037701935596
178 0.0227548987555
179 0.00381795532841
180 0.0533054408985
181 0.000801177154407
182 0.00165511249644
183 0.00210849645981
184 0.00114263043047
185 0.0014404056785
186 0.00128106984955
187 0.000693259845872
188 0.00452662721893
189 0.00764804387687
190 0.00143800903102
191 0.0359460306993
192 0.00254308627901
193 0.00162079152791
194 0.000173524278088
195 0.000826792148537
196 0.000542376281282
197 0.000637690031629
198 0.000343842465055
199 0.000578556249327
200 0.000369822485207
201 0.000570146751213
202 0.00112103164892
203 0.00263499439192
204 0.0147002330344
205 0.00357579440716
206 0.0266502547443
207 0.0780263970464
208 0.000249964848693
209 0.000323279686812
210 0.00709678150756
211 0.000186056111907
212 0.000478713545105
213 0.00190251023728
214 0.0010941281554
215 0.00742507467603
216 0.00204283571132
217 0.793524342863
218 0.00180920259452
219 0.00170121529549
220 0.000578163885261
221 0.00051070892783
222 0.00188058621779
223 0.00202458679794
224 0.00396800793602
225 0.000562598792348
226 0.000564083790643
227 0.000234876176216
228 0.0337359433569
229 0.0023926339892
230 0.00191341151061
231 0.00241252107864
232 0.00458998464723
233 0.00138216960908
234 0.0015206389954
235 0.00470515114587
236 0.000359790089827
237 0.000537570546616
238 6.27665641738e-05
239 0.000583084030181
240 1.63248648097e-05
241 0.00252988887357
242 0.0242964524495
243 0.000717851138422
244 0.000771307337318
245 0.00196039819928
246 0.000448865268601
247 0.00172799181458
248 0.000723635413703
249 0.00122636224621
250 0.00109505639999
251 0.000343473595213
252 0.000469752352432
253 0.00187399745532
254 0.00110764700999
255 0.000260670962986
256 0.00462251890359
257 0.00165639335317
258 0.000746060730265
259 0.000133637672976
260 0.136543117927
261 0.00100603543636
262 0.00289089489126
263 0.000237167078102
264 0.000336919232104
265 0.00568980605611
266 0.00545367384671
267 0.00033700184743
268 0.000475894605716
269 0.000842415094136
270 0.00198033839835
271 0.000292761208056
272 0.00420745069394
273 0.000367872436283
274 0.00101495810165
275 0.0440811881255
276 0.000540508178875
277 0.00059488399762
278 0.000409960003593
279 0.000481089438153
280 0.000463090742062
281 0.000451923966866
282 7.15931851065e-05
283 0.000204081632653
284 0.000242244394313
285 0.00325446983201
286 0.00200979534575
287 0.0512799445227
288 0.000194926430501
289 0.00362241627944
290 0.00268436412458
291 0.000363642499277
292 0.00201397565829
293 0.000515591061218
294 0.0622500121717
295 0.00144607799006
296 0.00386808047717
297 0.00123656563217
298 0.00107407668821
299 0.000226554887789
300 0.000332844035266
301 0.00264140314471
302 0.00617550135574
303 0.0498210200502
304 0.00191489973489
305 0.00143391565877
306 0.000550883701938
307 0.000484309908748
308 0.00207542251819
309 0.000591416978304
310 0.000376976262826
311 0.00108429752066
312 0.00056274593778
313 0.000275477350597
314 0.0243727955184
315 0.0905096622078
316 0.001908756716
317 0.0211970128609
318 0.00246333647446
319 0.000858961852985
320 0.00141476455832
321 0.000142828803809
322 0.000941909066529
323 0.00186380484776
324 0.00791342783112
325 0.00109684665051
326 0.000278606654273
327 0.0033789775788
328 0.000450324647625
329 0.00888056695878
330 0.000245774841331
331 0.000774657249882
332 0.000242244394313
333 0.0029391493173
334 0.00129567606074
335 0.000918273645546
336 0.00386439228441
337 0.0029741568
338 0.0481195385343
339 0.0200817370835
340 0.00273796646836
341 0.00295527228503
342 0.00194519902035
343 0.000791015625
344 0.00242366863905
345 0.00067255212548
346 0.00353512998395
347 0.00821394648524
348 0.004027457157
349 0.0637321256021
350 0.12132427229
351 0.00118225630331
352 0.00023757808529
353 0.00100600645637
354 0.000379851249923
355 0.000242244394313
356 0.00117104483222
357 0.00326638514748
358 0.00163059610338
359 0.000226554887789
360 0.000570146751213
361 0.000759817846166
362 0.000564739984675
363 0.000427589877682
364 0.0914058942515
365 0.00214830908941
366 0.000624227686517
367 0.00842887439239
368 0.245515734301
369 0.000818589978762
370 0.000598972706719
371 0.0111853316353
372 0.000660950394805
373 0.0168180119426
374 0.00136634304745
375 0.0613275084002
376 0.0647222753147
377 0.0347980464316
378 0.021106290764
379 0.00649023671944
380 0.0009765625
381 0.0012959923879
382 0.000599554315304
383 0.00301160023795
384 0.000716268903592
385 0.00253109725628
386 0.00150994798509
387 0.00275217119923
388 0.00332165097588
389 0.0143289217276
390 0.000432584627396
391 0.00100031642662
392 0.137032762402
393 0.000368710496882
394 0.00727322808603
395 0.000882947205612
396 0.00126983497106
397 0.00245615564078
398 0.000791015625
399 0.0114409121409
400 0.00111123429948
401 0.00158203125
402 0.0306935437828
403 0.00124323582821
404 0.000214288883178
405 0.00428328381796
406 0.000148947967704
407 6.10944560704e-05
408 0.00122636224621
409 0.000528790192386
410 0.00301160023795
411 0.000256858500996
412 0.00059488399762
413 0.00019667731038
414 0.00016162292052
415 0.000336232462719
416 0.000637421964176
417 0.00118906064209
418 0.0022389712075
419 0.00235467111068
420 0.00243261305413
421 0.000564739984675
422 0.000806326291608
423 0.00143613448344
424 0.00018077819363
425 0.000853313110836
426 0.00170971629643
427 0.000488601513023
428 0.000250955788648
429 0.00727100528572
430 0.00261738325513
431 0.00650662617061
432 0.0138159406054
