1 0.00080163905484
2 0.000198218207964
3 0.00681637090138
4 0.000346133044889
5 0.000187858283318
6 0.00114909508762
7 0.0017069577903
8 0.00905008243479
9 0.000342747567797
10 0.00065856304127
11 0.000439136089328
12 0.000298912055769
13 0.000359244746836
14 0.000247602453378
15 0.0757091085898
16 0.00945444001238
17 0.00460987501133
18 0.00246072939139
19 0.00225141950524
20 0.00136716855913
21 0.000681519682404
22 0.0370963981567
23 0.00139040505602
24 0.00178874461075
25 0.00480777585998
26 0.0181895148841
27 0.00318132114796
28 0.00190046351997
29 0.00138093298871
30 0.032101080564
31 0.000465219976219
32 0.00323374827235
33 0.000384198569118
34 0.00175229853975
35 0.00175229853975
36 0.00492359202991
37 0.000454142145767
38 0.000251963602376
39 0.000459655669441
40 0.00157595197523
41 0.00964115749695
42 0.309186471345
43 0.000840454101563
44 0.00297074101128
45 0.00490212232751
46 0.000362479690234
47 0.000298499051251
48 0.000317968420903
49 0.00125553548021
50 0.000166015625
51 0.000850036503441
52 0.0314499766133
53 0.00129966098298
54 0.0268363644512
55 0.211389913031
56 0.000498246173469
57 0.000568684644311
58 0.00334272138771
59 0.000459655669441
60 0.00115595270207
61 0.000226981745702
62 0.000494706247388
63 0.000464476813317
64 0.000922084237407
65 0.00302861920506
66 0.00179622473246
67 0.00682459660613
68 9.22110997683e-05
69 0.00072129670665
70 0.00613495568911
71 0.00113461106978
72 0.00716974309737
73 0.00102732967754
74 0.00211899808068
75 0.0020944485776
76 0.000735541103577
77 0.000428983377922
78 0.00589505655905
79 0.000252403846154
80 0.00334272138771
81 0.00394422080235
82 0.00204030768239
83 0.00104151972321
84 0.00169847296364
85 0.00886675044285
86 0.000362640106059
87 0.00042829810096
88 0.00267077966735
89 0.000377331379662
90 0.00142663273863
91 0.00237258675304
92 0.000243189737393
93 0.00408308795381
94 0.0424368353602
95 0.00173979176098
96 0.000682506145715
97 0.00367150625788
98 0.00407825940293
99 0.00130987928601
100 0.000561680638617
101 0.000590874005693
102 0.002916
103 0.000369587296592
104 0.000938705296514
105 0.000949097771706
106 0.0212582206817
107 0.000712917810864
108 0.00445730172642
109 0.0113766205165
110 0.00114593852832
111 0.000439136089328
112 6.58600303607e-05
113 0.00554778515005
114 0.000164965367411
115 0.000513283385896
116 0.00133952177936
117 0.00142663273863
118 0.00911452927048
119 0.000373330663058
120 0.000181999664438
121 0.00190046351997
122 0.0743587596688
123 0.00240063322258
124 0.000787400058705
125 0.000992959129868
126 0.000644296673082
127 0.000918982190026
128 0.000458921395209
129 0.745189159329
130 0.00953163890998
131 0.000608723410706
132 0.0164393133501
133 0.00247352431941
134 0.00259230153775
135 0.00271833385707
136 0.0616351514589
137 0.045122262467
138 0.000907516691627
139 0.000208586348574
140 0.00286350264538
141 0.000458921395209
142 0.00118451791218
143 0.000221959461389
144 7.40323695111e-05
145 0.00023397884685
146 0.000209280956414
147 0.000241168104809
148 0.0515450579749
149 0.0184591881149
150 0.00111843987908
151 0.00633913587683
152 0.000518397608028
153 0.000814096640301
154 0.000186281703853
155 0.00144987491865
156 0.00271575604555
157 0.000660634505895
158 0.0199637884096
159 0.000671738917474
160 0.00948113377639
161 0.00152199379285
162 0.000836096106919
163 0.0527573578266
164 0.000292694685009
165 0.000495587683734
166 0.000134816028783
167 0.00175229853975
168 0.000524019894771
169 0.000571237419067
170 0.000237142214
171 0.000252955428463
172 0.000237142214
173 0.000971811534046
174 0.000974668915341
175 0.00882589578024
176 0.0013714938009
177 0.00235492116446
178 0.000758678177183
179 0.00705012367296
180 0.00168127317663
181 0.005625
182 0.00271727877905
183 0.000285949540599
184 0.000343993656449
185 0.0106977446008
186 0.00410280335916
187 0.000573105730241
188 0.00136699149402
189 0.000181999664438
190 0.000405609335536
191 0.00309356213521
192 0.000745504698634
193 0.000933459216435
194 0.000495587683734
195 0.000134581532184
196 0.000377331379662
197 8.24571190771e-05
198 0.000450377973215
199 0.000943517105616
200 0.000981972907032
201 0.00177518819118
202 0.000943517105616
203 0.00364355444451
204 0.00783849009115
205 0.0832040151452
206 0.00557124381157
207 0.000766863905325
208 0.00212307750928
209 0.00121276023875
210 0.00114693411943
211 0.000983379669536
212 0.00360533926512
213 0.000399360767182
214 0.00261788970103
215 0.000593978197984
216 0.00290294590483
217 0.00348380931798
218 0.000413294365398
219 0.323249598447
220 0.00734347659758
221 0.000619737603477
222 0.000167615998987
223 0.00195222139378
224 0.00115643096136
225 0.00177474081955
226 0.000275001244442
227 0.0005789604834
228 0.0865072861818
229 0.00969339799443
230 0.00915968893087
231 0.00207515075574
232 0.00347243220091
233 0.000981564092333
234 0.000948475761512
235 0.000876471606648
236 0.0046253703786
237 0.00015455493311
238 0.00030692486332
239 0.000187331557098
240 0.00041775147929
241 0.00983483621833
242 0.00211992266865
243 0.00300243948208
244 0.00279180916127
245 0.00184655057
246 0.00333738157719
247 0.00768798571729
248 0.000907378392832
249 0.000347649363256
250 0.000609061470382
251 0.000754126572558
252 0.00109395135175
253 0.00144955622811
254 0.000445261481871
255 0.000457352434322
256 0.000971811534046
257 0.000714460433625
258 0.00489969693278
259 0.00354504456738
260 0.000352663713108
261 0.00213839419961
262 0.00161233466028
263 0.00301144808145
264 0.00416951851201
265 0.00265104860752
266 0.000983379669536
267 0.00309916037836
268 0.000500940947069
269 0.000530232664622
270 0.0013593841384
271 0.000452693526483
272 0.00583336505855
273 0.225051518938
274 0.00592726558273
275 0.00169822708465
276 0.0290610950878
277 0.00437624496877
278 0.000680529300567
279 0.000712165780764
280 0.000377331379662
281 0.000122912637332
282 0.00363855697815
283 0.000202992715258
284 0.000298912055769
285 0.000226981745702
286 0.000697099412912
287 0.0011070072878
288 0.001545053972
289 0.411124753604
290 0.000298499051251
291 0.00322029916203
292 0.000442227166568
293 0.000365658598785
294 0.00252757644565
295 0.000388358933905
296 0.00592494152758
297 0.000694960897856
298 0.00053385768123
299 0.000464351710143
300 0.00168598401389
301 0.00550309943669
302 0.00553871439007
303 0.00279347912345
304 0.000202140309156
305 0.000257514772029
306 0.00046446507726
307 0.00179622473246
308 0.00391028851097
309 0.00677634502536
310 0.000400444815089
311 0.00111661846878
312 0.000457352434322
313 0.00222873061599
314 0.00716573107032
315 0.000636885629273
316 0.000357373352004
317 0.00143017751479
318 0.000618967632673
319 0.000233532109297
320 0.000457352434322
321 0.00212302670214
322 0.000571058986015
323 0.000555199734215
324 0.0163112128622
325 0.0116535532891
326 0.386969927639
327 0.005475203865
328 0.00639686467317
329 0.000352296067876
330 0.000249471578268
331 0.000226554887789
332 0.000405985430515
333 0.000782434348868
334 0.00267077966735
335 0.000573246949475
336 0.000569658079405
337 0.000598380358935
338 0.000373330663058
339 0.0221277520303
340 0.000705592412567
341 0.138857539247
342 0.00311970747987
343 0.000361371459111
344 0.00246035439453
345 0.00125550251101
346 0.0176191585905
347 0.0124339432346
348 0.000446072639801
349 0.000776331360947
350 0.00217390846413
351 0.000631101835358
352 0.000218668106232
353 0.0021565834369
354 0.00124941196619
355 0.344003070805
356 0.000218668106232
357 0.000243189737393
358 0.00112986371019
359 0.000499043367347
360 0.00414661004255
361 0.00105948484185
362 0.00103316326531
363 0.000275293612783
364 0.000452693526483
365 0.000458921395209
366 0.000248127866128
367 0.00225413625197
368 0.00218551127678
369 0.0202402746711
370 0.00107127304398
371 0.00093948705435
372 0.0182770923628
373 0.000510017144736
374 0.00110241770507
375 0.000912687386101
376 0.00178929559154
377 0.0179049995942
378 0.000834347861375
379 0.00121301775148
380 0.000226554887789
381 0.00362576318465
382 0.000202992715258
383 0.000697332493174
384 0.000641254198132
385 0.00326690020293
386 0.00205086766821
387 0.00109395135175
388 0.00677634502536
389 0.000264392887831
390 0.000744929907039
391 0.000569412847411
392 0.000298912055769
393 0.00060606683686
394 0.000627153619769
395 0.00321137219297
396 0.00202977117959
397 0.00209584694338
398 0.00197206111496
399 0.0816488919042
400 0.00221593038758
401 0.00169265573525
402 0.00152199379285
403 0.0285754995672
404 0.00101767645942
405 0.000938705296514
406 0.032444342338
407 0.0685307572045
408 0.000813070994351
409 0.000391808015326
410 0.000577674065975
411 0.000236686390533
412 0.000187974203478
413 0.00114830055344
414 8.63083117942e-05
415 0.00173316230296
416 0.000554154652594
417 0.000572331219523
418 0.000445373257049
419 0.000963139120095
420 0.000593724944807
421 0.0211691151071
422 0.101018359744
423 0.000766863905325
424 0.000152071005917
425 0.00042829810096
426 0.000455014036273
427 0.00152199379285
428 0.00197574060443
429 0.00145025240415
430 0.0482239504512
431 0.00160910838923
432 0.00179951614642
