1 0.000308151386591
2 0.00159522251309
3 0.000374435729543
4 0.00106719016077
5 0.000566893424036
6 0.000789318911819
7 0.00142567502893
8 0.000226024568538
9 0.00390625
10 8.11391942878e-05
11 0.00179313179333
12 0.00145860886015
13 0.000966678332627
14 0.00122449422421
15 0.00272145057118
16 0.0149256071457
17 0.000242874009108
18 0.001897412491
19 0.000773947045233
20 0.00331491941991
21 0.00257590460097
22 0.000714257695878
23 0.000442840299743
24 0.00228245460383
25 0.000338906951876
26 0.00025583623861
27 0.000465605020532
28 0.000385791091416
29 0.000213294782276
30 0.00616141737127
31 0.00142602309413
32 0.0058947462995
33 0.00034552876941
34 0.00109282152858
35 0.00113622017422
36 0.000787320734177
37 0.000779667406805
38 0.000599538327428
39 0.0320518173239
40 0.0018499248468
41 0.00358994112856
42 0.000982546020033
43 0.000562431212237
44 0.000394309880815
45 0.000465256370261
46 0.000555041300038
47 0.475033902082
48 0.00169336071474
49 0.000869940892928
50 0.000589381077992
51 0.0145489698462
52 0.000828114486828
53 0.00965649203989
54 0.00114909508762
55 0.00106719016077
56 0.0007196146064
57 0.0019131279999
58 0.000239750260146
59 0.000649444439249
60 0.00156293616951
61 0.00103580929289
62 0.00047258979206
63 0.000596046447754
64 0.00282139115917
65 0.0017069577903
66 0.000640362811791
67 0.000232199546485
68 0.000511915001346
69 0.00516561703575
70 0.00418490820716
71 0.00777918763773
72 0.0272340213181
73 0.000292830792988
74 0.000429008085258
75 0.0005432440751
76 0.00263168
77 0.000202826205627
78 0.000780008197308
79 0.000979962192817
80 0.000226554887789
81 0.00381548481761
82 0.00187426690709
83 0.0352298074576
84 0.00233300095121
85 0.00373960539907
86 0.00273073225445
87 0.0115887906688
88 0.00107302444691
89 0.00214302687251
90 0.000376161360585
91 0.000789318911819
92 0.00107302444691
93 0.000299077868931
94 0.000566144308262
95 0.00133317489966
96 0.00246586717603
97 0.00872639936747
98 0.00326581645112
99 0.000344491104841
100 0.000585327783559
101 0.000998997956318
102 0.00195951980039
103 0.0020751953125
104 0.000189595362023
105 0.000338906951876
106 0.000856717687075
107 0.00529855474621
108 0.00016448
109 0.00266900787923
110 0.00084127357054
111 0.00409422358864
112 0.000846437960678
113 0.000490755148286
114 0.000552073322404
115 0.00316846161313
116 0.00062750752005
117 0.000340944047991
118 0.00212483705305
119 0.000553997499046
120 0.0007196146064
121 0.00464094400522
122 0.00851703702132
123 0.0115080441225
124 0.0121441202916
125 0.000884655710026
126 0.000266012442316
127 0.00141280302994
128 0.0012792370398
129 0.00019568786187
130 0.00512594427944
131 0.00196250334116
132 0.00182819671732
133 0.00160523731237
134 0.00055298131227
135 0.000317038912999
136 0.000246542387474
137 0.00233320150773
138 0.000238378010937
139 0.000554154652594
140 0.00113622017422
141 0.000835704527458
142 0.00399592699108
143 0.000715343905999
144 0.000201554330308
145 0.0010297079978
146 0.00054792465914
147 0.307722336312
148 0.0587334593514
149 0.00514441503504
150 0.0012240010731
151 0.000566144308262
152 0.0026172507238
153 0.000995074692897
154 0.000791015625
155 0.00082110734927
156 0.000998768851954
157 0.00857826885425
158 0.00767685580819
159 0.00689214187817
160 0.107157134078
161 0.00128776173478
162 0.0045034620497
163 0.00130119959358
164 0.00117641723356
165 0.00134115796506
166 0.00182819671732
167 0.00134921294975
168 0.000494706247388
169 0.000134230932784
170 0.00115949951732
171 0.000351211200996
172 0.00697659460724
173 0.00154752
174 0.00613222675258
175 0.00115891231839
176 0.0045099136262
177 0.000791015625
178 0.0019557468493
179 0.000794561613348
180 0.00144506148282
181 0.00233346360788
182 0.00166610663719
183 0.00136609745939
184 0.148069831812
185 0.006630299122
186 0.00122477946339
187 0.233469326683
188 0.00311882288802
189 0.000553112519016
190 0.000566893424036
191 0.00228365572872
192 0.000789318911819
193 0.0003738375894
194 0.000232199546485
195 0.0011070072878
196 0.00134668798923
197 0.0036454254183
198 0.000546221897573
199 0.00119234760844
200 0.00417958305203
201 0.00484408389715
202 0.00108285512802
203 0.000266118211287
204 0.00595102040816
205 0.000308753244768
206 0.000640362811791
207 0.00375430106813
208 0.000770981048429
209 0.000288428886481
210 0.000131928228982
211 0.00029028220321
212 0.00757478923013
213 0.0198771448601
214 0.00280769665005
215 0.00708555648533
216 0.000593724944807
217 0.000266555601833
218 0.000555825947689
219 0.000120440507785
220 0.000587980179894
221 0.00028157575474
222 0.00117775247387
223 0.000476726225663
224 0.00550384214855
225 0.00142567502893
226 0.000195267062032
227 0.001051753326
228 0.00878050033871
229 0.00798619346873
230 0.00243865264441
231 0.0175094195586
232 7.27746456728e-05
233 0.00049054966013
234 0.00119194625047
235 0.0112573522164
236 0.00390000136164
237 0.000549343704424
238 0.00137266649419
239 0.00199588785556
240 0.00133294514103
241 0.00193261253839
242 0.000702757455411
243 0.463700782029
244 0.0230316397392
245 0.00129685728458
246 0.00466518580221
247 0.00038163484987
248 0.00255500621988
249 0.000267051553419
250 0.000292830792988
251 0.000351211200996
252 0.000249745436943
253 0.0007196146064
254 0.00230169772685
255 0.000912631529889
256 0.0104902020346
257 0.00285539185729
258 0.000949665361668
259 0.00309847608025
260 0.000921859833175
261 0.00969480953442
262 0.00205989221689
263 0.00436890617508
264 0.0128628834549
265 0.00524339581189
266 0.000896458820754
267 0.00388898259028
268 0.0104124292467
269 0.0385350047634
270 0.0286654487901
271 0.169267257566
272 0.00684757851553
273 0.000960567127127
274 0.000548822398968
275 0.00212483705305
276 0.00115024758378
277 0.000344976806519
278 0.00172648739115
279 0.000470950279707
280 0.00180920259452
281 0.000287671657968
282 0.00101780663686
283 0.000251952632905
284 0.00202858017906
285 0.00140356983738
286 0.00160786561699
287 0.000594005001592
288 0.000567974765563
289 0.000990268472786
290 0.000623265376863
291 0.000238443956705
292 0.000212341697606
293 0.000383877394711
294 0.00689328849008
295 0.00152001011244
296 0.000413176104208
297 0.000955849134167
298 0.0295821074673
299 0.0222144132797
300 0.000246542387474
301 0.000185108056828
302 0.00212572203308
303 0.000374996775028
304 0.00123209800546
305 0.000901501877086
306 0.00115949951732
307 0.00218193185939
308 0.000509096951609
309 0.00173884934099
310 0.0148842132048
311 0.0139564387941
312 0.00500008753348
313 0.00368019090424
314 0.00084833631822
315 0.00585356221075
316 0.00183535869725
317 0.000836115546523
318 0.000231478329543
319 0.000283523851444
320 0.000208526111379
321 0.000393051849513
322 0.000465605020532
323 0.00174571613351
324 0.0418432749251
325 0.051888481276
326 0.000711200693512
327 0.000380195684391
328 0.0045363816231
329 0.000728833484307
330 0.000287671657968
331 0.000836052592651
332 0.00063359573791
333 0.000243189737393
334 0.00030566893424
335 0.000649444439249
336 0.000416227634243
337 0.000559472813713
338 0.0932673631393
339 0.0034956577335
340 0.00128793178919
341 0.00200460233385
342 0.00609440553473
343 0.00721191035541
344 0.000465133711887
345 0.000191754418988
346 0.00036814520682
347 0.00108761101758
348 0.00097786083408
349 0.00507121231199
350 0.00900917680515
351 0.452451896999
352 0.00613438863376
353 0.000650770512287
354 0.000596046447754
355 0.000249745436943
356 0.000584573252173
357 0.000181082405934
358 0.000232642463974
359 0.000452647045213
360 0.000292721041404
361 0.000922128677465
362 0.127678076162
363 0.00247245200085
364 0.000308219448302
365 0.000809373523165
366 7.57606934816e-05
367 0.0179069850262
368 0.000385697808535
369 0.0017069577903
370 0.0227172237636
371 0.00153139266893
372 0.00196438026105
373 0.00107694059127
374 0.0103650747569
375 0.0186718405607
376 0.00830972678449
377 0.000292830792988
378 0.00109023615413
379 0.000351773138918
380 0.000351211200996
381 0.00197805498664
382 0.000948678791244
383 0.00133317489966
384 0.000292830792988
385 0.00216908560854
386 8.94428895277e-05
387 0.0251064318445
388 0.00237873450035
389 0.00789616655582
390 0.0287399829936
391 0.000922128677465
392 0.000995233309118
393 0.000814457992168
394 0.00092476052573
395 0.00186057248384
396 0.000548221569229
397 0.0145123263732
398 0.00765466837526
399 0.000601910125669
400 0.00161858025667
401 0.000814425887414
402 0.000376161360585
403 0.0614578770844
404 0.00452260264135
405 0.000554154652594
406 0.000835704527458
407 0.00337485979811
408 0.000257027080213
409 0.00117551020408
410 0.00226967140545
411 0.00399592699108
412 0.0010477885831
413 0.000865612961059
414 0.000799920037922
415 0.12372174911
416 0.0839896688291
417 0.000980718336484
418 0.000762166434567
419 0.00200612281048
420 0.00588091384696
421 0.00281600436098
422 0.00363220080276
423 0.000552073322404
424 0.00148681276432
425 0.00106869632082
426 0.0021349779524
427 0.000314955786236
428 0.00500524398848
429 0.00931187975593
430 0.00343789585941
431 0.0190663296595
432 0.114495207948
