1 0.001056616849
2 0.000181256004891
3 0.00239469648084
4 0.00082737028153
5 0.000244389063664
6 0.000973180467908
7 0.000458921395209
8 0.000249964848693
9 0.000212639378468
10 0.00024177378851
11 0.00434539077882
12 0.00391663130045
13 0.000773618257542
14 0.000926488242356
15 0.00306027003735
16 0.000548973244362
17 0.00189003160011
18 0.672427999215
19 0.000310416282278
20 0.000357075726906
21 0.000562672591884
22 0.00164925418242
23 0.00191227777394
24 0.00107302444691
25 0.000773991959084
26 0.0041891479603
27 0.00274637502279
28 0.000692948060105
29 0.0101112198427
30 0.000285740324642
31 0.000772426681123
32 0.00373260849008
33 0.0125277289585
34 0.000574528266331
35 0.000917040789589
36 0.00047839601852
37 0.00173022100132
38 0.000725153966912
39 0.00122397980433
40 0.00636781674061
41 0.000627612327352
42 0.000805144681279
43 0.00162892353932
44 0.0003738375894
45 0.000556141112282
46 0.000668633235005
47 0.00189371831315
48 0.000225704776389
49 0.0222380264417
50 0.00402685632137
51 0.0035728290287
52 0.000416789945064
53 0.00105376048577
54 0.0112067137715
55 0.000637332331436
56 0.00287792227502
57 0.000316161785803
58 0.000917040789589
59 0.000648987129648
60 0.00118073682699
61 0.000575447511557
62 0.000231051838009
63 0.00189035916824
64 0.000631297189465
65 0.006195740395
66 0.000551037051731
67 0.000160484563078
68 0.0909235414471
69 0.000455014036273
70 0.00150278901618
71 0.000301053591387
72 0.00225124716553
73 0.000407134030477
74 0.000456661532705
75 0.00194377006813
76 0.00143124407201
77 0.000277924525777
78 0.000321218986882
79 0.0009740746117
80 0.00861298156446
81 0.00488548684557
82 0.00281379182572
83 0.000109789774026
84 0.00226831067578
85 0.000202341651911
86 0.00675474904745
87 0.000644931680443
88 0.000207401478222
89 0.00026257023781
90 0.000652804313344
91 0.00127396543104
92 0.00128164015792
93 0.000691509427418
94 0.118990987759
95 0.178337024336
96 0.00405307312429
97 0.00272401183747
98 0.000753217158598
99 0.00151965547683
100 0.000732658714455
101 0.00123105620692
102 0.0509851434638
103 0.000530145995746
104 0.000483152444876
105 0.00116754677818
106 0.00571316912885
107 0.0070722574466
108 0.400540060899
109 0.000953252385338
110 0.00127298319092
111 0.0042260434031
112 0.001476970396
113 0.000572416804961
114 0.00061026574388
115 0.00118225630331
116 0.000548973244362
117 0.000187974203478
118 0.00258781357963
119 0.00140396898877
120 0.000874313813205
121 0.472148102995
122 0.000141911006907
123 0.00836471314821
124 0.00164732278471
125 0.00134772710033
126 0.0053230601655
127 0.00710567567842
128 0.00242368177083
129 0.00101495810165
130 0.00137174211248
131 0.0217966371085
132 0.00885206773238
133 0.00093393020313
134 0.00189035916824
135 0.0142603019633
136 0.00514733168006
137 0.000677165602151
138 0.000235326777889
139 0.000572416804961
140 0.00263829809161
141 0.000366457114859
142 0.000231051838009
143 0.000543864167966
144 0.00653875839794
145 0.00398187800251
146 0.00148210361578
147 0.00528157111952
148 0.0875011014691
149 0.000977316020448
150 0.00467018760579
151 0.00301895906292
152 0.00973544847027
153 0.0046331473766
154 0.000581195849983
155 0.00198556937568
156 0.000306495147078
157 0.205433307012
158 0.124242307971
159 0.000582318391199
160 0.000591212467217
161 0.00231415693383
162 0.000613900072784
163 0.00137257095544
164 0.000316161785803
165 0.000166762098883
166 0.000637332331436
167 0.00218551127678
168 0.00339217670997
169 0.000549649354493
170 0.0381605861414
171 0.00166057352401
172 0.00934446722604
173 0.000835704527458
174 0.000238987733513
175 0.000423254709701
176 0.000525239870611
177 0.000284544278124
178 0.000224385229842
179 0.000415800691983
180 0.00326300377377
181 0.00027490330137
182 0.00217777777778
183 0.00269044751402
184 0.000563162644935
185 0.000568776783847
186 0.000780008197308
187 0.0574640871309
188 0.00422330915837
189 0.00100750226906
190 0.000596074463742
191 0.000766528344072
192 0.00110089405169
193 0.000517270293017
194 0.00103296594283
195 0.000244389063664
196 0.000916901039392
197 0.000691509427418
198 0.0004581359073
199 0.000278006700209
200 0.00245575226524
201 0.00481006051792
202 0.00624568694971
203 0.0004581359073
204 0.00298726417414
205 0.000973180467908
206 0.000688551370959
207 0.00199131318678
208 0.00224853050441
209 0.00123492494204
210 0.00079723183391
211 0.0123669880325
212 0.00114167966139
213 0.000376701894875
214 0.000443765895105
215 0.000805440993556
216 0.000509556736595
217 0.00120749541599
218 0.000228701298237
219 0.00155360098757
220 0.000919137042536
221 0.000346637920748
222 0.00201428489935
223 0.000187101771715
224 0.00115780032233
225 0.00148285787532
226 0.0166278613951
227 0.000294269706381
228 0.0250152045899
229 0.123341443717
230 0.000321244973303
231 0.00227057611051
232 0.0148875348835
233 0.00841699790643
234 0.00114167966139
235 0.00102258556576
236 0.0006428744821
237 0.000192233178846
238 0.0322668396423
239 0.00204834016801
240 0.00132497800153
241 0.000489466677109
242 0.000383407831688
243 0.000260832081499
244 0.00664140963776
245 0.00113959360858
246 0.000530716566719
247 0.00104619989683
248 0.000844233125597
249 0.00026257023781
250 0.000279019474235
251 0.000691509427418
252 0.00117641723356
253 0.00104619989683
254 0.00174798192175
255 0.000448528203864
256 0.00127025641519
257 0.00421602293845
258 0.00141284673499
259 0.053224538478
260 0.00386369744184
261 0.00394065530733
262 0.00422055435049
263 0.000458991400901
264 0.00135804656562
265 0.00197752774406
266 0.00922404140113
267 0.000127317324506
268 0.0004581359073
269 0.000867132604475
270 0.0429127282921
271 0.0118116389366
272 0.00622491374603
273 0.00210314935826
274 0.00195756411498
275 0.00120516771452
276 0.00233700346027
277 0.00102748844859
278 0.000235326777889
279 0.000181462677701
280 0.000780008197308
281 0.000256496753556
282 0.000357828804343
283 0.00119134181306
284 0.000374215507297
285 0.000355998576006
286 0.629297775252
287 0.000788916860779
288 0.00232971781802
289 0.0010297079978
290 0.000783547415369
291 0.000229568411387
292 0.00115467998869
293 0.000708174355417
294 0.0002055472052
295 0.000474196213942
296 0.000458921395209
297 0.00172710406477
298 0.000533967342336
299 0.0117533856958
300 0.000238057820153
301 0.00156404609148
302 0.00116969992992
303 0.000337776224998
304 0.00139750196524
305 0.000354926291747
306 0.000240992487394
307 0.000333482555661
308 0.000488601513023
309 0.00121745989611
310 0.00116219008264
311 0.000905307089181
312 0.0106120545245
313 0.000951408655262
314 0.0027141265061
315 0.000825734412952
316 0.00146924158358
317 0.00042368724283
318 0.00110405056018
319 0.000789637928139
320 0.000813441626883
321 0.000437720875442
322 0.000877456815213
323 0.00262891651685
324 0.0013084731943
325 0.00286714125579
326 0.114099122894
327 0.0205738145386
328 0.000484989269032
329 0.000278006700209
330 0.000200840864212
331 0.126264766391
332 7.54684634994e-05
333 0.00585435195317
334 0.000563659532505
335 0.00112600008818
336 0.000201912489865
337 0.00201428489935
338 0.00991237989093
339 0.177342865126
340 0.000597361773582
341 0.00090368474538
342 0.000844233125597
343 0.00116321358819
344 0.00143124407201
345 0.00135712971188
346 0.00114082160299
347 0.049713771763
348 0.000474583171364
349 0.00015301971555
350 0.0181885540576
351 0.00408080053199
352 0.00133003834123
353 0.000222766763199
354 0.000530909554248
355 0.000599715432479
356 0.000376161360585
357 0.000338548708761
358 0.000244389063664
359 0.000326607635361
360 0.000357828804343
361 0.000572696305354
362 0.000788916860779
363 0.000252435709929
364 0.00140734927688
365 0.00101495810165
366 0.000572556555158
367 0.0034046783932
368 0.0103728826377
369 0.000470950279707
370 0.0577710795991
371 0.000365312497078
372 0.00321475630364
373 0.000481900791177
374 0.048371362089
375 0.0907292070728
376 0.00084968261647
377 0.00314547596929
378 0.000398086889948
379 0.00242129188208
380 0.00134111487889
381 0.00113992663813
382 0.00109244113399
383 0.0602019509743
384 0.0396321066868
385 0.00431122007959
386 0.000268256111727
387 0.000258579328805
388 0.000631297189465
389 0.000916901039392
390 8.18161157547e-05
391 0.000333482555661
392 0.000838186777955
393 0.0294769649972
394 0.0227761068568
395 0.00728145682849
396 0.0858529233058
397 0.00100337089028
398 0.000330475885275
399 0.00140734927688
400 0.000242995129377
401 0.00165081172358
402 0.00617498283332
403 0.00141949541633
404 0.0778912906517
405 0.00075751199394
406 0.00203578781003
407 0.00333943102895
408 0.00015922737259
409 0.000563659532505
410 0.000574652808106
411 0.00050635126519
412 0.000647458397515
413 0.00015288730056
414 0.000206656769745
415 0.00681629264575
416 0.0170616016612
417 0.000280807573781
418 0.00068449161709
419 0.435058779287
420 0.00296817718317
421 0.000627612327352
422 0.000177184730064
423 0.00122397980433
424 0.000380223389198
425 0.00022628190623
426 0.000558734122315
427 0.0250185017056
428 0.0437708684398
429 0.00115126216887
430 0.0400448192705
431 0.000232199546485
432 0.00790110581865
