1 0.000487738640762
2 0.00786423044274
3 0.000335931088534
4 0.000139035697956
5 0.000309225836038
6 0.000794736587134
7 0.000487738640762
8 0.000443403782395
9 0.000466082609227
10 0.00176628062447
11 0.00167014352383
12 0.0348694770428
13 0.00163232815716
14 0.00442694413588
15 0.000273386103413
16 0.000463676022815
17 0.000998018037507
18 0.000901501877086
19 0.0025077676605
20 0.00032524973542
21 0.000635330403563
22 0.00625374159479
23 0.00238241649379
24 0.0784751944151
25 0.00604130535322
26 0.00745557023644
27 0.000488519022587
28 0.0341467227944
29 0.00106036843477
30 0.000456570969391
31 0.000531862285424
32 0.000358157773943
33 0.000775189625379
34 0.000756427277255
35 0.000481826769105
36 0.000273748084311
37 0.000781219860345
38 0.00114048766408
39 0.00237244524898
40 0.00114877323478
41 0.00838127355683
42 0.00297962130205
43 0.0110138521429
44 0.0296571680049
45 0.000344976806519
46 0.00297534163939
47 0.000580236249186
48 0.000407627013016
49 0.00304166608614
50 0.00162738524379
51 0.00291617255122
52 0.00339829662144
53 0.000437667407783
54 0.000219967910564
55 0.00137589890438
56 0.000237599355512
57 0.000655254472622
58 0.00238680729561
59 0.000682506145715
60 0.000159616744624
61 0.000236686390533
62 0.00047839601852
63 0.0565122806295
64 0.00442973196269
65 0.00190431588613
66 0.00105551101299
67 0.00899884564714
68 0.0036160534918
69 0.0302805860416
70 0.00239045545296
71 0.00162600653989
72 0.000495587683734
73 0.00361105266253
74 0.00060309324111
75 0.000702757455411
76 0.00023757533409
77 0.00162722252154
78 0.00115872757228
79 0.00860522991453
80 0.0106954489006
81 0.00326729597218
82 0.000132605143679
83 0.000928313501997
84 0.000239338318194
85 0.00179403544534
86 0.003954925543
87 0.000220293885812
88 0.000112127215334
89 0.000173245541333
90 0.00277741844921
91 0.00111599392361
92 0.00525852195539
93 0.00513459387985
94 0.00280017929249
95 0.000965447747
96 0.00111851543338
97 0.00209083336365
98 0.00108039988327
99 0.00107302444691
100 0.003257659685
101 0.000756355045664
102 0.00117383270133
103 0.00174021618439
104 0.256271339149
105 0.00467667191956
106 6.8719929856e-05
107 0.000311877159384
108 0.000377331379662
109 0.00565959297715
110 0.000567644027627
111 0.00111243382206
112 0.000530780162049
113 0.00114877323478
114 0.000149175455976
115 0.000785882980643
116 0.273670941834
117 0.00982246853367
118 0.000902197480386
119 0.00506623713171
120 0.000296917608308
121 0.000735056832443
122 0.000203061728395
123 0.000960560418602
124 0.0009765625
125 0.000532872249633
126 0.000295225611412
127 0.00204708203419
128 0.00181503811127
129 0.00298187690714
130 0.00197099132236
131 0.0231085544484
132 0.00913231371361
133 0.000213117374394
134 0.00150075153197
135 0.000239338318194
136 0.0031964439561
137 0.00238680729561
138 0.000383264172036
139 0.000134816028783
140 0.000560469754362
141 0.000801614849096
142 0.0202027132652
143 0.00621567185548
144 0.00166637924302
145 0.00108384561974
146 0.000253237284146
147 0.00259760597579
148 0.00156335285022
149 0.000233514266414
150 0.00597691205297
151 0.00112164240378
152 0.0021704087091
153 0.000500757983275
154 0.000802117462957
155 0.0083404672611
156 0.000215865980955
157 0.00480542601588
158 0.00224624510106
159 0.00071640800984
160 0.0177438952281
161 0.000580076551542
162 0.00143180475871
163 0.000320340501792
164 0.000668385576132
165 0.00758592033761
166 0.00295669837273
167 0.00292507999607
168 0.0014084260824
169 0.00179403544534
170 0.00111459148834
171 0.0003738375894
172 0.000157231159285
173 0.000186815187387
174 0.000670290424273
175 0.000437811624889
176 0.0174924513361
177 0.00163645123113
178 0.00690740208974
179 0.00618917795491
180 0.0129951589933
181 0.00122726062113
182 0.00113145825002
183 0.000761418846152
184 0.00225346897051
185 0.00134756807038
186 0.049881819047
187 0.0254959997997
188 0.000668385576132
189 0.00195464132291
190 0.000901501877086
191 0.000383264172036
192 0.00339746716169
193 0.00163645123113
194 0.00120982986767
195 0.000364197890566
196 0.000783651671669
197 0.000321383455343
198 0.00122917641823
199 0.00038699317156
200 0.00200322664805
201 0.0306696011738
202 0.0019403952057
203 0.00349173553719
204 0.00111165364583
205 0.000591055201122
206 0.0058366564905
207 0.000120623668497
208 0.00253899946208
209 0.00367783727487
210 0.00166502848398
211 0.652366285716
212 0.0102498932331
213 0.00200422060022
214 0.000153123876618
215 0.00111523779692
216 0.000252955428463
217 0.000434752062638
218 0.00107107438017
219 0.000239338318194
220 0.000553112519016
221 0.00238680729561
222 0.000211570247934
223 0.000682506145715
224 0.000729364636733
225 0.000458024321735
226 0.00162951455092
227 0.00134517641364
228 0.00442747324345
229 0.207401633561
230 0.00354505014583
231 0.00085385393827
232 0.00137472731786
233 0.00120479016967
234 0.0017236182835
235 0.00147465630251
236 0.00349173553719
237 0.00225748439299
238 0.000617566964021
239 0.0030540857173
240 0.00148448324997
241 0.000449071256862
242 0.234720525881
243 0.000755008346799
244 0.00198791026005
245 0.00051841234767
246 0.0015844409352
247 0.00179403544534
248 0.000358157773943
249 0.00138596433067
250 0.000565143600256
251 0.000543498536539
252 0.000244140625
253 0.000659531312492
254 0.00180445466453
255 0.000802239718324
256 0.00137803594277
257 0.0268172691038
258 0.000641572458167
259 0.000355998576006
260 0.00415899065742
261 0.00682565511262
262 0.0010792292347
263 0.000800996796013
264 0.00109222654377
265 0.00221028538722
266 0.000582974709424
267 0.000437667407783
268 0.000520306089829
269 0.000412432534997
270 0.000375226424386
271 0.00090754713678
272 0.000729364636733
273 0.000296561992897
274 0.000238978739294
275 0.00832489743726
276 0.00114693411943
277 0.00580635397962
278 0.00101137484548
279 0.000742675960049
280 0.00271620919055
281 0.000649159411152
282 0.000157231159285
283 0.0947884504057
284 0.000301957896461
285 0.000839291772475
286 0.0120184341255
287 0.00373660188545
288 0.00105566343886
289 0.00115160328218
290 0.00635923577248
291 0.000531886312772
292 0.000550003696025
293 0.000434752062638
294 0.00377064929032
295 0.00927787774442
296 0.0129575927552
297 0.00259232706162
298 0.000456570969391
299 0.000155036412361
300 0.000372742509288
301 0.000645490448807
302 0.000226161519805
303 0.00107107438017
304 0.00045039072296
305 0.00179403544534
306 0.000605378900137
307 0.298312604079
308 0.0012111190922
309 0.000425070823033
310 0.00209878105707
311 0.000855926089432
312 0.00172485619065
313 0.00176342143291
314 0.00035173834719
315 0.00692155043865
316 0.00179050295161
317 0.0013475465771
318 0.000640497148763
319 0.00148063997391
320 0.00058112343407
321 0.00127177113858
322 0.0121293502944
323 0.0016251026419
324 0.000375226424386
325 0.014768800533
326 0.00196714019082
327 0.000264888783819
328 0.0003738375894
329 0.000263814594798
330 0.00179403544534
331 0.000657996713096
332 0.000377918437341
333 0.00107107438017
334 0.000392911940596
335 0.00144730623819
336 0.00111157388125
337 0.296963151427
338 0.000972836350774
339 0.00277370202366
340 0.00800741360722
341 0.00195809329485
342 0.00148595662601
343 0.00538398797473
344 0.00186976146976
345 0.00175396303601
346 0.000547524437869
347 0.000305209905556
348 0.00172373320839
349 0.00643545097198
350 0.000347005434154
351 0.00342892420334
352 0.00178691830332
353 0.000285739480209
354 0.00217328017262
355 0.000593724944807
356 0.000683032770827
357 0.000218668106232
358 0.00147465630251
359 0.00224135919158
360 0.000510939834995
361 0.00179050295161
362 0.00139224792452
363 0.00736743301635
364 0.000532872249633
365 0.00145407197687
366 0.00370881157207
367 0.00129984264854
368 0.00551143650632
369 0.000454531023731
370 0.00301802263944
371 0.00107890670787
372 0.000800855133465
373 0.00628717327253
374 0.00365829864724
375 0.00561668821687
376 0.000370997199203
377 0.000472367392491
378 0.000225613053706
379 0.000213117374394
380 0.00288070584082
381 0.00105863859165
382 0.000581932796507
383 0.000265470941302
384 0.00891049371086
385 0.000775189625379
386 0.00613222675258
387 0.00117210837905
388 0.0805909532142
389 0.00221114520615
390 0.00107890670787
391 0.0122045062755
392 0.00403245958314
393 0.0520810670349
394 0.137115760269
395 0.00149845837492
396 0.00071640800984
397 0.00105948484185
398 0.00120723855359
399 0.000625638243512
400 0.554955889618
401 0.00299291401856
402 0.00133409430617
403 0.0352809462408
404 0.00155244693581
405 0.00041289544035
406 0.000319333578922
407 0.00201397565829
408 0.000472170736624
409 0.00101137484548
410 0.000404575021446
411 0.000755200745877
412 0.000657996713096
413 0.00101137484548
414 0.000455014036273
415 0.000435216619729
416 0.0015844409352
417 0.000437667407783
418 0.000629215552367
419 0.00092304042408
420 0.00670544872335
421 0.004027457157
422 0.00386838061616
423 0.000765692762277
424 0.00314301428458
425 0.00367159105043
426 0.000657706940264
427 0.00295850668509
428 0.00305526472001
429 0.0132171780277
430 0.172402093733
431 0.0106442823195
432 0.00209416761252
