1 0.000206350123971
2 0.000135404958678
3 0.00192435775261
4 0.000304785275116
5 0.000576737988393
6 0.000385071309045
7 0.000334646162585
8 0.000632002746481
9 0.000500926112196
10 0.00204371073171
11 0.000667048395534
12 0.00181502355351
13 0.00116439433077
14 0.287452047209
15 0.00110532432788
16 0.244291939215
17 0.00976100954001
18 0.00205820520979
19 0.000231528730493
20 0.000220293885812
21 0.00048009797555
22 0.00226333175697
23 0.00163258433101
24 0.000280107140981
25 0.0586634398504
26 0.726291849967
27 0.0146902557281
28 0.00125348742023
29 0.00226169577122
30 0.000949990617377
31 0.00162853612191
32 0.000537542433147
33 0.0016
34 0.00102955859956
35 0.000978260131144
36 0.000353858844858
37 0.535787855035
38 0.000195267062032
39 0.0356759006433
40 0.00184425458241
41 0.000222390481341
42 0.00167922762292
43 0.0030453755025
44 0.000463619908698
45 0.00113258136095
46 0.000213559978361
47 0.000575232767318
48 0.000956530980976
49 0.000191900451641
50 0.000245872453665
51 0.0153260666022
52 0.0108994320622
53 0.000119829507856
54 0.000551595237522
55 0.000273091272726
56 0.000464699343827
57 0.000576737988393
58 0.000460828018344
59 0.000735701688083
60 0.00399826686923
61 0.000809231099431
62 0.00192435775261
63 0.000465278672147
64 0.000387548454201
65 0.0115398447437
66 0.00589220483764
67 0.00278702916891
68 0.000962178876307
69 0.00040312935382
70 8.03558673672e-05
71 0.00204084235372
72 0.000685487603306
73 0.000387500775002
74 0.000387593149336
75 0.00396723658783
76 0.000202489278118
77 0.000331542297636
78 0.00186969516057
79 0.00396457023263
80 0.00205987233439
81 0.00693191100614
82 0.0351626420765
83 0.00296645965646
84 0.000599339003757
85 0.00238433973609
86 0.000915895770073
87 0.00146867940765
88 0.000717785056409
89 0.000578583549956
90 0.0023780728577
91 0.000898679373433
92 0.0221644410858
93 0.00228455534087
94 0.00447892601222
95 0.00294240160873
96 0.0026986001012
97 0.00173902884275
98 0.000246894121445
99 0.0202015595355
100 0.00444606993073
101 0.00133424796207
102 0.00348720661157
103 0.00665715147032
104 0.00971959914694
105 0.00636884924599
106 0.0173707253686
107 0.00149804461815
108 0.00039101152287
109 0.000170595585173
110 0.00570819052152
111 0.000860912904729
112 0.00101675687507
113 0.000853740796329
114 0.00168134311374
115 0.000505593389471
116 0.0125391233283
117 0.000617463444214
118 0.00305622391442
119 0.00142162608557
120 0.000972388955582
121 0.00103686304127
122 0.00193371757003
123 0.0195994573098
124 0.000215520133103
125 0.000571237419067
126 0.00226169577122
127 0.000576737988393
128 0.000852469497576
129 0.00672332266691
130 0.00441652495674
131 0.000253146401807
132 0.000466517253138
133 0.00051928717905
134 0.000979014961492
135 0.000159393515814
136 0.000252449315231
137 0.0005789604834
138 0.000256227707349
139 0.00624923569152
140 0.00376896588676
141 0.0048210557797
142 0.0159386772528
143 0.000425345732453
144 0.00110368
145 0.00125526741853
146 0.000746846897008
147 0.000526858618688
148 0.000598381593208
149 0.000243189737393
150 0.0117820747514
151 0.0200485550944
152 0.00120284673728
153 0.000269300264845
154 0.00103727535384
155 0.000598381593208
156 0.000247875041558
157 0.000171434234881
158 0.000607898938532
159 0.00824446411716
160 0.00157930498741
161 0.000632002746481
162 0.000790390508976
163 0.00038087437788
164 0.00314621689694
165 0.00163514207015
166 0.000383803611311
167 0.00147291739414
168 0.00359018442311
169 0.00629881582263
170 0.000782751447481
171 0.000469864186527
172 0.000238527477994
173 0.00181559961773
174 0.000466888631747
175 0.00303426639926
176 0.0001125
177 0.00185904158179
178 0.0101120439437
179 0.00568519569233
180 0.00418152859867
181 0.055294640755
182 0.0440173534979
183 0.00118913631361
184 0.000343531678427
185 0.000281201309501
186 0.00108682526265
187 0.000465278672147
188 0.00117866561593
189 0.000609061470382
190 0.000395285686291
191 0.00101675687507
192 0.00377971008073
193 0.000633538837848
194 0.000631067033976
195 0.0026505747194
196 0.00185654449216
197 0.0109309422177
198 0.00059365500496
199 0.00198765704727
200 0.00596981844111
201 0.00164687297452
202 0.0033220871974
203 0.017392775321
204 0.00123064333625
205 0.00564669718333
206 0.00381737350041
207 0.00130526538606
208 0.00190384964583
209 0.0171542011186
210 0.000632490402921
211 0.00836947271291
212 0.00092961035722
213 0.000334320090157
214 0.00128767797337
215 0.000465057908136
216 0.00145644410736
217 0.000227924968949
218 0.00341695965378
219 0.000632002746481
220 0.000234476727009
221 0.00135491507176
222 0.0019085714133
223 0.000408425605703
224 0.0143891985397
225 0.00265745299003
226 0.0178300949061
227 0.273923493329
228 0.0200354192683
229 0.000606775923578
230 0.000286162499419
231 0.000269972946461
232 0.00124080407168
233 0.00023489282672
234 0.00159048707187
235 0.00975874445639
236 0.0179535136928
237 0.268637574093
238 0.00356146098127
239 0.0140697898488
240 0.00020742345134
241 0.000533625925729
242 0.000860912904729
243 0.00238433973609
244 0.000540832882639
245 0.000561532759821
246 0.000312587778159
247 0.00048893041704
248 0.00120053245838
249 0.0030616861379
250 0.00570830320468
251 0.00227358449191
252 0.00456976
253 0.000638980248865
254 0.000818589978762
255 0.00233659787698
256 0.000238480029011
257 0.000782434348868
258 0.000945811705926
259 0.00019090743674
260 0.000281368766852
261 0.000480943465267
262 0.00666705780072
263 0.0063233980203
264 0.0220312308944
265 0.00233294184286
266 0.00107973919761
267 0.000632002746481
268 0.000708832494649
269 0.000789781109972
270 0.000470436372763
271 0.00755652525253
272 0.000995482690046
273 0.000404575021446
274 0.0507308429752
275 0.000999682198403
276 0.00107694059127
277 0.00609051077123
278 0.000247541712305
279 0.277235797234
280 0.00218128308461
281 0.00166558470272
282 0.0567865174286
283 0.000289231338794
284 0.00517042893863
285 0.0122571684
286 0.150740186491
287 0.000941909066529
288 0.000610035968734
289 0.0129377147863
290 0.000629615914647
291 0.00238433973609
292 0.00272952936277
293 0.00160786561699
294 0.00092961035722
295 0.000638980248865
296 0.00351817192489
297 0.000385071309045
298 0.00708544479588
299 0.00184425458241
300 0.00111317158561
301 0.0397712329104
302 0.000848990898713
303 0.00102765062099
304 0.0013593841384
305 0.000553486202737
306 0.00038226099524
307 0.00167847222222
308 0.00243049600122
309 0.000342454280922
310 0.000500030401848
311 0.00555318690056
312 0.0230329508166
313 0.00267207092809
314 0.000941909066529
315 0.000459942305223
316 0.00015600614518
317 0.00146867940765
318 0.00117086311289
319 0.00625618436592
320 0.000237142214
321 0.00138527756786
322 0.00168698520076
323 0.00364244454135
324 0.0122865694409
325 0.0100569274327
326 0.010915855538
327 0.156858541714
328 0.00110368
329 0.00111317158561
330 0.00125712
331 0.000731587443299
332 0.000365663876744
333 0.00100074369291
334 0.00106613357029
335 0.00181495153621
336 0.00164092248517
337 0.00198141038835
338 0.00210063224582
339 0.000308759621881
340 0.00107323520939
341 0.00291272527317
342 0.0018493151353
343 0.00365080365359
344 0.00565890571975
345 0.0474373662187
346 0.0033537917036
347 0.000141934489471
348 0.00118451791218
349 0.000133573700517
350 0.000465278672147
351 0.000286666106772
352 0.000385071309045
353 0.000632002746481
354 0.00102765062099
355 0.00231904932566
356 0.000253459072795
357 0.000221525148729
358 0.000284182751789
359 0.00238276019329
360 0.000880040385508
361 0.00698124784712
362 0.00216938139439
363 0.000540217456131
364 0.000380498448213
365 0.0313751398583
366 0.000422681137465
367 0.00222190161075
368 0.00140077288738
369 0.000422288130744
370 0.000498049635367
371 0.00061133921024
372 0.00199083729854
373 0.00232023231166
374 0.00127418335827
375 0.00188366763661
376 0.000191569510603
377 0.00039101152287
378 0.00130457519609
379 0.000803521607043
380 0.000860912904729
381 0.000460828018344
382 0.000464699343827
383 0.00238433973609
384 0.000618796564441
385 0.000101582467849
386 0.00126137484705
387 0.00138527756786
388 0.00137647195682
389 0.406683926416
390 0.0390184423106
391 0.000409112807784
392 0.00487104573208
393 0.00190142967931
394 0.000313034268209
395 0.000611184815275
396 0.000937818261084
397 0.000983489814659
398 0.000449051879966
399 0.000208852367645
400 0.0182086502677
401 0.00210953185129
402 0.0204519654275
403 0.0227356825083
404 0.00457942925089
405 0.0248891276226
406 0.000635902604721
407 0.000598381593208
408 0.00354440237966
409 0.000281151828713
410 0.000221525148729
411 0.00174500283081
412 0.000157725208185
413 0.000124840048688
414 0.000258856224186
415 0.000519357924031
416 0.0273821683506
417 0.00514495461783
418 0.0193835854253
419 0.0492386665577
420 0.00145181146889
421 0.000293433140275
422 0.00300391305224
423 0.000848305222314
424 0.00113258136095
425 0.000437472782336
426 0.000524124837312
427 0.00135734072022
428 0.000192984089701
429 0.0439683116191
430 0.00682775942621
431 0.000289298454221
432 0.0220105138969
