1 0.000652850884768
2 0.00381327650741
3 0.000528957682539
4 0.000142085400589
5 0.00353886970625
6 0.000553226359129
7 0.000544963333569
8 0.00045039072296
9 0.00260059364137
10 0.000906729231217
11 0.00188033518678
12 0.000464476813317
13 0.00129018077017
14 0.0224245827727
15 0.00115263981303
16 0.000958771169607
17 0.000673281395717
18 0.000711433473379
19 0.00183780614475
20 0.000461290017832
21 0.00699153052423
22 0.00024285067782
23 0.00151447188155
24 0.000691238947579
25 0.00451718838368
26 0.00959070781416
27 0.0236923166174
28 0.00360288172892
29 0.00941437804977
30 0.000213506807615
31 0.000493407527206
32 0.00161343839288
33 0.000527728378797
34 0.000201268697627
35 0.000662743749018
36 0.00121573361501
37 0.000197676681256
38 0.00305006200181
39 0.0012938954141
40 0.00047839601852
41 0.00210807668448
42 0.00243043533194
43 0.000923381829647
44 0.0264198416635
45 0.000620682223632
46 0.00200246033235
47 0.00016186572914
48 0.0020725037383
49 0.000566893424036
50 0.001237857836
51 0.00111243382206
52 0.00659248144454
53 0.0192608927303
54 0.000926052294802
55 0.00445631622281
56 0.000689116336162
57 0.0016318136375
58 0.000783977361643
59 0.000471768967566
60 0.00100151037339
61 0.000227409811134
62 0.000221179356641
63 0.00150755598866
64 0.000261726309935
65 0.214642811685
66 0.00256640970058
67 0.000938705296514
68 0.00740627952951
69 0.000816704150241
70 0.0417964792167
71 0.0443378377116
72 0.000148720999405
73 0.000550032361086
74 0.0013074385897
75 0.0189161415999
76 0.00312919706358
77 0.000892546615933
78 0.000437667407783
79 0.00199674802202
80 0.00686538592122
81 0.00292506663938
82 0.000992001984004
83 0.000128644480258
84 0.00321802215492
85 0.000179668012662
86 0.00395201448619
87 0.000442186068586
88 0.00032379477372
89 0.00048133385797
90 0.00520496154543
91 0.00273457656705
92 0.000823478992397
93 0.00180293696254
94 0.000670566046373
95 0.000500232402589
96 0.000483250178477
97 0.00115467998869
98 0.00437600143363
99 0.000638395134481
100 0.00023629489603
101 0.000482834089323
102 0.00107917612969
103 0.000476695511832
104 0.0145480710059
105 0.132445371598
106 0.00319553696173
107 0.00144229638553
108 0.000577660769175
109 0.000298563841153
110 0.00065992656305
111 0.000460498443515
112 0.00332230612598
113 0.000783977361643
114 0.00084968261647
115 0.000335644775945
116 0.000900281315932
117 0.00257245184737
118 0.000296615115599
119 0.00039681909811
120 0.00238011693189
121 0.00021746055342
122 0.000188944391304
123 0.00054692100973
124 0.036764384165
125 0.000195346164895
126 0.000912824872753
127 0.00122935291775
128 0.00054692100973
129 0.000451080590958
130 0.00302129639889
131 0.00367618836565
132 0.00373593351801
133 0.00722275932154
134 0.000431991341115
135 0.00337112853254
136 0.00045423855446
137 0.000202140309156
138 0.00478921468852
139 0.000880812359102
140 0.000476726225663
141 0.00045863751393
142 0.00157701331816
143 0.00160384692308
144 0.00294965044841
145 0.00178950396931
146 0.0199997550647
147 0.00740218095107
148 0.00103167713845
149 0.000686608138637
150 0.00131143889003
151 0.00493740986998
152 0.000335644775945
153 0.00472023777734
154 0.00537057540029
155 0.0841097378205
156 0.003832527242
157 0.00685144243218
158 0.00149097003715
159 0.0141098191865
160 0.000606850416706
161 0.000431122053684
162 0.00163450751016
163 0.000262748678333
164 0.00844365406075
165 0.000529932270416
166 0.000446591577354
167 0.00111523779692
168 0.000521905791794
169 0.000207858561231
170 0.00119592389273
171 0.000276049770911
172 0.0213674689723
173 0.00158430529428
174 0.0111108316906
175 0.000820917712667
176 0.00758875092629
177 0.00057925068263
178 0.00018614757809
179 0.000249143351099
180 9.64206085631e-05
181 0.00650540378803
182 0.000880441256441
183 0.0031960239378
184 0.000576737988393
185 0.00110383112343
186 0.000877164245662
187 0.00658193586507
188 0.00264825976114
189 0.00825666838176
190 0.00425330812854
191 0.00108567089387
192 0.000139431652619
193 0.0014533054286
194 0.00130194494633
195 0.000886296720851
196 0.000963139120095
197 0.00235051725889
198 0.000190154472545
199 0.00021746055342
200 0.000593460156351
201 0.000315376490116
202 0.00118307655645
203 0.00199994249941
204 0.00206778545736
205 0.00178828823318
206 0.000957269045004
207 0.0391800046099
208 0.00064615893292
209 0.000879746407819
210 0.00032059682024
211 0.00171853035235
212 0.000291995575985
213 0.0058939960769
214 0.00240971988351
215 0.00196932507992
216 0.0298564647854
217 0.786759670161
218 0.00386344524913
219 0.000478931273732
220 0.00481394394992
221 0.000250445897741
222 0.000469457066115
223 0.000412442975634
224 0.00045863751393
225 0.000184480040124
226 0.000452693526483
227 0.00106140332917
228 0.421998554403
229 0.00138524797749
230 0.00515951577334
231 0.00501869927609
232 0.00238883105294
233 0.00447736605344
234 0.00106332703214
235 0.00123556788779
236 0.000620682223632
237 0.000410851361055
238 0.000244121883657
239 0.000478931273732
240 0.0160822236114
241 0.00320332857882
242 0.00046559096138
243 0.0015686880521
244 0.000798483866436
245 0.00622613306321
246 0.00471200804367
247 0.000972057027346
248 0.000201340029754
249 0.00109684665051
250 0.00124842814748
251 0.0045576741619
252 0.000553226359129
253 0.000235595798705
254 0.000735279679008
255 0.000555199734215
256 0.00417895693592
257 0.00490028439615
258 0.0112441192866
259 0.00205398288348
260 0.00569687066623
261 0.00033401183432
262 0.000131739016774
263 0.11336689603
264 0.0320431643532
265 0.0383300925115
266 0.000490792899408
267 0.00110089405169
268 0.00120205458332
269 0.000464476813317
270 0.00132073622289
271 0.00186935662618
272 0.00185399106131
273 0.000985195041585
274 0.000523113039238
275 0.00282252999453
276 0.000278084204306
277 0.000528957682539
278 0.00278839765165
279 0.00144952103168
280 0.00150755598866
281 0.00084968261647
282 0.000654824372885
283 0.000194381774101
284 0.00442984162735
285 0.000525086093116
286 0.000234739222964
287 0.0323477177346
288 0.000273386103413
289 0.00102579337712
290 0.00305980133702
291 0.00114989044671
292 0.000843649386202
293 0.0058799536006
294 0.0292733854162
295 0.00360288172892
296 0.000262748678333
297 0.000655338143236
298 0.00140064183011
299 0.00110669122541
300 0.00144207659029
301 0.00207713589631
302 0.00121573361501
303 0.000412442975634
304 0.000436935828458
305 0.000402475380562
306 0.000221179356641
307 0.00668637166225
308 0.00111243382206
309 0.0104021821771
310 0.0932436540048
311 0.0198706473493
312 0.0012938954141
313 0.00223090644191
314 0.00038400157195
315 0.000648195755118
316 0.00054692100973
317 0.000530909554248
318 0.00165459528958
319 0.000244121883657
320 0.0795415241495
321 0.001513268276
322 0.531591041567
323 0.00351482186356
324 0.00407847427999
325 0.00390872461028
326 0.0122405967298
327 0.000525920237345
328 0.00203204383324
329 0.00178433412604
330 0.00172507900029
331 0.000195267062032
332 0.00252634281247
333 0.00130643054144
334 0.000528957682539
335 0.00844365406075
336 0.000257532317288
337 0.000448121385667
338 0.00547194595609
339 0.0268732803096
340 0.0439213482092
341 0.00180932548665
342 0.00249587288556
343 0.000705294275732
344 0.00178859163902
345 0.038078674647
346 0.000838093685474
347 0.000322485761043
348 0.000281061695961
349 0.00101900285414
350 0.00158182248521
351 0.00117149670026
352 0.00461017815354
353 0.000196010042632
354 0.00166015735369
355 0.000740029435411
356 0.00123556788779
357 0.00045423855446
358 0.00132498944405
359 0.00145518322321
360 0.000477488987624
361 0.00045423855446
362 0.000278084204306
363 0.00139858028465
364 0.000490249823792
365 0.00017045615704
366 0.00145324101246
367 0.03656051239
368 0.0309831647537
369 0.000466888631747
370 0.00118795299319
371 0.00496757998949
372 0.00598395164205
373 0.000466888631747
374 0.000195951009186
375 0.00198898348757
376 0.0035501140287
377 0.000563026959417
378 0.00138287376641
379 0.00251261455374
380 0.00158833102024
381 0.00347821385672
382 0.197635124488
383 8.28118402529e-05
384 0.000528957682539
385 0.000543920618144
386 0.000355872729719
387 0.000692621095518
388 0.000695577852437
389 0.000528957682539
390 0.000954889572473
391 0.000606850416706
392 0.000893158622793
393 0.000392429193216
394 0.00089402986722
395 0.0022009323171
396 0.000149117670068
397 0.0284469872801
398 0.000419226463453
399 0.0302917117677
400 0.000196010042632
401 0.294439204862
402 0.00268344491727
403 0.00702617742925
404 0.00599008190258
405 0.000951026123506
406 0.012116340143
407 0.00154900727408
408 0.00258820496359
409 0.000241417044661
410 0.266489443277
411 0.000230405487853
412 0.000371099355267
413 0.000518450892055
414 0.00045039072296
415 0.00045863751393
416 0.00110969075141
417 0.000202883472057
418 0.00111846335647
419 0.0029416834243
420 0.000869307994615
421 0.000286632034897
422 0.000153361002214
423 0.00170744230734
424 0.00098165905233
425 0.00213335620602
426 0.00111846335647
427 0.00128825885256
428 0.000298086902109
429 0.00503425698209
430 0.00773200285562
431 0.157930910121
432 0.000506782660153
