1 0.000302667981941
2 0.00716933644118
3 0.000927619881986
4 0.00205551956637
5 0.00259126827016
6 0.000815032315151
7 0.000421294161739
8 0.00399923749947
9 0.000938705296514
10 0.000224812617122
11 0.00041331353949
12 0.012965417649
13 0.0133168316832
14 0.00318109103008
15 0.000216262975779
16 0.000327238151885
17 0.0100031859622
18 0.00475430223486
19 0.00038872413896
20 0.000974657941701
21 0.00254754251709
22 0.000903610457706
23 0.00358812861484
24 0.000438878037733
25 0.0046824737166
26 0.000627223330193
27 0.00722960611872
28 0.000553932179618
29 0.00117957363471
30 0.00110809383861
31 0.0171099358759
32 0.000964801854564
33 0.000685487603306
34 0.000708157381754
35 0.00154517484767
36 0.00192091679174
37 0.000950294250792
38 0.000372622321293
39 0.00770402221625
40 0.0034705597362
41 0.00172746299947
42 0.00139115483129
43 0.000681781223492
44 0.00446729911681
45 0.00455793547196
46 0.00625963887999
47 0.0174888796335
48 0.0172126631561
49 0.00919070769473
50 0.00719303629604
51 0.000974657941701
52 0.0194144095178
53 0.00265590153041
54 0.0258259314045
55 0.00115537999867
56 0.000492950414709
57 0.000906030133891
58 0.00118997812716
59 0.0009172156911
60 0.000425475715888
61 0.00064615893292
62 0.000459368692217
63 0.000710518888683
64 0.000243888493823
65 0.000285213982425
66 0.000802915426809
67 0.0196048657621
68 0.00182227128382
69 0.154710205291
70 0.000602205577929
71 0.000144912278009
72 0.00718184429762
73 0.00182626540484
74 0.00073737659276
75 0.000909067952829
76 0.00167014352383
77 0.0103172429641
78 0.000918343195266
79 0.00132425995708
80 0.00678361392644
81 0.000795560198986
82 0.00142514409556
83 0.00227212625216
84 0.00332651460695
85 0.000147727415095
86 0.000480917205294
87 0.00821065073113
88 0.0029466756736
89 0.00126392436334
90 0.00104966381956
91 0.00159805625264
92 0.00112356043819
93 0.00323059983784
94 0.0176244917555
95 0.000865247033078
96 0.000998007939038
97 0.00346522564417
98 0.00111566017948
99 0.000413786437206
100 0.000901501877086
101 0.000597510598196
102 0.00858928692599
103 0.000249471578268
104 0.000472523797914
105 0.00243119322594
106 0.00347079649711
107 0.0127330921403
108 0.00122636224621
109 0.000503430068987
110 0.00415558348108
111 0.0119337030368
112 0.000331107438017
113 0.000389346097583
114 0.000939429606157
115 0.00114744608223
116 0.0053124123452
117 0.000415813970817
118 0.000547509831808
119 0.000547509831808
120 0.000385676529084
121 0.00072715903633
122 0.000853396630071
123 0.00117501279154
124 0.000665472763768
125 0.000461290017832
126 0.000284165983894
127 0.000495067308924
128 0.00010466347029
129 0.00696350923132
130 0.000795163831592
131 0.000121257535374
132 0.00196877973126
133 0.000928986906169
134 0.00435033504431
135 0.00156367239273
136 0.00322197444519
137 0.00177004808209
138 0.013819144859
139 0.000801651209529
140 0.0010595567867
141 0.00109886755594
142 0.000815032315151
143 0.00116138941252
144 0.000997229916898
145 0.000492950414709
146 0.0870141328029
147 0.0599686901995
148 0.000493579148029
149 0.00131854074408
150 0.000428553568193
151 0.00159771702385
152 0.00068151664799
153 0.00240227042378
154 0.00130440756165
155 0.00208714845141
156 0.000900742456282
157 0.00171035951073
158 0.00547269490922
159 0.0011478630005
160 0.000873849350009
161 0.000744348459069
162 0.000180270419658
163 0.00419610221443
164 0.000742702404167
165 0.00243645263786
166 0.00110089405169
167 0.00055940976452
168 0.0013074385897
169 0.000330578512397
170 0.00666389004581
171 0.000152824009016
172 0.000292005724247
173 0.00140079972078
174 0.00148915858456
175 0.000977809308044
176 0.0131817054244
177 0.000529932270416
178 0.000811168082038
179 0.000199851316841
180 0.000229134239547
181 0.0010888557426
182 0.00208487006052
183 0.00189980626875
184 0.0181095876522
185 0.0122147744559
186 0.00171035951073
187 0.00307221121024
188 0.000135404958678
189 0.0165480837748
190 0.000183855214019
191 0.00072715903633
192 0.0041871027425
193 0.00259126827016
194 0.00661380461605
195 0.00095817662537
196 0.000217060257963
197 0.000225751879175
198 0.00113846080723
199 0.000529932270416
200 0.00897384302512
201 0.0482951695651
202 0.000930767020971
203 0.0010297079978
204 0.00226238331158
205 0.00347381201903
206 0.000337
207 0.000414763866173
208 0.0036089105145
209 0.0132814781497
210 0.000225308194198
211 0.00185736409107
212 0.000302667981941
213 0.00335045916611
214 0.00276099341837
215 0.00212703131491
216 0.00786004853881
217 0.00128574729078
218 0.000157560266802
219 0.000611473592657
220 0.000667048395534
221 0.000492950414709
222 0.000854655756777
223 0.000727770994255
224 0.000434752062638
225 0.000503778733464
226 0.153061415522
227 0.000913653408118
228 0.00214902855138
229 0.00279928982997
230 0.00984186614208
231 0.0010297079978
232 0.00357588009705
233 0.000573730654492
234 0.000477768819612
235 0.000898501872919
236 0.000509096951609
237 0.000853305878969
238 0.000867885814085
239 0.00139452619368
240 0.000256
241 0.019916928535
242 0.000559609454829
243 0.000440612175983
244 0.002421331914
245 0.000809886109766
246 0.00173906745134
247 0.00121932632221
248 0.000415813970817
249 0.00114286888833
250 0.000685487603306
251 0.000447347551112
252 0.000415813970817
253 0.000898501872919
254 0.0436158037946
255 0.0129071636641
256 0.00180306896216
257 0.0730825648836
258 0.00109481621087
259 0.00133250046277
260 0.000912631529889
261 0.000434752062638
262 0.00138268117164
263 0.00104058272633
264 0.00535191304483
265 0.00412004561858
266 0.00078705712967
267 0.00151908328482
268 0.000580771070535
269 0.0153639933578
270 0.00545453037518
271 0.00028871311766
272 0.000809886109766
273 0.000201912489865
274 0.000493739135373
275 0.000997374377546
276 0.000330578512397
277 0.000685487603306
278 0.00205466381301
279 0.00259144525727
280 0.000229375293909
281 0.00442257759227
282 0.00105911594494
283 0.000216262975779
284 0.00792384725211
285 0.00298734849656
286 0.00173744071998
287 0.000250878260022
288 0.00345859181623
289 0.00153975642828
290 9.47427366052e-05
291 0.00018488663284
292 0.0031218071805
293 0.00970321076445
294 0.00369960905414
295 0.00215156934665
296 0.0817527695158
297 0.00183558987093
298 0.00558641457153
299 0.00044399136921
300 0.00316405047707
301 0.0144427107421
302 0.000374416509312
303 0.000492950414709
304 0.000844233125597
305 0.000540832882639
306 0.00192091679174
307 0.000219885745305
308 0.000242244394313
309 0.000430717382959
310 0.000357937830673
311 0.000416493127863
312 0.000374113292436
313 0.00272401183747
314 0.00492720282182
315 0.00122559031607
316 0.0158219279123
317 0.274435657266
318 0.00160324329905
319 0.000356020886559
320 0.0035132535417
321 0.000672865473706
322 0.00156657384233
323 0.00407250857161
324 0.000797648850685
325 0.00462251890359
326 0.00790259123592
327 0.00537751268572
328 0.00400021007668
329 0.000927619881986
330 0.0312464890903
331 0.00103480151056
332 0.00326635249689
333 0.000327238151885
334 0.00124080407168
335 0.000424946049904
336 0.000330578512397
337 0.00177893773274
338 0.000223178519926
339 0.0100101975998
340 0.0324701524358
341 0.00557749058659
342 0.00168416061323
343 0.00787207344998
344 0.000683863066478
345 0.000703793588636
346 0.000609061470382
347 0.000206281957633
348 0.00288759595652
349 0.00353903010421
350 0.000943857051698
351 0.0114874091974
352 0.00150327399019
353 0.00308075919535
354 0.024692677872
355 0.000609061470382
356 0.000226831661343
357 0.000407134030477
358 0.00259126827016
359 0.000217060257963
360 0.000211058281399
361 0.0009172156911
362 0.000259068402123
363 0.0237904076967
364 0.00222634317122
365 0.00407446790072
366 0.00369649722599
367 0.00150278901618
368 0.000549929899046
369 0.00103327858336
370 0.00493315368752
371 0.000318442814636
372 0.001313
373 5.82716624905e-05
374 0.00199282369395
375 0.0076632868168
376 0.00189792526449
377 0.00104058272633
378 0.00894040098402
379 0.000379190724047
380 0.00255213298083
381 0.000204812452597
382 0.0251679875216
383 0.000815584049525
384 0.000574634937804
385 0.000118423818889
386 0.000647664069333
387 0.00293173691097
388 0.000407134030477
389 0.000491203913284
390 0.000207464022752
391 0.00134921294975
392 0.0251373339115
393 0.000913653408118
394 0.00214458795219
395 0.000995932928354
396 0.000814792899408
397 0.00177542690546
398 0.000437742162027
399 0.000777765432295
400 0.000528830557958
401 0.000998160051207
402 0.000384567261735
403 0.17749709489
404 0.0312845462894
405 0.00100706717631
406 0.00189371831315
407 0.169018931307
408 0.00193126746969
409 0.000574634937804
410 0.00116121242542
411 0.00215926186656
412 0.00111196844993
413 0.000403113976861
414 0.000418540612502
415 0.000221937864334
416 0.00096962224617
417 0.1481328297
418 0.0509534464197
419 0.0797653626982
420 0.000768020453773
421 0.00189958377345
422 0.0229116818958
423 0.164621591477
424 0.0113184750534
425 0.0101578958118
426 0.00126294986498
427 0.000797648850685
428 0.00124480803344
429 0.00769374752889
430 0.00331861311952
431 0.000680458156999
432 0.0122952861065
