1 0.00039862210379
2 0.00203578781003
3 0.0004860197394
4 0.00110190940239
5 0.000167031613343
6 0.00156722630957
7 0.000910592594831
8 0.000573428164589
9 5.4420854609e-05
10 0.0028553837488
11 0.00157880803661
12 0.00200262924038
13 0.000413874089784
14 0.000554582665186
15 0.00373425542092
16 0.000487657057122
17 0.00220288163709
18 0.00064504128861
19 0.00109603328459
20 0.00159465826314
21 0.000300770055671
22 0.000665629349888
23 0.00356113902303
24 0.0260413971168
25 0.135698752793
26 0.000250034701507
27 0.0060647622002
28 0.000476726225663
29 0.000534845848869
30 0.00110190940239
31 0.00023944120409
32 0.00282117710293
33 0.000625641274671
34 0.00036680262186
35 0.000420585864015
36 0.00525851176502
37 0.0008669273102
38 0.0146001233208
39 0.000716050435677
40 0.00108881852268
41 0.0336256430427
42 0.000964801854564
43 0.00274166743196
44 0.00072609272473
45 0.000160348799193
46 0.000329618923607
47 9.07257687372e-05
48 0.000239905012609
49 0.00108877778911
50 0.000993740051098
51 0.00886291507374
52 0.0686559053738
53 0.000199073685258
54 0.000494527856036
55 0.000468159704215
56 0.00222499110004
57 0.000507264020778
58 0.000299390315058
59 0.00118550217583
60 0.00154766833528
61 0.00289262705795
62 0.000910592594831
63 0.000871454485433
64 0.000223600314438
65 0.0189199891134
66 0.00286453716149
67 0.0118253250647
68 0.00171001705515
69 0.0322743215004
70 0.000704832015036
71 0.00158097142789
72 0.00210095948244
73 0.000415136473625
74 0.000229490468286
75 0.0060734598374
76 0.000232660207027
77 0.00257518117768
78 0.00125026708586
79 0.348970394453
80 0.0107928058233
81 0.00724825163197
82 0.0157398962737
83 0.00780251291395
84 0.00115959822285
85 0.012138745581
86 0.000189922109679
87 0.00023489282672
88 0.000904061123866
89 0.00176504579811
90 0.00209799982531
91 0.000172845791171
92 0.000545899205171
93 0.0338379014202
94 0.00136430859874
95 0.0166649394133
96 0.0268054448342
97 0.00222816108457
98 0.000426883409603
99 0.0060734598374
100 0.00207507943385
101 0.00136714899598
102 0.00451868846924
103 0.000424911872916
104 0.00284079006233
105 0.00143073509604
106 0.00985853115807
107 0.00715823369479
108 0.0215135762158
109 0.0296356030011
110 0.000498461844729
111 0.000989302263496
112 0.000461290017832
113 0.00281154738755
114 0.000726136205289
115 0.0010324106423
116 0.000419914001612
117 0.000414460630882
118 8.30080757444e-05
119 0.00028838888171
120 0.00105722069405
121 0.00988543826615
122 0.00601029611022
123 0.0016211044711
124 0.00291791674555
125 0.000199073685258
126 0.000824949773466
127 0.00444562607828
128 0.00299259273446
129 0.00308106835443
130 0.00159427055143
131 0.00348547373968
132 0.00107079868985
133 0.00318517896413
134 0.000808607174143
135 0.0134246684439
136 0.00280636925558
137 0.000886925449975
138 0.00075060987052
139 0.000856037018381
140 0.000918736094611
141 0.0029674966048
142 0.000430663800054
143 0.00102218197994
144 0.000442141147708
145 0.0004860197394
146 0.00123762842869
147 0.101632964077
148 0.0102948245473
149 0.000549678179336
150 0.0762873433985
151 0.00031259440351
152 0.000464418908823
153 0.00187651920272
154 0.000621542191972
155 0.00143143369716
156 0.00229537183119
157 0.00143314455705
158 0.000381656059312
159 0.0122784073245
160 0.000254585715283
161 0.005609650626
162 0.00380394857668
163 0.339444918062
164 0.000604161870882
165 0.000406477627471
166 0.00023397884685
167 0.00031992241386
168 0.00176504579811
169 0.00176124697662
170 0.000425070823033
171 0.000235236553879
172 0.000232089667878
173 0.0547990725316
174 0.00739244930976
175 0.000433789890493
176 0.0023015123209
177 0.00244381045021
178 0.00130633217602
179 0.001792660317
180 0.00108923125758
181 0.00075060987052
182 0.000458282335451
183 0.000652501288093
184 0.00113233835601
185 0.00106047309187
186 0.00187903045639
187 0.000856632956573
188 0.166844019115
189 0.000361983926755
190 0.00124080407168
191 0.000470133721075
192 0.000910592594831
193 0.000968887288602
194 0.000226886784195
195 0.002469419248
196 0.00191215859363
197 0.10908483736
198 0.00245264473136
199 0.11851441491
200 0.0116004997918
201 0.00609190590551
202 0.00100781053162
203 0.00128134806721
204 0.00152953628371
205 0.00313794590858
206 0.00036292253184
207 0.00211488171325
208 0.00195580345035
209 0.00197815023072
210 0.00040827791433
211 0.00318517896413
212 0.00146003915984
213 0.00426764703515
214 0.00528810528008
215 0.000201912489865
216 0.000508075643211
217 0.000701723608614
218 0.000649549413726
219 0.000564739984675
220 0.000619824038842
221 0.0015416462795
222 0.00322486928493
223 0.00168698520076
224 0.000579197328283
225 0.000108841709218
226 0.00940219525248
227 0.004647412528
228 0.00370197599825
229 0.00155775458244
230 0.00683147844293
231 0.00766633558483
232 0.0259033069119
233 0.00133069308683
234 0.00121451912633
235 0.00184425458241
236 0.00180913618
237 0.00612422061536
238 0.000644543955312
239 0.0288860278511
240 0.0216089788919
241 0.00017434530289
242 0.000492364509506
243 0.000416883454735
244 0.00269020850192
245 0.000202920430841
246 0.00624912121733
247 0.00107268972469
248 0.0011070072878
249 0.00143008052671
250 0.00108414184701
251 0.00748875562602
252 0.000779539127117
253 0.00196710383821
254 0.0597744635689
255 0.0201624210244
256 0.000529932270416
257 0.00296677229516
258 0.0052064463041
259 0.00393468792637
260 0.000201554330308
261 0.000648695906164
262 0.000739352776362
263 0.0355147682565
264 0.000336963314599
265 0.00396506723869
266 0.00102036879719
267 0.00100936579479
268 0.000727311658282
269 0.00150012415017
270 0.000727311658282
271 0.000717074280912
272 0.000491203913284
273 0.00114830055344
274 0.00110190940239
275 0.000914916340335
276 0.000560922187579
277 0.000195267062032
278 0.00100781053162
279 0.00139059745302
280 0.00099063217831
281 0.000582334406421
282 0.000743980153844
283 0.00407831075347
284 0.00130741485525
285 0.000224018845585
286 0.0866768397499
287 0.000821571249196
288 0.000148268616399
289 0.00043547816199
290 0.00303125413358
291 0.00135255059747
292 0.00410067334281
293 0.000363017335114
294 0.00209880120255
295 0.000534220363119
296 0.00053158471786
297 0.00100074369291
298 0.0249740492954
299 0.000288358846565
300 0.000176305504382
301 0.000645919061311
302 0.000407792024762
303 0.00117005598293
304 0.000268744961032
305 0.000176305504382
306 0.00138977656159
307 0.00174147957286
308 0.00205466381301
309 0.000254899075897
310 0.0424732852436
311 0.000855964756165
312 0.0435033043338
313 0.00696765059183
314 0.00120086266052
315 0.00977862266353
316 0.0284745046583
317 0.00260890224196
318 0.00188779336037
319 0.0637067581172
320 0.112935486906
321 0.0199268140447
322 0.000519899415378
323 0.00107302444691
324 0.396030681962
325 0.00344120421984
326 0.000280628755656
327 0.00269020850192
328 0.00243114332587
329 0.00110190940239
330 0.00189035916824
331 0.00440808922333
332 0.00103727535384
333 0.00359521952357
334 0.00789925158046
335 0.174615592842
336 0.000229245798759
337 0.000736655700111
338 0.0825025410647
339 0.000288054406795
340 0.000383393729612
341 0.000871316591668
342 0.000651487438293
343 0.00102025263695
344 0.00217471714013
345 0.000306536675839
346 0.0240256655263
347 0.00060184944576
348 0.000130658846263
349 0.00555212475973
350 0.0537200981454
351 0.00196689111781
352 0.000448105446023
353 0.000280628755656
354 0.000682669461245
355 0.00278952484624
356 0.000434516202447
357 0.00196660219731
358 0.000547796083346
359 0.0004860197394
360 0.000430663800054
361 0.0015416462795
362 0.00175066963113
363 0.0057069858882
364 0.000721171208108
365 0.000637857848255
366 0.00749686100335
367 0.000778725596568
368 0.0765248282986
369 0.0234310887464
370 0.0156963118329
371 0.00122576598404
372 0.124826545564
373 0.000120727864746
374 0.00219027575946
375 0.00106996244213
376 0.000502474376133
377 0.0365123277156
378 0.000857954921013
379 0.001135699271
380 0.00475880623498
381 0.000871454485433
382 0.000645919061311
383 0.000740161356856
384 0.00150815345461
385 0.000438400826017
386 0.00267250581348
387 0.000324648973298
388 0.0148922723355
389 0.00405176602438
390 0.00207702483677
391 0.000622403948807
392 0.00185673389934
393 0.000683841851933
394 0.0042766616226
395 0.0736807788075
396 0.000844259454868
397 0.00129862562122
398 0.0014413479442
399 0.000319844512648
400 0.00519481136257
401 0.000477110059485
402 0.000157084371663
403 0.00116671521384
404 0.000492076001729
405 0.001135699271
406 0.001135699271
407 0.000307423128254
408 0.000415136473625
409 0.00160705670804
410 0.00118703955587
411 0.000316526033684
412 0.000892546615933
413 0.00102205440726
414 0.000192566772152
415 0.000885185438153
416 0.000284093308195
417 0.00118906064209
418 0.000534220363119
419 0.000487657057122
420 0.00176162004595
421 0.00216019057775
422 0.00439238050652
423 0.00219376697903
424 0.000871679489041
425 0.00097224564757
426 0.000770246012299
427 0.000116087927536
428 0.00307422602073
429 0.000253496102403
430 0.00449217949594
431 0.00260811565329
432 0.014293260917
