1 0.0009478253973
2 0.00144463556973
3 0.000453231587467
4 0.000116722157937
5 0.000578074484693
6 0.000768045058643
7 0.00101413498128
8 0.000704333283748
9 0.000215470078276
10 0.000493827160494
11 0.000553932179618
12 0.00056242090956
13 0.0126880665795
14 0.013033011353
15 0.00852071005917
16 0.000237753060162
17 0.0120330902436
18 0.00146421609404
19 0.00121217109571
20 0.00725356695073
21 0.00124137473492
22 0.000862978681803
23 0.000548933284312
24 0.00162039746238
25 0.000975562400239
26 0.00409285756146
27 0.000294899808446
28 0.000547796083346
29 0.00212972716085
30 0.000779926869967
31 0.00274811331322
32 0.000656154362783
33 0.000929191452873
34 0.00113726305638
35 0.000461063645602
36 0.000547524437869
37 0.00259645421721
38 0.00054692100973
39 0.00173291338086
40 0.00430482594319
41 0.00455915472365
42 0.0123727808387
43 0.0254789734994
44 0.00147220353214
45 0.000303208861937
46 0.000838808348473
47 0.00504681618087
48 0.0117636168896
49 0.266106261368
50 0.00599780624985
51 0.00772965465642
52 0.0164810737909
53 0.000498740833328
54 0.000547176909134
55 0.0005385282971
56 0.00106966689911
57 0.00274744255088
58 0.000929191452873
59 0.000226981745702
60 0.00157965293381
61 0.00204267138841
62 0.00157965293381
63 0.000532711621966
64 0.010224283291
65 0.000396187472108
66 0.00214774037032
67 0.00346020761246
68 0.000937000148279
69 0.00107062799023
70 0.000498740833328
71 0.000776331360947
72 0.00146982477431
73 0.00270421633298
74 0.000708783930904
75 0.00060407975313
76 0.00603775933771
77 0.00249393111819
78 0.0102329674965
79 0.581784984326
80 0.222288632169
81 0.00086824103185
82 0.000219072859697
83 0.00187701157243
84 0.000935517844498
85 0.000263877753248
86 0.000613866272832
87 0.000554154652594
88 0.000405817846132
89 0.000230624189014
90 0.00114781909946
91 0.0141565025262
92 0.00798601062749
93 0.00505219903994
94 0.000773991959084
95 0.000552073322404
96 0.00105305580063
97 0.00681855350047
98 0.00918382451251
99 0.000577001321432
100 0.00338480929708
101 0.000947265625
102 0.00010766417525
103 0.000280691755459
104 0.00502089310781
105 0.00021746055342
106 0.0010833171837
107 0.00468413345788
108 0.00213452008015
109 0.00044839984193
110 0.00110512583116
111 0.81406198792
112 0.000346857000292
113 0.000219072859697
114 0.00122530252516
115 0.000850531971445
116 0.000929191452873
117 0.000491989839545
118 0.00334849530262
119 0.0011070072878
120 0.00122548928061
121 0.0426712932242
122 0.00405214501044
123 0.000654558122886
124 0.00114197384067
125 0.00105627507243
126 0.000703415776691
127 0.0485469415514
128 0.00375190533128
129 0.00426628258747
130 0.00129492812723
131 0.000838303498469
132 0.00083167674145
133 0.000418066975997
134 0.00358346074095
135 0.00135468842461
136 0.000288494913023
137 0.0812331569881
138 0.141386851211
139 0.000241168104809
140 0.000764950334255
141 0.000302448597849
142 0.000566290680473
143 0.000255264160533
144 0.000578074484693
145 0.000519357924031
146 0.000826899975754
147 0.000315882433951
148 0.000929191452873
149 0.000475873069274
150 0.00437571310649
151 0.00600240485191
152 0.000906572874172
153 0.00151118219986
154 0.00352470217299
155 0.00064991412492
156 0.00274941377463
157 0.000394928735899
158 0.0010131640974
159 0.000161249685059
160 0.00215177264835
161 0.0172230038443
162 0.0915675569677
163 0.0102056504453
164 0.00100781053162
165 0.117259630386
166 0.00075521980373
167 0.00196282647012
168 0.00189708641975
169 0.000554354384023
170 0.000419226463453
171 0.00053385768123
172 0.000268654336735
173 0.00152476193277
174 0.000355998576006
175 0.000493827160494
176 0.00549025027294
177 0.0230180622158
178 0.00110959261754
179 0.0441056453419
180 0.00552839236605
181 0.000406329871394
182 0.000481298129813
183 0.00387776485335
184 0.001024
185 0.00156435168076
186 0.000862155428424
187 0.00101650121711
188 0.00156435168076
189 0.000559736275476
190 0.00125368192206
191 0.000331582546784
192 0.000418066975997
193 0.000209280956414
194 0.000966468898494
195 0.000940662952291
196 0.00157989369786
197 0.000560469754362
198 0.00242740166682
199 0.000560469754362
200 0.00122530252516
201 0.000209280956414
202 0.000681002959366
203 0.0898154167751
204 0.00373047158514
205 0.000722837025806
206 0.00109291669544
207 0.00960030126435
208 0.000151712604176
209 0.00354216576463
210 0.000723503445791
211 0.00241622837133
212 0.00158242461933
213 0.00100072409945
214 0.000623537727153
215 0.00151715823183
216 0.000278108455515
217 0.0121755040329
218 0.0459358406385
219 0.00166458564574
220 0.00781762420837
221 0.000832100591716
222 0.000899195161401
223 0.00157965293381
224 0.000578315248743
225 0.000154329756222
226 0.000307423128254
227 0.0282163740563
228 0.00123431096723
229 0.00362538297075
230 0.000213117374394
231 9.64150847292e-05
232 0.000604161870882
233 0.000202271604938
234 0.00524314413265
235 0.000201197122881
236 0.000215197381793
237 0.00473882222158
238 0.000553112519016
239 0.00347936885472
240 0.160777079234
241 0.0164697297035
242 0.000296038904722
243 0.00044839984193
244 0.000363669318858
245 0.000252453283816
246 0.000263877753248
247 0.000466082609227
248 0.000584573252173
249 0.000493827160494
250 0.000405817846132
251 0.000405169574812
252 0.00111970817166
253 0.00023944120409
254 0.00609505691628
255 0.00413602009905
256 0.0115588592576
257 0.0123480940023
258 0.0434571927963
259 0.00258062484253
260 0.00083027294725
261 0.000816326530612
262 0.00311744286397
263 0.00234931160536
264 0.000600599500843
265 0.0069328848219
266 0.000404517914966
267 0.00112176919027
268 0.000593275116687
269 0.222852290772
270 0.0765953269489
271 0.00104058272633
272 0.000561532759821
273 0.00194291099636
274 0.00122530252516
275 0.000935517844498
276 0.000241618456495
277 0.00023944120409
278 0.00242740166682
279 0.00108881852268
280 0.000649282341548
281 0.000498246173469
282 0.000786554224234
283 0.00134514494955
284 0.00105721533349
285 0.00426421357017
286 0.000730754045275
287 0.640816036696
288 0.000552073322404
289 0.000826404635928
290 0.00164539968848
291 0.000822168242119
292 0.00225534955595
293 0.00114351947645
294 0.0005683410117
295 0.0251777435944
296 0.0900275427104
297 0.0910924332248
298 0.00107694059127
299 0.00889734116992
300 0.000226981745702
301 0.000207401478222
302 0.000966468898494
303 0.00048840030659
304 0.000448105446023
305 0.000114839598213
306 0.000526891675785
307 0.000991038360782
308 0.000599941182237
309 0.00048536412678
310 0.000233628604387
311 0.000348947546145
312 0.000832754116601
313 0.00068792535442
314 0.00206611570248
315 0.00038920693893
316 0.00633744639114
317 0.00259176899563
318 0.000510017144736
319 0.000705460217002
320 0.000700797930585
321 0.00028838888171
322 0.00190952271583
323 0.129155433037
324 0.046051942483
325 0.0307132164147
326 0.00113726305638
327 0.000242035066698
328 0.00145569385744
329 0.0015564994386
330 0.000308652797209
331 0.000401283078567
332 0.00242740166682
333 0.00168958333333
334 0.00152476193277
335 0.000195732458823
336 0.000527985780709
337 0.000515699384704
338 0.00997117558012
339 0.00800589605033
340 0.000707596253902
341 0.0305315983416
342 0.081472720704
343 0.121809299316
344 0.00323634567901
345 0.00206228779093
346 0.000739314172014
347 0.0113895425212
348 0.000306525845087
349 0.000280549043636
350 0.000967214630669
351 0.00110512583116
352 0.00109023615413
353 0.00141634871083
354 0.0119881052955
355 0.00203434054373
356 0.000224893919201
357 0.000562598792348
358 0.000448105446023
359 0.000986169549896
360 0.000929191452873
361 0.00142289829151
362 0.0026656916666
363 0.000577001321432
364 0.004726974729
365 0.00101371277688
366 0.00633963345369
367 0.000614297604035
368 0.00329184376456
369 0.0784458428425
370 0.155484884235
371 0.0242056382562
372 0.0382502782348
373 0.000616409036861
374 0.0265390528729
375 0.000442978494555
376 0.00250225491486
377 0.000990391322812
378 0.00952039540211
379 0.000220293885812
380 0.00205663248342
381 0.00209987198057
382 0.00298526166096
383 0.000229568411387
384 0.00274744255088
385 0.00044839984193
386 0.000631649436714
387 0.000523716137531
388 0.000542738744116
389 0.00116660485581
390 0.00220487151629
391 0.000561366505969
392 0.00115800959649
393 0.011973570813
394 0.00125990777959
395 0.00505060280004
396 0.000631218867181
397 0.00740150595445
398 0.0109078391592
399 0.104739719235
400 0.000929908421586
401 0.00137299742435
402 0.000681002959366
403 8.19433931661e-05
404 0.00126733577119
405 0.00107890670787
406 0.00107213065759
407 0.000741003548476
408 0.000594304479953
409 0.0910082553032
410 0.000519357924031
411 0.00388768825883
412 0.000532653486886
413 0.00157947080297
414 0.000578074484693
415 0.00118225630331
416 0.000768045058643
417 0.000315882433951
418 0.00023944120409
419 0.00132131499765
420 0.000493827160494
421 0.000539119000657
422 0.00271903641846
423 0.00726884963514
424 0.00227747473377
425 0.00110991210557
426 0.00159526977347
427 0.000315426011304
428 0.00054262823582
429 0.000860503796513
430 0.00899873455295
431 0.00274941377463
432 0.00151821651772
