1 0.000836760697408
2 0.000727180911501
3 0.00500600675044
4 0.00293161442992
5 0.000188620162464
6 0.0034922315752
7 0.00228977203369
8 0.000252453283816
9 0.00218609783812
10 0.00207405800585
11 0.00054692100973
12 0.000935323506792
13 0.00314534556227
14 0.00332440548657
15 0.0022589599387
16 0.000211583496758
17 0.00073212268728
18 0.00118837793089
19 0.000577944282997
20 0.00118850289573
21 0.000335436946607
22 0.0026816676976
23 0.00375247578974
24 0.000912121075627
25 0.0127827608683
26 0.00622101385407
27 0.0314513905951
28 0.000266745608592
29 0.000206656769745
30 0.000210537779781
31 0.00920649003532
32 0.000494706247388
33 0.000457448261763
34 0.00120130314201
35 0.00183139146851
36 0.00114263043047
37 0.00218812041633
38 0.000553112519016
39 0.000903007516701
40 0.000361250751274
41 0.00127649439405
42 0.0113807269368
43 0.000278892231133
44 0.00036738653439
45 0.000226437210294
46 0.00645001432075
47 0.000482494673987
48 0.00142141687681
49 0.000585450571595
50 0.000445816599444
51 0.00123026692334
52 0.00045132050808
53 0.0322586397683
54 0.049257800871
55 0.076818109234
56 0.0193356422243
57 0.00109508292794
58 0.000442095717613
59 0.00171562620356
60 0.00176905082061
61 0.000238020023434
62 0.00120256299682
63 0.000579531156167
64 0.000494706247388
65 0.00050453312926
66 0.000877914951989
67 0.000361826559546
68 0.000268683862434
69 0.044476159368
70 0.00127670622206
71 0.000987058298511
72 0.0435121307507
73 0.00181003520987
74 0.00504192430406
75 0.000227839088644
76 0.00138695134007
77 0.000356536541288
78 0.000193909866755
79 0.000512684015479
80 0.0158097505097
81 0.000585520499924
82 0.00121761926536
83 0.0231503799832
84 0.000231757892669
85 0.154159552241
86 0.000584377698429
87 0.00226420309283
88 0.000487738640762
89 0.00110496389684
90 0.0043040934474
91 0.00120130314201
92 0.00021226385646
93 0.000583627119632
94 0.00205551956637
95 0.0146634554683
96 0.0226465893536
97 0.00292017109108
98 0.0166321230181
99 0.0055605891899
100 0.000640274385746
101 0.00467848514394
102 0.000940470203082
103 0.00302384832489
104 0.000918273645546
105 0.00216132053226
106 0.000367964588049
107 0.000522391172648
108 0.0014415740106
109 0.00952854559456
110 0.000183347219189
111 0.000360571158043
112 0.000926052294802
113 0.00289731849495
114 0.00128383325022
115 0.00574669051885
116 0.00120256299682
117 0.00169906226193
118 0.00079784698193
119 0.00071640800984
120 0.000429222138502
121 0.000772797066233
122 0.00267781997222
123 0.000434766862834
124 0.182979369371
125 0.000664067443837
126 0.00311497746885
127 0.000442840299743
128 0.00132851912637
129 0.00695626980534
130 0.0103672472867
131 0.028338991778
132 0.00121249378562
133 0.000274906708905
134 0.000513749820668
135 0.01312783068
136 0.0243076283938
137 0.00151846075373
138 0.00430556416668
139 0.000560922187579
140 0.000385218571272
141 0.000439617260168
142 0.000237477545372
143 0.00268073148943
144 0.00191995449938
145 0.000279712030656
146 0.000135460122274
147 0.000508153790235
148 0.00110135919678
149 0.000314427342923
150 0.000617260136569
151 0.00026116187565
152 0.000798483866436
153 0.576301888589
154 0.000388111733953
155 0.00225694653469
156 0.000826274283847
157 0.00232111680038
158 0.00168204338159
159 0.00175696511169
160 0.0103745082701
161 0.00362538297075
162 0.0165286641897
163 0.354121365145
164 0.00221011001786
165 0.000487738640762
166 0.000926052294802
167 0.00111448533628
168 0.000826792148537
169 0.00043987320391
170 0.001476970396
171 0.00079723183391
172 0.00021826447345
173 0.00071640800984
174 0.0153302879736
175 0.00312427299251
176 0.000941417631447
177 0.000981668700448
178 0.00394065530733
179 0.00147928994083
180 0.00411044186019
181 0.000660813030504
182 0.00037696657759
183 0.000567667082697
184 0.00134406399056
185 0.000863640149938
186 0.00050453312926
187 0.000325588430251
188 0.000913992827719
189 0.000981668700448
190 0.00146733729614
191 0.202066164188
192 0.0193146166743
193 0.0017253715482
194 0.00050453312926
195 0.0016
196 0.000495497777384
197 0.00139171521383
198 0.00107282521662
199 0.000279265206326
200 0.000649113554302
201 0.00198429752066
202 0.0043040934474
203 0.00885606411482
204 0.00445911256796
205 0.00223364726482
206 0.00265009873272
207 0.00988685810959
208 0.00240882231172
209 0.000517449177369
210 0.00142500524822
211 0.00701728581145
212 0.000596990369982
213 0.000244000171174
214 0.11940566048
215 0.000507264020778
216 0.000557298786159
217 0.000416493127863
218 0.00144568556004
219 0.000649113554302
220 0.00801481779514
221 0.000531889543988
222 0.00125285666658
223 0.00347936885472
224 0.00115343538626
225 0.000346491082667
226 0.000556247775009
227 0.000596792494369
228 0.0497372029257
229 0.0348032738824
230 0.00432588617678
231 0.000317941132454
232 0.0278629987057
233 0.00101380803186
234 0.00178815899279
235 0.00111243382206
236 0.384978772165
237 0.000190578144111
238 0.00135616995609
239 0.00103872038625
240 0.000361826559546
241 0.00987556256836
242 0.00382085161362
243 0.00123998000032
244 0.0023198530723
245 0.000833834111855
246 0.000417404429388
247 0.000313037014999
248 0.00226420309283
249 0.000379858453241
250 0.00199964036443
251 0.00115561476298
252 0.00120130314201
253 0.000565815167649
254 0.00863056165347
255 0.00435173920416
256 0.0620069052789
257 0.000144505326094
258 0.00711152878012
259 0.00117122331795
260 0.00357682221512
261 0.00148905604339
262 0.000349012974611
263 0.00831074967218
264 0.00278548324273
265 0.00287950140929
266 0.000116042886379
267 0.00103851937235
268 0.00289070569493
269 0.0017103799123
270 0.0120103454037
271 0.174205699975
272 0.000469060656641
273 0.00748035379245
274 0.00113835091951
275 0.00625132648049
276 0.00195767098307
277 0.000923381829647
278 0.000752897198589
279 0.00183019245618
280 0.000525086093116
281 0.000439800357736
282 0.00109684665051
283 0.0016
284 0.00601784095639
285 0.00265405160706
286 0.00224135919158
287 0.00115561476298
288 0.000578310930478
289 0.00940645557851
290 0.000292088378211
291 0.00262741629166
292 0.000948366007811
293 0.00169835490878
294 0.00109886755594
295 0.00062750752005
296 0.00135988856652
297 0.000752900059488
298 0.0044623534723
299 0.00421792824511
300 0.0629204490483
301 0.0586564342575
302 0.00115343538626
303 0.000876963071884
304 0.000152651272342
305 8.08639424722e-05
306 0.000749967637505
307 0.001476970396
308 0.00120256299682
309 0.00153173452827
310 0.000772797066233
311 0.00278380202383
312 0.0176220180689
313 0.00307002195145
314 0.00188662757564
315 0.00882878889578
316 0.00106222231322
317 0.00019012589512
318 0.000578202739502
319 0.000293868879535
320 0.000717433012487
321 0.000126246686024
322 0.518117731584
323 0.00360450422227
324 0.000110070090757
325 0.000583444187729
326 0.000661613042586
327 0.000476726225663
328 0.000284357888677
329 0.000246919178361
330 0.000926052294802
331 0.000232488865963
332 0.00224229270228
333 0.000583444187729
334 0.00502011701677
335 0.000114387028511
336 0.000224893919201
337 0.00110257418488
338 0.618504142377
339 0.00785561641085
340 0.0487500048769
341 0.00290613513841
342 0.00174077014029
343 0.00154864657285
344 0.0023120852175
345 0.000284566393665
346 0.000569059204009
347 0.000352796206284
348 0.000381483776884
349 0.00198791026005
350 0.00136967077701
351 0.00549271411319
352 0.000883978074959
353 0.000948366007811
354 0.0141111961345
355 0.0246505647441
356 0.00113835091951
357 0.000529932270416
358 0.000863640149938
359 0.00107282521662
360 0.000528957682539
361 0.000417856443246
362 0.00244242035748
363 0.000649113554302
364 0.000606331674654
365 0.000234676324129
366 0.00199875097093
367 0.00233506016583
368 0.00314882143701
369 0.000951423729497
370 0.00070893881702
371 0.000798483866436
372 0.000407734235042
373 0.000936432865588
374 0.00168742718439
375 0.00172367546141
376 0.00150698275529
377 0.000578757158048
378 0.00109282152858
379 0.00162644583312
380 0.00280839626854
381 0.00142200617958
382 0.0510045950505
383 0.000181257809246
384 0.000855344808
385 0.000313037014999
386 0.00080707420223
387 0.000926052294802
388 0.000716960793798
389 0.00203204383324
390 0.000948366007811
391 0.00749297574155
392 0.00119094612947
393 0.000178371855151
394 0.000393485391522
395 0.00107139239512
396 0.00446227569813
397 0.00198873821101
398 0.0024145270915
399 0.00143372197227
400 0.00051652892562
401 0.000170595585173
402 0.000935323506792
403 0.00158265532972
404 0.00187867460472
405 0.19824347145
406 0.0076227723436
407 0.000361826559546
408 0.000583444187729
409 0.000651574508098
410 0.000281106845743
411 0.00143170197224
412 0.00268073148943
413 0.000531889543988
414 0.000579084331837
415 0.00273846398646
416 0.0138634739314
417 0.000292047067532
418 0.00705835258813
419 0.000935863131546
420 0.00644381403478
421 0.00139381489759
422 0.000421040153307
423 0.00162793000173
424 0.190473799789
425 0.000485512764663
426 9.72009585111e-05
427 0.008599102651
428 0.000507264020778
429 0.00239889169375
430 0.00869890353072
431 0.0689858541212
432 0.000989050927223
