1 0.00454488069688
2 0.00857706924856
3 0.000137195089273
4 0.00374996859401
5 0.00036253552123
6 0.00114547537228
7 0.000567974765563
8 0.000455014036273
9 0.00023936160851
10 0.000742675960049
11 0.150781994222
12 0.104376685959
13 0.000604525482739
14 0.0130888993444
15 0.000768037914847
16 0.00312980292896
17 0.00110166269385
18 0.00102036879719
19 0.00608041150434
20 0.000944245128074
21 0.000105596827084
22 0.00083541064578
23 0.00980829415906
24 0.00322517165127
25 0.00597966165016
26 0.000170317402447
27 0.0110204025486
28 0.000780008197308
29 0.00765693298214
30 0.00139271645836
31 0.000529932270416
32 0.000412442975634
33 0.000748330115206
34 0.00275643889476
35 0.00148599744909
36 9.91820431613e-05
37 0.0071605
38 0.0100624208316
39 0.00355762775019
40 0.0180702812341
41 0.000546513779224
42 0.000115100944845
43 0.0264253732656
44 0.000537051432089
45 0.00398193076018
46 0.000486139146025
47 0.000995932928354
48 0.000758096493935
49 0.000102374948248
50 0.000344464781645
51 0.00142068307551
52 0.0135055285052
53 0.0027268193827
54 0.0493235537873
55 0.0553221999519
56 0.0443712071026
57 0.0004860197394
58 0.000415813970817
59 0.00098403453708
60 0.00021080299472
61 0.00109081727127
62 0.00246035439453
63 0.000461290017832
64 0.000469668069281
65 0.000437667407783
66 0.000455014036273
67 0.000764476206914
68 0.0012104115183
69 0.0029182268522
70 0.000780008197308
71 0.000772664471189
72 0.00247586764786
73 0.00137589890438
74 0.000893430751057
75 0.000375812893255
76 0.000780008197308
77 0.0010961468225
78 0.00391577598689
79 0.000285336011687
80 0.00325996430696
81 0.000292705212845
82 0.000590268038355
83 0.000997229916898
84 0.000445085367373
85 0.000131457511442
86 0.000472144037694
87 0.00213530738052
88 0.00129531457333
89 0.00020628591873
90 0.00385273749122
91 0.000751433133272
92 0.0015465219038
93 0.00129484799282
94 0.00193766542977
95 0.000755501994831
96 0.00497640699841
97 0.00313504010206
98 0.000366432228213
99 0.0017098399473
100 0.0018998671476
101 0.0032260063814
102 0.00017659849229
103 0.00142998375821
104 0.00287161541017
105 0.0113738684137
106 0.001953125
107 0.000360884507719
108 0.000126760312628
109 0.000526891675785
110 0.00138637392485
111 0.000109773798214
112 0.00125167798355
113 0.000131457511442
114 0.000364613932952
115 0.000775189625379
116 0.000202171368347
117 0.00157664362209
118 0.00237591279194
119 0.000495587683734
120 0.00413919789332
121 0.00517225705521
122 0.000914155757648
123 0.00310684802175
124 0.000952118851081
125 0.0010961468225
126 0.00307175368599
127 0.00266828811215
128 0.00400588017132
129 0.00763694756051
130 0.000581122908726
131 0.000540832882639
132 0.00606579963361
133 0.00342694517905
134 0.00140338448877
135 0.000481381068193
136 0.00179050295161
137 0.00109886755594
138 0.000511030070726
139 0.000234426867517
140 0.000968340005432
141 0.000587780181479
142 0.000567974765563
143 0.000465278672147
144 0.0045714755533
145 0.0385664483598
146 0.00353684333094
147 0.00762910019868
148 0.000490726487188
149 0.00254067981943
150 0.00287811341692
151 0.00256952983819
152 0.0214229323116
153 0.00130898266943
154 0.00137961178166
155 0.000469668069281
156 0.000216472700255
157 0.0047907795449
158 0.00382932863993
159 0.00135323605895
160 0.00145072898839
161 0.00151956631718
162 0.000572331219523
163 0.00203663570166
164 0.000363115578064
165 0.000336919232104
166 0.00350046486065
167 0.000520306089829
168 0.00110496389684
169 0.00138637392485
170 0.000370403738532
171 0.000253459072795
172 0.00032582204903
173 0.000903007516701
174 0.000699174790463
175 0.00497636951531
176 0.00119461923586
177 0.00130541246253
178 0.00498482359018
179 0.00171178546876
180 0.00481757323835
181 0.00142658160819
182 0.000270160336918
183 0.000106559018562
184 0.0014076860479
185 0.00882723367917
186 0.00107282521662
187 0.000490334141142
188 7.60546241211e-05
189 0.0187643341245
190 0.0695745436486
191 0.00405228914782
192 0.00117957363471
193 0.000252182085942
194 0.00351379964337
195 0.000169596551581
196 0.000966219620514
197 0.00246035439453
198 0.00171217756978
199 0.000757568758603
200 0.000324
201 0.000431148662818
202 0.0006428744821
203 0.00139329651519
204 0.0238375049867
205 0.00176299243184
206 0.0278125100572
207 0.20850824379
208 0.00158431382019
209 0.0103586836311
210 0.000737085645257
211 0.00144698124751
212 0.000512590466981
213 0.0018585376932
214 0.00102930942909
215 0.0461403237704
216 0.000683497799991
217 0.00248571250127
218 0.0150055102681
219 0.0126792622118
220 0.00109081727127
221 0.000263321387868
222 0.000597309617929
223 0.00141127827705
224 0.000900742456282
225 0.000370403738532
226 0.00102765062099
227 0.000567465971365
228 0.000271556072703
229 9.7385734072e-05
230 0.0015921919596
231 0.072311787394
232 0.00508409169808
233 0.00166723067604
234 0.015819702172
235 0.00122002446743
236 0.000391235351563
237 0.00338456059892
238 0.00062739233385
239 0.00503936957915
240 0.00173523534703
241 0.000666928772419
242 0.0017098399473
243 0.00461514326207
244 0.154951959905
245 0.00971601968568
246 0.000558465860684
247 0.000445085367373
248 0.00168794717941
249 0.000337303237437
250 0.000575424431712
251 0.000148494549496
252 0.000529932270416
253 0.000748330115206
254 0.000472144037694
255 0.00213530738052
256 0.00330057469968
257 0.000204289939057
258 0.000484309908748
259 0.0053737977571
260 0.0326083595918
261 0.00546279769833
262 0.00344034460777
263 0.284306820599
264 0.120142975334
265 0.000751433133272
266 0.00645854825319
267 0.000807323485198
268 0.00112233639805
269 0.000654773316586
270 0.000527985780709
271 0.00107282521662
272 0.00119679293726
273 0.00159489531589
274 0.00402685632137
275 0.0046196117292
276 0.00222797097136
277 0.00378698224852
278 0.000324254653164
279 0.000365312497078
280 0.000567974765563
281 0.000862231849887
282 0.000900742456282
283 0.00038628317709
284 0.00108030417977
285 0.000502886695156
286 0.00186594143743
287 0.000337458302876
288 0.00711202682017
289 0.000564083790643
290 0.000863640149938
291 0.0201585249177
292 0.000234759885785
293 0.000533625925729
294 0.000583757488401
295 0.00177140452007
296 0.00154923810273
297 0.194847665651
298 0.00140827233947
299 0.00457354584476
300 0.00153598713611
301 0.000506469135802
302 0.00552226243582
303 0.00518479012346
304 0.00324788344412
305 0.000855901663036
306 0.00139271645836
307 0.000360884507719
308 0.000412442975634
309 0.0112012051813
310 0.00105965923962
311 0.00486426444882
312 0.0029785830541
313 0.00024177378851
314 0.000382664619258
315 0.00272036467233
316 0.000381469726563
317 0.000716526390144
318 0.000922929017786
319 0.000716526390144
320 0.00269073699118
321 0.000465615364374
322 0.00108953850796
323 0.29579801393
324 0.0131716910269
325 0.00403598615917
326 0.000538418630179
327 0.000855241754275
328 0.000675624600868
329 0.000118423818889
330 0.000344464781645
331 0.000748330115206
332 0.000429719836418
333 0.00128673988025
334 0.00174798192175
335 0.000371816430574
336 0.00306713559905
337 0.000164893630726
338 0.000914155757648
339 0.116923121772
340 0.00218193185939
341 0.000567974765563
342 0.000583757488401
343 0.00305451898783
344 0.000453367475695
345 0.00102036879719
346 0.00236110428025
347 0.00072310046963
348 0.00464707392657
349 0.00159234755979
350 0.0195234031607
351 0.00166192527856
352 0.000891067052796
353 0.00128673988025
354 0.000577847633136
355 0.000431838500679
356 0.00246072939139
357 0.00236509270979
358 0.000407652326111
359 9.7385734072e-05
360 0.00013800211747
361 0.00104432246357
362 0.000413102884395
363 0.00288312505362
364 0.00438199401056
365 0.00254751986599
366 0.0600896299763
367 0.00178178285168
368 0.000324
369 0.0155834373293
370 0.0019438419395
371 0.000654773316586
372 0.000218386267772
373 0.00105779648397
374 0.000149631998803
375 0.00109483131488
376 0.0109971393623
377 0.00586321144481
378 0.000923641154373
379 0.00106574449927
380 0.000196983687288
381 0.00342034954189
382 0.00270364619388
383 0.000480917205294
384 0.000908247404632
385 0.0006428744821
386 0.00169254739938
387 0.0193208180234
388 0.00455857784997
389 0.000526049995792
390 0.0300777564415
391 0.00456992
392 0.0728038395407
393 0.0014300887822
394 0.00355762775019
395 0.000334948948421
396 0.00227942375191
397 0.000484309908748
398 0.000964801854564
399 0.00151956631718
400 0.00178741454692
401 0.0636122271348
402 0.00641424596109
403 0.022866214461
404 0.000942101814074
405 0.000445085367373
406 0.0004860197394
407 0.00239857716755
408 0.000215470078276
409 0.00237591279194
410 0.000240372986876
411 0.000363115578064
412 0.0042260434031
413 0.00225440929031
414 0.000402572340639
415 0.00016893664282
416 0.000751433133272
417 0.000586841235503
418 0.00076428961277
419 0.552305326851
420 0.000346116150779
421 0.0115178168125
422 0.000140679159242
423 0.000437383911903
424 0.000756422684852
425 0.000719580179653
426 0.000488985746971
427 0.000539828084189
428 0.000248240899949
429 0.00154543643487
430 0.000793493354493
431 0.00945010248912
432 0.0177199592836
