1 0.0010297079978
2 0.0015016667806
3 0.00157674637302
4 0.00260537889599
5 0.000860826991709
6 0.00117501279154
7 0.000243531415942
8 0.000408451615475
9 0.00290290673287
10 0.00147220353214
11 0.00252526029961
12 0.00100426502678
13 0.000785975136348
14 0.000519913738426
15 0.00026081832689
16 0.0194967230512
17 0.00850936103725
18 0.00173611111111
19 0.000740125213921
20 0.000845597542547
21 0.00127453130482
22 0.000765611912891
23 0.0143920546733
24 0.0028523794412
25 0.00081586025815
26 0.0122639481199
27 0.00595019135248
28 0.0315327817093
29 0.000250878260022
30 0.00062836976767
31 0.000612685030879
32 0.00580587554937
33 0.00033035976865
34 0.00102036879719
35 0.000256
36 0.000268744961032
37 0.000256
38 0.000415136473625
39 0.000512792743121
40 0.00535395597858
41 0.00118958176809
42 0.0014821592061
43 0.013847195602
44 0.00203856780126
45 0.000329667320384
46 0.00116219008264
47 0.00211414161122
48 0.00129105356851
49 0.000687026921982
50 0.00156142694606
51 0.000189756118596
52 0.000567120579258
53 0.00189035916824
54 0.0196709049034
55 0.0763415878543
56 0.00395635038667
57 0.020544094164
58 0.000497843310927
59 0.00489274879863
60 0.00046113747724
61 0.00178555884323
62 0.000942533157223
63 0.00389650265508
64 0.00103686304127
65 0.00328367085067
66 0.000786574202762
67 0.00117501279154
68 0.000404517914966
69 0.000492003239021
70 0.0584564693066
71 0.000375812893255
72 0.00147234764329
73 0.156425361603
74 0.00438178249887
75 0.000283752742906
76 0.000573702893614
77 0.000221959461389
78 0.000448871693423
79 0.000156494427026
80 0.000512684015479
81 0.00941506478978
82 0.00115958705122
83 0.000213393418225
84 0.0468328537039
85 0.00022479338843
86 0.208540382596
87 0.000369033530797
88 0.00134943773428
89 0.000432861746251
90 0.000442840299743
91 0.00846162000204
92 0.000201912489865
93 0.000569059204009
94 0.000872746768981
95 0.000700692041522
96 0.0113690806545
97 0.00347423248255
98 0.00355306794907
99 0.0093804349041
100 0.00349185779256
101 0.000846250009787
102 0.00210451064419
103 0.000557699543134
104 0.00086099539333
105 0.00711986184992
106 0.000273919438054
107 0.00234439688169
108 0.000121582324324
109 0.00440141770115
110 0.0162359777138
111 0.000488601513023
112 0.000922580035663
113 0.00289067829314
114 0.000492076001729
115 0.000690045413558
116 0.00586752005433
117 0.000536548415604
118 0.000243921066208
119 0.000733554701135
120 0.000418907976831
121 0.00158186983471
122 0.00116734607362
123 0.0011857872489
124 0.000625
125 0.0850120763971
126 0.00661248771534
127 0.00241921097929
128 0.000192901234568
129 0.00359999769968
130 0.0609035423417
131 0.0139285221041
132 0.121500972213
133 0.000421940599543
134 0.000995520159283
135 0.00226757369615
136 0.00256577214046
137 0.0300973041189
138 0.00389996085993
139 0.00549198969739
140 0.000229568411387
141 0.00026249256395
142 0.000536548415604
143 0.000500030401848
144 0.000189682455332
145 0.000784871837575
146 0.000410440017967
147 0.00117501279154
148 0.0002055472052
149 0.000639376484606
150 0.00200246033235
151 0.00252157164066
152 0.00100195968458
153 0.00147752746141
154 0.113188807272
155 0.000190154472545
156 0.00126450617284
157 0.000623751872503
158 0.00614265153805
159 0.000868537360666
160 0.000247194551916
161 0.0286480472257
162 0.000631649436714
163 0.00258833185467
164 0.162777199024
165 0.00161845627603
166 0.000155036412361
167 0.00103086689131
168 0.000465278672147
169 0.000531985435957
170 0.000492950414709
171 0.000824914453316
172 0.00117501279154
173 0.00103480151056
174 0.00146376175264
175 0.00290437089892
176 0.00619639775944
177 0.00162739609278
178 0.00147296086597
179 0.000540832882639
180 0.00168416061323
181 0.00101531358292
182 0.000448105446023
183 0.00103686304127
184 0.00727513123524
185 0.000558352778899
186 0.000569059204009
187 0.00226757369615
188 0.00228958587198
189 0.00205847050754
190 0.00188445217124
191 0.000683710815629
192 0.191986900483
193 0.00345384075646
194 0.000827646436445
195 0.000192901234568
196 0.000198373338623
197 0.00162993939935
198 0.00179377048012
199 0.000536694101509
200 0.000803521607043
201 0.000504986744098
202 0.000684949493181
203 0.0107837366362
204 0.00557395930692
205 0.00877126479999
206 0.00638976066789
207 0.00939104895413
208 0.00226537122547
209 0.00121284126631
210 0.00149882589474
211 0.00239253769784
212 0.0042726369295
213 0.000484309908748
214 0.000477998256798
215 0.104842735085
216 0.000181331611679
217 0.00061026574388
218 0.000501824231446
219 0.00157250931537
220 0.00389650265508
221 0.000623751872503
222 0.000237142214
223 0.000461290017832
224 0.000429996298199
225 0.000411096721996
226 0.00103480151056
227 9.38541737878e-05
228 0.0247649136744
229 0.0400462232555
230 0.0319385604217
231 0.0210863187555
232 0.000678357663469
233 0.000604737212068
234 0.00283689966591
235 0.000617969804354
236 0.000351596721482
237 0.370271958362
238 0.000682514376726
239 0.00039307573484
240 0.000681994563796
241 0.000322143064455
242 0.00782172215701
243 0.0113253766736
244 0.000784256341169
245 0.00357773448688
246 0.00290219818839
247 0.00351066900182
248 0.00302311026086
249 0.000956530980976
250 0.0017720917325
251 0.000233997144689
252 0.00195928186322
253 0.000918273645546
254 0.000438268960029
255 0.00624551271203
256 0.0280470530625
257 0.000659332068842
258 0.000625
259 0.00121284126631
260 0.009844656398
261 0.00112277623969
262 0.000356628877139
263 0.00487813076277
264 0.00180355398667
265 0.00105948484185
266 0.0001995697996
267 0.00163130368555
268 0.00106030234558
269 0.00273756503642
270 0.0179754623652
271 0.0506707943075
272 0.000918982190026
273 0.0131352518272
274 0.00107450707397
275 0.00197889902652
276 0.000276497847091
277 0.000776390073709
278 0.00117501279154
279 0.000898501872919
280 0.00157740307705
281 0.000846965269849
282 0.000371829889563
283 0.000492950414709
284 0.0046055864003
285 0.000213506807615
286 0.001296
287 0.00352647896045
288 0.000192901234568
289 0.00831754203574
290 0.000539438085328
291 0.0013501115811
292 0.00124807084426
293 0.000473099042288
294 0.00118846545341
295 0.00055818654429
296 0.00243198227843
297 0.000298989944184
298 0.00311338703217
299 0.00728458836134
300 0.0729865673191
301 0.0173423632331
302 0.000705872741384
303 0.00116922954055
304 0.00246569127123
305 0.000556836788456
306 0.00159478827708
307 0.000733554701135
308 0.000504986744098
309 0.00227198746385
310 0.000574817780073
311 0.0015016667806
312 0.0086600030714
313 0.00882492620661
314 0.000231317497723
315 0.00263253867819
316 0.00186750277448
317 0.000372008587073
318 0.00102930942909
319 0.000244618161561
320 8.98546670236e-05
321 0.000473733384606
322 0.486671275654
323 0.0602071565195
324 0.000392460833511
325 0.000242244394313
326 0.000535836762689
327 0.000898501872919
328 0.000374416509312
329 0.000350895460225
330 0.000776989140124
331 0.00189035916824
332 0.00262206405745
333 0.000501824231446
334 0.000573428164589
335 0.000201912489865
336 0.0005789604834
337 7.0247052848e-05
338 0.114881607741
339 0.00581026068444
340 0.105243796125
341 0.0122782699416
342 0.00104966381956
343 8.11953971418e-05
344 0.00039745223578
345 0.000162796435776
346 0.000956530980976
347 0.00090754713678
348 0.0009765625
349 0.00260773610406
350 0.00143632390501
351 0.000202341651911
352 0.0238673006042
353 0.01874427103
354 0.00100426502678
355 0.000871454485433
356 0.00205847050754
357 0.00102115611879
358 0.00117501279154
359 0.000851088421257
360 0.0026986001012
361 0.000935550287484
362 0.000504986744098
363 0.000461290017832
364 0.000549066115925
365 0.0029275901388
366 0.00152704327621
367 0.00919420473099
368 0.055606361312
369 0.015617418118
370 0.00215705646053
371 0.000580785645387
372 0.418583985579
373 0.00143295864218
374 0.000512831180136
375 0.011277283364
376 0.00120867532718
377 0.00905112882103
378 0.00114040033229
379 0.0148029708316
380 0.000452762524124
381 0.143204523107
382 0.00010708433975
383 0.000647532493568
384 0.000243531415942
385 0.00105154409472
386 0.000493739135373
387 0.000408451615475
388 0.00102036879719
389 0.00334244835974
390 0.0582639714625
391 0.0021086742832
392 0.000348109127963
393 0.00109505639999
394 0.000556098090278
395 0.00382085161362
396 0.00196559004101
397 0.00317037037037
398 0.000766049382716
399 0.000524019894771
400 0.000728324333215
401 0.0043174880404
402 0.00277008310249
403 0.00123469034831
404 0.230558998637
405 0.069694624156
406 0.000201554330308
407 0.000517355371901
408 0.000590874005693
409 0.000733554701135
410 0.000975665748393
411 0.000142672923578
412 0.000410440017967
413 0.000378506866115
414 0.000501824231446
415 0.000262788078865
416 0.00207959176334
417 0.00505140052605
418 0.00129987220112
419 0.0518938345191
420 0.00231536793541
421 0.000742722535778
422 0.00105938174299
423 0.157062187393
424 0.0920257074879
425 0.00051078292337
426 8.08382426764e-05
427 0.00896023944833
428 0.00124859065719
429 0.00059085422092
430 0.0123706393772
431 0.0164263284696
432 0.00778872719545
