1 0.000182913744612
2 0.000581653206915
3 0.00116088714333
4 0.000494706247388
5 7.77022392634e-05
6 0.000299325918033
7 0.000446340011902
8 0.000632002746481
9 0.00117086311289
10 0.000631038209061
11 0.00043329057574
12 0.00222413459303
13 0.000101778478231
14 0.00773214928529
15 0.00492778291134
16 0.00825438164971
17 0.00236939169329
18 0.000484588805662
19 0.00020736
20 0.000244508356817
21 0.00184359565988
22 0.00132432592504
23 0.009324188077
24 0.0159340375735
25 0.000857421631205
26 0.000714083359121
27 0.00314194643147
28 0.00926332730071
29 0.000650905997738
30 0.00225467145379
31 0.00395089327953
32 0.000573849244476
33 0.00120053245838
34 0.000490792956074
35 0.000500926112196
36 0.00357760503101
37 0.000739174593183
38 0.00107302444691
39 0.00108429752066
40 0.00857596965268
41 0.000439990692241
42 0.000244542201129
43 0.00071640800984
44 0.000600566924055
45 0.000335303413368
46 0.000824962308053
47 0.00397818994906
48 0.000228989789282
49 0.00323565536905
50 0.00924653234814
51 0.00100063234935
52 0.0271244955654
53 0.000614849592744
54 0.00228807400566
55 0.000226981745702
56 0.000500926112196
57 0.000204149071717
58 0.00075751199394
59 0.000427611694057
60 0.00114008847484
61 0.000933777263495
62 0.000242244394313
63 0.0171022320564
64 0.0262578496136
65 0.00101511679164
66 0.0123581828894
67 0.000407792024762
68 0.00213688145247
69 0.00143195303623
70 0.00457232
71 0.00109648675305
72 0.00503064484201
73 0.00024162292433
74 0.00136038940069
75 0.00109512296425
76 0.00168959686974
77 0.00191064910344
78 0.00249843137747
79 0.00394879149887
80 0.00312154615607
81 0.00386267271458
82 0.873180070146
83 0.0142146095091
84 0.000510089993881
85 0.00245433886037
86 0.000556247775009
87 0.00094674556213
88 0.000511865031429
89 0.000442840299743
90 0.000631909270002
91 0.00125597103947
92 0.00201157631589
93 0.00508976335024
94 0.000209340666502
95 0.000513283385896
96 0.000630528473657
97 0.000704305824752
98 0.123732313962
99 0.000607154426396
100 0.000110949261949
101 0.0016
102 0.000686725648159
103 0.00926408939694
104 0.0042279481531
105 0.000721764312765
106 0.00161651536577
107 0.00329415111624
108 0.00214933113285
109 0.00679301226946
110 0.000485425508514
111 0.000342935528121
112 0.00394458775125
113 0.000249639958377
114 0.000398723828972
115 0.00141099925059
116 0.000224473753166
117 0.000511636354364
118 0.000904151352767
119 0.00198429752066
120 0.000479988624845
121 0.00699704726013
122 0.00291389039816
123 0.00197590652989
124 0.000203717688664
125 0.00169747353018
126 0.0243120921139
127 0.00169747353018
128 0.0012111190922
129 0.00330951785253
130 0.00106030234558
131 0.000248867375157
132 0.00120820765364
133 0.00218193185939
134 0.00199381685923
135 0.000510939834995
136 0.00328286936889
137 0.000423377195211
138 0.00111196844993
139 0.000299325918033
140 0.000554154652594
141 0.00117135076933
142 0.000854796226498
143 0.000308408082079
144 0.00117524156209
145 0.00109282152858
146 0.00444997888764
147 0.00886018241194
148 0.000155161965507
149 0.00775601544686
150 0.00107107438017
151 0.338701867676
152 0.00792573429198
153 0.00396261829188
154 0.000954521673725
155 0.0518438792924
156 0.000485532127305
157 0.000653731921488
158 0.00237244524898
159 0.00333641778206
160 0.066851692052
161 0.112641631634
162 0.00253739663869
163 0.000228701298237
164 0.000184135760158
165 0.000898166072815
166 0.00094674556213
167 0.00030028376097
168 0.000902197480386
169 0.000195267062032
170 0.000480500740241
171 0.00981648641445
172 0.413853857154
173 0.00464094477257
174 0.0027155015219
175 0.00955422394407
176 0.000615559696229
177 0.000407146366115
178 0.000615559696229
179 0.000745226206314
180 0.00154766833528
181 0.00161612080503
182 0.00613036501201
183 0.00537916666667
184 0.00419556441178
185 0.000313777754775
186 0.00197165573727
187 0.000434752062638
188 0.000258060353865
189 0.00366704288838
190 0.000304785275116
191 0.000319412057228
192 9.11971660755e-05
193 0.00143613448344
194 0.00219844114324
195 0.0367735970922
196 0.00196457744963
197 0.0005789604834
198 0.000530716566719
199 0.000698510116614
200 0.00288463906465
201 0.00128058685659
202 0.000195424787589
203 0.00111699519512
204 0.00172039469954
205 0.000242244394313
206 0.000756441544181
207 0.000248867375157
208 0.000783651671669
209 0.00252630916993
210 0.00888319574744
211 0.000981668700448
212 0.00171682338679
213 0.00253739663869
214 0.00453161848196
215 0.00076550502604
216 0.000557298786159
217 0.00127696301937
218 0.000620682223632
219 0.0005789604834
220 0.000391188311168
221 0.00107302444691
222 0.000454177011416
223 0.00121535384675
224 0.000550960028982
225 0.00762897931819
226 0.100753859627
227 0.00192435775261
228 0.00980530253282
229 0.124168670773
230 0.00442002978853
231 0.0010294832566
232 0.0102282991903
233 0.00027891504487
234 0.00170078932609
235 0.000653731921488
236 0.00938221014524
237 0.00027130561711
238 0.000476726225663
239 0.00916290283203
240 0.00291353490007
241 0.00885292819979
242 0.00169283578946
243 0.0653462869362
244 0.00030224717145
245 0.000262788078865
246 0.00358797224349
247 0.000484807676122
248 0.00245433886037
249 0.00213688145247
250 0.000152311306447
251 0.000434752062638
252 0.000511636354364
253 0.0241837682922
254 0.00830238542725
255 0.00875736983424
256 0.0017508748792
257 0.00752206330362
258 0.00102499198308
259 0.00191064910344
260 0.000700046580843
261 0.000975619343363
262 0.000392434908151
263 0.00229190672154
264 0.000986815054412
265 0.000631838191633
266 0.000547176909134
267 0.34934393645
268 0.00347708410135
269 0.00202196606025
270 0.000844490774287
271 0.000723720815508
272 0.000620682223632
273 0.000443548844222
274 0.00130643054144
275 0.000446340011902
276 0.000496471477912
277 0.00135329433894
278 0.000723720815508
279 0.00688418435783
280 0.000644180473601
281 0.00308358557517
282 0.135621467112
283 0.000555041300038
284 0.00109466704295
285 0.000918273645546
286 0.00118158885126
287 0.000141512693302
288 0.00116159632932
289 7.94414528777e-05
290 0.000297039659197
291 0.00168942821364
292 0.00478512507414
293 0.000297330532283
294 0.00370903158697
295 0.00647589601116
296 0.0110813187964
297 0.000599554315304
298 0.00048783555105
299 0.000660756397939
300 0.00051652892562
301 0.000898540152812
302 0.000827244373912
303 0.000629524708845
304 0.00607678167945
305 0.00167014352383
306 0.000514655748828
307 0.000813617458002
308 0.000901501877086
309 0.0065428643395
310 0.00072853505944
311 0.0029632106445
312 0.00547618976453
313 0.128177071405
314 0.000565815167649
315 0.000280671512557
316 0.00113262990484
317 0.00050998835095
318 0.0183231721391
319 0.00397422839506
320 0.00259709467793
321 0.0258102530106
322 0.0104091909463
323 0.0604639419214
324 0.00319700410516
325 0.000439120333636
326 0.00478921468852
327 0.000641572458167
328 0.000633067317648
329 0.000149631998803
330 0.00361069041728
331 0.000592363245469
332 0.000713222798475
333 0.00153223166774
334 0.000319412057228
335 0.000509096951609
336 0.000641572458167
337 0.000262788078865
338 0.00713089035457
339 0.000482376388569
340 0.015251218934
341 0.00742812652372
342 0.00106719016077
343 0.000330283790926
344 0.00101371277688
345 0.00203807842175
346 0.00181166371908
347 0.00307521843584
348 0.000691509427418
349 0.724434715188
350 0.0019771015247
351 0.00307040722625
352 0.000204513460885
353 0.00636939023916
354 0.00113197659184
355 0.000739174593183
356 0.000203717688664
357 0.000901501877086
358 0.00170121529549
359 0.000584533379257
360 0.00168127317663
361 0.00464876033058
362 0.00334849530262
363 0.00363855697815
364 0.000454177011416
365 0.000910719059334
366 0.00125805149408
367 0.0156861018967
368 0.00117477547215
369 0.00144157448062
370 0.000418582554992
371 0.00397551717503
372 0.00155545514436
373 0.0236526432532
374 0.00111262437088
375 0.00140338448877
376 0.00111262437088
377 0.000296232486583
378 0.00156910772601
379 0.000418582554992
380 0.0120961181876
381 0.00283267274951
382 0.0121224839104
383 0.0185017397067
384 0.000246536734453
385 0.00643786704123
386 0.00176354780051
387 0.000456570969391
388 0.00170121529549
389 0.000223600314438
390 0.00245433886037
391 0.00030224717145
392 0.000466888631747
393 0.000221525148729
394 0.000591416978304
395 0.00126563932717
396 0.00588507571249
397 0.00186053484755
398 0.000228774057022
399 0.00023986585446
400 0.000494706247388
401 0.000557298786159
402 0.00293756566467
403 0.00184496193865
404 0.00894491364382
405 0.00103872038625
406 0.0084170192902
407 0.00010808432773
408 0.000599486805303
409 0.000216450044205
410 0.000606557252949
411 0.00114989044671
412 0.000632002746481
413 0.000252955428463
414 0.000661588860235
415 0.000222631115911
416 0.00192421529254
417 0.00081659628687
418 0.00705484293309
419 0.000940305134821
420 0.00822560389018
421 0.00354389185216
422 0.0013117837066
423 0.00244619652058
424 0.000517469351325
425 0.00165905546469
426 0.00183780614475
427 0.000950920840692
428 0.0039584212297
429 0.00027449421523
430 0.00626260262948
431 0.047255141533
432 0.00771675103614
