1 0.000136220065368
2 0.00204571464556
3 0.0121963499488
4 0.000212639378468
5 0.00323059983784
6 0.000345935869444
7 0.000998981747771
8 0.000164629272242
9 0.000749468692622
10 0.000316161785803
11 7.66476403882e-05
12 0.000173415299158
13 0.000732920933552
14 0.0552223184384
15 0.00535117423171
16 0.00240063042411
17 0.000637793480809
18 0.0019771015247
19 0.00312475141091
20 0.000482532850389
21 0.000165158626474
22 0.00170091468275
23 0.00113743155471
24 0.000877684577541
25 0.00063904414689
26 0.00113743155471
27 0.00315292636404
28 0.0178812871823
29 0.00417159574253
30 0.0089715653428
31 0.000511865031429
32 0.00046208363492
33 0.00135001557494
34 0.00103132079886
35 0.000253067219613
36 0.000361433590192
37 0.000125166734392
38 0.000242436873265
39 0.000495173655194
40 0.00174798192175
41 0.000818924226761
42 0.00139178727002
43 0.000430049292226
44 0.000944245128074
45 0.00213170214743
46 0.000505569945326
47 0.000198699685879
48 0.000723793560664
49 0.000561532759821
50 0.000566893424036
51 0.000952598963665
52 0.00094674556213
53 0.00498228498789
54 0.000716474595151
55 0.017115931093
56 0.0025404851717
57 0.00539672978132
58 0.00384913487804
59 0.00101137484548
60 0.000250167850554
61 0.00413265306122
62 0.00277023660844
63 0.000664067443837
64 0.000316161785803
65 0.000318892034702
66 0.00209878105707
67 0.00103132079886
68 0.000253067219613
69 0.000268883920839
70 0.0031597163965
71 0.000573273716226
72 0.00119459458384
73 0.000943517105616
74 0.389962949526
75 0.000197012222725
76 0.00139959403375
77 0.000217908149595
78 0.00176812684762
79 0.000532872249633
80 0.00164925893646
81 0.0067108864
82 0.000531869967291
83 0.000673677556921
84 0.000673677556921
85 0.098413866996
86 0.00147043988626
87 0.0012287516509
88 0.000242244394313
89 0.019090369427
90 0.000495587683734
91 0.00051361791049
92 0.000940239755264
93 0.00320209887575
94 0.000816326530612
95 0.00108087821355
96 0.00102284400564
97 0.00339155563896
98 0.00431767688384
99 0.00476982600446
100 0.00103042964183
101 0.000978073668331
102 0.000971599039165
103 0.0034922315752
104 0.000857940293974
105 0.0010403003142
106 0.00299534331629
107 0.00375828522753
108 0.000264196377486
109 0.001914476508
110 0.0085525504
111 0.0288992690371
112 0.00121044007788
113 0.000811247194778
114 0.00106140332917
115 0.000201912489865
116 0.000940239755264
117 0.000361433590192
118 0.00171562620356
119 0.00162644583312
120 0.00108087821355
121 0.0416766112343
122 0.00100385933681
123 0.00147834996313
124 0.00203445562692
125 0.0627117330609
126 0.00668922034144
127 0.00135731340449
128 9.72577212905e-05
129 0.00503160067259
130 0.00302971135958
131 0.00186997808619
132 0.00111111111111
133 0.000768750812955
134 0.0535751726996
135 0.105932575358
136 0.013998988025
137 0.0100095667305
138 0.000201912489865
139 0.000183638456608
140 0.000718241803103
141 0.000566893424036
142 0.000361433590192
143 0.000571237419067
144 0.000597225742013
145 0.00153869189957
146 0.00171562620356
147 0.00021826447345
148 0.000222235734155
149 0.0381072239233
150 0.00159453847762
151 0.00122187317667
152 0.00203406634124
153 0.0106173404008
154 0.00161502366889
155 0.000998043857575
156 0.000500030401848
157 0.000365750180469
158 0.000730643160143
159 0.00267313592849
160 0.000723145821204
161 0.00454953239222
162 0.000698685488207
163 0.00540151796256
164 0.000535836762689
165 0.000186056111907
166 0.000201912489865
167 0.00427651849817
168 0.000221937864334
169 7.66476403882e-05
170 0.000132972385997
171 0.000157295898452
172 0.000328446937886
173 9.05112882103e-05
174 0.00119002267574
175 0.000381469726563
176 0.000199777747256
177 0.018069154185
178 0.000941909066529
179 0.00155433183988
180 0.144022668457
181 0.00123077932106
182 0.000402209642075
183 0.004565376187
184 0.000694960897856
185 0.0105450335419
186 0.00195828539586
187 0.000489383275444
188 0.00806227222182
189 0.00332587614782
190 0.00499374340463
191 0.00160853528197
192 0.0148606867474
193 0.00264167122539
194 0.000592363245469
195 9.17879150328e-05
196 0.00190264527602
197 0.00160400751252
198 0.000507518002008
199 0.000393675988914
200 0.000274809000414
201 0.00207199787944
202 0.000777527096404
203 0.000243190661479
204 0.000777527096404
205 0.015893458657
206 0.0302542570896
207 0.000862993812361
208 0.00466984786109
209 0.0028724861943
210 0.000698580398992
211 0.000252915201782
212 0.000577706601663
213 0.00247420352524
214 0.000376571655887
215 0.00137425446015
216 0.0048045876251
217 0.00158229148204
218 0.00460096699351
219 0.000256191506275
220 0.000964636903909
221 0.000650534873083
222 0.000687830091675
223 0.000791625976563
224 0.000173415299158
225 0.000251017777228
226 0.00207199787944
227 0.000576737988393
228 0.000166015625
229 0.0243811368655
230 0.0031964439561
231 0.00161380611184
232 0.00108171222452
233 0.000833435690726
234 0.000242244394313
235 0.000117049815825
236 0.000362460125355
237 0.00159202990031
238 0.00381814522741
239 0.0620534152252
240 0.0117808061705
241 0.0203768153154
242 0.0795706739493
243 0.00087777722517
244 0.00116464086904
245 0.00107165034153
246 0.00106998110423
247 0.00450036806682
248 0.000213506807615
249 0.00532583492187
250 0.00058200251418
251 0.000227046880983
252 0.000320248574381
253 0.000203717688664
254 0.000940239755264
255 0.000333482555661
256 0.0004688382672
257 0.000257830199715
258 0.0004688382672
259 0.250361812317
260 0.000465139568224
261 0.00208206561072
262 0.0018207491082
263 0.000189922109679
264 0.00215755301182
265 0.000269097760418
266 0.000483846253135
267 0.00371719327033
268 0.00064258184622
269 0.00244998202589
270 0.00113152665272
271 0.000714151453812
272 0.0021940484302
273 0.00384278618539
274 0.00176978761812
275 0.00275366239778
276 0.126846877956
277 0.000788549482697
278 0.00162644583312
279 0.00025342496385
280 0.000381469726563
281 0.00187701157243
282 0.00160439911592
283 0.00130526538606
284 0.000814870754655
285 0.000634307405494
286 0.00175592648607
287 0.000190249702735
288 0.052186392026
289 0.000946986357084
290 0.00042959255756
291 0.000221937864334
292 0.004272252382
293 0.117905922606
294 0.0099697082171
295 0.00131470499122
296 0.000695490593662
297 0.00367998872187
298 0.00764680931285
299 0.000656526639734
300 0.000836115546523
301 0.00154972540475
302 0.00441033674367
303 0.000175155320982
304 0.0004708829834
305 0.000200131179734
306 0.000852623157978
307 0.000212639378468
308 0.000362011883936
309 0.000257830199715
310 0.000257830199715
311 0.000148043198543
312 0.000440612175983
313 0.000567800453515
314 0.00745674103227
315 7.98745722181e-05
316 0.000913653408118
317 0.00187447714418
318 0.0201582776239
319 0.000906119264029
320 0.0126315669712
321 0.00250235695532
322 0.000407792024762
323 0.00377525516105
324 0.000686485764955
325 0.00482532289243
326 0.00510682488824
327 0.014259798871
328 0.00966172417002
329 0.168817242937
330 0.000381469726563
331 0.0231656932926
332 0.00312427299251
333 0.000411763815959
334 0.000650534873083
335 0.000513491717581
336 0.000644180473601
337 0.00160400751252
338 0.00095817662537
339 0.000530145995746
340 0.00195096663531
341 0.00128115279929
342 0.000657996713096
343 0.000932784636488
344 0.0598041200442
345 0.00249376653158
346 0.0180051204312
347 0.000369532371482
348 0.00165914874091
349 0.00216692629102
350 0.00485848605832
351 0.00120197809911
352 0.00216985293366
353 0.01258539112
354 0.00251229600248
355 0.00241949786225
356 0.000716474595151
357 0.00803880577881
358 0.0053901863084
359 0.0014992384
360 0.00144630286587
361 0.000239449322461
362 0.00106140332917
363 0.00176299243184
364 0.00183502653099
365 0.00094063135866
366 0.000407792024762
367 0.000591416978304
368 0.00130844847494
369 0.126885972187
370 0.00294026714611
371 0.00145818262598
372 0.0912998583807
373 0.0187951463813
374 0.00120886507725
375 0.00152433286913
376 0.0952250215138
377 0.000519805345733
378 0.00124859065719
379 0.00135661171707
380 9.11364141239e-05
381 0.0870746761824
382 0.00048176203114
383 0.000227151551098
384 0.000833435690726
385 0.0233034612949
386 0.000219881459752
387 0.000296717114784
388 0.00160400751252
389 0.00195580345034
390 0.000497357638339
391 0.000171872985863
392 0.00154404251036
393 0.0112488415946
394 0.00177514049191
395 0.0492702515657
396 0.00129447099422
397 0.0455107346376
398 0.00183019245618
399 0.000245343568358
400 0.000978260131144
401 0.00784378364215
402 0.000403864453799
403 0.00343901766329
404 0.00116219008264
405 0.000196376862595
406 0.0129649127654
407 0.00102218197994
408 0.000460828018344
409 0.017206749495
410 0.00335846069685
411 0.00135661171707
412 0.00146860664052
413 0.000749468692622
414 0.00130526538606
415 0.00162644583312
416 0.00015625
417 0.000268883920839
418 0.000653434871885
419 0.0026763092304
420 0.000768045058643
421 0.0127709297565
422 0.000347117307183
423 0.00386415847104
424 0.0128508975424
425 0.0419074709435
426 0.000207386544628
427 0.00288759595652
428 0.000788549482697
429 0.000279712030656
430 0.00159677532413
431 0.00159511444457
432 0.000432848874708
