1 0.000859653608088
2 0.000563905848609
3 0.00201954650065
4 0.00136967077701
5 0.00139451208391
6 0.00123026692334
7 0.00052184024212
8 0.00048176203114
9 0.000213506807615
10 0.000210330976575
11 0.000310017476864
12 0.00232597340195
13 0.000370899939947
14 0.0139923202128
15 0.0149530973303
16 0.000944313689467
17 0.00574064787256
18 0.0010799744059
19 0.00192995356712
20 0.000443821670623
21 0.000238108842565
22 0.00257252856307
23 0.0398413911697
24 0.000447533368494
25 0.0627317447023
26 0.000821534342164
27 0.000245094299316
28 0.000959826520244
29 0.000408106259423
30 0.00187701157243
31 0.000997229916898
32 0.000392597152503
33 0.00249490575782
34 0.000449623887163
35 0.000952598689224
36 0.00220123570061
37 0.00321345382739
38 0.00125002834045
39 0.0118769468348
40 0.00140687617427
41 0.0259484489705
42 0.00277972942281
43 0.000932346599849
44 0.00298197998812
45 0.000306066332654
46 0.00352990111232
47 0.00341798855937
48 0.0076008299552
49 0.00340366409093
50 0.000596046447754
51 0.000695108272845
52 0.00209878105707
53 0.00119747278879
54 0.000155164702768
55 0.000357106999754
56 0.000890236414712
57 0.149288043635
58 0.000900248206319
59 0.00733558455578
60 0.000535836762689
61 0.00198302469136
62 0.00628733328825
63 0.00324210686288
64 0.000926408179012
65 0.00117676383579
66 0.000504898127567
67 0.0562891485269
68 0.000739644970414
69 0.000306066332654
70 0.00386825274999
71 0.00177562158674
72 0.00113077656346
73 0.00249724499356
74 0.00270715757904
75 0.00050852857563
76 0.000637891370339
77 0.000212729005683
78 0.000147593902296
79 0.00186709343088
80 0.000140117048998
81 0.00228662817435
82 0.000649444439249
83 0.00112025124031
84 0.000498377135307
85 0.00033478887246
86 0.0272658189006
87 0.0144118228311
88 0.000447028808217
89 0.00141065485243
90 0.00191070164849
91 0.00308630358689
92 0.000625482253086
93 0.0109903056993
94 0.000113686428997
95 0.00618866407818
96 0.00156466988434
97 0.00412768472411
98 0.000236343867973
99 0.00504452670646
100 0.00519585309795
101 0.00103872038625
102 0.00075060987052
103 0.000821534342164
104 0.00323634567901
105 0.000437438591995
106 0.00066392635664
107 0.00205640831438
108 0.000289176692091
109 0.0054026501889
110 0.00020263167893
111 0.0128067375002
112 0.0013774046126
113 0.000879775926458
114 0.00702230167274
115 0.000934657609413
116 0.00369995441656
117 0.00375994019179
118 0.00315577263048
119 0.000532653486886
120 0.000451837755056
121 0.000891686585758
122 9.39689379379e-05
123 0.00156847367905
124 0.00333254222539
125 0.000374162151322
126 0.00259645421721
127 0.00246521109273
128 0.000555954751236
129 0.00052184024212
130 0.000373920210006
131 0.00112513130194
132 0.00246521109273
133 0.00212302670214
134 0.00180224279103
135 0.00123026692334
136 0.000558352778899
137 0.000299556213018
138 0.000792115403282
139 0.000360016145846
140 0.0696455900209
141 0.000494513746661
142 0.00738204954403
143 0.000894278982483
144 0.0232741263799
145 0.0841412099489
146 0.00067225723454
147 0.000523166218697
148 0.010195157678
149 0.00096007423013
150 0.00298197998812
151 0.00264131720993
152 0.015526694587
153 0.000722015672871
154 0.000173987626489
155 0.000573428164589
156 0.0208149766217
157 0.0120406644339
158 0.000539305605543
159 0.000135839296678
160 0.0036592207718
161 0.000356536541288
162 0.00120342782583
163 0.00130706037416
164 0.000671738917474
165 0.000212341697606
166 0.000756418749269
167 0.00113320711433
168 0.000125976316453
169 0.001024
170 0.000640416170446
171 0.0166203276618
172 0.00267132851676
173 0.00502343232056
174 0.00271227512167
175 0.0149556193674
176 0.0120618306206
177 0.0346626784275
178 0.00688421117911
179 0.00431979526041
180 0.00587482836542
181 0.0276637088205
182 0.00323713580247
183 0.0113820600889
184 0.0288717862253
185 0.0835667518644
186 0.00788092845619
187 0.00542673037526
188 0.00808592720688
189 0.000315916492436
190 0.0012530346934
191 0.766746672499
192 0.000646365986785
193 0.000357106999754
194 0.000664067443837
195 0.00318517896413
196 0.000355998576006
197 0.000248000496001
198 0.00051841234767
199 0.000600566924055
200 0.00123596191406
201 0.00228914383581
202 0.00094674556213
203 0.00220353480775
204 0.0580052086542
205 0.0006625088351
206 0.00115822671478
207 0.00172255937751
208 0.000249952343717
209 0.000324883081077
210 0.00469097151089
211 0.000290415498616
212 0.0051006591335
213 0.0105531923665
214 0.00124807084426
215 0.0124030340061
216 0.0331605843092
217 0.390497274879
218 0.000724004633982
219 0.000257542939752
220 0.00032394816622
221 0.000963139120095
222 0.000401494538395
223 0.00204283571132
224 0.0022000147841
225 0.000525086093116
226 0.00112420694298
227 0.00173291338086
228 0.022454312165
229 0.00115561476298
230 0.00487571848535
231 0.000904516931426
232 0.00380096317213
233 0.000229568411387
234 0.00125277234841
235 0.000301408179012
236 0.00168829201938
237 0.0438081933525
238 0.000722243333367
239 0.00166650328399
240 0.00148458383502
241 0.0063750422279
242 0.00113622017422
243 0.000561366505969
244 0.00017168141204
245 0.0127437312746
246 0.000733612438576
247 0.000625
248 0.000437438591995
249 0.00144131630213
250 0.000360336675528
251 0.000390184423106
252 0.00134668798923
253 0.000537257137845
254 0.0471448836986
255 0.00373189334673
256 0.000313825195837
257 0.000695148743133
258 0.00176867333401
259 0.0883100367746
260 0.00991722253928
261 0.0381145997368
262 0.00235071912359
263 0.00184749153586
264 0.000300572675106
265 0.00108171222452
266 0.000891686585758
267 0.00477372302955
268 0.240669693484
269 0.00071670138189
270 0.00187701157243
271 0.000266012442316
272 0.000952598689224
273 0.00136967077701
274 0.000357106999754
275 0.00336184143443
276 0.000311711992084
277 0.000341416435733
278 9.49376898754e-05
279 0.000356536541288
280 0.000448105446023
281 0.0023150887574
282 0.264872837312
283 0.00174152754153
284 0.0011753323277
285 0.00690440064272
286 0.000691183619778
287 0.00283593109385
288 0.00415607658205
289 0.000645048978925
290 0.0113176081607
291 0.00518210731507
292 0.000914387410639
293 0.000649444439249
294 0.000535371929258
295 0.000952598689224
296 0.000747194130375
297 0.000863046431564
298 0.000116143121164
299 0.000528223549662
300 0.00068528823223
301 0.00190524057377
302 0.0029945550302
303 0.00282632319401
304 0.000676601289719
305 0.0102522400316
306 0.104417848007
307 0.00487762222009
308 0.00360504425648
309 0.000214288883178
310 0.00287310365339
311 0.00495504076594
312 0.00125209094005
313 0.00378773762952
314 0.0155501397468
315 0.00064727990111
316 0.0221487032313
317 0.10717196256
318 0.00306895606547
319 0.00118940402537
320 0.0018407006226
321 0.0034956577335
322 0.00398246771609
323 0.000959826520244
324 0.00068528823223
325 0.00144342969985
326 0.0013962238988
327 0.000664067443837
328 0.00199516540096
329 0.00108087821355
330 0.000439434000875
331 0.0132787259263
332 0.00178961786677
333 0.0167157183534
334 0.00204264267201
335 0.110457895475
336 0.0232370135716
337 0.000729364636733
338 0.000470363833428
339 0.000973177243336
340 0.000561680638617
341 0.00369240847346
342 0.000695568168096
343 0.000179568978337
344 0.00042829810096
345 0.00337828449826
346 0.00449624136377
347 0.0623553408264
348 0.00140252298317
349 0.000377918437341
350 0.000257542939752
351 0.00336184143443
352 0.000357106999754
353 0.00119747278879
354 0.000390184423106
355 0.000247513025856
356 0.00107694059127
357 0.000259310557094
358 0.202729735332
359 0.0152389070866
360 0.00187155612245
361 0.0246504065689
362 0.000477560027385
363 0.00115391432709
364 0.0034103095278
365 0.0010799744059
366 0.000743801652893
367 0.000558001116002
368 0.000301408179012
369 0.000174672851226
370 0.000162694118907
371 0.000197329727955
372 0.00857199149696
373 0.00094529585818
374 0.161414190323
375 0.000948417733979
376 0.00558178181096
377 0.000488601513023
378 0.00671934174817
379 0.00208762316718
380 0.0013871671258
381 0.000604279848282
382 0.000437438591995
383 0.00138020698656
384 0.00200246033235
385 0.000686384693402
386 0.000539828084189
387 0.00106719016077
388 0.00189808805627
389 0.00207466729316
390 0.00204115341032
391 0.002287492561
392 0.000450346428631
393 0.00420018237192
394 0.000241232183864
395 0.00172039469954
396 0.000633771822583
397 0.000967423741088
398 0.00199501542141
399 0.00117627412966
400 0.000747608143416
401 0.00200632602382
402 0.000373920210006
403 0.000321050762583
404 0.000913941150312
405 0.000238465962491
406 0.00161181022514
407 0.00030294203577
408 0.000780008197308
409 0.000289176692091
410 0.000909067952829
411 0.00054794568587
412 0.00470403173017
413 0.000385791091416
414 0.000456041486221
415 0.00281427255472
416 0.0012827657613
417 0.00144131630213
418 0.00205658811624
419 0.322385361161
420 0.000165211164561
421 0.000344027157214
422 0.115525110481
423 0.000258021734741
424 0.00101518407929
425 0.00186481891664
426 0.00118703955587
427 0.0680609102504
428 0.0132257565036
429 0.00010064308516
430 0.0139269594173
431 0.00192019979188
432 0.000634025153978
