1 0.000533056810113
2 0.0253119996085
3 0.000781644310186
4 0.00034328861487
5 0.000598582969045
6 0.000343553498061
7 0.000288445918006
8 0.00318864598441
9 0.000573428164589
10 0.00126294986498
11 0.000503571224839
12 0.111931227543
13 0.00227221308551
14 0.00059488399762
15 0.000925638059304
16 0.00177661915954
17 0.000532938541125
18 0.000842447334187
19 0.000992244171988
20 0.000493827160494
21 0.000541894383463
22 0.000356536541288
23 0.000770319914924
24 0.00128058685659
25 0.000889591165591
26 0.00305276804672
27 0.00511720196801
28 0.0142794984376
29 0.000165551994054
30 0.000533056810113
31 0.00068259451662
32 0.0037156607661
33 0.000496525664545
34 0.000418308522303
35 0.000413526031575
36 0.000877246339515
37 0.000383865134973
38 0.000350185129023
39 0.000581800681129
40 0.000120392390012
41 0.00530543319582
42 0.0228138289107
43 0.0152083521013
44 0.00138088325109
45 0.00224081789853
46 0.00541051134458
47 0.000532910225762
48 0.000284274221829
49 0.326885170436
50 0.000521969674006
51 0.000558734122315
52 0.000715643129717
53 0.000259680096563
54 0.00137381815019
55 0.00208541607134
56 0.000553647683144
57 0.0117965285717
58 0.000531138996197
59 0.178047525953
60 0.00041320719886
61 0.000234876176216
62 0.00178696983296
63 0.000249964848693
64 0.000535836762689
65 0.000234876176216
66 0.00041320719886
67 0.00149804461815
68 0.00625299385025
69 0.00142578710291
70 0.00634348813533
71 0.00381486919692
72 0.00025205747507
73 0.00180715109926
74 0.00212265903686
75 0.000356968118372
76 0.00657927697467
77 0.00912391503812
78 0.00106328433629
79 0.00170393540696
80 0.00185399106131
81 0.00618236884803
82 0.103935794372
83 0.00049771551399
84 0.00245497416826
85 0.228459918176
86 0.000168792647148
87 0.00098033167337
88 0.000227839088644
89 0.000643493474487
90 0.000617566964021
91 0.000496525664545
92 0.000295184206747
93 0.00126863338291
94 0.000193236569115
95 0.000492076001729
96 0.000124318615013
97 0.175967235316
98 0.0504037115805
99 0.000997430016386
100 0.000703841957657
101 0.00102765062099
102 0.0405992667647
103 0.00482364665459
104 0.00068676947277
105 0.00850029870085
106 0.00367618836565
107 0.00178222095363
108 0.000734867179562
109 0.000536694101509
110 0.385660943555
111 0.000492738390113
112 0.0188050799734
113 0.0800901899856
114 0.000631297189465
115 0.00109571737767
116 0.00142240582258
117 0.00185399106131
118 0.000490792899408
119 0.000528719417788
120 0.00399943757909
121 0.0001841672296
122 0.00264439840343
123 0.0327891880236
124 0.000625888546923
125 0.00390866334264
126 0.000547710797469
127 0.00274813285795
128 0.00180606570288
129 0.000249964848693
130 0.000334459077995
131 0.00261331271138
132 0.000157231159285
133 0.00282859149422
134 0.00289731849495
135 0.0320755011866
136 0.00107697094588
137 0.0187433606149
138 0.00649114282073
139 0.0118035500691
140 0.00549261783792
141 0.000765517349123
142 0.000528719417788
143 0.000165551994054
144 0.001006811463
145 0.00034328861487
146 0.000808607174143
147 0.0228848682656
148 0.00150483723731
149 0.00264728825893
150 0.00840180531847
151 0.0010056559028
152 0.00222761723271
153 0.00179050295161
154 0.00180681791683
155 0.00357876110829
156 0.00164116327512
157 0.00224081789853
158 0.000618967632673
159 0.000610035968734
160 0.0107345625424
161 0.0106161168199
162 0.000440612175983
163 0.000253943535605
164 0.00119134181306
165 0.00112482853224
166 0.00216385968767
167 0.000570487718049
168 0.00043207929228
169 8.99135362076e-05
170 0.00235987688731
171 0.00442257759227
172 0.00208979591837
173 0.020777534291
174 0.00098792805805
175 0.000341921676412
176 0.00410927694461
177 0.000651811745106
178 0.000566063196451
179 0.000514577921034
180 0.00207850859367
181 0.00132041200129
182 0.0133815418717
183 0.00269876263263
184 0.00173226159244
185 0.000449489795918
186 0.000258143284805
187 0.00376296060768
188 0.00062833748665
189 0.000263191314117
190 0.00200001399737
191 0.00169835490878
192 0.00504162727075
193 0.00034328861487
194 0.00209728160039
195 0.000460498443515
196 0.00130593880134
197 0.000715643129717
198 0.000243664485425
199 0.00675701869683
200 0.00600904228946
201 0.000720885719647
202 0.00147474310438
203 0.000256512769025
204 0.000318807243045
205 0.00315584708623
206 0.00214750803614
207 0.000938552611328
208 0.00197958201073
209 0.000414448495506
210 0.0020919382124
211 0.000916729680043
212 0.0035893569903
213 0.00134943773428
214 0.00164455106399
215 0.00678306548865
216 0.000413526031575
217 0.000677103976747
218 0.00264909678805
219 0.000598121455577
220 0.000790449887643
221 0.000495587683734
222 0.000266555601833
223 0.000617566964021
224 0.000464476813317
225 0.00716060212933
226 0.00375787283709
227 0.00233801275556
228 0.00124737828643
229 0.00142949340802
230 0.00746046162507
231 0.00280859893868
232 0.000872835828127
233 0.00414626531371
234 0.000860230592573
235 0.000499923792105
236 0.000249471578268
237 0.00771359994073
238 0.0119317233174
239 0.00111938751537
240 0.00119085392801
241 0.00197775218046
242 0.000611473592657
243 0.000331564078484
244 0.00216385968767
245 0.000338548708761
246 0.00176905082061
247 0.000189356959973
248 0.00126294986498
249 0.000412740956642
250 0.00276099341837
251 0.000190249702735
252 0.00436867441983
253 0.000924020728547
254 0.000818589978762
255 0.00260613593086
256 0.00161646234322
257 0.00523058093128
258 0.000972836350774
259 0.0035516369315
260 0.000682223212297
261 0.00285472926016
262 0.00079598274388
263 0.000550381658567
264 0.00181810112614
265 0.000492076001729
266 0.0102991040108
267 0.00298726909927
268 0.0522216319533
269 0.00617222724278
270 0.00283135692213
271 0.00103872038625
272 0.000635984540357
273 0.0046680297828
274 0.000542850914031
275 0.00110809383861
276 0.000598121455577
277 0.000460498443515
278 0.000161536733841
279 0.000776390073709
280 0.00520327420906
281 0.000244616299822
282 0.00966989116792
283 0.0254687057458
284 0.000296655514373
285 0.00375801881945
286 0.00621756866998
287 0.00387452354358
288 0.00459994228017
289 0.0121794091389
290 0.000405782501929
291 0.00101309299144
292 0.000399864224977
293 0.000339907414659
294 0.000776390073709
295 0.003829750007
296 0.374455052965
297 0.00141587689022
298 0.000513834652805
299 0.00237244524898
300 0.000466082609227
301 0.0293302727868
302 0.00130956081305
303 0.000502057809509
304 0.000199045600232
305 0.000470133721075
306 0.000496525664545
307 0.00061026574388
308 0.00120374040311
309 0.00243217830483
310 0.00664242799758
311 0.000781996806951
312 0.00338603596908
313 0.00385108593375
314 0.000569569023501
315 0.000739314172014
316 0.000501727593976
317 0.0012792370398
318 0.000542850914031
319 0.000271945335942
320 0.00896401291322
321 0.000378912906385
322 0.0738557169708
323 0.00125400154116
324 0.00137174211248
325 6.22529770743e-05
326 0.00216333153056
327 0.000573428164589
328 0.00127655573959
329 0.000213117374394
330 0.000609061470382
331 0.000167301781699
332 0.000624653444023
333 0.00157988489122
334 0.00920890693556
335 0.268122752553
336 0.0291188582298
337 0.000948618643309
338 0.00359884675209
339 0.0046715330468
340 0.000913653408118
341 0.000888118942152
342 0.00162671739389
343 0.000585449020765
344 0.000327551020408
345 0.000424379369999
346 0.000565846136337
347 0.0296025351988
348 0.00522904206622
349 0.00410189531892
350 0.00100620118343
351 0.00143615162896
352 0.00170367690818
353 0.00156910772601
354 0.00198909784021
355 0.000528719417788
356 0.00130593880134
357 0.000542850914031
358 0.0012681052258
359 0.000636249423548
360 0.00126294986498
361 0.000175721711722
362 0.000491171597633
363 0.00133699186856
364 0.0203850985562
365 0.00402602369062
366 0.000356536541288
367 0.0011938983935
368 0.0682846412478
369 0.00290863614532
370 0.0759157544083
371 0.00129721316535
372 0.11313248679
373 0.000378538913726
374 0.000749573365921
375 0.00271179079487
376 0.0032149918193
377 0.0161342369967
378 0.00127232932671
379 0.0170820801779
380 0.000414448495506
381 0.00208981956596
382 0.116247700989
383 0.000249964848693
384 0.00204200479962
385 0.000492076001729
386 0.000496525664545
387 0.000528719417788
388 0.000218003044028
389 0.00147527048673
390 0.000201554330308
391 0.000150221586615
392 0.00303808863745
393 0.00220288163709
394 0.0626647779826
395 0.0858102340694
396 0.00731814238397
397 0.000944927520184
398 0.000410946482018
399 0.000200603743391
400 0.000439262532345
401 0.000360714285714
402 0.0033556122449
403 0.00563683052422
404 0.000495587683734
405 0.000853984079092
406 0.000706915774476
407 0.00387815479191
408 0.000528719417788
409 0.000234876176216
410 0.00107890670787
411 0.000520306089829
412 0.000305994951083
413 0.000250459583552
414 0.00395885883519
415 0.00051306810504
416 0.00245803579834
417 0.0014019973677
418 0.00247402418086
419 0.00119134181306
420 0.000574345649653
421 0.048024294361
422 0.00195729406535
423 0.000941909066529
424 0.000368247098349
425 0.000628844173409
426 0.00186879719587
427 0.00163870128401
428 0.00103872038625
429 0.00216660608544
430 0.00104891984537
431 0.00363629448043
432 0.00597784239811
