1 9.67228143894e-05
2 0.000156876880013
3 0.000602658222256
4 0.000688155065843
5 0.00128825885256
6 0.000788739606057
7 0.000566859922449
8 0.00145506384949
9 0.00215073951005
10 0.000221970931397
11 0.000644543955312
12 0.00963684794326
13 0.000367557115435
14 0.00100098347753
15 0.000441256976343
16 0.0163040456663
17 0.000147593902296
18 0.00043489305492
19 0.000978260131144
20 0.0006148823129
21 0.0344474728268
22 0.00041855832133
23 0.1163279413
24 0.0224700299734
25 0.000479555609226
26 0.000103199798438
27 0.000704832015036
28 0.000673500301156
29 0.000173415299158
30 0.0148036537207
31 0.000471768967566
32 0.00016679656767
33 0.000145597164495
34 0.00238765259555
35 0.000469319284292
36 0.000257542939752
37 0.00205173132632
38 0.102445894654
39 0.0613388419423
40 0.00329542604434
41 0.000557298786159
42 0.0414278630356
43 0.000328187355598
44 0.000963139120095
45 0.000648835557771
46 0.00071483331487
47 0.000922084237407
48 0.0167298863924
49 0.0203027969966
50 0.00343673287604
51 0.00230012971049
52 0.00307573086154
53 0.00672965172033
54 0.00566726319695
55 0.00107890670787
56 0.0114331553442
57 0.000671738917474
58 0.000787928234743
59 0.00244301665151
60 0.00157674637302
61 0.000264235698243
62 0.000613700161994
63 0.000852723530055
64 0.000873864600057
65 0.0138709305575
66 0.00330859957088
67 0.0011241749926
68 0.00705196972734
69 0.000778193307538
70 0.000189725959824
71 0.00372415149689
72 0.00039057723072
73 0.000293458175332
74 0.00285967571277
75 0.00644250433375
76 0.000613900072784
77 0.0012445308702
78 0.000991275965191
79 0.0142516419972
80 0.0394661382054
81 0.0580926437743
82 0.00101535741633
83 0.00126555443114
84 0.000602909225264
85 0.000978260131144
86 0.000168116231359
87 0.000851088421257
88 0.00023397884685
89 0.000532910225762
90 0.000156876880013
91 0.000432584627396
92 0.00634534431327
93 0.00753605822962
94 0.00111831496909
95 0.00128675994513
96 0.00106603174867
97 0.305569499129
98 0.0118657801365
99 0.00377748809431
100 0.00189035916824
101 0.000190578144111
102 0.000444397917084
103 0.000440677105177
104 0.00127298319092
105 0.00130578832415
106 0.190236826045
107 0.011556805698
108 0.0019493937994
109 0.0019493937994
110 0.00193690769019
111 0.000193236569115
112 0.000191615491978
113 0.000504673147373
114 0.00107302444691
115 0.0032253297165
116 0.00214134568425
117 0.00238316748326
118 0.00150831121621
119 0.00280562582256
120 0.00101182171385
121 0.000935132980676
122 0.000408444492002
123 0.00247352135128
124 0.000279019474235
125 0.000942246943866
126 0.00325006357622
127 0.000159724873905
128 0.00294132510829
129 0.000445054107606
130 0.000150622169834
131 0.000650396563704
132 0.000273639373487
133 0.000279909754706
134 0.000852723530055
135 0.000209280956414
136 0.00232955463192
137 0.000512243384945
138 0.000571565635084
139 0.00326300377377
140 0.0539629739369
141 0.000717736031574
142 0.00497383032181
143 0.046707543597
144 0.00096414461754
145 0.00172524144986
146 0.00114830055344
147 0.00219218817869
148 0.000257542939752
149 0.00570059987985
150 0.00351393308514
151 0.000412859346795
152 0.00106648271554
153 0.00238316748326
154 0.00471593221663
155 0.00240035401671
156 0.000445054107606
157 0.00119073596509
158 0.00185073701883
159 0.000383264172036
160 0.00454866573165
161 0.000704832015036
162 0.000149631998803
163 0.000389953305431
164 0.000228269582811
165 0.000188574467156
166 0.0016407275903
167 0.00101394585983
168 0.000487738640762
169 0.00107702172927
170 0.00230468833253
171 0.00158992935469
172 0.00157374834455
173 0.000293458175332
174 0.0385590539044
175 0.000704832015036
176 0.000940305134821
177 0.00109222654377
178 0.00185892218117
179 0.0012879734765
180 0.00143096900586
181 0.00272183911227
182 0.000421986794852
183 0.00524924841852
184 0.00277840490584
185 0.00589971556016
186 0.0366627475662
187 0.000695759100918
188 0.00352647896045
189 0.00233584450528
190 0.00519845837142
191 0.00312359658433
192 0.000469319284292
193 0.000638580401006
194 0.00019458668951
195 0.000852723530055
196 0.000972758949572
197 0.000420603232521
198 0.0356325558603
199 0.00175096864811
200 0.0633653379722
201 0.000391808015326
202 0.00753837566729
203 0.00171715255656
204 0.002808434961
205 0.00339128714085
206 0.000948366007811
207 0.00175096864811
208 0.00175696511169
209 0.00323634567901
210 0.00214269387755
211 0.00476102292675
212 0.00326175362031
213 0.00174354191274
214 0.00179078744286
215 0.000998981747771
216 0.000391808015326
217 0.000447347551112
218 0.00127803596842
219 0.000373665155963
220 0.000355461827381
221 0.00107648685349
222 0.00233016204943
223 0.000873864600057
224 0.000423377195211
225 0.00161578937805
226 0.0009076918114
227 0.00377310025785
228 0.0116878310581
229 0.000990337416714
230 0.00371523478393
231 0.00189378571602
232 0.000657127301886
233 0.00171662927375
234 0.00114830055344
235 0.00217607140834
236 0.00142289829151
237 0.00267315828072
238 0.000891233870253
239 0.00788947473602
240 0.000671738917474
241 0.000886063791908
242 0.0289806968058
243 0.000530332416613
244 0.000293458175332
245 0.00124095521748
246 0.0002120936388
247 0.000209280956414
248 0.000355461827381
249 0.000838808348473
250 0.000985095115646
251 0.000429008085258
252 0.000948366007811
253 0.000193236569115
254 0.000372683770367
255 0.000209280956414
256 0.00179999957127
257 0.00299730491358
258 0.000527016555066
259 0.00064939397309
260 0.474804182681
261 0.000839987971533
262 0.000380466765161
263 0.0185261358744
264 0.000336469414608
265 0.000475065159937
266 0.000577676455895
267 0.000296232486583
268 0.000808607174143
269 0.00149866854343
270 0.00859661111013
271 0.00629049498575
272 0.00114661285472
273 0.0026130714818
274 0.00161155979293
275 0.00574428400229
276 0.000716450623369
277 0.000364561650162
278 0.00314087759815
279 0.000529524398765
280 0.000602658222256
281 0.00145506384949
282 0.000270375314734
283 0.000273639373487
284 0.0491777695171
285 0.19596608751
286 0.00322979980465
287 0.00349050879879
288 0.000557298786159
289 0.000439732308606
290 0.000248469823439
291 0.00148563201262
292 0.00130620038866
293 0.00387467142548
294 0.00196108641975
295 0.000885834679753
296 0.00325381868677
297 0.00117132317195
298 0.0027027169689
299 0.431017534458
300 0.00164754358416
301 0.000427369937505
302 0.000955358138757
303 0.000465278672147
304 0.000311824341013
305 0.000200912942155
306 0.00129083151063
307 0.000671738917474
308 0.000629615914647
309 0.000331014919245
310 0.000366056318597
311 0.00290695860582
312 0.00582601284438
313 0.000804075500648
314 0.000353283080055
315 0.00826132088315
316 0.0318940644196
317 0.000515227025884
318 0.000657127301886
319 0.00140338448877
320 0.00149804461815
321 0.000190249702735
322 0.00203807842175
323 0.00203183892085
324 0.0023814059919
325 0.0011438234666
326 0.000152826309204
327 0.00239181518555
328 0.00283970962305
329 0.000410440017967
330 0.00102567229614
331 0.000557298786159
332 0.000172279084041
333 0.0010131640974
334 0.000266072711349
335 0.000637171238031
336 0.000897815651509
337 0.000271353836563
338 0.000640922929018
339 0.00205303018016
340 0.0955858816709
341 0.00201146278426
342 0.000820980688586
343 0.0035646023708
344 0.00117988635022
345 0.000401926934185
346 0.000407146366115
347 0.000657127301886
348 0.00118693983143
349 0.00628564868761
350 0.02575803118
351 0.0100405216217
352 0.00443896829163
353 0.000404517914966
354 0.000881490962764
355 0.000552992442223
356 0.00442735307138
357 0.00198039729954
358 0.000152651272342
359 0.00311338703217
360 0.000963139120095
361 0.00201195386404
362 0.0275704993086
363 0.00758678434191
364 0.0550510566462
365 0.00466089469895
366 0.00409551311613
367 0.00262396786449
368 0.0327691789256
369 0.00117908255493
370 0.00117908255493
371 0.000529394187401
372 0.00101900285414
373 0.011079660185
374 0.00219991074248
375 0.00595766109688
376 0.00161943124726
377 0.00595781585338
378 0.000258752668387
379 0.0028069943829
380 0.000326932605217
381 0.000472523797914
382 0.000211955446303
383 0.000301310088319
384 0.000339907414659
385 0.000156876880013
386 0.00120733040652
387 0.00168234345606
388 0.0237469898178
389 0.000905171422962
390 0.00318784975421
391 0.00218790280732
392 0.00109662244965
393 0.00367704946166
394 0.000512388786547
395 0.0014388397924
396 0.00677159183673
397 0.0005478886839
398 0.00249804232942
399 0.000809593812786
400 0.00057753907747
401 0.00451361161124
402 0.00016569053797
403 0.00107400098217
404 0.000489383275444
405 0.00101535741633
406 0.00155251723833
407 0.000401926934185
408 0.000852723530055
409 0.000501058991876
410 0.000716450623369
411 0.000231288632088
412 0.000217683418436
413 0.000191044962409
414 0.000903419993902
415 0.000482640500357
416 0.00318784975421
417 0.00117372579587
418 0.000446284600914
419 0.0724247706576
420 0.000432584627396
421 0.000945129266117
422 0.00199974284457
423 0.00119767686665
424 0.000629772969862
425 0.00599463195204
426 0.00051494449588
427 0.00428149002639
428 0.00444512184796
429 0.283212098631
430 0.00328297105213
431 0.0029892380251
432 0.0129024400119
