1 0.000695828175361
2 0.000701257101137
3 0.000479234206741
4 0.000759833868422
5 0.00045039072296
6 0.000451878218098
7 0.000466548112613
8 0.000737085645257
9 0.00221453287197
10 0.000232199546485
11 0.00181866246125
12 0.00432218186117
13 0.071480331933
14 0.00240936504961
15 0.000426883409603
16 0.00127298319092
17 0.00113409540578
18 0.00100424044012
19 0.0083997620464
20 0.00192742415229
21 0.00177474081955
22 0.000188888888889
23 0.00231454277134
24 0.0030701551837
25 0.0016278628388
26 0.000464420673291
27 0.00419828682499
28 0.00158982930219
29 0.000376161360585
30 0.00307573086154
31 0.000818924226761
32 0.000857383769871
33 0.000337910899654
34 0.000250446076621
35 0.000224859440891
36 0.0365644479188
37 0.00127922862851
38 0.00135236447561
39 0.000334479762517
40 0.00102765062099
41 0.00324788344412
42 0.00178741454692
43 0.00902945537834
44 0.0126960385757
45 0.00182449270203
46 0.00210893561554
47 0.000480740340124
48 0.000367018519778
49 0.00762561649966
50 0.0233747260774
51 0.0161917989031
52 0.286771470048
53 0.000488519022587
54 0.00573101315799
55 0.000857383769871
56 0.00020777534291
57 0.000489466677109
58 0.00134115796506
59 0.00496969779602
60 0.000489383275444
61 0.00205847050754
62 0.00348865145182
63 0.00110383112343
64 0.00188267739155
65 0.000964801854564
66 0.185754426719
67 0.000914155757648
68 0.00355768004396
69 0.000791216226199
70 0.000701626336576
71 0.00138904752819
72 0.000976712988571
73 0.000500224749966
74 0.0860719538696
75 0.00571254732288
76 0.000373805466559
77 0.00346411993258
78 0.0166028869393
79 0.00059647068027
80 0.00253675059519
81 0.00531180037974
82 0.00362746328152
83 0.00802958741876
84 0.00156473734758
85 0.00126046006792
86 0.000311586851035
87 0.000660280894497
88 0.000446111500072
89 0.00123774024968
90 0.00173316230296
91 0.000488463984738
92 0.000272019847923
93 0.00208009162116
94 0.000888118942152
95 0.0131498707534
96 0.00382307046931
97 0.00206697622547
98 0.00280689443445
99 0.0016618171046
100 0.00373174480141
101 0.000935517844498
102 0.0287065558633
103 0.00132454013097
104 0.00182146616376
105 0.000523166218697
106 0.00259249289914
107 0.000908694363917
108 0.000900281315932
109 0.238027029389
110 0.00196056266773
111 0.000394928735899
112 0.00107037353322
113 0.000808162100764
114 0.000520306089829
115 0.000942519104901
116 0.000550541833198
117 0.000394928735899
118 0.000270961404935
119 0.000677188546703
120 0.0113689512796
121 0.00605574669426
122 0.0203652790992
123 0.000367018519778
124 0.00926676149493
125 0.00104195416964
126 0.00373018932195
127 0.000515877359711
128 0.00572682497334
129 0.0080999692213
130 0.010183908657
131 0.0021139959935
132 0.000187331557098
133 0.000862993812361
134 0.00373812978378
135 0.0218836530579
136 0.000247026991559
137 0.000184793648296
138 0.00137845134339
139 0.000366432228213
140 0.000215666905325
141 0.00357603880185
142 0.000411106046285
143 0.000230978428293
144 0.000121855574748
145 0.0010294832566
146 0.00184102612862
147 0.003663003663
148 0.00130150679601
149 0.0333160713727
150 0.0696670750303
151 0.00023011522634
152 0.000409520124782
153 0.0161441241252
154 0.00153173452827
155 0.000888118942152
156 0.00025767534275
157 0.00142016520149
158 0.000210262822289
159 0.000551198216845
160 0.00151224356142
161 0.000771131982205
162 0.00200629396722
163 0.000563905848609
164 0.00183037921051
165 0.0246920656457
166 0.0284808521574
167 0.0215108599518
168 0.000852469497576
169 0.0139303515551
170 0.00097486928402
171 0.00225004662217
172 0.00144207659029
173 0.000318245797731
174 0.00278563655007
175 0.000741552820762
176 0.00085312726725
177 0.00069669331213
178 0.000536694101509
179 0.00160384281764
180 0.00305076743186
181 0.00165541755216
182 0.0028476898214
183 0.00215705646053
184 0.00162463632626
185 0.00344250139523
186 0.000432172869148
187 0.00927581143877
188 0.00210105175098
189 0.000234809824945
190 0.000948366007811
191 0.00168060677951
192 0.000382787319572
193 0.00288519788226
194 0.0142395029741
195 0.000548973244362
196 0.000527728378797
197 0.000426883409603
198 0.00045039072296
199 0.00233012337085
200 0.000355461827381
201 0.000240370170062
202 0.00187701157243
203 0.000403867826015
204 0.00110359092215
205 0.500851083016
206 0.00185995403388
207 0.000953252385338
208 0.0006148823129
209 0.00801514335079
210 0.24950465916
211 0.00161673957197
212 0.0129657125269
213 0.000563905848609
214 0.0648013010111
215 0.00022599327661
216 0.000492863323332
217 0.000238913155946
218 0.000252435709929
219 0.049381988783
220 0.00186545948433
221 0.00101495810165
222 0.00180293696254
223 0.00156063527779
224 0.00232774195196
225 0.000247026991559
226 0.000429008085258
227 0.000355461827381
228 0.000495587683734
229 0.000200485550944
230 0.000130935331702
231 0.00122325187322
232 0.14956552994
233 0.00527406402772
234 0.000597225742013
235 0.161546667466
236 0.00221748429269
237 0.000173987626489
238 0.00793662396224
239 0.000250360519148
240 0.17589163744
241 0.00099378806712
242 0.000255264160533
243 0.505187679861
244 0.00669502623834
245 0.00114669438821
246 0.00156976124859
247 0.000771473520026
248 0.00189035916824
249 0.000441144363531
250 0.00172434179669
251 0.000495587683734
252 0.000818924226761
253 0.00232955463192
254 0.000488436062006
255 0.000496471477912
256 0.00110383112343
257 0.00473051307119
258 0.00329546140079
259 0.000379687594915
260 0.00219146065947
261 0.000705918816575
262 0.00142535158687
263 0.000466023118022
264 0.000465278672147
265 0.000411772552158
266 0.000523166218697
267 0.000131173816067
268 0.000228797401313
269 0.00189202643147
270 0.00509021255561
271 0.000373805466559
272 0.000864921277664
273 0.0286252442455
274 0.00628082122527
275 0.000523166218697
276 0.00269429150742
277 0.000488601513023
278 0.00136554215607
279 0.00111282578875
280 0.00295168064199
281 0.000507264020778
282 0.00117551020408
283 0.000702743880896
284 0.000221154408803
285 0.000270316863205
286 0.00247684831567
287 0.00356111197305
288 0.00193126746969
289 0.00170393540696
290 0.000332510303829
291 0.000100080048026
292 0.000238517613035
293 0.00188236672825
294 0.00355247576861
295 0.000326574115257
296 0.000404535373672
297 0.000226507533473
298 0.00085943025874
299 0.00482584020077
300 0.000503627731274
301 0.00885338962551
302 0.00264743437309
303 0.000319828713955
304 0.00281946402311
305 0.00072609272473
306 0.00200979534575
307 0.00145865207352
308 0.00111111111111
309 0.000193909866755
310 0.00045039072296
311 0.00190724482955
312 0.0194556669669
313 0.00128831731847
314 0.00341454058373
315 0.000943751805862
316 0.00174739337311
317 0.000338408376068
318 0.000913653408118
319 0.00100074369291
320 0.000474405086259
321 0.000713250258975
322 0.00515253160088
323 0.00349056016548
324 0.159456912254
325 0.00103665251064
326 0.00158112952504
327 0.00208149731781
328 0.0177030365066
329 0.0112184037563
330 0.000539866784711
331 0.00063013344867
332 0.00111283527965
333 0.000609061470382
334 0.00544070867643
335 0.00180681791683
336 0.000250446076621
337 0.000180228890691
338 0.000470133721075
339 0.000380313382923
340 0.000548973244362
341 0.00092055784669
342 0.00129288464824
343 0.000868998777499
344 0.11281013748
345 0.0435257478604
346 0.00104432246357
347 0.00192771792217
348 0.000516520601195
349 0.0009
350 0.000719308289661
351 0.0535181234616
352 0.000723923666271
353 0.000350160457528
354 0.000177777777778
355 0.0178004205247
356 0.0156297623975
357 0.0652821541059
358 0.000152231075849
359 0.000476726225663
360 0.00235536251826
361 0.0548154323373
362 0.0016618171046
363 0.000355461827381
364 0.000537551440329
365 0.000238517613035
366 0.00187701157243
367 0.00180368787339
368 0.000973931378762
369 0.34942978213
370 0.126708399556
371 0.235055505147
372 0.000241103749744
373 0.125489107928
374 0.00189939660842
375 0.00148257414783
376 0.00282859149422
377 0.000948366007811
378 0.00134115796506
379 0.0153910174339
380 0.00827222362115
381 0.00457678644852
382 0.00193349012105
383 0.0023305588585
384 0.000148494549496
385 0.000378506866115
386 0.0029055314722
387 0.000228104548133
388 0.000456209096267
389 0.000488463984738
390 0.00107341468251
391 0.000213117374394
392 0.000225721731694
393 0.564316808264
394 0.000885185438153
395 0.00028773340994
396 0.000558734122315
397 0.0165327642494
398 0.0029459369604
399 0.00267682850718
400 0.00426005890932
401 0.00200332180197
402 0.00103639948342
403 0.00234691570706
404 0.000500224749966
405 0.00161409241388
406 0.00100959032912
407 0.00286954306326
408 0.0580962935304
409 0.000328622488492
410 0.00331965718038
411 0.000496471477912
412 0.000607860758066
413 0.00167468298616
414 0.000737085645257
415 0.000501997024043
416 0.000220732576427
417 0.000566893424036
418 0.000610035968734
419 0.377065656757
420 0.00168526312281
421 0.000946737358202
422 0.000849548957468
423 0.000465961379189
424 0.00440917879578
425 0.007467389715
426 0.0009
427 0.000646704219015
428 0.000914155757648
429 0.0119156432661
430 0.0185325895064
431 0.00337530482717
432 0.0269935215117
