1 0.00296677229516
2 0.00375214672156
3 0.00144229638553
4 0.000151218616391
5 0.00125550251101
6 0.000217028282084
7 0.00141896992345
8 0.000288912901348
9 0.00164590605736
10 0.0109118617931
11 0.00613314991007
12 0.000935517844498
13 0.00116754677818
14 0.000664067443837
15 0.00220638095009
16 0.428969375737
17 0.000951018560435
18 0.00095817662537
19 0.00151903818206
20 0.00739378098419
21 0.0113485422904
22 0.000213117374394
23 0.00018614757809
24 0.0352808382705
25 0.00106180331264
26 0.00217113325164
27 0.000411946337619
28 0.000326765093541
29 0.000306250933308
30 0.0010233353151
31 0.000414460630882
32 0.00305451898783
33 0.00356513839385
34 0.000237142214
35 0.00103872038625
36 0.00210323151036
37 0.00128039634253
38 0.00097840061329
39 0.000235808980854
40 0.00338942172662
41 0.000464421089606
42 0.00369995441656
43 0.00512281793375
44 0.00113743155471
45 0.00299630118
46 0.00767222547818
47 0.00100781053162
48 0.011826093758
49 0.00139271645836
50 0.0106749098802
51 0.000774435196195
52 0.00366011413624
53 0.00518678133521
54 0.000630715299045
55 0.00171603234103
56 0.0016318136375
57 0.0023120852175
58 0.000295412355531
59 0.000459451536187
60 0.000783804036744
61 0.000213117374394
62 0.00347245251334
63 0.0005789604834
64 0.00413922064551
65 0.000543864167966
66 8.16519088402e-05
67 0.000661895373477
68 0.000560571846799
69 0.00218383647315
70 0.00142487507915
71 0.00197686799352
72 0.369640009529
73 0.00458352411334
74 0.00121451912633
75 0.00203663570166
76 0.0011684481539
77 0.00609714756453
78 0.00255034812506
79 0.000746817274817
80 0.00192435775261
81 0.0039282649832
82 0.000606663592904
83 0.000204812452597
84 0.000364754555201
85 0.000751896813911
86 0.000628486743585
87 0.000258060353865
88 0.00109305903351
89 0.000966468898494
90 0.00305451898783
91 0.00061296948247
92 0.0368737342622
93 0.00213777144891
94 0.000420265862414
95 0.000859425564197
96 0.0884250806644
97 0.0012032751869
98 0.000641808147141
99 0.000552073322404
100 0.000450029845729
101 0.000208150219411
102 0.000625156884987
103 0.000437864462927
104 0.00981218247873
105 0.000374996775028
106 0.0094156520493
107 0.00158871728751
108 0.0668126466818
109 0.462548968067
110 0.0113708242261
111 0.00343024924596
112 0.000747312210751
113 0.00141374154503
114 0.000622194180883
115 0.000628486743585
116 0.000938705296514
117 0.00280167844286
118 0.000307423128254
119 0.00023048802713
120 0.00974073823688
121 0.0013159278139
122 0.00935867073004
123 0.00655076935248
124 0.0690259748764
125 0.000817623831211
126 0.00103027761096
127 0.000529932270416
128 0.000992001984004
129 0.000171600063341
130 0.00105922063508
131 0.0480925644411
132 0.00107778471991
133 0.000903798039822
134 0.00125550251101
135 0.000831774117725
136 0.00347245251334
137 0.000788414157803
138 0.0016318136375
139 0.000237142214
140 0.00159473717428
141 0.00440563120407
142 0.000545978930492
143 0.380461407196
144 0.0237602325504
145 0.00273945071569
146 0.00374679422693
147 0.0156009221825
148 0.000213949864138
149 0.000358625170561
150 0.000468506962013
151 0.000737382868286
152 0.000505617780268
153 0.00171141441326
154 0.0064566551053
155 0.00227502618654
156 0.000165893338281
157 0.000354963702882
158 0.000124145529597
159 0.000307423128254
160 0.00116434928345
161 0.00164268786416
162 0.000232764913428
163 0.000364754555201
164 0.000937818261084
165 0.00190803918391
166 0.00545284271598
167 0.0192781301163
168 0.0386622709695
169 0.0036454254183
170 0.000557137771449
171 0.002278276094
172 0.005719140625
173 0.00201428489935
174 0.00275643889476
175 0.002278276094
176 0.00322872048444
177 0.000742675960049
178 0.000242995129377
179 0.00227502618654
180 0.00805560063289
181 0.415002145724
182 0.000326765093541
183 0.000716786708849
184 0.000579886820173
185 0.000496471477912
186 0.00073155821335
187 0.00141896992345
188 0.00191358407408
189 0.000459451536187
190 0.000935517844498
191 0.000358157773943
192 0.000532242745853
193 0.0869616103977
194 0.0561714662533
195 0.00460381003171
196 0.00928721661126
197 0.00900220527755
198 0.000466082609227
199 0.000212729005683
200 0.00151028190902
201 0.000466555494037
202 0.000938705296514
203 0.000562431212237
204 0.00125797762625
205 0.002278276094
206 0.000518966813022
207 0.00139329651519
208 0.00058570559719
209 0.00251261455374
210 0.00543983319896
211 0.0100191175602
212 0.00581167954975
213 0.000148183174383
214 0.000433305301369
215 0.000464143317142
216 0.00220146915536
217 0.000493739135373
218 0.000519357924031
219 0.00125550251101
220 0.00142231654947
221 0.00115780032233
222 0.000185423268447
223 9.18386376394e-05
224 0.000205916065073
225 0.00150987676233
226 0.000251311742895
227 0.00570189583485
228 0.00048855543906
229 0.0021180270968
230 0.01500625
231 0.000637332331436
232 0.00473678093796
233 0.000452693526483
234 0.00302447684234
235 0.000674240261005
236 0.00175997490148
237 0.00177993707128
238 0.000705872741384
239 0.00152836539731
240 0.0238444540236
241 0.0208114376599
242 0.00843276082654
243 0.0004254541179
244 0.00109886755594
245 0.000444397917084
246 0.000303089671868
247 0.000233532109297
248 0.000303089671868
249 0.00394267171444
250 0.000178175139923
251 0.000535836762689
252 0.00178433412604
253 0.00549305561942
254 0.000924066616234
255 0.0749862828663
256 0.0036430489449
257 0.0766194371396
258 0.00033593192353
259 0.0007196146064
260 0.000717736031574
261 0.00333720884608
262 0.0141924103368
263 0.00108290902055
264 0.000971496036431
265 0.0033475343685
266 0.000367326612956
267 0.00309118826493
268 0.00210498814684
269 0.00225004662217
270 0.000641521276099
271 0.000336042527504
272 0.000433305301369
273 0.000444397917084
274 0.00989987878477
275 0.00390371817731
276 0.000580921436727
277 0.000833735848454
278 0.000555711605616
279 0.00663137009411
280 0.000412019365082
281 0.00305100501747
282 0.000161505941968
283 0.311471952781
284 0.000370846536895
285 0.000137597715878
286 0.00524918873407
287 0.00495801278205
288 0.00246342965055
289 0.000641254198132
290 0.00057577284864
291 0.0016710461287
292 0.00143458823697
293 0.00210931837096
294 0.000741213482507
295 0.0176026202046
296 0.0013077163982
297 0.00135530190606
298 0.000902192192701
299 0.00111561351352
300 0.00742025262131
301 0.000303089671868
302 0.000534845848869
303 0.00278380202383
304 0.000500926112196
305 0.000956548898177
306 0.000937961199395
307 0.0006129902655
308 0.000480943652021
309 0.00719068786994
310 0.000385193197524
311 0.127243772752
312 0.000664631906891
313 0.00259562517305
314 0.00432338513126
315 0.000637824100211
316 0.00334422598609
317 0.000441960697781
318 0.0198537705903
319 0.00420121830252
320 0.00220208004076
321 0.00681954132689
322 0.00201842519972
323 0.0012558236075
324 0.000351921511976
325 0.00120457687814
326 0.000752080382469
327 0.00142231654947
328 0.00583607288321
329 0.000284854635119
330 0.000450377090981
331 0.000414460630882
332 0.000548822398968
333 0.000440748107959
334 0.000527016555066
335 0.000190834949251
336 0.00573888284313
337 0.00118994799834
338 0.006827491432
339 0.000315264236829
340 0.000316611998328
341 0.359678975866
342 0.000811587344511
343 0.00047839601852
344 0.00319375797194
345 0.00109058572968
346 0.00173385056502
347 0.00361806772571
348 0.000933607995114
349 0.124894276495
350 0.141351426974
351 0.0186144077434
352 0.00212608692041
353 0.0176000272561
354 0.00178433412604
355 0.00127556573703
356 0.0110598231613
357 0.000185200665281
358 0.000738173517894
359 0.000414460630882
360 0.000303089671868
361 0.00125550251101
362 0.000832120545929
363 0.000500030401848
364 0.000433305301369
365 0.000307423128254
366 0.000971496036431
367 0.000404517914966
368 0.000962227601651
369 0.000238068550774
370 0.000751753656823
371 0.415498451728
372 0.0033071057422
373 0.000485434019453
374 0.0520570811629
375 0.000312652174456
376 0.000229594662683
377 0.00151957312716
378 0.00146728022402
379 0.000654661508176
380 0.00121162351498
381 0.000196010042632
382 0.0250062823278
383 0.0174554052411
384 0.00136817372731
385 0.0506480344321
386 0.000131928228982
387 0.000449964698257
388 0.00267682850718
389 0.00854459430831
390 0.00064403777017
391 0.00107777156395
392 0.000577847633136
393 0.0004860197394
394 0.0106672014877
395 0.00382085161362
396 0.0437922662079
397 0.00147342467464
398 0.000779626104054
399 0.001461117717
400 0.0010229707006
401 0.000749664492369
402 0.0623637304753
403 0.00219524793388
404 0.00355650842009
405 0.000561532759821
406 0.000979466276511
407 0.00141852687077
408 0.0311282157122
409 0.000683497799991
410 0.00244713833799
411 0.00960580100326
412 0.00765466837526
413 0.00432508270321
414 0.000831774117725
415 0.00199408756915
416 0.00347245251334
417 0.00125550251101
418 0.00021878581914
419 0.00472802165334
420 0.00227433752146
421 0.00429841856567
422 0.00178859163902
423 0.0119601970483
424 0.00457124342656
425 0.00104245007943
426 0.00196710383821
427 0.00033593192353
428 0.00240721690505
429 0.000574039276971
430 0.00276648675999
431 0.0013077163982
432 0.00058570559719
