1 0.00331758861699
2 0.000290855590765
3 0.00147751354959
4 0.00140570084448
5 0.000220890633649
6 0.000462684254706
7 0.00606601331361
8 0.000611473592657
9 0.000492076001729
10 0.00433556624702
11 0.0288167252968
12 0.0101167607999
13 0.00211583073016
14 0.0104953628588
15 0.000650599796788
16 0.00292769908555
17 0.204430659955
18 0.00110798305585
19 0.000219659490502
20 0.000610924824229
21 0.000304513496221
22 0.00248803854875
23 0.801463379583
24 0.0017031087034
25 0.0677421143741
26 0.000248000496001
27 0.000434027777778
28 0.00155750771356
29 0.000627127316629
30 0.000254669083498
31 0.00121923570103
32 0.000492076001729
33 9.12545239195e-05
34 0.000242282160713
35 0.0444023128245
36 0.00502528743075
37 0.000490277777778
38 0.00178247834999
39 0.012628069
40 0.000863947666907
41 0.000203717688664
42 0.00117551020408
43 0.000420844533114
44 0.0281737548413
45 0.000211955446303
46 0.000780823705984
47 0.0311444278317
48 0.000696588436632
49 0.00220210094512
50 0.00121162351498
51 0.0114543339022
52 0.00318517896413
53 0.00171956330894
54 0.000109408731446
55 0.00100781053162
56 0.0004860197394
57 0.00221985946746
58 0.00031779527275
59 0.00117414054477
60 0.000225450675901
61 0.000978260131144
62 0.00976677386002
63 0.00241355720415
64 0.00358696221706
65 0.0024816776697
66 0.0021018498007
67 0.00167607725272
68 0.00531630729829
69 0.00375214430921
70 0.00944689604653
71 0.000743789900371
72 0.00113229877221
73 0.000380695635781
74 0.000570115270181
75 0.00115997147236
76 0.0124108706034
77 0.000511221148346
78 0.00155338324062
79 0.000280442297566
80 0.00102036879719
81 0.000773991959084
82 0.000866091316542
83 0.00117414054477
84 0.00421602293845
85 0.000177777777778
86 0.000647014265876
87 0.000168336338511
88 0.00111730976637
89 0.000954709727028
90 0.00741823659024
91 0.0123732369794
92 0.00655908926121
93 0.000271586923676
94 0.000250677732317
95 0.00427417514376
96 0.0409739249827
97 0.000773991959084
98 0.00346093397924
99 0.000346593481213
100 0.000472523797914
101 0.00123355145747
102 0.000657735778142
103 0.000244140625
104 0.00204810317682
105 0.00204312071508
106 0.000751515361673
107 0.05228778291
108 0.000781826750872
109 0.000219659490502
110 0.000564383810126
111 0.000654341018502
112 0.00389416027213
113 0.000243664485425
114 0.0135527513628
115 0.00331758861699
116 0.000892546615933
117 0.00166736111111
118 0.00327557947675
119 0.0005789604834
120 0.000335039041607
121 0.002569140625
122 0.000772797066233
123 0.0244897134933
124 0.000289723856949
125 0.000387416033703
126 0.000505340382267
127 0.00040064076882
128 9.08952168917e-05
129 0.000408561862245
130 0.0403144697434
131 0.0457906683005
132 0.00324679046093
133 0.00420714432074
134 0.00272821635841
135 0.000137202995868
136 0.00112147106544
137 0.00128020583651
138 0.0124989805042
139 0.00093393020313
140 0.000452563812459
141 0.000462879301815
142 0.0111379854121
143 0.000559839118398
144 0.000222390481341
145 0.000935902118335
146 0.000207630449837
147 0.00138401714853
148 0.154184094485
149 8.41679993267e-05
150 0.00204911883389
151 0.000710050207756
152 0.013030493503
153 0.0247645767093
154 0.000776234422796
155 0.00154935798118
156 0.000211955446303
157 0.0010785259913
158 0.00803183127467
159 0.0137021586383
160 6.70640279318e-05
161 0.00123596191406
162 0.00469570805799
163 0.00118134298629
164 0.00225011816813
165 0.00184037961922
166 0.00052286845933
167 0.000249745436943
168 0.000162278388576
169 0.000623159198651
170 0.000620145649442
171 0.0004860197394
172 0.00173022100132
173 0.000620145649442
174 0.000772797066233
175 0.000922084237407
176 0.00763071890804
177 0.0035870644058
178 0.00104700714984
179 0.0010056559028
180 0.000561532759821
181 0.000773991959084
182 0.000704832015036
183 0.00379190000812
184 0.00114827897041
185 0.0046311977047
186 0.116587934558
187 0.00112618622523
188 0.00197083954504
189 0.00223631886252
190 0.0117267097169
191 0.0141931279012
192 0.000280013404802
193 0.00265787348239
194 0.00102025263695
195 0.000462684254706
196 0.000535836762689
197 0.000823996027248
198 0.00223272197729
199 0.000308219448302
200 0.00112482853224
201 9.08952168917e-05
202 0.00338847296122
203 0.00243205651348
204 0.00123846528685
205 0.00213938339548
206 0.000535836762689
207 0.00321198372889
208 0.00499780391699
209 0.000773393360266
210 0.00311363067186
211 0.00210716094717
212 0.000629363678942
213 0.0307880855877
214 0.000441133222233
215 0.000452195590846
216 0.00270298628512
217 0.668414703449
218 0.000897699618772
219 0.00171833276932
220 0.000289723856949
221 0.00034091231408
222 0.000622568093385
223 0.000496712929145
224 0.000582125763343
225 0.00320846985183
226 0.000465278672147
227 0.00257999496095
228 0.000924488677867
229 0.000866091316542
230 0.000444772532825
231 0.0665479601477
232 0.00278217160266
233 0.000542233096636
234 0.00344037284249
235 0.00209928646015
236 0.000502198529825
237 0.00154961881722
238 0.000772797066233
239 0.00255440966635
240 0.00340306678557
241 0.00040357940051
242 0.000645454006671
243 0.000566893424036
244 0.0006157987502
245 0.00180040305708
246 0.00219103666818
247 0.000653731921488
248 0.000476676283464
249 0.00305526472001
250 0.00489021468042
251 0.000561532759821
252 0.0020030319331
253 0.00323556448049
254 0.000144634808365
255 0.000530716566719
256 0.000720688257286
257 0.000525112832404
258 0.0384385117417
259 0.00602847008559
260 0.00194519902035
261 0.00188577605327
262 0.000497357638339
263 0.000531889543988
264 0.000993504822177
265 0.00178741454692
266 0.00124897959184
267 0.00041354432398
268 0.000575907998473
269 0.000762358031368
270 0.0043881750231
271 0.000816326530612
272 0.00180836856105
273 0.0028349866141
274 0.106548015172
275 0.0071100728283
276 0.00207766360195
277 0.000517449177369
278 0.000127885921231
279 0.00111111111111
280 0.00140570084448
281 0.00147751354959
282 0.000296855563382
283 0.000199073685258
284 0.00195816161274
285 0.000540832882639
286 0.0573880075569
287 0.0122314256392
288 0.00290709021987
289 0.000363517994216
290 0.00120053245838
291 0.00033593192353
292 0.0114177004462
293 0.00483816375627
294 0.00194519902035
295 0.00190384964583
296 0.00109282152858
297 0.0113590720222
298 0.0236990544131
299 0.0127741428074
300 0.00331942436403
301 0.00358490275145
302 0.00120609762788
303 0.000225450675901
304 0.00050635126519
305 0.00303352579238
306 0.000517469351325
307 0.000696915396701
308 0.00214280640891
309 0.000622403948807
310 0.000207304882737
311 0.0056519496939
312 0.00744445875435
313 0.00117467804078
314 0.00117462956624
315 0.000338537879889
316 0.00197425084731
317 0.00804579340549
318 0.0052026563945
319 0.00385159773296
320 0.000614455363633
321 0.00177972476961
322 0.145203684807
323 0.0278294111754
324 0.000540832882639
325 0.000534154984729
326 0.00132601889838
327 0.000924488677867
328 0.000637891370339
329 0.000396187472108
330 0.00114040033229
331 0.00420576653477
332 0.000237142214
333 0.000285456546489
334 0.00039176517941
335 0.000587980179894
336 0.00121923570103
337 0.00860005109815
338 0.00463332666196
339 0.00239777690489
340 0.000709008788208
341 0.00419661875527
342 0.000268090664522
343 0.00448707676106
344 0.0020399534038
345 0.000332302517361
346 0.000762358031368
347 0.170603831958
348 0.0290025381505
349 0.191296471505
350 0.000221565285461
351 0.00140364944577
352 0.0038775048115
353 0.000444772532825
354 0.000611473592657
355 0.000249745436943
356 0.00079723183391
357 0.000201554330308
358 0.00050453312926
359 0.000296855563382
360 0.00596294032587
361 0.0076282808859
362 0.000772797066233
363 0.00252210285226
364 0.00105738953124
365 0.0004860197394
366 0.00831688553172
367 0.00017659849229
368 0.00182819671732
369 0.000224054763518
370 0.000168722755559
371 0.000561532759821
372 0.00167847222222
373 0.000288923182442
374 0.000653422574654
375 0.359821959642
376 0.00230398847682
377 0.013086558728
378 0.00925144259569
379 0.00093709920302
380 0.000815750943441
381 0.00114040033229
382 0.000277264088054
383 0.00173022100132
384 0.000728048768655
385 0.000911111111111
386 0.000634307405494
387 0.0015599569906
388 0.00391893150888
389 0.00493803426026
390 0.0117979735668
391 0.000419729325771
392 0.0498498410595
393 0.00223420294156
394 0.001779872063
395 0.000729364636733
396 0.00660520608957
397 0.00114969269391
398 0.00385014128502
399 0.00304456669607
400 0.000542233096636
401 0.00211388558594
402 0.000355555555556
403 0.00147751354959
404 0.00249442007988
405 0.000639123847999
406 0.000198668079019
407 0.00262563934254
408 0.000249745436943
409 0.000467494521549
410 0.00225166094743
411 0.000410897172502
412 0.00021009846015
413 0.00290142800567
414 0.00474165986395
415 0.00211579369185
416 0.000520653114187
417 0.323879763075
418 0.0811434757486
419 0.0004860197394
420 0.000399894555804
421 0.00224957109345
422 0.00248150817935
423 0.000364547543253
424 0.0217962481824
425 0.000830768698225
426 0.000189595362023
427 0.000278892231133
428 0.000586904423339
429 0.00328154798009
430 0.00051177038942
431 0.0594462460208
432 0.004937524991
