1 0.000535836762689
2 0.000364652215038
3 0.0060314174993
4 0.135054312254
5 0.000657823350694
6 0.00121451912633
7 0.00253027217632
8 0.000884567427497
9 0.000773991959084
10 0.000512831180136
11 0.00142998375821
12 0.00210105175098
13 0.0026638917794
14 0.00244063997949
15 0.00432036940687
16 0.00692535319727
17 0.000986864452014
18 0.00259450391376
19 0.000980718336484
20 0.000242018332211
21 0.000770387116595
22 0.000107568067924
23 0.00101675687507
24 0.000596694214876
25 0.000326343364308
26 0.00119291146382
27 0.00221226712251
28 0.00134116068455
29 0.000830046101616
30 0.00184461805556
31 0.00210395311805
32 0.000229101865789
33 0.00352537722908
34 0.00110805687424
35 0.00105376048577
36 0.00260177083796
37 0.000564834341928
38 0.00047417022105
39 0.00594015562513
40 0.00587666887172
41 0.00141417556392
42 0.00111342954785
43 0.00119291146382
44 0.00141212773654
45 0.00141983597039
46 0.00108585096842
47 0.0871420452184
48 0.00464876033058
49 0.000790864549979
50 0.00094322039756
51 0.000876471606648
52 7.23625201454e-05
53 0.00175096864811
54 0.000544436933502
55 0.00335455866997
56 0.00365977421389
57 0.00370457149335
58 0.000483846253135
59 0.000195608587217
60 0.000763336747538
61 0.000485862336846
62 0.000607518349534
63 0.0089526789158
64 0.00217296532375
65 0.00718186200596
66 0.00146775021649
67 0.00440087172274
68 0.000937707470067
69 0.00267682850718
70 0.000280826070765
71 0.000648695906164
72 0.00517106425956
73 0.605385537238
74 0.000229594662683
75 0.000427589877682
76 0.000130376376815
77 0.0168547970057
78 0.0234891051447
79 0.00542539622321
80 0.000316161785803
81 0.000505910856926
82 0.000846965269849
83 0.000777426617858
84 0.00138310224711
85 0.000809703218983
86 0.000314183035816
87 0.000938705296514
88 0.000572646610039
89 0.001517650269
90 0.0509519942728
91 0.00192486755542
92 0.0014882201345
93 0.00163459249481
94 0.00108630321789
95 0.000467696746926
96 0.159067325166
97 0.000751585132755
98 0.000486878052239
99 0.00240017157766
100 0.00079723183391
101 0.00315909631391
102 0.00103376595642
103 0.00716532869301
104 0.00242036817329
105 0.000230878356868
106 0.00050817924661
107 0.000511865031429
108 0.0018661412937
109 0.000474672715541
110 0.00162427272554
111 0.00081004045481
112 0.00050635126519
113 0.000846965269849
114 0.00048516369423
115 0.000213491594826
116 0.00278091430664
117 0.00105376048577
118 0.00100936524454
119 0.00300832152988
120 0.00104746714504
121 0.000938705296514
122 0.00426768990635
123 0.210610439287
124 0.000699326170097
125 0.00044072066423
126 0.000892442156272
127 0.00281276010992
128 0.000927067258385
129 0.00366614783276
130 0.000151014273208
131 0.000848096013278
132 0.00157041666267
133 0.00292255409971
134 0.00141943854552
135 0.00514733168006
136 0.000327923274051
137 0.000665579013157
138 0.00142998375821
139 0.000631297189465
140 0.000507161427214
141 0.000550003696025
142 0.00166011157488
143 0.00142509158335
144 0.000550003696025
145 0.000224893919201
146 0.0187158119698
147 0.00438648979862
148 0.00707060450622
149 0.00186061168397
150 0.00449321713224
151 0.00145383756688
152 0.00124968925738
153 0.00290846501628
154 0.00150577716909
155 0.00104746714504
156 0.000836264806227
157 0.000869022016287
158 0.000595040688591
159 0.00403283435226
160 0.0079272554729
161 0.0130690334388
162 0.00240714322092
163 0.00107450707397
164 0.00111111111111
165 0.0058539475217
166 0.00393744520543
167 0.0018345946012
168 0.000523390002442
169 0.000235778677503
170 0.000866467120715
171 0.000500030401848
172 0.00460649282731
173 0.0061641677665
174 0.0521987804803
175 0.00280225302238
176 0.000438536178551
177 0.392090387264
178 0.00187565143719
179 0.000864374215739
180 0.0012185371872
181 0.000688707989813
182 0.000177758143055
183 0.000580013580806
184 0.000419226463453
185 0.000283108165862
186 0.000338221693751
187 0.0246718981112
188 0.0241822054809
189 0.0088168429294
190 0.00885140833193
191 0.00284292625816
192 0.00099378806712
193 0.00130905785207
194 0.00370457149335
195 0.000809703218983
196 0.00149904351801
197 0.000631297189465
198 0.000631297189465
199 0.000490334141142
200 0.00214496803542
201 0.000930066274133
202 0.00145818262598
203 0.00357931890591
204 0.0062438255043
205 0.00241876863548
206 0.00162227339474
207 0.000199495674934
208 0.00167248021658
209 0.00469708441566
210 0.00276099341837
211 0.0103639843203
212 0.00145695092782
213 0.000434027777778
214 0.00110060420925
215 0.22155968222
216 0.000187974203478
217 0.000208150219411
218 0.000681002959366
219 0.000251453469812
220 0.00166011157488
221 0.00047430673812
222 0.000172385921772
223 0.000490334141142
224 0.00317956878651
225 0.00628281590633
226 0.0018123476658
227 0.00227870382279
228 0.00200480423091
229 0.000533631820075
230 0.00434705946181
231 0.000560069372137
232 0.000513722979199
233 0.00202378560216
234 0.00214902855138
235 0.0222532686263
236 0.00498739187334
237 0.000375812893255
238 0.0785522870937
239 0.00334507392529
240 0.000209659916873
241 0.000517769221058
242 0.000186692200715
243 0.0002315130737
244 0.00178922449551
245 0.000211242889047
246 0.00134316493517
247 0.000437057630905
248 0.000304022343811
249 0.000458921395209
250 0.000563667863446
251 9.36902198756e-05
252 0.000758671598813
253 0.000564083790643
254 0.000550003696025
255 0.0256421686984
256 0.00865606885524
257 0.0707846835478
258 0.000146596517518
259 0.00069522857666
260 0.00057135687934
261 0.013099986294
262 0.00161745691783
263 0.000559246143346
264 0.00243898137139
265 0.000496889647174
266 0.0010447394297
267 0.00171244252481
268 0.00104307364758
269 0.0207436726749
270 0.00258592552635
271 0.000207028621707
272 0.000467696746926
273 0.000228735888368
274 0.00956822416347
275 0.000251453469812
276 0.00084015963033
277 0.000908355959887
278 0.00166011157488
279 0.000471768967566
280 0.000952353679338
281 0.000473412760633
282 8.68203954535e-05
283 0.000193909866755
284 0.0018345946012
285 0.000669273920932
286 0.301868577479
287 0.00592600375047
288 0.00054931640625
289 0.00442083521956
290 0.000261832196982
291 0.00428776167861
292 0.000434027777778
293 0.00283190716413
294 0.0018123476658
295 0.0271828370839
296 0.00335455866997
297 0.00232053823679
298 0.00226636472668
299 0.00966208109588
300 0.000429719836418
301 0.000783547415369
302 0.00162427272554
303 0.000523390002442
304 0.00099378806712
305 0.00050635126519
306 0.00279928982997
307 0.00321408667226
308 0.00576478617739
309 0.000254525078668
310 0.000671501896139
311 0.0531941395101
312 0.00930179679562
313 0.00442127730308
314 0.00717739009147
315 0.000915927282053
316 0.00333040351058
317 0.00119845333775
318 0.000526154720333
319 0.000550003696025
320 0.000107665399399
321 0.00419601805595
322 0.0015564994386
323 0.155564870592
324 0.00527740352712
325 0.00149869626089
326 0.00263905840659
327 0.00329662782445
328 0.000485862336846
329 0.00047430673812
330 0.00024784434899
331 0.00143391565877
332 0.000230878356868
333 0.00113320711433
334 0.000215514660983
335 0.00338738912309
336 0.00207546110647
337 0.0106169234377
338 0.00199153287481
339 0.000390696127422
340 0.0922921662189
341 0.00258646364163
342 0.00372170258331
343 0.00118049940547
344 0.001779872063
345 0.0056370089194
346 0.000406477627471
347 0.00677868362907
348 0.00410726056633
349 0.000831476282106
350 0.00466974422469
351 0.00274614126919
352 0.000275676556691
353 0.00119592389273
354 0.00365977421389
355 0.000837019320915
356 0.00253027217632
357 0.000473412760633
358 0.000457679551707
359 0.00130905785207
360 0.000210136577657
361 0.0013387588377
362 0.00383377396528
363 0.00502153389362
364 0.0183030065109
365 0.00238502004982
366 0.00108825120023
367 0.00390365889123
368 0.00111378306902
369 0.00210149358225
370 0.00202848496044
371 0.48170241969
372 0.00326157754026
373 0.218996308919
374 0.00194170203406
375 0.00109308695988
376 0.0254928934231
377 0.0074623347676
378 0.00167915195185
379 0.00222085574366
380 0.000236591080553
381 0.000984239425798
382 0.00118325157895
383 0.00081004045481
384 0.00260177083796
385 0.000480162376862
386 0.000258579328805
387 0.00021746055342
388 0.00133577263006
389 0.00261159013479
390 0.299329327469
391 0.0017998824467
392 0.214535285647
393 0.0227025822975
394 0.00100959032912
395 0.000918273645546
396 0.00324924068004
397 0.000961784970357
398 0.000646365986785
399 0.0046802239317
400 0.000563825258892
401 0.00418405188739
402 0.0138104957495
403 0.00080707420223
404 0.0068661674005
405 0.000856572266463
406 0.000878711788755
407 0.00047430673812
408 0.0111225703245
409 0.000316145044783
410 0.000314183035816
411 0.00024784434899
412 0.000983489814659
413 0.00370457149335
414 0.000878711788755
415 0.000550003696025
416 0.000236231880046
417 0.00215480067087
418 0.00589620050662
419 0.000894401257752
420 0.00146413057072
421 0.000425475715888
422 0.00218359682068
423 0.00365647725981
424 0.0206450169287
425 0.00456736111111
426 0.00155714770992
427 0.00130633217602
428 0.000366432228213
429 0.000296561992897
430 0.000613968202312
431 0.000311711992084
432 0.0186035190692
