1 0.000243455129519
2 0.181907031787
3 0.00270914150784
4 0.000528790192386
5 0.00143451287478
6 0.000489594438924
7 0.000233229058176
8 0.00132921006944
9 0.00433736532487
10 0.0010499699835
11 0.00106222231322
12 0.000220059660619
13 0.000389953305431
14 0.0272703542068
15 0.00305588585018
16 0.00593540851043
17 0.00957901121735
18 0.00517372538199
19 0.00051652892562
20 0.00421250924556
21 0.00098586046487
22 0.00186140607636
23 0.0064522651835
24 0.000515591061218
25 0.000889591165591
26 0.000202721411337
27 0.000683497799991
28 0.00018488663284
29 0.00213747076702
30 0.0299887673171
31 0.00193126746969
32 0.000375596769868
33 0.000921690474765
34 0.000346004287132
35 0.000606663592904
36 6.4228163812e-05
37 0.000218571132314
38 9.40972680965e-05
39 0.00108414428064
40 0.000622194180883
41 0.0014076860479
42 0.000344496097337
43 0.00590504064768
44 0.0163972918346
45 0.300114274304
46 0.0227742956354
47 0.00011734888695
48 0.00626871429221
49 0.000536633604665
50 0.00184357590306
51 0.00210498814684
52 0.00990155925381
53 0.00709721415402
54 0.00404363488593
55 0.00181058818085
56 0.121950240663
57 0.00119234760844
58 0.000205916065073
59 0.000350674871328
60 0.00479090196374
61 0.000282276130188
62 7.29128034883e-05
63 0.00108965866043
64 0.000196545407363
65 5.47794754155e-05
66 0.00093393020313
67 0.00174033886914
68 0.000367018519778
69 0.00369090941482
70 0.000804849990439
71 5.83706376956e-05
72 0.000277407777449
73 0.000973931378762
74 0.00117924200369
75 0.000908148644671
76 0.000712356511888
77 0.000778193307538
78 0.00246521109273
79 0.000747544957986
80 0.00109161825066
81 0.00528320083244
82 0.00370587434363
83 0.569182805279
84 0.00254395980262
85 0.000355625705043
86 0.00295001993583
87 0.00127106324604
88 0.00319080400315
89 0.000717474489796
90 0.00105154409472
91 0.000356272895838
92 0.000349775654099
93 0.000264931092044
94 0.000230440465346
95 0.000519313857578
96 0.000965020933305
97 0.000985095115646
98 0.00201959700793
99 0.00567714605841
100 0.00152001011244
101 0.00101270253038
102 0.000175199482646
103 0.000224438552932
104 0.000254813116595
105 0.000263303650651
106 0.00712619481111
107 0.0386429618192
108 0.490257880498
109 0.000857293938793
110 0.000413113887236
111 0.0010499699835
112 0.00302311026086
113 0.000525920237345
114 0.000474334856221
115 0.000717474489796
116 0.000922074352513
117 0.00201347797502
118 0.00786880596472
119 0.000739130859877
120 0.0184861450996
121 0.00146209085038
122 0.00124644717756
123 0.0017589394145
124 0.00062823227434
125 0.00997604430168
126 0.0121297815932
127 0.000450599510489
128 0.000226981745702
129 0.000777593312698
130 0.00164170350263
131 0.000323534108816
132 0.00126626405693
133 0.00212049065783
134 0.000324915245744
135 0.0109869220749
136 0.00363170793124
137 0.000614297604035
138 0.000563498950416
139 0.000221937864334
140 0.000470133721075
141 0.000901943413779
142 0.00106995457024
143 0.000809231099431
144 0.000856632956573
145 0.000198024550403
146 0.000488601513023
147 0.000499246348026
148 0.00124499759242
149 0.0110040207447
150 0.000347036364969
151 0.00343490453381
152 0.000786122354937
153 0.00247672627095
154 0.00175696511169
155 0.000365931848562
156 0.000896415124968
157 0.0023773291038
158 0.00427969845488
159 0.0017589394145
160 0.0146227128837
161 0.000153598679051
162 0.00444562607828
163 0.000459145706806
164 0.0242491906327
165 0.00187701157243
166 0.000164365548981
167 0.00104822044304
168 0.000822861457085
169 0.000921690474765
170 0.000469319284292
171 0.000263455544116
172 0.000346004287132
173 0.00045039072296
174 0.000159724873905
175 0.000304486456585
176 0.00176978761812
177 0.00107268972469
178 0.141203516936
179 0.000508075643211
180 0.0010991153975
181 0.000499342130376
182 0.00093393020313
183 0.00873273293111
184 0.00567061312411
185 0.00247733094045
186 0.000269669121895
187 0.00245817885966
188 0.0188442873308
189 0.00740768070314
190 0.00431114250108
191 0.00208153442291
192 0.00050635126519
193 0.000842373438527
194 0.00157236325891
195 0.00226757369615
196 0.000459708904966
197 0.000718581703515
198 0.00211692605385
199 0.0069978441726
200 0.044028579017
201 0.00195127189814
202 0.00192644623929
203 0.10252745703
204 0.00119358317878
205 0.00382477491674
206 0.00199012506664
207 0.000500926112196
208 0.00032394816622
209 0.000670772734331
210 0.00307573086154
211 0.00113709688732
212 0.00388526261296
213 0.0361073608052
214 0.00123026692334
215 0.000376161360585
216 0.00100327281982
217 0.00574868454712
218 0.00359101684692
219 0.000226981745702
220 0.000346004287132
221 0.000184480040124
222 0.00104245007943
223 0.00150802742276
224 0.00164876387326
225 0.00138443131907
226 0.00191471211247
227 0.0012111190922
228 0.000717072152843
229 0.000783470416805
230 0.00127927596117
231 0.00404149973589
232 0.000911020794383
233 0.00106568971785
234 0.000188944391304
235 0.00524054015418
236 0.000370963031902
237 0.00163081373692
238 0.0134457966323
239 0.000462513270706
240 0.00397185439918
241 0.00604738295516
242 0.00192948250205
243 0.0034325123277
244 0.000774589175101
245 0.00196994460197
246 0.00157236325891
247 0.000239199722066
248 0.00587245994402
249 0.000164365548981
250 0.00164807746033
251 0.000818589978762
252 0.047194728916
253 0.0386324701634
254 0.00151796255692
255 0.00114671395528
256 0.00278535346996
257 0.000286954700121
258 0.000913776630647
259 0.00654562570819
260 0.010124734843
261 0.000505797100236
262 0.000423377195211
263 0.000277851629893
264 0.00117826723604
265 0.0151699017119
266 0.0017135850945
267 0.000225187617253
268 0.000108597423444
269 0.00513135075911
270 0.000356509268432
271 0.000215679759961
272 0.000818589978762
273 0.000607785831468
274 0.00115999208771
275 0.000525086093116
276 0.00149804461815
277 0.00085169222887
278 0.000241056125014
279 0.000842447334187
280 0.0123838713453
281 0.00103105799175
282 0.00108682526265
283 0.0056736532038
284 0.00567367030465
285 0.00389422152369
286 0.00967709992822
287 0.000457250958729
288 0.00139261702182
289 0.00186538026256
290 0.0009765625
291 0.000633040870614
292 0.000842447334187
293 0.000205980817335
294 0.000975621497974
295 0.00247245200085
296 0.000495587683734
297 0.00220290919025
298 0.00297750229568
299 0.000175721711722
300 0.0023036407333
301 0.00172485619065
302 0.000162442756845
303 0.000562598792348
304 0.000483623775034
305 0.000141723356009
306 0.000360016145846
307 0.00106912962454
308 0.000526740705734
309 0.0026986001012
310 0.000299844455689
311 0.0253774614716
312 0.0170510354856
313 0.000867115943744
314 0.00319401834384
315 0.000705571659077
316 0.000385791091416
317 0.00103501067355
318 0.00668056863557
319 0.00033593192353
320 0.000373260011132
321 0.000500926112196
322 0.0155043026664
323 0.0157920526666
324 0.000192566772152
325 0.000693859459811
326 0.000759833868422
327 0.000483996941527
328 0.000266555601833
329 0.000513850260974
330 0.000921690474765
331 0.000346004287132
332 7.18184429762e-05
333 0.000223167401806
334 0.000512792743121
335 0.0169461853577
336 0.00606053854285
337 0.12396535978
338 0.449465440225
339 0.00185632639203
340 0.00315419813552
341 0.000537078722407
342 0.000780585501324
343 0.000239608444737
344 0.144275070782
345 0.00201801087306
346 0.00197422524222
347 0.00106912962454
348 0.145841341908
349 0.00134943773428
350 0.000476791287757
351 0.00127106324604
352 7.18184429762e-05
353 0.00226757369615
354 0.000503647606369
355 0.000429008085258
356 0.000439990692241
357 0.000346004287132
358 0.00060472979698
359 0.00458254956351
360 0.0447405604799
361 0.000466888631747
362 0.0189504651249
363 0.0110456682189
364 0.00413709898319
365 0.0176747584349
366 0.0069619950357
367 0.0409708571289
368 0.00142184730952
369 0.000451878218098
370 0.0193560721214
371 0.00214667941789
372 0.00244697486836
373 0.123471634784
374 9.58817298862e-05
375 0.0365071842358
376 0.00367927176316
377 0.000137488082274
378 0.00015990670659
379 0.00116660485581
380 0.000526147311692
381 0.000346004287132
382 0.000448865268601
383 7.86236016404e-05
384 0.000889591165591
385 0.000215520133103
386 0.000586642726146
387 0.00022536137313
388 0.00179372312851
389 0.00054794568587
390 0.00715012573814
391 0.0172410097907
392 0.00979795833369
393 0.000925826390755
394 0.00301005127969
395 0.00213402599229
396 0.000709008788208
397 0.0057681339068
398 0.00122362992817
399 0.000209659916873
400 0.00599554711913
401 0.00170436332111
402 0.000156493273892
403 0.000614297604035
404 6.05087666745e-05
405 0.00374691449879
406 0.000492950414709
407 0.00490121010063
408 0.00092619923583
409 0.000469319284292
410 0.000196545407363
411 0.00050635126519
412 0.000112980991716
413 0.000681067129565
414 8.13441747508e-05
415 0.013026309225
416 0.00054329011858
417 0.000697337926318
418 0.000657653109715
419 0.00380177514793
420 0.00021917878865
421 0.00318399791723
422 0.00378698224852
423 0.00100327281982
424 0.000196010042632
425 0.00940905379235
426 0.00301792259942
427 0.00324354258139
428 0.00053091959158
429 0.0016618646914
430 0.041457283056
431 0.000344531780772
432 0.0210146922225
