1 0.00021507526374
2 0.00255682497281
3 0.00130515225619
4 0.000235793661279
5 0.000752208691206
6 0.00156477995282
7 0.00124323582821
8 0.00550691054179
9 0.000776390073709
10 0.00018106538329
11 0.00273399562195
12 0.0262360963315
13 0.00278634438222
14 0.00587963313691
15 0.00466516327361
16 0.00027370782872
17 0.00140734927688
18 0.00426876064308
19 0.00358135275573
20 0.000469319284292
21 0.000747771875201
22 0.00923784747534
23 0.00119720138438
24 0.0601252608767
25 0.00272955961605
26 0.0149910383823
27 0.000625
28 0.00518721545568
29 0.00411743989365
30 0.00102765062099
31 0.000398102810339
32 0.000480000981472
33 0.000889430811699
34 0.000910592594831
35 0.000180333824246
36 0.0069560330022
37 0.00252360333096
38 0.00131158537951
39 0.004150390625
40 0.000479561113288
41 0.155586125584
42 0.00549574759945
43 0.0221381043973
44 0.333440672905
45 0.00175997490148
46 0.00064727990111
47 0.000962062482058
48 0.00107256490162
49 0.00272685572262
50 0.00700985953093
51 0.00333850536927
52 0.00276324519683
53 0.000554511408079
54 0.00207553101809
55 0.00135928312059
56 0.000872162862955
57 0.00105566343886
58 0.0049618147448
59 0.000711111111111
60 0.00037510350107
61 0.000341416435733
62 0.000877914951989
63 0.0381708228958
64 0.00661482672322
65 0.00084968261647
66 0.00488968039131
67 0.00623878929078
68 0.000679069088499
69 0.0249364816473
70 0.00110359092215
71 0.00240093971508
72 0.00111938751537
73 0.01569155171
74 0.00113409540578
75 0.000240817995154
76 0.00021080299472
77 0.000747589402806
78 0.00112900616479
79 0.00195656140442
80 0.00516371647896
81 0.00238147005335
82 0.000179870142189
83 0.000921373301218
84 0.00130381113249
85 0.000654773191805
86 0.000574345649653
87 0.00102582287458
88 0.00043987320391
89 0.000524019894771
90 0.000489547147414
91 0.00144031805962
92 0.00324345489837
93 0.202787098863
94 0.00557358345043
95 0.00071670138189
96 0.001313
97 0.00160077543657
98 0.00103872038625
99 0.00168981690014
100 0.00103872038625
101 0.000689541466287
102 0.000732658714455
103 0.00147265225315
104 0.128550988088
105 0.0147424446886
106 0.000256
107 0.00020783732726
108 0.000708507387432
109 0.00376457463822
110 0.000163578170238
111 0.00109483131488
112 0.000527985780709
113 0.00101375771782
114 0.000509911506731
115 0.000476584937575
116 0.493778175937
117 0.00114957613213
118 0.000213463484567
119 0.00184749153586
120 0.00154577828769
121 0.00358315114123
122 0.00300243948208
123 0.000244072481642
124 0.000359790089827
125 0.000460291422577
126 0.000507288738106
127 0.00285027781766
128 0.00141450451922
129 0.0013871370577
130 0.00218972375955
131 0.00826281860728
132 0.00211194312284
133 0.000987027636774
134 0.00273022518981
135 0.000258403084275
136 0.000872162862955
137 0.000776390073709
138 0.000639910012654
139 0.000993740051098
140 0.000717623062988
141 0.00317397341797
142 0.00478681914862
143 0.020515755775
144 0.0020544262453
145 0.00157868214673
146 0.000427430620713
147 0.00103132079886
148 0.000226554887789
149 0.000145338783469
150 0.0743727060935
151 0.00246008229388
152 0.00307040722625
153 0.00175213554661
154 0.000474199155078
155 0.011204799474
156 0.00159967281674
157 0.00713891349404
158 0.00215647600263
159 0.00118494015923
160 0.0129530359001
161 0.000234876176216
162 0.00330153584375
163 0.000474271604938
164 0.00120374040311
165 0.0116409683782
166 0.000569412847411
167 0.00236790681251
168 0.00114909508762
169 0.000639910012654
170 0.000226981745702
171 0.000480917205294
172 0.000877914951989
173 0.000215470078276
174 0.00156351604113
175 0.00059705507356
176 0.00153223309541
177 0.000225281513892
178 0.00180293696254
179 0.00494240020255
180 0.0254350405953
181 0.0033159209472
182 0.00586092095357
183 0.000687486108378
184 0.000542770667364
185 0.00490761270764
186 0.0953246884002
187 0.0176265668398
188 0.000731789036105
189 0.000268744961032
190 0.00224746227709
191 0.000387757971535
192 0.0022874908216
193 0.000375556553079
194 0.00441532449371
195 0.000374416509312
196 0.000573428164589
197 0.000448865268601
198 0.00120276085095
199 0.000129485131896
200 0.00191776646764
201 0.00341541575308
202 0.00276859258011
203 0.00267346550674
204 0.00307862539826
205 0.000271400394477
206 0.001296
207 0.000595690893421
208 0.000325382151312
209 0.000493152274463
210 0.00421314220589
211 0.526209589492
212 0.029312706519
213 0.0135857147562
214 0.000505440970964
215 0.00349868969971
216 0.000527985780709
217 0.000334646162585
218 0.000562938937419
219 0.0019557468493
220 0.00037510350107
221 0.000776390073709
222 0.000184480040124
223 0.000439136089328
224 0.00081289279319
225 0.000555199734215
226 0.00235434637286
227 0.000309557806794
228 0.00114606967735
229 0.0502332718583
230 0.000922637020946
231 0.000738198647205
232 0.000990332328086
233 0.000997374377546
234 0.00129621161775
235 0.000434752062638
236 0.00110255506349
237 0.00121301775148
238 0.000824792879691
239 0.00228039693942
240 0.000988874777246
241 0.000661992158313
242 0.123957519605
243 0.000198373338623
244 0.00053471185352
245 0.000484309908748
246 0.000514655748828
247 0.000228517467724
248 0.00031980925995
249 0.00120465788817
250 0.00064774445472
251 0.000444335118257
252 0.000256
253 0.00102978258447
254 0.00325477134281
255 0.00215326902134
256 0.000640416170446
257 0.0152494872106
258 0.000418948489929
259 0.000210238592355
260 0.00115397519739
261 0.0112518962963
262 0.000927619881986
263 0.000902197480386
264 0.00168134311374
265 0.00150404750164
266 0.00118809077212
267 0.000453963491405
268 0.000916495076896
269 0.000479234206741
270 0.00330477503392
271 0.000552073322404
272 0.00204283571132
273 0.000497883218702
274 0.00168981690014
275 0.00208930858766
276 0.00228983424206
277 0.00220288163709
278 0.000191900451641
279 0.00097840061329
280 0.00120842712542
281 0.00143835846217
282 0.000206505146102
283 0.0211840614218
284 0.000494369529657
285 0.00210489558647
286 0.0146622050305
287 0.00250919344519
288 0.00103132079886
289 0.000699656154932
290 0.00265688870574
291 0.000553112519016
292 0.000946180830794
293 0.00175696511169
294 0.00219239357793
295 0.00433538247896
296 0.00696424896505
297 0.00045079156525
298 0.000856371847695
299 0.000197061105812
300 0.00102582287458
301 0.000458799648421
302 0.00110226072667
303 0.00168698520076
304 0.000992060491493
305 0.00167014352383
306 0.00064057252205
307 0.377142782155
308 0.00098690470728
309 0.00680402183281
310 0.00329848488187
311 0.00121960399821
312 0.00283970962305
313 0.0101130279595
314 0.00116342708444
315 0.000552073322404
316 0.00192156126853
317 0.000726191014981
318 0.00103211657108
319 0.00208817037553
320 0.00276753940818
321 0.0105844298803
322 0.0833416360426
323 0.00350955503099
324 0.000849366790422
325 0.0235520533952
326 0.000270348454964
327 0.0028491911177
328 0.000191432818342
329 0.00124323582821
330 0.00102501210767
331 0.00045113395793
332 9.08413199811e-05
333 0.000514655748828
334 0.00023936160851
335 0.00117775247387
336 0.000455380926496
337 0.357131776296
338 0.000858854536297
339 0.00234727341407
340 0.00360562396993
341 0.00481459915528
342 0.000541058135818
343 0.000858854536297
344 0.000461354287415
345 0.000507077543793
346 0.000654773191805
347 0.00026929651545
348 0.00097486928402
349 0.00405391601419
350 0.000688910447008
351 0.00166597273668
352 0.00323716339776
353 0.000470070195147
354 0.00471479289941
355 0.000423377195211
356 0.0044620287772
357 0.000545580478449
358 0.000719890260631
359 0.00168981690014
360 0.000550003696025
361 0.0011741796359
362 0.000752208691206
363 0.00711774347822
364 0.000877914951989
365 0.000451111348117
366 0.000698580398992
367 0.0181454941356
368 0.000449597969114
369 0.00351489082872
370 0.000624822596935
371 0.00210928646374
372 0.00103116050139
373 0.000434752062638
374 0.00648205128205
375 0.00290494590801
376 0.00049936019475
377 0.000226554887789
378 0.000566206399457
379 0.000205179335556
380 0.00346020761246
381 0.000525086093116
382 0.000711111111111
383 0.000399360767182
384 0.000374416509312
385 0.000311711992084
386 0.000299363696689
387 0.00956266347266
388 0.00162194436401
389 0.0124243757017
390 0.010725520782
391 0.00096007423013
392 0.00299845041322
393 0.00791601580204
394 0.0018438873343
395 0.000511757338731
396 0.00127693495706
397 0.011010969356
398 0.00109070597475
399 0.00189009519166
400 0.670108468643
401 0.00365061737858
402 0.00102582287458
403 0.0240611293739
404 0.00592586786374
405 0.000257141581639
406 0.00441599745888
407 0.00301160023795
408 0.0011070072878
409 0.000226789262975
410 0.000838338122468
411 0.000776390073709
412 0.000711111111111
413 0.0010251683357
414 0.000872162862955
415 0.000553112519016
416 0.00454866573165
417 0.00165006790403
418 0.000917326114119
419 0.00149033181708
420 0.005206114421
421 0.00121284126631
422 0.000717687416315
423 0.00022236101619
424 0.011551503444
425 0.00376233329137
426 0.00192515923439
427 0.00417229459033
428 0.00077294627646
429 0.00459127520193
430 0.126317763151
431 0.00348622096919
432 0.00258328394627
