1 0.000228517467724
2 0.00182177306222
3 0.000509149091206
4 0.000471948719883
5 0.000941909066529
6 0.000541840489096
7 0.00021746055342
8 0.000734728766632
9 0.000229568411387
10 0.000864395344915
11 0.000889591165591
12 0.128982180965
13 0.00039348872139
14 0.0250829160147
15 0.000598582969045
16 0.000187746905175
17 0.00127388619508
18 0.00378489779562
19 0.00541909860591
20 0.00224569660555
21 0.00146279785391
22 0.000346194005962
23 0.00121514451497
24 0.0618067641498
25 0.00490609135406
26 0.00361413143525
27 0.000168662506325
28 0.00265479582619
29 0.000179268570228
30 0.000502886695156
31 0.00184090868285
32 0.000543638755403
33 0.000494706247388
34 0.000553881445835
35 0.000174562791805
36 0.000881910009183
37 0.00233659787698
38 0.000521256854528
39 0.0100538080057
40 0.00198331393729
41 0.0283254189223
42 0.0591252980882
43 0.00270077731888
44 0.00762156714538
45 0.000601910125669
46 0.00302867257286
47 0.000562276162776
48 0.00144341891412
49 0.00128911555002
50 0.0100542596814
51 0.00878339066439
52 0.00188366763661
53 0.000498246173469
54 0.00108087821355
55 0.000737654384181
56 0.00158186983471
57 0.00106525596967
58 0.000883724133511
59 0.000158887084245
60 0.00120982986767
61 0.000193704767494
62 0.263653897723
63 0.0404775228319
64 0.00161431146789
65 0.00273510450188
66 0.0012590761352
67 0.00114786256225
68 0.00512575533812
69 0.00105721533349
70 0.00427440015237
71 0.000858412410476
72 0.0198990657894
73 0.00116272931942
74 0.000540134808646
75 0.000462879301815
76 0.000437667407783
77 0.00256153253402
78 0.0122113065318
79 0.0414316424068
80 0.00282347838302
81 8.4106258636e-05
82 0.00100715791028
83 0.00108087821355
84 0.000476033057851
85 0.000186056111907
86 0.0002070917231
87 0.000881910009183
88 0.00045423855446
89 0.000565828995018
90 0.0043330694361
91 0.00137867198
92 0.267920912577
93 0.00349015259377
94 0.000389337994592
95 0.00104593407231
96 0.000932236047089
97 0.00110292615841
98 0.000363580867567
99 0.000560469754362
100 0.00120615103385
101 0.000556539424119
102 0.000569969698736
103 0.314653706938
104 0.00486341907151
105 0.000411773697082
106 0.000887036367064
107 0.000503627731274
108 0.0034864518483
109 0.000927619881986
110 0.000238978739294
111 0.000476033057851
112 0.000554856491164
113 0.000543638755403
114 0.000890940220309
115 0.304632561904
116 0.00186252987925
117 0.00025326248753
118 0.00474411703457
119 0.000673578443694
120 0.000351763263592
121 0.000228937728938
122 0.000295027882666
123 0.000958722474325
124 0.00146257493439
125 0.000916645043474
126 0.00193473629246
127 0.00103872038625
128 0.00178016361285
129 0.00140521473898
130 0.0180554345274
131 0.00648723781265
132 0.0011392292767
133 0.0031441712
134 9.40312213039e-05
135 0.00100959032912
136 0.000249964848693
137 0.000524124837312
138 0.000284008234268
139 0.000376701894875
140 0.00130990282444
141 0.0808311863247
142 0.00677178712784
143 0.0115721857864
144 0.000590880714931
145 0.000402572340639
146 0.00154156907462
147 0.00108682526265
148 0.000240376521293
149 0.0809299822729
150 0.000953537573523
151 0.00115603996009
152 0.000724944241533
153 0.000725736476208
154 0.00863148538537
155 0.00220254331293
156 0.00538299186999
157 0.00218085585915
158 0.00116272931942
159 0.00588394741647
160 0.00108881852268
161 0.00171376105953
162 0.000643352215594
163 0.000229568411387
164 0.0265742826461
165 0.000484309908748
166 0.00335029244935
167 0.00614152393353
168 0.00104432246357
169 0.000268883057263
170 0.00143451287478
171 0.000754126572558
172 0.000416493127863
173 0.000799817385445
174 0.001454419963
175 0.00687005817303
176 0.00192941380506
177 0.00193554209683
178 0.00684549179344
179 0.0052173661695
180 0.000894108816354
181 0.00250668002374
182 0.000333970281454
183 0.00525533401303
184 0.00119705092663
185 0.00934803597407
186 0.0355693908498
187 0.00031259440351
188 0.000835061579932
189 0.00103211657108
190 0.00100426502678
191 0.00350130004839
192 0.000802941672106
193 0.000199777747256
194 0.000495497777384
195 0.000686303302435
196 0.000216087688859
197 0.000839662861897
198 0.000168662506325
199 0.00147022846174
200 0.0176646475002
201 0.00117047761976
202 0.0126821186698
203 0.00352738317468
204 0.000518108509918
205 0.00692204617374
206 0.000167442528366
207 0.000238791366236
208 0.000332471478602
209 0.000755128689894
210 0.186305787634
211 0.00628698224852
212 0.00164807746033
213 0.000541840489096
214 0.00121923570103
215 0.000721244343904
216 0.00103872038625
217 0.00200246033235
218 0.000154696987276
219 0.000465139568224
220 0.000937109537693
221 0.00163788994498
222 0.000518826853791
223 0.000462882525529
224 0.0118394381769
225 0.00194170203406
226 0.000175337995547
227 0.00187372944277
228 0.0257639206435
229 0.00016813803137
230 0.00147872376074
231 0.00219019933946
232 0.0012530346934
233 0.000462879301815
234 0.000679084612791
235 0.00894592285156
236 0.00193371757003
237 0.00182023815071
238 0.00281154738755
239 0.00061026574388
240 0.00189075527876
241 0.183168631034
242 0.000525086093116
243 0.00175663133781
244 0.000884406019416
245 0.00084015963033
246 0.000476033057851
247 0.00100715791028
248 0.000414460630882
249 0.0018071756699
250 0.000959826520244
251 0.00110089405169
252 0.0009765625
253 0.00285911283146
254 0.000657382666226
255 0.00080255207356
256 0.026912741673
257 0.00063984342655
258 0.000175199482646
259 0.00238059918891
260 0.00738866082772
261 0.000357106999754
262 0.00375190533128
263 0.000587980179894
264 0.0103121214928
265 0.00107310533374
266 0.000834078773821
267 0.000827795130174
268 0.00109505639999
269 0.000543491470666
270 0.000157231159285
271 0.00070415542943
272 0.000298734948941
273 0.00016813803137
274 0.00325948301862
275 0.0020395421436
276 0.000871454485433
277 8.23971628193e-05
278 0.000486878052239
279 0.00195464132291
280 0.000505887928091
281 0.000824932279115
282 0.0469962291238
283 0.000146135924092
284 0.0116619235177
285 0.00940946637004
286 0.00308630358689
287 0.00127551020408
288 0.00100503992263
289 0.00104432246357
290 0.000366432228213
291 0.00151570814432
292 0.00192780796752
293 0.00422487617559
294 0.00483216089283
295 0.031393733327
296 0.000403452437718
297 0.00111381558261
298 0.000225281513892
299 0.00477975918305
300 0.000512792743121
301 0.00107497984413
302 0.000136594454799
303 0.00150449954086
304 0.000486878052239
305 0.00128115279929
306 0.174873666569
307 0.00155433183988
308 0.00392244169249
309 0.00747023673177
310 0.00158802684444
311 0.000662992865992
312 0.0015564994386
313 0.000386402809745
314 0.000616466794008
315 0.00348579131548
316 0.000647801653743
317 0.000266991328122
318 0.00184357590306
319 0.00193026296139
320 0.00174975436798
321 0.0158351209132
322 0.00411949658171
323 0.000262988675099
324 0.0141375219416
325 0.000503445874695
326 0.000411773697082
327 0.00143451287478
328 0.000214340818582
329 0.000476033057851
330 0.000513749820668
331 0.00275217119923
332 0.00103501067355
333 0.000799817385445
334 0.00191064910344
335 0.00225729052898
336 0.0012570898334
337 0.00103766308992
338 0.00763372021905
339 0.329473974116
340 0.0556038117106
341 0.00176935013171
342 0.00192948250205
343 0.00023944120409
344 0.000498246173469
345 0.00134455510514
346 0.000248489407654
347 0.000572443008423
348 0.00238165945313
349 0.000703994070173
350 0.0014981619018
351 0.000913078331242
352 0.00102386095469
353 0.00271957280584
354 0.0016318136375
355 0.00218551127678
356 0.000401926934185
357 0.000484309908748
358 0.000416493127863
359 0.000601910125669
360 0.00324210686288
361 0.00174798192175
362 0.0462653956
363 0.00512050963094
364 0.00052286845933
365 0.00325965488394
366 0.000771575896722
367 0.000599538327428
368 0.00178504981057
369 0.00109282152858
370 0.00299111989693
371 0.00138281770377
372 0.000530493608462
373 0.00923648098121
374 0.00349068641663
375 0.00160280215175
376 0.00101675687507
377 0.000352277876706
378 9.3315002783e-05
379 0.00110089405169
380 0.000928335638068
381 0.00108682526265
382 0.00026217146769
383 0.000254866003609
384 0.000248489407654
385 0.000238978739294
386 0.00269279997255
387 0.00263679296314
388 0.000454582646415
389 0.0393400638018
390 0.0043958084991
391 0.0116007418485
392 0.0519206838411
393 0.00578592471153
394 0.00103347237386
395 0.00107419414675
396 0.00101738609312
397 0.000500030401848
398 0.000880812359102
399 0.00121514451497
400 0.680417127583
401 0.0025158198689
402 0.000758671598813
403 0.0265989692319
404 0.00182164864117
405 0.000976800918579
406 0.0136616630123
407 0.00104432246357
408 0.000231051838009
409 0.000621266807752
410 0.00100959032912
411 0.000227409811134
412 0.000215865980955
413 0.000524124837312
414 0.00085385393827
415 0.000241925555641
416 0.00324816712236
417 0.00723944607948
418 0.000950120643962
419 0.00110499026473
420 0.00206591373493
421 0.00629127987134
422 0.00194762916238
423 0.00835208240158
424 0.00614184215957
425 0.00346503020088
426 0.00165961586538
427 0.00374277799582
428 0.00177625108263
429 0.00674605877729
430 0.110555913894
431 0.00462251890359
432 0.00183136871342
