1 0.00337513009214
2 0.00305526472001
3 0.000871405536146
4 0.000560204474633
5 0.000258893515764
6 0.000618670926847
7 0.00141043143818
8 0.00025004390771
9 0.000184910836763
10 0.000180172064321
11 0.00344832212964
12 0.00229822232715
13 0.00158743254742
14 0.00276426342441
15 0.00139130294387
16 0.00162817078297
17 0.000481306836537
18 0.000208903022484
19 0.00124499759242
20 0.00090754713678
21 0.0022923502016
22 0.000475065159937
23 0.00243049600122
24 0.000437088865417
25 0.00392183218526
26 0.0106913758858
27 0.00288275302914
28 0.00417900844152
29 0.00154520872188
30 0.00248387530234
31 0.000591910776673
32 0.00051652892562
33 0.00035481460486
34 0.00225440929031
35 0.00019090743674
36 0.00418563525197
37 0.000293120262295
38 0.0112853619056
39 0.0310760863875
40 0.00122869430628
41 0.00126435255725
42 0.0846113148745
43 0.00284444444444
44 0.00051889111728
45 0.00339090621077
46 0.000510017144736
47 0.00151537997112
48 0.00112160148043
49 0.000436367894215
50 0.00076158600138
51 0.0113806457807
52 0.00183734164546
53 0.000192233178846
54 0.00627294350551
55 0.00189990469981
56 0.00256369171607
57 0.000174562791805
58 0.000491203913284
59 0.00105542528795
60 0.000324188109315
61 0.000518450313995
62 0.00131742112483
63 0.000531063051326
64 0.00147226729163
65 0.00124687069417
66 0.000883724133511
67 0.00113233835601
68 0.0135488154789
69 0.00386074450946
70 0.465429996475
71 0.000132307878366
72 0.000138888888889
73 0.00352470217299
74 0.00178840993648
75 0.00330201705388
76 0.000714111143397
77 0.00135396636161
78 0.00283335205444
79 0.00970891817118
80 0.000548211012978
81 0.00858698920779
82 0.000918751422419
83 0.00113622017422
84 0.00125744167212
85 0.000426178690929
86 0.000232642463974
87 0.000607860758066
88 0.000179968838081
89 0.0031492412186
90 0.00525740341056
91 0.00106332703214
92 0.000249964848693
93 0.0030685859847
94 0.000281201309501
95 0.00026980544653
96 0.00366614635481
97 0.000488996825993
98 0.000249964848693
99 0.00019090743674
100 0.000896013293937
101 0.000996646502954
102 0.00642642744329
103 0.0167596711165
104 0.122445573698
105 0.00416119924627
106 0.000466828341402
107 0.00140984424774
108 0.000461290017832
109 0.00103828020684
110 0.000437667407783
111 0.000425475715888
112 0.00164811823356
113 0.000518450313995
114 0.000663573199984
115 0.000247026881216
116 0.000646195175005
117 0.00061026574388
118 0.000404395737505
119 0.000512792743121
120 0.00124938495688
121 0.000573939632169
122 0.000224438552932
123 0.0796774893526
124 0.00236304012346
125 0.00126311958987
126 0.00158243147872
127 0.0006956013698
128 0.0013972143007
129 0.00229339610966
130 0.000729927418089
131 0.00125856424552
132 0.00660660850333
133 0.000653124942911
134 0.00597275739413
135 0.000622793681878
136 0.000177288330151
137 0.00180606570288
138 0.00231361462723
139 0.000905067272988
140 0.000966468898494
141 0.000560204474633
142 0.00169806303562
143 0.000951582988758
144 0.000342935528121
145 0.0138896183346
146 0.0188986837338
147 0.00205114641432
148 0.00169835490878
149 0.00757186777993
150 0.0105803073146
151 0.000491203913284
152 0.00120357982118
153 0.00639425796038
154 0.0690226944975
155 0.00673004568664
156 0.0017720917325
157 0.00136566574293
158 0.0165289256198
159 0.00374154444435
160 0.000398086889948
161 0.000319790585774
162 0.000949990617377
163 0.000163316967612
164 0.000313566922948
165 0.000436206081899
166 0.000444335118257
167 0.00168981690014
168 0.000203113275145
169 0.000966468898494
170 0.000279275452298
171 0.0189040489806
172 0.00295830228925
173 0.00793411231036
174 0.000654632832007
175 0.00171233840818
176 0.000956933603714
177 0.000174562791805
178 0.000459451536187
179 0.000119933230922
180 0.0089514971828
181 0.00369408340521
182 0.00217238443193
183 0.000725609870064
184 0.00269646097767
185 0.00189550650192
186 0.000282231850192
187 0.00138076307318
188 0.010516105616
189 0.00421628571498
190 0.0029127055672
191 0.00113622017422
192 0.000372279399689
193 0.000226129232857
194 0.00283603515283
195 0.00196994460197
196 0.00105954804298
197 0.000409775606878
198 0.000333943157515
199 0.000416493127863
200 0.00109535028217
201 0.00179153114719
202 0.000504872848076
203 0.00389863176681
204 0.00280993277405
205 0.000666499370976
206 0.219756914613
207 0.00372609623074
208 0.000428544222248
209 0.000428544222248
210 0.000428544222248
211 0.000919446894533
212 0.00125581150073
213 0.00126046006792
214 0.00111523779692
215 0.0234239148317
216 0.778577569299
217 0.000533597986861
218 0.000828844478259
219 0.0060888949764
220 0.000904516931426
221 0.00114477924134
222 0.000883724133511
223 0.000618928599036
224 0.000426860576835
225 0.000680529300567
226 0.000492076001729
227 0.216560502415
228 0.000270713782005
229 0.00427271014896
230 0.00115091676038
231 0.0170369698292
232 0.00087167948904
233 0.00351101761716
234 0.00981592306193
235 0.00124447927535
236 0.000559468573925
237 0.00113811387418
238 0.000447734813954
239 0.0218026904349
240 0.00191762770288
241 0.000466872830313
242 0.0113710776833
243 0.0045035552758
244 0.00768798571729
245 0.00165630070308
246 0.000455791505651
247 0.000425475715888
248 0.000488996825993
249 0.000322090236801
250 0.00175096864811
251 0.000426178690929
252 0.000232221081698
253 0.000586841235503
254 0.000264857150043
255 0.00158435324458
256 0.00296137533473
257 0.00539622059441
258 0.00144124267676
259 0.0183097538095
260 0.000740333838358
261 0.000136994438347
262 0.0324914204358
263 0.142100210118
264 0.0326059632638
265 0.000971398814293
266 0.00037385722715
267 0.0033048218363
268 0.00068314073955
269 0.00103240272151
270 0.00794669116262
271 0.0049969799681
272 0.000398723065459
273 0.000966468898494
274 0.00175997490148
275 0.000455791505651
276 0.00089402986722
277 0.0011786612335
278 0.00101856043459
279 0.000637690031629
280 0.000179268570228
281 0.000342935528121
282 0.000265587651736
283 0.000651591817989
284 0.00114513064314
285 0.00120261599113
286 0.00161858025667
287 0.000515227025884
288 0.000581372572428
289 0.00163720805907
290 0.00181318445389
291 0.0021720533767
292 0.00580465307486
293 0.0334456654711
294 0.00778403672951
295 0.000711111111111
296 0.000175721711722
297 0.000890963991464
298 0.000231478329543
299 0.000168176797415
300 0.000561973095428
301 0.00704923201658
302 0.000889591165591
303 0.000490537553353
304 0.000908247404632
305 0.000258893515764
306 0.00032866350694
307 0.000501530702619
308 0.0124859218595
309 0.163488897275
310 0.00623479429715
311 0.00264699846394
312 0.00181070656644
313 0.000443999091697
314 0.000428544222248
315 0.000459451536187
316 0.00201156720125
317 0.00148679053564
318 5.15920609372e-05
319 0.0473097926958
320 0.00197729966773
321 0.492852511744
322 0.00425349037559
323 0.00497993223377
324 0.0160358840161
325 0.0114997689082
326 0.0010460848065
327 0.00061026574388
328 0.0012664234717
329 0.000441886316295
330 0.000249964848693
331 0.0169730477452
332 0.000937109537693
333 0.000664257625678
334 0.000455791505651
335 0.000641917507317
336 0.000586841235503
337 0.00122850751431
338 0.05749860803
339 0.0109083520031
340 0.00461624470153
341 0.00114757096026
342 0.000625
343 0.00113153322021
344 0.0448258893846
345 0.000740209395318
346 0.000956530980976
347 0.000789927505781
348 0.000292805739555
349 0.00484731070593
350 0.000652804313344
351 0.00254026387077
352 0.000687995836943
353 0.00413818877516
354 0.00752503991871
355 0.000613022180429
356 0.000487226828032
357 0.000542032779942
358 0.00105954804298
359 0.000186692200715
360 0.00283603515283
361 0.00168134311374
362 0.000442095717613
363 0.000319790585774
364 0.000426178690929
365 0.000564739984675
366 0.000664364638868
367 0.174941396238
368 0.000307595115947
369 0.00229328551526
370 0.000594150156961
371 0.00212519529625
372 0.00294880425866
373 0.00464680439904
374 0.00126995237423
375 0.000357472470649
376 0.0004581359073
377 0.000402982620249
378 0.000579197328283
379 0.000323017281166
380 0.000364541628394
381 0.000729364636733
382 0.00741328923057
383 0.175475902924
384 0.00126046006792
385 0.000491203913284
386 0.00125915564486
387 0.000248979766504
388 0.000181916565745
389 0.000883724133511
390 0.000650234409135
391 0.00282557587665
392 0.000339143766663
393 0.000251952632905
394 0.000846965269849
395 0.000258893515764
396 0.00178740872833
397 0.0493807289262
398 0.0500575780715
399 0.0161340593971
400 0.000232944372139
401 0.00960972971201
402 0.000240681967784
403 0.00756687362169
404 0.00294936915692
405 0.00114898237481
406 0.00226678905197
407 0.00143451287478
408 0.00169835490878
409 0.000174562791805
410 0.25429159627
411 0.00019458668951
412 0.00102036879719
413 0.00089402986722
414 0.000431148662818
415 0.000338065912546
416 0.00285872017834
417 0.00131796982167
418 0.000149794238683
419 0.00237269716056
420 0.0183160844425
421 0.000810683082894
422 0.00334244835974
423 0.00114774544269
424 0.00114774544269
425 0.00468489183287
426 0.00116082755393
427 0.000185472966292
428 0.000295631838556
429 0.0028655142742
430 0.0168133620656
431 0.143989602385
432 0.000503728210645
