1 0.000643285928571
2 0.00119134181306
3 0.00132894600718
4 0.00113883007384
5 0.000489215066889
6 0.00082944
7 0.00319080400315
8 0.00082944
9 0.00133036464925
10 0.00113930438874
11 0.0285816745365
12 0.000411773697082
13 8.11622433244e-05
14 0.0008616802121
15 0.0202194087761
16 0.00196983308358
17 0.000372683770367
18 0.0185206217405
19 0.000975844931526
20 0.00375837637554
21 0.000830637587394
22 0.00243146140638
23 0.00444671235782
24 0.0469480205507
25 0.000815032315151
26 0.000445085367373
27 0.000529804014831
28 0.00221484122758
29 0.000858027556191
30 0.00200926821855
31 0.00079723183391
32 0.00182501031842
33 0.00084321197888
34 0.000591502480896
35 0.00416770685684
36 0.000985095115646
37 0.00336584485365
38 0.00362001976331
39 0.142068670826
40 7.55634737074e-05
41 0.258292628778
42 0.000811999008966
43 0.0011879112287
44 0.00374543335099
45 0.000884670264369
46 0.000504927624598
47 0.00712207801456
48 0.00292830564902
49 0.00720343598432
50 0.0339765097695
51 0.0232812661395
52 0.0163766366422
53 0.000229134239547
54 0.396952880938
55 0.000158839642419
56 0.000236968151444
57 0.000445085367373
58 0.000175763277882
59 0.00503080900868
60 0.00153664
61 0.000836115546523
62 0.000130799033927
63 0.000403219302914
64 0.00043634547684
65 0.0211732011448
66 0.0540220962898
67 0.000225972010578
68 0.0135364275148
69 0.129340660149
70 0.00363992286514
71 0.000865861390195
72 0.0074266109212
73 0.000257542939752
74 0.000243455129519
75 0.000851048752834
76 0.000420603232521
77 0.00038206647223
78 0.000279522060951
79 0.00146774655972
80 0.000573892108284
81 0.000978260131144
82 0.00204039159889
83 0.00814065238284
84 0.00113320711433
85 0.000186269690439
86 0.00079723183391
87 0.00102748844859
88 0.00084321197888
89 0.000528957682539
90 0.000906572582122
91 0.00084321197888
92 0.000244140625
93 0.00218193185939
94 0.00331960688991
95 0.00623126847186
96 0.524231916487
97 0.000378358332136
98 0.0017098399473
99 0.0217180168466
100 0.00155932968823
101 0.0044775500615
102 0.0112105540479
103 0.00109081727127
104 0.000646523233525
105 0.00108048244756
106 0.000240817995154
107 0.00133036464925
108 0.00221608199154
109 0.000454732960318
110 0.00326638514748
111 0.00182577042267
112 0.000494275381175
113 0.00205862299531
114 0.000394309880815
115 0.000200131179734
116 0.000266797540193
117 0.000583757488401
118 0.162433104651
119 0.00112356043819
120 0.000800996796013
121 0.00291691146362
122 0.00142995500616
123 0.000429085187522
124 0.000792253036817
125 0.00466518580221
126 0.000200485550944
127 0.00100781053162
128 0.00179210058509
129 0.00105024005487
130 0.00153975218761
131 0.000176740099449
132 0.00024698293583
133 0.000976026352712
134 0.00325121237385
135 0.00143170197224
136 0.00439026867346
137 0.00171595090607
138 0.000586982898743
139 0.00168460452682
140 0.00112442738297
141 0.00110089405169
142 0.000986815054412
143 0.000978260131144
144 0.000522090865495
145 0.00082944
146 0.000252453283816
147 0.00085868961449
148 0.000403219302914
149 0.00100781053162
150 0.000675299507837
151 0.000922929017786
152 0.000910374554102
153 0.00319762106946
154 0.000872162862955
155 0.000836115546523
156 0.0016457771125
157 0.00148030045351
158 0.00110428415117
159 0.000655924926468
160 0.000626739734719
161 0.00180615969089
162 0.00189444128151
163 0.000551744730062
164 0.0457074026465
165 0.0172306034721
166 0.00272238372767
167 0.000475894605716
168 0.00127804474932
169 0.00079723183391
170 0.00214902855138
171 0.000213506807615
172 0.000296446812224
173 0.000897007483368
174 0.000360884507719
175 0.00109769298281
176 0.000264392887831
177 0.00803488484059
178 0.00100892583119
179 0.00429025960649
180 0.0239207639277
181 0.00172507900029
182 0.000897007483368
183 0.00166250924001
184 0.000553112519016
185 0.00361562823212
186 0.00219565734669
187 0.000382224474889
188 0.0492635487537
189 0.00084833631822
190 0.00108003262139
191 0.000306722004428
192 0.00035890734546
193 0.00849455286797
194 0.00120604973668
195 0.00663117592809
196 0.000978260131144
197 0.000266797540193
198 0.000384467512495
199 0.000272641781714
200 0.000682426906619
201 0.000622301148222
202 0.000497265832277
203 0.00523699348549
204 0.0241277793062
205 0.00145215434763
206 0.0030722509317
207 0.000353326926338
208 0.00178343145994
209 0.000548973244362
210 0.00875696795595
211 0.00141453895577
212 0.000640922929018
213 0.00175086120024
214 0.000682426906619
215 0.255354621076
216 0.000430940156552
217 0.00139805693206
218 0.00153049803313
219 0.00230373420738
220 0.0884430423907
221 0.000616341024941
222 0.000577847633136
223 0.000442840299743
224 0.0012530346934
225 0.00082944
226 0.000350042811358
227 0.000251066256695
228 0.00818915111816
229 0.0134118291652
230 0.00475601083136
231 0.0263006364843
232 0.0021986088686
233 0.00153664
234 0.000516520601195
235 0.00111111111111
236 0.00403598615917
237 0.000216661066768
238 0.0004860197394
239 0.00391228514781
240 0.000275263712084
241 0.143371441442
242 0.0284143883259
243 0.00268529061643
244 0.000392594243466
245 0.000628766942754
246 0.00205862299531
247 0.00079723183391
248 0.00105948484185
249 0.000846505775673
250 0.000560204474633
251 0.000993740051098
252 0.0233691951313
253 0.000194926430501
254 0.00126411892966
255 0.00171150952549
256 0.00598654473075
257 0.00118252735422
258 0.00175897309997
259 0.000393680732473
260 0.000162971674846
261 0.00559464002897
262 0.000925511718974
263 0.00024698293583
264 0.00800209299736
265 0.00828091714974
266 0.0172787644702
267 0.0101335544475
268 0.00127642177111
269 0.00108087821355
270 0.00138024901993
271 0.000528957682539
272 0.00082944
273 0.000127734958749
274 0.0004
275 0.00188285480362
276 0.000614712109829
277 0.000978260131144
278 0.00528925619835
279 0.00032866350694
280 0.00138024901993
281 0.000526049995792
282 0.00172185153197
283 0.000781466336885
284 0.000411773697082
285 0.00421231897476
286 0.000962101586813
287 0.0119769316777
288 0.00143752012681
289 0.000293036475041
290 0.0304609100156
291 0.0328214791721
292 0.0950828816395
293 0.00189459125486
294 0.034618926276
295 0.00138024901993
296 0.0012530346934
297 0.000985855219902
298 0.00055940976452
299 0.00111038796719
300 0.00251964628989
301 0.000196294331081
302 0.000188944391304
303 0.00016948692468
304 0.00095145665228
305 0.000168662506325
306 0.0204988353245
307 0.000694599197779
308 0.00250304046544
309 0.00832032217276
310 0.0378025029987
311 0.000676601289719
312 0.000541532310801
313 0.000528957682539
314 0.00185216882122
315 0.00494919785082
316 0.00162712323663
317 0.13427584218
318 0.000839502598859
319 0.00032866350694
320 0.00147152728331
321 0.000522822357446
322 0.00265712720092
323 0.000653605931592
324 0.000305087538396
325 0.00109081727127
326 0.000196294331081
327 0.000296446812224
328 0.000494275381175
329 0.00106234269046
330 0.020601011704
331 0.000646828104181
332 0.000246242760961
333 0.000413786437206
334 0.0048481170204
335 0.000412432534997
336 0.000746382066824
337 0.000362192529935
338 0.00153663975394
339 0.265657585009
340 0.00190724482955
341 0.000262788078865
342 0.000991029486745
343 0.0010294832566
344 0.00295291885716
345 0.00461858453088
346 0.0010378479503
347 0.0923113153128
348 0.00525861611103
349 0.00186880911508
350 0.00712136587798
351 0.000384467512495
352 0.000413786437206
353 0.00109081727127
354 0.000251066256695
355 0.000350042811358
356 0.00153664
357 0.000176740099449
358 0.000553112519016
359 0.000217391140254
360 0.00172185153197
361 0.000702385263062
362 0.11450319877
363 0.00529006236451
364 0.0170736953169
365 0.0319179161362
366 0.00088304520737
367 0.000270160336918
368 0.00115467998869
369 0.000985095115646
370 0.00316063598063
371 0.00315465394021
372 0.00196983308358
373 0.00520954713711
374 0.0963361070222
375 0.0303597005865
376 0.00260066859509
377 0.000626251877503
378 0.000256512769025
379 0.00131462794125
380 0.000494275381175
381 0.000232642463974
382 0.00084321197888
383 0.00309178510584
384 0.00158960197717
385 0.000395210448337
386 0.000928986906169
387 0.00102205440726
388 0.00708854246258
389 0.00249345647024
390 0.00387072600721
391 0.000724482249347
392 0.000607154426396
393 0.000951486620108
394 0.000723923666271
395 0.00999826870724
396 0.00977702191988
397 0.000322751562214
398 0.000837123825656
399 0.00398427521313
400 0.0318877628784
401 0.00089077677416
402 0.0277491114925
403 0.00425710249062
404 0.000467413159468
405 0.000897007483368
406 0.00131350771728
407 0.000489466677109
408 0.000112452758035
409 0.00355100582934
410 0.000612063016482
411 0.00016384
412 0.0010294832566
413 0.00133848899465
414 0.0828020664391
415 0.00177170318071
416 0.00828045192977
417 0.00028236906825
418 0.000183208756265
419 0.000456479552778
420 0.000983554684435
421 0.0153980579821
422 0.00127682787991
423 0.00138637392485
424 0.0046847419651
425 0.00283603515283
426 0.000646523233525
427 0.00616721196501
428 0.000182095931254
429 0.000162796435776
430 0.00399228088056
431 0.000850694444444
432 0.00101495810165
