1 0.00102558548624
2 0.0066662581046
3 0.000552542440523
4 0.000265600750651
5 0.000821534342164
6 0.000487738640762
7 0.00026434998704
8 0.000535285915372
9 0.000488601513023
10 0.000219967910564
11 0.000215031462455
12 0.00114428145713
13 0.108236144835
14 0.00213378450039
15 0.00336489715025
16 0.00100249928642
17 0.00104698404515
18 0.0576881675304
19 0.00136862329611
20 0.0124322458428
21 0.000901846645521
22 0.00266795188056
23 0.000475034912204
24 0.000503024087262
25 0.00174203134931
26 0.000721729523127
27 0.00782357494664
28 0.0194912683956
29 0.0333416886373
30 0.000229778638162
31 0.00177514049191
32 0.000420603232521
33 0.00153728
34 0.0016191177224
35 0.000630779573671
36 0.000520249979709
37 0.00081586025815
38 0.000610133580209
39 0.00099103256883
40 0.190673035398
41 0.00223874534802
42 0.000891395526501
43 0.00594075108476
44 0.000337414519406
45 0.00254303177091
46 0.00144952103168
47 0.000989406537412
48 0.000917370307591
49 0.00233879899287
50 0.000221603602691
51 0.00128110658583
52 0.000679605609733
53 0.000479177241496
54 0.00524291167785
55 0.000184253755356
56 7.54684634994e-05
57 0.00266188191571
58 0.00278817044004
59 0.000475065159937
60 0.000610924824229
61 0.00142704355095
62 0.000256155134238
63 0.000582411662752
64 0.00151474908853
65 0.000465798406139
66 0.00235589453921
67 0.00144083788199
68 0.00426674863111
69 0.000720957950897
70 0.00117542865988
71 0.000483458375007
72 0.00225958772415
73 0.000476726225663
74 0.000558256025554
75 0.000172041897845
76 0.00350076647631
77 0.000386320365294
78 0.00115917984828
79 0.0474231998891
80 0.0146299839709
81 0.0312840678012
82 0.0179621950231
83 0.000463283616174
84 0.00182499148878
85 0.00674769532604
86 0.000790705293312
87 0.000854512776185
88 0.00384641555107
89 0.0004688382672
90 0.00192683665731
91 0.00019458668951
92 0.00198151956647
93 0.0009
94 0.00275646534465
95 0.000275170562785
96 0.0051284379929
97 0.135142071567
98 0.00326681996739
99 0.00469607565255
100 6.00925425155e-05
101 0.000396049100806
102 0.000275278092437
103 0.00275713830982
104 0.000712165780764
105 0.00055608382312
106 0.000682260319146
107 0.000215197381793
108 0.0199858319102
109 0.00380185032528
110 0.0125107859866
111 0.000589381077992
112 0.014765731069
113 0.000630030160804
114 0.00187701157243
115 0.00336063852132
116 0.000512792743121
117 0.00525852195539
118 0.00144313919274
119 0.000609663161103
120 0.0011140305143
121 0.000540215902978
122 0.000477488987624
123 0.000243916437098
124 0.00168949745638
125 0.00396930690276
126 0.00414222350886
127 0.000716951834931
128 0.000678561031748
129 0.00039745223578
130 0.00585609963754
131 0.000444296727234
132 0.0114712293589
133 0.00634920587158
134 0.000757728707416
135 0.000555161282938
136 0.0115699888941
137 0.160379371533
138 0.00757701264192
139 0.0690847144313
140 0.00224398692026
141 0.000877914951989
142 0.00226832239177
143 0.00190803918391
144 0.000411773697082
145 0.000536830432874
146 0.00172367546141
147 0.000389953305431
148 0.00019458668951
149 0.00132767296628
150 0.00131110679915
151 0.000826579118361
152 0.0037239738251
153 0.199268398522
154 0.00384152420932
155 0.00166991552956
156 0.000524228800299
157 0.0039996304532
158 0.00227533069935
159 0.000909067952829
160 0.0173354142657
161 0.00082944
162 0.000978518507476
163 0.00116219008264
164 0.000263280827419
165 0.000238517613035
166 0.000695526268762
167 0.00263135702203
168 0.00192683665731
169 0.000434027777778
170 0.000131482834186
171 0.000475065159937
172 0.000224473753166
173 0.0006428744821
174 0.00300243948208
175 0.00126040336842
176 0.00157836231873
177 0.00112216000978
178 0.00241994421603
179 0.00122308817821
180 0.00385338690695
181 0.00052076341485
182 0.0018562328238
183 0.00104479134782
184 0.000920932818296
185 0.00095817662537
186 0.00407424173834
187 0.000903007516701
188 0.00045185038242
189 0.0172780510307
190 0.000848808180295
191 0.000219967910564
192 0.000872162862955
193 0.000878592355501
194 0.00278817044004
195 0.000582318391199
196 0.000990268472786
197 0.000383879920922
198 0.00199853362267
199 0.00206198647046
200 0.000781559631945
201 0.069432301808
202 0.00232213215204
203 0.00254019280386
204 0.000389953305431
205 0.00137771347892
206 0.00183187491881
207 0.000476726225663
208 0.00121923570103
209 0.00195915076592
210 0.000720293805473
211 0.000741138881424
212 0.0012609168115
213 0.00252163827891
214 0.343158554049
215 0.00258062484253
216 0.00051361321151
217 0.00124080407168
218 0.00017906862021
219 0.000389953305431
220 0.00021080299472
221 0.00278859540124
222 0.000515591061218
223 0.000582318391199
224 0.00161578937805
225 0.000515591061218
226 0.000207834123918
227 0.00203020318842
228 0.00311338703217
229 0.00126418879389
230 0.000940305134821
231 0.000323092084687
232 0.000281213837518
233 0.000515796000667
234 0.00250783084877
235 0.00576475042315
236 0.0397841421755
237 0.00348211107156
238 0.0245673686383
239 0.00390304958098
240 0.0029244128763
241 0.00153664
242 0.00258756443754
243 0.00261605958576
244 0.00744872972146
245 0.0259814161735
246 0.0662025792453
247 0.00227835549109
248 0.00187116973036
249 0.0278939398403
250 0.004704661477
251 0.00544766565583
252 0.000411314578531
253 0.00100249928642
254 0.00628458456479
255 0.00106912962454
256 0.000477560027385
257 0.00361806772571
258 0.00512202920391
259 0.0076825980298
260 0.00521676982954
261 0.078147457593
262 0.00546606878045
263 9.85765666611e-05
264 0.00353684333094
265 0.000224721967146
266 0.000758351038973
267 0.000146710308876
268 0.00104887256402
269 0.000356509268432
270 0.00271875347776
271 0.00713533017066
272 0.0831648498002
273 0.0470613801888
274 0.00141911767747
275 0.000720957950897
276 0.000994937623289
277 0.000691509427418
278 0.00293935371263
279 0.000818589978762
280 0.00174064107947
281 0.00101215522731
282 0.00412672997841
283 0.000253067219613
284 0.000287273771905
285 0.000702304866496
286 0.000200131179734
287 0.0152375876882
288 0.00474147693099
289 0.0194681643146
290 0.000199101855665
291 0.000253459072795
292 0.000551776946984
293 6.95732241005e-05
294 0.00173885317825
295 0.00017408
296 0.00142399430402
297 0.00134789896186
298 0.00153664
299 0.000554678204435
300 0.000476618062634
301 0.000229568411387
302 0.00288897333347
303 0.00387864931613
304 0.0100814906211
305 0.000634637756491
306 0.00218193185939
307 0.00670659349341
308 0.00149991669972
309 0.000406329871394
310 0.00095817662537
311 0.000508075643211
312 0.001129476273
313 0.000581405895692
314 0.00113497047939
315 0.000515591061218
316 0.000181933908864
317 0.0166992543513
318 0.00111617800115
319 0.156679840423
320 0.000789192597437
321 0.00128608466928
322 0.000711082669477
323 0.00744362870431
324 0.000475065159937
325 0.000475065159937
326 0.00056954371568
327 0.0180417763488
328 0.00652693048101
329 0.000262256388402
330 0.00117377319864
331 0.00147043988626
332 0.00100959032912
333 0.000224893919201
334 0.00134952211282
335 0.0009
336 0.00172787890714
337 0.000263321387868
338 0.00108232875571
339 0.00168416061323
340 0.00618114888652
341 0.00231695759246
342 0.116259600584
343 0.00276099341837
344 0.0447967724909
345 0.000130054272257
346 0.0770659686688
347 0.00316839280645
348 0.00286610556058
349 0.00217596409659
350 0.00146516792198
351 0.00125912127337
352 0.00121772181427
353 0.00128964373925
354 0.0049381194171
355 0.002906771751
356 0.00325367547765
357 0.0046021565112
358 0.00242904693186
359 0.000582514919561
360 0.000617189866796
361 0.00128031572322
362 0.000461290017832
363 0.00192435775261
364 0.000200131179734
365 0.000775138381698
366 0.00039681909811
367 0.000627789578693
368 0.00330295891985
369 0.000577706601663
370 0.162537854888
371 0.130894531694
372 0.000325966127761
373 0.000178371855151
374 8.88133548971e-05
375 0.000172562088648
376 0.0029866523336
377 0.000101332931589
378 0.00345579066763
379 0.000449623887163
380 0.00118575639136
381 0.00240745748453
382 0.000223566882626
383 0.010474277105
384 0.00854707939397
385 0.000417109525517
386 0.000206748357605
387 0.000535285915372
388 0.00405534516472
389 0.00117775247387
390 0.000301538646811
391 0.000200131179734
392 0.00320400280899
393 0.00865006929448
394 0.00192029839901
395 0.00185261925139
396 0.00184496193865
397 0.00211899659905
398 0.00678416189927
399 0.00051886374286
400 0.000636731056062
401 0.0510324430251
402 0.000720971096232
403 0.0041299737101
404 0.154431926604
405 0.0498798560698
406 0.00237716888196
407 0.00135916692853
408 0.00105267429592
409 0.000524124837312
410 0.000550749716551
411 0.000961480680248
412 0.00092416726984
413 0.00120749541599
414 0.00199389375194
415 0.000488601513023
416 0.00387518147961
417 0.00126544704651
418 0.000521811268171
419 0.000566893424036
420 0.00442609193646
421 0.00365379038083
422 0.0178404444619
423 0.0907680270274
424 0.00633899955373
425 0.00152262769281
426 0.00738137834933
427 0.00184257864103
428 0.000720330106834
429 0.000240224008888
430 0.000349508802571
431 0.00108148281609
432 0.0257487546556
