1 0.00103316326531
2 0.0123099434281
3 0.000239384503657
4 0.000215865980955
5 0.000499043367347
6 0.000515439249169
7 0.00320895887329
8 0.000926052294802
9 0.00089402986722
10 0.00130964874577
11 0.221222917653
12 0.00820710090508
13 0.00130285625745
14 0.0170605572972
15 0.00330744206683
16 0.00134719241398
17 0.0015244202473
18 0.00172436081586
19 0.00362950902767
20 0.000926052294802
21 0.000652804313344
22 0.00330938664626
23 0.0112260936735
24 0.00345597793001
25 0.00185800580967
26 0.000217198577189
27 0.011600840499
28 0.00124271889277
29 0.0148548008749
30 0.00174275689339
31 0.00130386451105
32 0.000325352056954
33 0.000443785122977
34 0.000407663956561
35 0.000559798798846
36 0.000467459768195
37 0.00477598482001
38 0.0105613049558
39 0.0028254184531
40 0.0518529371792
41 0.000657462195924
42 0.0010475412997
43 0.0449790934952
44 0.000896637541701
45 0.0380094843417
46 0.00201347797502
47 0.000413786437206
48 0.00206228779093
49 6.4754925529e-05
50 0.000833002650752
51 0.00107929240375
52 0.0139520686678
53 0.00102567229614
54 0.0662948831552
55 0.0552838576651
56 0.0461662418706
57 0.000506469135802
58 0.00223124816086
59 0.000166039777917
60 0.000630581108048
61 0.000392429193216
62 0.000443785122977
63 0.00121269229148
64 0.000192901234568
65 0.000220336076818
66 0.00180995611497
67 0.000502448836436
68 0.00335221819836
69 0.00108766386239
70 0.000189269456863
71 0.000676351667347
72 0.00129345230662
73 0.000509096951609
74 0.000507259259259
75 0.001088
76 0.00216494440914
77 0.00204309126595
78 0.00301792259942
79 0.000687486108378
80 0.00573961674348
81 0.00113743155471
82 0.00292678256135
83 0.00209294439849
84 0.00155003370032
85 8.96827065954e-05
86 0.00108369066439
87 0.00168416061323
88 0.000239544156342
89 0.000643500376688
90 0.000438400826017
91 0.00013902095578
92 0.00351122989215
93 0.000790289256198
94 0.000793429200177
95 0.000885494370917
96 0.00277679568599
97 0.000999791883455
98 0.000755562363935
99 0.00787321602766
100 0.00342374476574
101 0.00034091231408
102 0.000163172013143
103 0.000280086933043
104 0.00274800372815
105 0.0158887084245
106 0.00185228042997
107 0.000512792743121
108 0.000190792039483
109 0.00176601772932
110 0.000232642463974
111 0.000339406630322
112 0.00104320021896
113 0.000153204204181
114 0.000467459768195
115 0.00208450850082
116 0.000186692200715
117 0.00402305461011
118 0.00508592990111
119 0.000442186068586
120 0.00400625
121 0.00635616209463
122 0.00120940058359
123 0.00461044028651
124 0.000143640673877
125 0.00167664837335
126 0.000324779575678
127 0.00189259696338
128 0.00225972742038
129 0.00517529231822
130 0.000842884978204
131 0.000519620217821
132 0.0146188951388
133 0.00111290456585
134 0.00194326814349
135 0.000930137334846
136 0.00189708641975
137 0.000202271604938
138 0.000678813260644
139 0.000306127438995
140 0.00121269229148
141 0.000597212308498
142 0.00108682526265
143 0.000234948185467
144 0.00193107000454
145 0.046423779957
146 0.00277279023922
147 0.0444056631806
148 0.000512034243009
149 0.0013832174761
150 0.000912405709721
151 0.00421275367091
152 0.00542528295401
153 0.000454303102196
154 0.00112691444469
155 0.000279265206326
156 0.000509096951609
157 0.00478301221503
158 0.00232865394127
159 0.000943364259901
160 0.00521448248721
161 0.0026796231461
162 0.000467459768195
163 0.00322486928493
164 0.000173520970043
165 0.000235326777889
166 0.00167647501675
167 0.000995518301822
168 0.00295669837273
169 0.000438400826017
170 0.00202458679794
171 0.000857155532713
172 0.00174275689339
173 0.00057135536023
174 0.000535578809461
175 0.00875735033174
176 0.00248372230621
177 0.000516347149285
178 0.00680377192894
179 0.00248319615962
180 0.00611772728583
181 0.000213897309239
182 0.000350685238957
183 0.000230029295171
184 0.000954889572473
185 0.00375349912775
186 0.000988939959782
187 0.000694804436978
188 0.000248300760743
189 0.0084880323901
190 0.0828139396892
191 0.0117657626392
192 0.00476864185235
193 0.00153884307769
194 0.000663815920595
195 0.000421986794852
196 0.000647004668913
197 0.00272036467233
198 0.00321678321678
199 0.00120617036827
200 0.000567996865963
201 0.00175096864811
202 0.000490334141142
203 0.00130386451105
204 0.0513526839307
205 0.00387786937203
206 0.0201476003204
207 0.0935998061607
208 0.00350569899571
209 0.0118916309384
210 0.00270882456741
211 0.000793493354493
212 0.000612500943595
213 0.011668136812
214 0.000515479198026
215 0.0436829849064
216 0.00153975642828
217 0.00191748505184
218 0.0121866799613
219 0.0125252268854
220 0.000524124837312
221 0.000567974765563
222 0.000725144664539
223 0.00224171291195
224 0.000139637683847
225 0.000392429193216
226 0.00184833453968
227 0.00121802988612
228 0.000258203335126
229 0.000490334141142
230 0.000995482690046
231 0.030849635904
232 0.00165492849607
233 0.000926715606628
234 0.00292843261491
235 0.0564621512556
236 0.0011921212461
237 0.000877914951989
238 0.00273798126951
239 0.00969418483577
240 0.00315971002312
241 0.000432870217305
242 0.00203420705904
243 0.00393502446709
244 0.0862637155779
245 0.00623154915041
246 0.000208526111379
247 0.000480074599752
248 0.000997020006901
249 0.000421986794852
250 0.000129313494895
251 6.83013455365e-05
252 0.000529146975064
253 0.000288923182442
254 0.000522210227634
255 0.000757077827453
256 0.000574528266331
257 0.000435160269867
258 0.00108030417977
259 0.00640885700723
260 0.0015465219038
261 0.000292073516677
262 0.000869533725668
263 0.167129918995
264 0.000743801652893
265 0.00640885700723
266 0.000245097100578
267 0.00107282521662
268 0.00179402470554
269 0.000459708904966
270 0.000753556324491
271 0.00196994460197
272 0.00069751851681
273 0.00100424892208
274 0.00111294236109
275 0.00252668903587
276 0.00671180626065
277 0.000618967632673
278 0.000927619881986
279 0.0020030319331
280 0.00195222139378
281 0.000915189605254
282 0.00289245109809
283 0.000722852370782
284 9.26873502789e-05
285 0.000857155532713
286 0.00822616359121
287 0.0336610464233
288 0.00193686073134
289 0.000448717035578
290 0.0187796130779
291 0.000162924294797
292 0.000573730654492
293 0.00090257694929
294 0.00140439809356
295 0.00301792259942
296 0.175687227866
297 0.000643530455472
298 0.00829098244607
299 0.000441353011793
300 0.0020194913923
301 0.0046331473766
302 0.000449623887163
303 0.000823787362399
304 0.00222433529248
305 0.000930767020971
306 0.00108766386239
307 0.000611102395003
308 0.00383233510958
309 0.00271139950091
310 0.00090053923563
311 0.00707627515611
312 0.00014018314355
313 0.000382664619258
314 0.000605688935216
315 0.000227265891066
316 0.00343962072042
317 0.00122150748574
318 0.0011435398083
319 0.00475967559716
320 0.000488378755377
321 0.00762405699922
322 0.215471096559
323 0.0311295677596
324 0.00132567539403
325 0.000550960028982
326 0.00152662423725
327 0.00168416061323
328 0.00132521906012
329 0.000524124837312
330 0.000703124832526
331 0.000553168190757
332 0.00174471190598
333 0.000757077827453
334 0.000292726331148
335 0.0016884625365
336 0.000698553583169
337 0.000515479198026
338 0.198941299126
339 0.00324898765432
340 0.000374416509312
341 0.000522210227634
342 0.00200612281048
343 0.000673720588651
344 0.000940305134821
345 0.00106845627123
346 0.000555849051553
347 0.00762156714538
348 0.00107890670787
349 0.00473073077972
350 0.000945129266117
351 0.000453465053444
352 0.000864599998493
353 0.0012383794429
354 0.00201085627659
355 0.000345249156438
356 0.000194685654244
357 0.000912388842798
358 0.000200840864212
359 0.000213897309239
360 0.00220710778794
361 0.000196716442816
362 0.00266391652476
363 0.00085698568038
364 0.00303131252053
365 0.00670937022481
366 0.00252369779693
367 6.4e-05
368 0.130650326222
369 0.00133285907335
370 0.0190865834211
371 0.00282892473702
372 0.00273132154006
373 0.00125952133195
374 0.000557827160494
375 0.0016226250247
376 0.0100174535119
377 0.000617797668615
378 0.00177778627728
379 0.00102036879719
380 0.00315665974371
381 0.000453465053444
382 0.00045115636791
383 0.00173316230296
384 0.00393047474815
385 0.00484116353762
386 0.0265884218403
387 0.0028190465885
388 0.00039681909811
389 0.411019700321
390 0.00314555522038
391 0.0332651565425
392 0.00750804628972
393 0.00108285512802
394 0.00349868969971
395 0.000460498443515
396 0.00635948165119
397 0.001024
398 0.000698553583169
399 0.00169265573525
400 0.00278090373961
401 0.0935786454052
402 0.000976547714576
403 0.110021850564
404 0.000191527543326
405 0.000473606716226
406 0.00106332703214
407 0.0159524198124
408 0.000647458397515
409 0.000204878826531
410 0.00174500283081
411 0.000348095440058
412 0.00184833453968
413 0.000623537727153
414 0.000920291013976
415 0.000305638417527
416 0.00017448384985
417 0.0023286096602
418 0.00162644583312
419 0.327629109491
420 0.000330972046232
421 0.00331386627389
422 0.000137687429138
423 0.000407978512083
424 0.000603863622556
425 0.000362226121152
426 0.000595811331371
427 0.000930767020971
428 0.000423377195211
429 0.000877914951989
430 0.00105770035817
431 0.00448101451475
432 0.0226283865961
