1 0.000290031218041
2 0.000771113264194
3 0.00374395431502
4 0.000203717688664
5 0.000783663841492
6 0.0021231206482
7 0.000765611912891
8 0.00213689888723
9 0.000261832196982
10 0.000343194885667
11 0.000988539501535
12 0.00126601333174
13 0.0482168549291
14 0.00351085660257
15 0.0247099751761
16 0.00110658980914
17 0.00590604734482
18 0.000564650524458
19 0.000487564474481
20 0.00769635599128
21 0.00231633732735
22 0.0013135263121
23 0.000457548114044
24 0.0012289205858
25 0.00373959795364
26 0.00268832016632
27 0.000542935243661
28 0.00485076916594
29 0.00321746345597
30 0.00226083999921
31 0.00195113051747
32 0.000343194885667
33 0.000616341024941
34 0.00461761294536
35 0.00160316518221
36 0.000261832196982
37 0.00311099296349
38 0.00194201937346
39 0.00731837071305
40 0.235977950361
41 0.000570344546152
42 0.0297679321456
43 0.131244486318
44 0.0214087159061
45 0.00103178990677
46 0.00465298935954
47 0.00026506355191
48 0.00396776253909
49 0.00847265609152
50 0.212205501287
51 0.00271012110049
52 0.00975207456207
53 0.0051696582052
54 0.0029466756736
55 0.00043987320391
56 0.000256492228696
57 0.00154028523618
58 0.00132526289992
59 0.000232488865963
60 0.000596046447754
61 0.00273683828822
62 0.000295631838556
63 0.00127903089496
64 0.00236872182705
65 0.00632232921418
66 0.000564650524458
67 0.00338413941842
68 0.000457352434322
69 0.000394305870496
70 0.000576940666578
71 0.000596046447754
72 0.000405822810618
73 0.00160458780973
74 0.00154994590451
75 0.00223590583498
76 0.00151875141624
77 0.00787852297172
78 0.00950426306624
79 0.00151890329138
80 0.588866955685
81 0.278145054924
82 0.000744072200004
83 0.000853471293674
84 0.000609061470382
85 0.000252453283816
86 0.000252453283816
87 0.00026116187565
88 0.00546196520859
89 0.000436206081899
90 0.000208963306206
91 0.00325948301862
92 0.00362142852412
93 0.00865543875068
94 0.00678770967982
95 0.00105305580063
96 0.000603027420997
97 0.00198129065829
98 0.0061037307903
99 0.00504301150618
100 0.00247885829319
101 0.000686233108108
102 0.00111851716581
103 7.89343665615e-05
104 0.00107528883227
105 0.00374687743958
106 0.000274771173079
107 0.00763096782843
108 0.0284742932734
109 0.00556823350842
110 0.00044839984193
111 0.00105647799398
112 0.748666032304
113 8.57338820302e-05
114 0.000853471293674
115 0.00186755452699
116 0.000596046447754
117 0.000211570247934
118 0.00037659053034
119 0.000252453283816
120 0.000632119355179
121 0.00043987320391
122 0.0117253604009
123 0.0649339691089
124 0.000916407463158
125 0.00194326814349
126 0.00073453291909
127 0.00231780794423
128 0.0212002578712
129 0.00154577110182
130 0.00151957312716
131 0.00438311399066
132 0.000473529639408
133 0.000866467120715
134 0.000695657494107
135 0.0033258435337
136 0.000878180133527
137 0.00155881263841
138 0.0145570385813
139 0.0848650221868
140 0.0034098779903
141 0.000428227598723
142 0.000504893515844
143 0.00132526289992
144 0.000252453283816
145 0.00122636224621
146 0.000278108455515
147 0.000448787647181
148 0.000512338519039
149 0.00106719016077
150 0.00134736027289
151 0.0282556121723
152 0.00298234229468
153 0.00015662686813
154 0.00529318362067
155 0.000520868472792
156 0.000939238121988
157 0.000586361735659
158 0.00128276622697
159 0.000480682925816
160 0.00293092169176
161 0.000851395036916
162 0.0038963041097
163 0.0661383010204
164 0.00774376530612
165 0.00051652892562
166 0.112297698662
167 0.00167642721396
168 0.00719403240624
169 0.000596046447754
170 0.000596046447754
171 0.000932346599849
172 0.000982747579033
173 0.000486878052239
174 0.000249155495949
175 0.00015288730056
176 0.00188006789764
177 0.00180875856552
178 0.0228833283787
179 0.00020461605458
180 0.0220458838112
181 0.00201994697639
182 0.00123355145747
183 0.00136348484238
184 0.00244216507479
185 0.00104245007943
186 0.00257182396066
187 0.000250955788648
188 0.000798867616794
189 0.00109483131488
190 0.00712222222222
191 0.00211369595849
192 0.00105566343886
193 0.00288603244703
194 0.000137597715878
195 0.000553112519016
196 0.000448787647181
197 0.000264966135208
198 0.00144501931497
199 0.000922506096341
200 0.00051652892562
201 0.000583214168339
202 0.000484989269032
203 0.00026178512814
204 0.0875864945725
205 0.00182819671732
206 0.0077724127289
207 0.000997674099855
208 0.0256610558668
209 0.000694550139446
210 0.00235898526077
211 0.000421305512713
212 0.00033593192353
213 0.00158963876724
214 0.00036523009496
215 0.000538463837815
216 0.00137650352314
217 0.00036480409018
218 0.0153533833409
219 0.0425378439659
220 0.000479234206741
221 0.00164200587859
222 0.00095817662537
223 0.000208562726774
224 0.00122636224621
225 0.000526116758069
226 0.00082086061888
227 0.000476726225663
228 0.01189688354
229 0.00345017803045
230 0.105615076183
231 0.0029674966048
232 0.000596046447754
233 0.00200894577202
234 0.00210547690037
235 0.00166736111111
236 0.00270804415361
237 0.000477560027385
238 8.19433931661e-05
239 0.000298499051251
240 0.00317619129952
241 0.000717761983124
242 0.00113450408669
243 0.16821883292
244 0.0276150350401
245 0.000313644536538
246 0.000533625925729
247 0.0009
248 0.000168306563463
249 0.000616341024941
250 0.000402572340639
251 0.000237883428674
252 0.000642446818939
253 0.0012487804878
254 0.00045113395793
255 0.000243664485425
256 0.00104808239739
257 0.0205207171368
258 0.00352550428696
259 0.00613868701654
260 0.0402453690941
261 0.000615824926506
262 0.00174512691909
263 0.00221016331129
264 0.00080256607304
265 0.000508992333405
266 0.000968073328844
267 0.00168958333333
268 0.00831436133995
269 0.000267690715715
270 0.00143575120097
271 0.000598167848192
272 0.144051818451
273 0.128211011885
274 0.0002357102198
275 0.000107246467884
276 0.00145296837821
277 0.000751236834021
278 0.000252453283816
279 0.000213949864138
280 0.000885410837412
281 0.00213689888723
282 0.000526116758069
283 0.000765611912891
284 9.216e-05
285 0.000612685030879
286 0.00123596191406
287 0.00095817662537
288 0.0027757378625
289 0.0021958677686
290 0.694099371171
291 0.000346491082667
292 0.0120746887265
293 0.000298464051569
294 0.00114693411943
295 0.0018345946012
296 0.00113709743647
297 0.000643582438454
298 0.00877076708259
299 0.108785773102
300 0.14092569828
301 0.000567272199503
302 0.000850694444444
303 0.000553112519016
304 0.00050453312926
305 0.00059488399762
306 0.000344976806519
307 0.000288515293845
308 0.000912121075627
309 0.000879080924126
310 0.0028792157477
311 0.00526702989681
312 0.000503341131005
313 0.000591502480896
314 0.0009170788897
315 0.00409093245116
316 0.00121068838524
317 0.000396522835495
318 0.000187011469063
319 0.00124431618187
320 0.000694550139446
321 0.000243519006856
322 0.00035477288889
323 0.00263829809161
324 0.00062479590148
325 0.0102387600504
326 0.0659620277128
327 0.0864391062378
328 0.0611386615382
329 0.000295428599609
330 0.000187331557098
331 0.00249684135659
332 0.000499342130376
333 0.0018118101235
334 0.00107890670787
335 0.000247991940744
336 0.00235369081463
337 0.00379427542401
338 0.000244140625
339 0.0022389559814
340 0.0151579512507
341 0.00506092170864
342 0.013412714141
343 0.0948167802717
344 0.00341946582164
345 0.000666928772419
346 0.00428305145144
347 0.00184037961922
348 0.00631236122913
349 0.00257182396066
350 0.000535836762689
351 0.000252618953918
352 0.00256220406505
353 0.00157622038666
354 0.011007604427
355 0.00762528403124
356 0.002149923607
357 0.00057753907747
358 0.000373260011132
359 0.000257050780878
360 0.00139414581701
361 0.00144501931497
362 0.000641430020112
363 0.000611305236816
364 0.00200578044539
365 0.000244618161561
366 0.000448787647181
367 0.021029018758
368 0.00112911842617
369 0.00396422676515
370 0.000742941641052
371 0.0494885519994
372 0.00586530558346
373 0.000561358687763
374 0.00109483131488
375 0.00516827649866
376 0.00543624200902
377 0.00157758215
378 0.00282088807011
379 0.000487188557384
380 0.00642699080698
381 0.00131575340588
382 0.00849496417326
383 0.000485425508514
384 0.00119214161259
385 0.000510017144736
386 0.000243664485425
387 0.000237142214
388 0.00037659053034
389 0.00306121179189
390 0.00368046872273
391 0.000316674603894
392 0.000606297820762
393 0.01383552
394 0.000354926291747
395 0.00193318706902
396 0.000993740051098
397 0.000786094855446
398 0.0224929040376
399 0.0238262240706
400 0.00142270039093
401 0.000576115366694
402 0.001135699271
403 0.000114081793081
404 0.000345665674502
405 0.000892546615933
406 0.00335455866997
407 0.000659339317584
408 0.00052212983357
409 0.135582113646
410 0.000510017144736
411 0.000234591875301
412 0.000278108455515
413 0.00230554899333
414 0.000768602584426
415 0.000252453283816
416 0.000871632598381
417 0.00014130249995
418 0.00159369769199
419 0.0043675246274
420 0.000445837518262
421 0.000666928772419
422 0.00986726124741
423 0.00101923188884
424 0.00637889531527
425 0.000913747349809
426 0.000905495312763
427 0.00127100751404
428 0.000216262975779
429 0.00436384232483
430 0.00689837860509
431 0.00735260770975
432 0.00214918527685
