1 0.000340184696186
2 0.00866308302281
3 0.000662320390585
4 0.000303776799996
5 0.00500869554624
6 0.000763925741942
7 0.000627253880507
8 0.000807331265585
9 0.000804788491525
10 0.00112442738297
11 0.00243007339814
12 0.000447619698108
13 0.00808937278107
14 0.00117700433829
15 0.00938628361833
16 0.00034575147929
17 0.00178783431953
18 0.000549007897626
19 0.00155114792899
20 0.000303776799996
21 0.00170479265335
22 0.0205993579674
23 0.001051753326
24 0.00696447155218
25 0.00271537094822
26 0.0104089310783
27 0.00119924963274
28 0.00120217418603
29 0.000537826869658
30 0.000418
31 0.00026525101219
32 0.000576552547331
33 0.00548131689194
34 0.000715343905999
35 0.00317429081531
36 0.000187331557098
37 0.000259099870855
38 0.00117551020408
39 0.00117718373233
40 0.00396773741242
41 0.0701847050672
42 0.00206995428168
43 0.000196090037403
44 0.000575631536872
45 0.00262628036777
46 0.0022080874729
47 0.00346720001825
48 0.0184202115134
49 0.00047531376249
50 0.00162072620824
51 0.000982426160865
52 0.000872730655046
53 0.000532653486886
54 8.12537195001e-05
55 0.000531889543988
56 0.000563667863446
57 0.000353808212766
58 0.000878180679952
59 0.000225281513892
60 0.0014882201345
61 0.000232586767876
62 0.00854364161258
63 0.0351455207254
64 0.112353482411
65 0.00274682760755
66 0.00119533746896
67 0.000871491960059
68 0.00116882168164
69 0.000918267411195
70 0.00134294261511
71 0.00247265182972
72 0.002366917627
73 0.00394267171444
74 0.000327923274051
75 0.00438527606606
76 0.146873169438
77 0.000303997863274
78 0.00135854195491
79 0.00188779487953
80 0.000573428164589
81 0.00117056924723
82 0.000898595396234
83 0.00226083999921
84 0.000411346954969
85 0.000212729005683
86 0.000235778677503
87 0.000221937864334
88 0.000232494684106
89 0.000734798013964
90 0.000544880261473
91 0.000235808980854
92 0.000880672845836
93 0.00277616785212
94 0.00541846175721
95 0.000173412343541
96 0.000256512769025
97 0.0101028270874
98 0.000704832015036
99 0.00084015963033
100 0.000981668700448
101 0.00181061703204
102 0.183600644883
103 0.00776869576896
104 0.000210031473834
105 0.00199965375645
106 0.000571127032655
107 0.000514155274893
108 0.000398086889948
109 0.000389337994592
110 0.000477488987624
111 0.00500793411487
112 0.0034098779903
113 0.000762071017655
114 0.00372587424024
115 0.000940305134821
116 0.00193939056605
117 0.0025750247299
118 0.0341475893167
119 0.000532672417257
120 0.0230589685235
121 0.000143867768595
122 0.000572940244455
123 0.000510189528603
124 0.000741642578116
125 0.00117551020408
126 0.00180357182958
127 0.00408881827463
128 7.34693877551e-05
129 0.00537750187926
130 0.00145608637117
131 0.0104032053616
132 0.000954889572473
133 0.00387125204934
134 0.0220115659676
135 0.0383083477605
136 0.0297678406171
137 0.00327114484479
138 0.000226437210294
139 0.00018077819363
140 0.0106036068794
141 0.00634016472975
142 0.00103501067355
143 0.000482609085097
144 0.000872730655046
145 0.000762071017655
146 0.000520306089829
147 0.000550883701938
148 0.00119153525604
149 0.00113196583584
150 0.00213978614208
151 0.00192113735172
152 0.00442609193646
153 0.00145357743076
154 0.000489466677109
155 0.000793493354493
156 0.00158468422692
157 0.0127063021495
158 0.00175696511169
159 0.00913102271241
160 0.00299730491358
161 0.000625
162 0.000996250809406
163 0.00401706010712
164 0.00700068704804
165 0.000852469497576
166 0.00729580014592
167 0.00490085393765
168 0.000514280312654
169 0.000453465053444
170 0.00362209530151
171 0.00132526289992
172 0.000303776799996
173 0.000648122415288
174 0.000410431247849
175 0.000380280421825
176 0.000491203913284
177 0.000239813369632
178 0.00547690523618
179 0.33253883548
180 0.0267416719559
181 0.00101137484548
182 0.0041468390584
183 0.300313663433
184 0.00282902261623
185 0.00731763894916
186 0.000649450361571
187 0.000162568491855
188 0.00194769916195
189 0.00209321201247
190 0.00327114484479
191 0.000748884015976
192 0.000492950414709
193 0.000354926291747
194 0.00114019887558
195 0.000411346954969
196 0.000198723049157
197 0.000872367320052
198 0.000807331265585
199 0.00064774445472
200 0.000494095139137
201 0.000411346954969
202 0.00083775945624
203 0.0051280163746
204 0.000345534817542
205 0.00601799816345
206 0.00106144253622
207 0.000410440322341
208 0.0299484588557
209 0.000680529300567
210 0.00262628036777
211 0.00265531932549
212 0.0103826200059
213 7.43162901308e-05
214 0.010458536771
215 0.00181584796969
216 0.000217331922664
217 0.00127063373139
218 0.000413266166645
219 0.00454935902013
220 0.000849710698422
221 0.00283970962305
222 0.00637958126355
223 0.000594926511262
224 0.00112356043819
225 0.0013388155151
226 0.000601864371132
227 0.00283970962305
228 0.000237599355512
229 0.00355491620343
230 0.0317496435772
231 0.00211289419865
232 0.0085565827851
233 0.0194475827416
234 0.000321167508126
235 0.00231203638107
236 0.000934517575784
237 0.00320065342413
238 0.000948366007811
239 0.00760730515544
240 0.00370464240294
241 0.00245154035921
242 0.331253872436
243 0.00104749799109
244 0.0130461538462
245 0.00134498363621
246 0.000212729005683
247 0.000998981747771
248 0.00073155821335
249 0.00102218197994
250 0.000748685641778
251 0.000265470941302
252 0.000919821514881
253 0.000453465053444
254 0.0149673869163
255 0.00546266297172
256 0.00568802471833
257 0.00159385806343
258 0.000830768698225
259 0.00011424036282
260 0.00113726305638
261 0.000915189605254
262 0.000685487603306
263 0.000572940244455
264 0.000572729371135
265 0.00233851637336
266 0.000828103882217
267 0.000793949712991
268 0.000613866272832
269 0.0291371400799
270 0.095011747044
271 0.0951064021041
272 0.00453514739229
273 0.00131362377932
274 0.000297222532458
275 0.000141629670105
276 0.00041024
277 0.120916867598
278 0.000807331265585
279 0.000993740051098
280 0.000564083790643
281 0.00048516369423
282 0.001300059512
283 0.000206671624581
284 0.000981668700448
285 0.00107890670787
286 0.0656368676496
287 0.00153920052347
288 0.157350704632
289 0.000232691755243
290 0.000424954815489
291 0.00117641723356
292 0.000629362988503
293 0.010179906438
294 0.00119254524562
295 0.000884651370016
296 0.000548810837176
297 0.000353360680214
298 0.000547524437869
299 0.00106141810701
300 0.000341416435733
301 0.00040128179405
302 0.00487075195151
303 0.000623751872503
304 0.000309192466347
305 0.00380158968819
306 0.00208244395953
307 0.000531889543988
308 0.000581004674025
309 0.00101137484548
310 0.0285521864706
311 0.0050166854179
312 0.00264185995229
313 0.0123274368154
314 0.00640364545365
315 0.00112356043819
316 0.000966391876742
317 0.00231203638107
318 0.00154613904412
319 0.00536358086757
320 0.00118267986132
321 0.0187011469063
322 0.00677354088112
323 0.032164693522
324 0.0197407535874
325 0.0286600192827
326 0.000800355742327
327 0.000198723049157
328 0.00268985970175
329 0.000256512769025
330 0.000168837876738
331 0.000537826869658
332 0.000520306089829
333 0.000221937864334
334 0.000715343905999
335 0.000586841235503
336 0.000548378834987
337 0.00506967820609
338 0.0115815120906
339 0.195060333679
340 0.0423668883949
341 0.00307003256189
342 0.000232199546485
343 0.000632568044079
344 0.00117551020408
345 0.000447728980261
346 0.0022940509528
347 0.000470314994919
348 0.000500224749966
349 0.00522468165163
350 0.00127636864678
351 0.00146088526848
352 0.0139374919892
353 0.000228735888368
354 0.0206756572239
355 0.0158998408176
356 0.00414779461693
357 0.000411346954969
358 0.00149568084002
359 0.000470882151931
360 0.00109222654377
361 0.000179689353046
362 0.000581004674025
363 0.000541840489096
364 0.00336693848323
365 0.000945896298153
366 0.00118260564745
367 0.0105797535419
368 0.00254352905963
369 0.00103480151056
370 0.000212341697606
371 0.00111523779692
372 0.000474237880756
373 0.00148879483181
374 0.000573428164589
375 0.00538280055271
376 0.000159261596984
377 0.00371906255615
378 0.041501955512
379 0.0011070072878
380 0.000385193197524
381 0.000927914247675
382 0.000986815054412
383 0.00219734655485
384 0.000587737759071
385 0.00311882288802
386 0.001300059512
387 0.000981668700448
388 0.00119153525604
389 0.00048818583676
390 0.00152636896423
391 0.0267384577786
392 0.00504741378494
393 0.00891803222831
394 0.191660363256
395 0.053155038574
396 0.000735600402183
397 0.000414098338293
398 0.0010990294696
399 0.00485683692177
400 0.000453465053444
401 0.000949888779419
402 0.00177993707128
403 0.00298470745276
404 0.000303425932795
405 0.00345614036907
406 0.00169815627272
407 0.00432475072337
408 0.000212341697606
409 0.00116972355022
410 0.00147062044728
411 0.000241417044661
412 0.00238384089415
413 0.000399305047253
414 0.000411346954969
415 0.000188620162464
416 0.000208150219411
417 0.000606885023177
418 0.000158970566227
419 0.0053113167604
420 0.00114381264488
421 0.00108220504436
422 0.000544880261473
423 0.00269665411236
424 0.00103639948342
425 0.00107983653288
426 0.000597572216407
427 0.00739938611276
428 0.00624609781478
429 0.000545752069891
430 0.00120781082404
431 0.00232091967768
432 0.00362264592008
