1 0.00129440988582
2 0.000930767020971
3 0.0115532733849
4 0.000673628247931
5 0.000219967910564
6 0.000345775561779
7 0.000353858844858
8 0.00111111111111
9 0.000965849849352
10 0.000456570969391
11 0.00138310224711
12 0.000733761700697
13 0.000739534889087
14 0.000908071741576
15 0.0006574487455
16 0.000564739984675
17 0.00959012351469
18 0.0215538042814
19 0.0297471991489
20 0.0150633367372
21 0.000176305504382
22 0.00118693983143
23 0.00130479897895
24 0.00330685487627
25 0.00106912962454
26 0.000714282171219
27 0.00072365161328
28 0.027946289949
29 0.0112597976004
30 0.00114513064314
31 0.166612889317
32 0.0133578998718
33 0.00408852393569
34 0.000667005327505
35 0.00562585733882
36 0.000500407986443
37 0.00072222908045
38 0.00210806622026
39 0.000369113849664
40 0.00164701123353
41 0.000493827160494
42 0.00202087366383
43 0.000581195849983
44 0.00755754754526
45 0.00427784127405
46 0.00145860886015
47 0.000218668106232
48 0.00130119959358
49 0.000535207999081
50 0.00105625875085
51 0.000564739984675
52 0.0101680688942
53 0.0728920349743
54 0.00265876758588
55 0.230211142061
56 0.00123428799363
57 0.00054692100973
58 0.000419226463453
59 0.000353858844858
60 0.00020777534291
61 0.00440506715191
62 0.00149637558681
63 0.00357760503101
64 0.000733761700697
65 0.000295352467405
66 0.00639494516847
67 0.000410675879354
68 0.000520306089829
69 0.000869307994615
70 0.000226554887789
71 0.00132032564027
72 0.000687601556327
73 0.00081566119811
74 0.00123428799363
75 0.000815032315151
76 0.000361827789164
77 0.000715782404228
78 0.00105363589643
79 0.000326765093541
80 0.00129440988582
81 0.000207834123918
82 0.00709605969297
83 0.000218668106232
84 0.00497435428378
85 0.690996625202
86 0.00195222139378
87 0.00159478827708
88 0.0016054157708
89 0.00050817924661
90 0.000599339003757
91 0.000420585864015
92 0.00273126588727
93 0.000556247775009
94 0.000851088421257
95 0.000269972946461
96 0.00283180144612
97 0.00966116783736
98 0.00589298492843
99 0.000859913829468
100 0.000341416435733
101 0.00164725949781
102 0.00109215282948
103 0.000897007483368
104 0.00114381264488
105 0.00162269657796
106 0.00290878875552
107 0.000289625252727
108 0.00273702520519
109 0.00015469914111
110 0.00149945156246
111 0.00189560328404
112 0.00221407770843
113 0.00334655403632
114 0.000575495971953
115 0.00762051039698
116 0.00113409540578
117 0.000506357506107
118 0.000509519605437
119 0.000514655748828
120 0.000335130279936
121 0.000235015900295
122 0.000869307994615
123 0.448903695713
124 0.0736169768595
125 0.0239687958664
126 0.00919696383777
127 0.00865579137171
128 0.000993740051098
129 0.00680199808694
130 0.00117104483222
131 0.00112994669211
132 0.00305519886597
133 0.000211143239729
134 0.019212964409
135 0.0216709724716
136 0.00133914242714
137 0.00160383991067
138 0.0140613695769
139 0.00135877808587
140 0.000257444747835
141 0.00806371221809
142 0.0016054157708
143 0.00346145565532
144 0.000833435690726
145 0.00209878105707
146 0.000510017144736
147 0.000583444187729
148 0.000664182411208
149 0.000195608587217
150 0.000603973240787
151 0.000401926934185
152 0.00429789786471
153 0.000992959129868
154 0.000684489016132
155 0.0015645719068
156 0.00192401056265
157 0.000920887946418
158 0.0032932148424
159 0.0013593841384
160 0.000759833868422
161 0.000607981330525
162 0.00284443718591
163 0.00165119677501
164 0.000599160512921
165 0.703823689385
166 0.000838106512546
167 0.00114809658363
168 0.00947118516144
169 0.000241462274924
170 0.000218829872904
171 0.00543218626247
172 0.00106719016077
173 0.000618796564441
174 0.00105757155133
175 0.00186200088316
176 0.0433335903145
177 0.124248430483
178 0.00103533621873
179 0.00718359302643
180 0.000474334856221
181 0.000265831758034
182 6.68206015339e-05
183 0.000160994037561
184 0.00517479627345
185 0.000337195903666
186 0.00195354232166
187 0.00156469750593
188 0.00506629855245
189 0.000657033218931
190 0.00380985503581
191 0.00054692100973
192 0.00228795627859
193 0.000129684274515
194 0.000553694938617
195 0.00210806622026
196 0.00167083912713
197 0.000664579841556
198 0.0013593841384
199 0.0258367430968
200 0.000990268472786
201 0.00470426742495
202 0.00280177430055
203 0.00196706699193
204 0.00473681741415
205 0.0079555562181
206 0.00141706671294
207 0.00291344801947
208 0.000119395696791
209 0.00154404251036
210 0.000375416695151
211 0.00205086766821
212 0.000367507741314
213 0.000224054763518
214 0.164911125153
215 0.0185573299626
216 0.000558352778899
217 0.0011070072878
218 0.000758924806921
219 0.000733761700697
220 0.000505440970964
221 0.000793415376558
222 0.00107890670787
223 0.00106719016077
224 0.00561293448405
225 0.00705608807579
226 0.0060069567958
227 0.00187810923036
228 0.0010799744059
229 0.000968140266791
230 0.000505569945326
231 0.000970710059172
232 0.00133594216049
233 0.00175075558363
234 0.00214513954823
235 0.000508992333405
236 0.00173213458622
237 0.00292302579158
238 0.00196523078249
239 0.00190907092955
240 0.00190972839506
241 0.00189708641975
242 0.000734327874848
243 0.0011070072878
244 0.00341610892183
245 0.000320248574381
246 0.000586841235503
247 0.000245097100578
248 0.00234068707583
249 0.00417572192182
250 0.00370198354754
251 0.000273024840018
252 0.00212483705305
253 0.0012186175019
254 0.000238978739294
255 7.17560364766e-05
256 0.00866390532544
257 0.00278859540124
258 0.000456252579604
259 0.00117135076933
260 0.000569456319072
261 0.00485424711565
262 0.000559874224823
263 0.0222160132722
264 0.00282145885755
265 0.0188112245853
266 0.00196242246047
267 0.00518479012346
268 0.00512622107069
269 0.0020373204597
270 0.000453109775578
271 0.000389346097583
272 0.00210806622026
273 0.00052112464811
274 0.000283884260467
275 0.000581355133876
276 0.000678102922116
277 0.000598381593208
278 0.000725600310873
279 0.000305104784424
280 0.00269912945482
281 0.00837389544843
282 0.000547796083346
283 0.00327007042869
284 0.00202950751113
285 0.000669375928846
286 0.0040777481555
287 0.00349910560395
288 0.000962241924484
289 0.000669375928846
290 0.00150176050358
291 0.000443938439856
292 0.0150401185269
293 0.000424031312062
294 0.000291973821611
295 0.0016651087805
296 0.00574684646899
297 0.020166615554
298 0.0119487415579
299 0.000209870895392
300 0.001024
301 0.00183953552108
302 0.000605080966436
303 0.000449054125327
304 0.00126366596974
305 0.000176191738437
306 0.00211143912621
307 0.00165344487116
308 0.000273205382146
309 0.000306296599989
310 0.00213688145247
311 0.000533543278475
312 0.000520306089829
313 0.0073679768051
314 0.00341027116232
315 0.00264253802358
316 0.00414174042453
317 0.000670906047549
318 0.00252570450043
319 0.00392036813432
320 0.000556247775009
321 0.00240145025082
322 0.00202510776378
323 0.00162427272554
324 0.00254132315077
325 0.00547140323248
326 0.000705588118176
327 0.0267726167657
328 0.00264107722528
329 0.00116438356164
330 0.00165748334704
331 0.000419226463453
332 0.000500030401848
333 0.0010566865857
334 0.00274744255088
335 0.00195464132291
336 0.000570946120801
337 0.000493827160494
338 0.000227439867819
339 0.0897485467539
340 0.000693640520451
341 0.00249523526645
342 0.00415303576028
343 0.00485256212032
344 0.00186380484776
345 0.00058190175237
346 0.000344349989317
347 0.00100434519151
348 0.074555688688
349 0.0010799744059
350 0.0211285793597
351 0.000986715289846
352 0.00124176148222
353 0.000523303003118
354 0.000246054511127
355 0.00115343538626
356 0.00138310224711
357 0.001610500382
358 0.000240370170062
359 0.000733761700697
360 0.000579197328283
361 0.00125530078335
362 0.00224229270228
363 0.00146065149635
364 0.000651167725779
365 0.0856901484277
366 0.0144602052714
367 0.00184453398317
368 0.00102479012346
369 0.0621428252887
370 0.0021875739645
371 0.000483458375007
372 0.000671502918136
373 0.00117257692961
374 0.00160280215175
375 0.000510004075375
376 0.00123026692334
377 0.00836330683086
378 0.00647818210184
379 0.000698251167218
380 0.077752998697
381 0.00499144231795
382 0.00329156948991
383 0.00152001011244
384 0.000586841235503
385 0.000506146699485
386 0.000493827160494
387 0.000213117374394
388 0.000535836762689
389 0.000535836762689
390 0.0034517422759
391 0.000900140610622
392 0.00162196519155
393 0.00216950512513
394 0.000405839636427
395 0.000564739984675
396 0.000210266241017
397 0.000231916119187
398 0.000448865268601
399 0.00266819358213
400 0.00124676100574
401 0.00134577327505
402 0.00139122056459
403 0.000326765093541
404 0.461591650342
405 0.00240711553337
406 0.00532505478451
407 0.000487651889585
408 0.000168116231359
409 0.00312973739547
410 0.000506146699485
411 0.00209929345479
412 0.000393051849513
413 0.000599313869635
414 0.000664067443837
415 0.0128166485947
416 0.0191988713176
417 0.12402015321
418 0.00359711714296
419 0.00614180557285
420 0.000860912904729
421 0.00104892069562
422 0.000543404825804
423 0.00485503390568
424 0.00023757533409
425 0.0635982755227
426 0.00123778746889
427 0.00502274862311
428 0.00149381199515
429 0.00208520710059
430 0.00356958459226
431 0.00226119191883
432 0.00277189349112
