1 0.00105159030755
2 0.00150332353144
3 0.0392070581638
4 0.00770134172752
5 0.00102225489854
6 0.000217245816426
7 0.000125754429545
8 0.00201711295783
9 0.000793493354493
10 0.000392460833511
11 0.0014272899503
12 0.000340451266522
13 0.148737765473
14 0.00223068683851
15 0.00225841214427
16 0.00782813299011
17 0.00271314072956
18 0.000424379369999
19 0.00198623702302
20 0.000974564612748
21 0.00218587496253
22 0.00457313732652
23 0.00355770961802
24 0.000130562296758
25 0.000497583884803
26 0.00100603543636
27 0.00736938072892
28 0.00098097939512
29 0.0227917626325
30 0.00154038362796
31 0.000288087002275
32 6.44575499287e-05
33 0.0012530346934
34 0.000411555925378
35 0.00104591836735
36 0.00340366409093
37 0.00401706010712
38 0.000510089993881
39 0.000371535284855
40 0.000408932740953
41 0.00327952520612
42 0.0154942365972
43 0.00582081684473
44 0.000350156696487
45 0.000445034054264
46 0.00403070645328
47 0.250890392692
48 0.00145644410736
49 0.0022746786427
50 0.000651483231689
51 0.00169906226193
52 0.00045115636791
53 0.00040064076882
54 0.000916729680043
55 0.00151520638399
56 0.00154285318047
57 0.00280545906189
58 0.0021453813962
59 0.00213799057995
60 0.000199777747256
61 0.000337630875473
62 0.000649118605979
63 0.000638227146814
64 0.00100603543636
65 0.000485939956141
66 0.0016
67 0.000451312969386
68 0.000257027080213
69 0.00103686304127
70 0.00631226391859
71 0.00273019575177
72 0.00312571089906
73 0.00562710646182
74 0.00768119359604
75 0.0088516228399
76 0.0202401350135
77 0.00427869622795
78 0.03787101415
79 0.0119226005048
80 0.00160346528876
81 0.000551918711014
82 0.00145844044902
83 0.000939064088288
84 0.000485995929784
85 0.00199479424815
86 0.0132134271986
87 0.157148290551
88 0.00252756970101
89 0.00307018668034
90 0.000509626233191
91 0.000469864186527
92 0.000936239694686
93 0.000497357638339
94 0.000169763074409
95 0.00218609783812
96 0.000371535284855
97 0.00107890670787
98 0.00065082562083
99 0.0038107224447
100 0.000208416698689
101 0.0157212176482
102 0.000554060404118
103 0.000225704776389
104 0.000581995125791
105 0.00107458577333
106 0.000508937978183
107 0.000454131326813
108 0.00781606434145
109 0.161858745574
110 0.0753991241523
111 0.000916729680043
112 0.000152180852676
113 0.000770415566675
114 0.000540016310697
115 0.000950232782541
116 0.000639270427632
117 0.00169336071474
118 0.00189708641975
119 0.000527016555066
120 0.000503830771617
121 0.000503830771617
122 0.00148518155927
123 0.00667568219763
124 0.00140009370226
125 0.000898734755441
126 0.00402685632137
127 0.00606006771206
128 0.00187201330604
129 0.002192293645
130 0.000410440017967
131 0.000671920309201
132 0.000484588805662
133 0.000745629153702
134 0.00050635126519
135 0.0604003588412
136 0.00485968753321
137 0.0121662709852
138 0.00591290896211
139 0.000263917525773
140 0.000249695661308
141 0.00287248831657
142 0.000257027080213
143 0.000409112807784
144 0.000199777747256
145 0.000203717688664
146 0.000440612175983
147 0.000332025771575
148 0.00435084191875
149 0.00126823140204
150 0.0154371394208
151 0.000312195121951
152 0.00883713173346
153 0.00125197733729
154 0.0012784864976
155 0.0172092642069
156 0.0014796510956
157 0.000278550993208
158 0.000643571712563
159 0.000565815167649
160 0.00047258979206
161 0.00214364842498
162 0.000233514266414
163 0.00340667965466
164 0.000490117467434
165 0.000251037485301
166 7.66476403882e-05
167 0.00258491631947
168 0.000213117374394
169 0.000497357638339
170 0.000424774478734
171 0.000216836734694
172 0.000874302374011
173 0.00975660141608
174 0.00366982087912
175 0.0384601368361
176 0.000557435714164
177 0.00164172499139
178 0.000827825066253
179 0.000173987626489
180 0.000625868960618
181 0.000467696746926
182 0.000263193245745
183 0.000731519179934
184 0.00301568514795
185 0.00561953052363
186 0.00215302290346
187 0.00255300091156
188 0.195835648275
189 0.00222289353607
190 0.00271179079487
191 0.000199777747256
192 0.0048459172208
193 0.00101666336044
194 0.000818566539592
195 0.00157674637302
196 0.00118239458295
197 0.00323102493075
198 0.00261909326634
199 0.00158701830921
200 0.00101137484548
201 0.00349907242926
202 0.00150998540519
203 0.104474063088
204 0.000327896652185
205 0.000755355814342
206 0.0123456790123
207 0.0011719484162
208 0.000550949568605
209 0.000220482702146
210 0.00276730445808
211 0.00111569773621
212 0.00480123981719
213 0.0109564934007
214 0.00138252456817
215 0.00526508661919
216 0.00479452895305
217 0.00253473262739
218 5.94943859897e-05
219 0.000442095717613
220 0.00664198028626
221 0.000283258813972
222 0.00048516369423
223 0.00317956878651
224 0.00173316230296
225 0.00535732904117
226 0.000565815167649
227 0.00129621161775
228 0.000497357638339
229 0.00611540749554
230 0.00459136289886
231 0.000921657229492
232 0.000551037051731
233 0.0013021158943
234 0.000301827237952
235 0.00518521779711
236 0.00147291739414
237 0.00198827241053
238 0.00282408961875
239 0.000529932270416
240 0.000891009449672
241 0.00104619731948
242 0.00120940058359
243 0.086152106573
244 0.0044627219257
245 0.000196638556059
246 0.00013874485038
247 0.000204513460885
248 0.00179847043667
249 0.000117654835085
250 0.000369532371482
251 0.000569059204009
252 0.000355253419588
253 0.000271955301964
254 0.00589211105997
255 0.000995482690046
256 0.000713915328527
257 0.273249435249
258 0.000204957561728
259 0.000369561294422
260 0.00245470150482
261 0.0107420216689
262 0.00140132341911
263 0.00217913952718
264 0.000247450416297
265 0.000528471396486
266 0.00132032564027
267 0.000884380704323
268 0.000935863131546
269 0.000606557252949
270 0.000897442028682
271 0.00590180833235
272 0.0056720452057
273 0.00576269652757
274 0.000192233178846
275 0.0037081262827
276 0.0023636046945
277 0.00101137484548
278 0.000164102458909
279 0.000237278684357
280 0.000126069559865
281 0.000487738640762
282 0.00201711295783
283 0.0006756391502
284 0.00154156907462
285 0.000706584904296
286 0.000198723049157
287 0.00340176060838
288 0.00609459944508
289 0.0126947407746
290 0.00539917217372
291 0.00130558683784
292 0.00038087437788
293 0.00447183022994
294 0.000240163266547
295 0.000240836681684
296 0.00698286453405
297 0.00184425458241
298 0.000353326926338
299 0.000560469754362
300 0.365161521433
301 0.0207276118454
302 0.00125070456021
303 0.000497583884803
304 0.00103501067355
305 0.000396172026423
306 7.33296457273e-05
307 0.000265470941302
308 0.000366059540155
309 0.00187369676235
310 0.00067301020409
311 0.00243489364282
312 0.00105566343886
313 0.00192171684038
314 0.00120940058359
315 0.00471200804367
316 0.0013934939916
317 0.000467082235306
318 0.00378750598025
319 0.000347582969844
320 0.002339370779
321 0.000579862626359
322 0.000340451266522
323 0.00023962656596
324 0.000995482690046
325 0.000279636155659
326 0.000580300035941
327 0.00050453312926
328 0.00769394772007
329 0.00251269582217
330 0.00071640800984
331 0.000413113887236
332 0.000209340666502
333 0.00027302460219
334 0.00107803221412
335 0.00022155899334
336 0.00101137484548
337 0.000440612175983
338 0.000503830771617
339 0.00121923570103
340 0.00146283392327
341 0.000349467606323
342 0.00285663048027
343 0.00795772221342
344 0.00206767360211
345 0.0176796936737
346 0.0227303476945
347 0.00962310990575
348 0.00468785807521
349 0.000901071395867
350 0.00293099910414
351 0.00136552729572
352 0.00063359573791
353 0.000563498950416
354 0.00188191119957
355 0.0114941641713
356 0.0121269146881
357 0.00699740814773
358 0.000560469754362
359 0.0002044465528
360 0.000477560027385
361 0.00389819172468
362 0.000307787011388
363 0.00118239458295
364 0.000213117374394
365 0.000859425564197
366 0.000220384738017
367 0.000275522616881
368 0.0017325443712
369 0.169295309652
370 0.0375088931569
371 0.111277043677
372 0.00127518833257
373 0.196098284633
374 0.256635912382
375 0.00229816411905
376 0.00589836819532
377 0.00032383942407
378 0.000951619405106
379 0.00248160281203
380 0.00310029971972
381 0.00270036696621
382 0.000851745125286
383 0.000668064618692
384 0.0113309702367
385 0.00243548809928
386 0.00503707031901
387 0.00276092273118
388 0.000229568411387
389 0.000499043367347
390 0.0004581359073
391 0.000990268472786
392 0.000180474747282
393 0.00107890670787
394 0.000634025153978
395 0.000575631536872
396 0.0148181524483
397 0.00707821092267
398 0.0932581288977
399 0.0011599824409
400 0.000202271604938
401 0.00114513064314
402 0.00689351373346
403 0.000460498443515
404 0.000240836681684
405 0.063926967611
406 0.0152831984803
407 0.000902560812413
408 0.000306528875989
409 0.00040064076882
410 0.00158701830921
411 0.000639270427632
412 0.000202271604938
413 0.00248982707057
414 0.00663137009411
415 0.00127551020408
416 0.000658150818234
417 0.000203717688664
418 0.00050718824448
419 0.0119930980362
420 0.00779067183436
421 0.000575631536872
422 0.00169265573525
423 0.000928869367803
424 0.0186628445161
425 0.00293555454594
426 0.000927331854783
427 0.00016948692468
428 0.000270404730393
429 0.00275090473971
430 0.000325827694194
431 0.00123482696281
432 0.000942257971847
