1 0.00196438026105
2 0.000794736587134
3 0.00150152667632
4 0.0117392411809
5 0.000500030401848
6 0.00349446262345
7 0.0014290454179
8 0.000192233178846
9 0.00083768018759
10 0.000727180911501
11 0.00190972839506
12 0.119227426667
13 0.251886279228
14 0.00462434182368
15 0.00121451912633
16 0.000550756452692
17 0.00331048935142
18 0.00436960888161
19 0.0011929758626
20 0.000572331219523
21 0.000657462195924
22 0.00043634547684
23 0.0123172491334
24 0.00255693721505
25 0.0106237079792
26 0.000621542191972
27 0.000284254625522
28 0.000482701867135
29 0.000818589978762
30 0.000717474489796
31 0.00312327219983
32 0.000247221233337
33 0.00219833890164
34 0.000483458375007
35 8.3825853342e-05
36 0.000239905012609
37 0.0014831228823
38 0.000695568168096
39 0.000949725089989
40 0.00103164450834
41 0.00842717566494
42 0.00203774326659
43 0.496229776518
44 0.00445619146722
45 0.00214868938598
46 0.000448105446023
47 0.00624985961681
48 0.00211157191098
49 0.00276903900235
50 0.000793813886782
51 0.00112907943665
52 0.0048280073275
53 0.00408292419031
54 0.00140913103007
55 0.000879542981221
56 0.000157535404924
57 0.00108483747109
58 0.560079654734
59 0.00159512139451
60 0.40515034877
61 0.000300220225443
62 0.000951619405106
63 0.000198024550403
64 0.000299740640419
65 0.000838808348473
66 0.000241515060893
67 0.00115650644104
68 0.00021878581914
69 0.0466591705553
70 0.001077329069
71 0.0215550786236
72 0.00204810317682
73 0.00166733810885
74 0.00458947006537
75 0.721954825064
76 0.000816137220432
77 0.000819452093015
78 0.00819544634189
79 0.00601155176048
80 0.00154061700437
81 0.00915409592694
82 0.00174725447689
83 0.000557298786159
84 0.00141031052402
85 0.00941337092516
86 0.0810124222449
87 0.000539807607263
88 0.000739571607493
89 0.00579130572367
90 0.000637690031629
91 0.000431838500679
92 0.000567974765563
93 0.000447347551112
94 0.000186692200715
95 0.00187779333485
96 0.00271657127992
97 0.00103766308992
98 0.0071504993833
99 0.0880869841518
100 0.00881876109475
101 0.00237229786238
102 0.000273450923405
103 0.000195181733306
104 0.000457352434322
105 0.000612559716877
106 0.000501849213673
107 0.00299874347398
108 0.000686746712929
109 0.0151628332706
110 0.0026638917794
111 0.00270738317139
112 0.000255615043955
113 0.00445268634243
114 0.000205916065073
115 0.000413113887236
116 0.000154315034142
117 0.000452158901756
118 0.0039555397334
119 0.00440087172274
120 0.000786094855446
121 0.000487479145413
122 0.00144903826606
123 0.00413859819169
124 0.0034063768184
125 0.00286771540975
126 0.000517357073705
127 0.00178212252006
128 0.000317683732871
129 0.263618219993
130 0.00139764724729
131 0.000234426867517
132 0.000470821106002
133 0.000256374553654
134 0.0139280058166
135 0.00244367820237
136 0.00615272884918
137 0.000601634577963
138 0.000156985004866
139 0.00212168182916
140 0.000162275505626
141 0.000869978756957
142 0.00113073551861
143 0.0010799744059
144 0.000223637234588
145 0.000218055025924
146 0.00208582103402
147 0.00096007423013
148 0.00994078478002
149 0.010628023429
150 0.00117210837905
151 0.000448970952342
152 0.000247182617973
153 0.00141896992345
154 0.00500869554624
155 0.00210972313536
156 0.00210716094717
157 0.000280013404802
158 0.0132179704154
159 0.102528217184
160 0.1008300414
161 0.0024330438327
162 0.0139865108714
163 0.00196438026105
164 0.000595844535003
165 0.00115148364423
166 0.0016211044711
167 0.000315457977065
168 0.0010799744059
169 0.000503529127873
170 0.00196438026105
171 0.000268013819363
172 0.000420603232521
173 0.0598936135679
174 0.353425622221
175 0.000524003284647
176 0.000870733673744
177 0.000567974765563
178 0.000523166218697
179 0.000436963529924
180 0.000323534108816
181 0.000517326405565
182 0.00148656574542
183 0.00186709343088
184 0.000214288883178
185 0.00023379999813
186 0.0590803174085
187 0.00120776913871
188 0.000781822653447
189 0.000261197836955
190 0.0014871312386
191 0.00155149864042
192 0.000503627731274
193 0.0014290454179
194 0.00045774111042
195 0.000843262396254
196 0.000586233521119
197 0.000704832015036
198 0.000221937864334
199 0.00218193185939
200 0.000413774869456
201 0.0010330905307
202 0.00130633217602
203 0.126737732287
204 0.00288145274335
205 0.000124145529597
206 0.0016946896623
207 0.000446550858291
208 0.00139294148993
209 0.000663362617188
210 0.00145432347027
211 0.000610500322915
212 0.000261197836955
213 0.000488601513023
214 0.000570344546152
215 0.000228936958169
216 0.449650566857
217 0.00156228030433
218 0.00135571290069
219 0.000773195056218
220 0.00251176007785
221 0.000308630068284
222 0.000838808348473
223 0.00112986371019
224 0.00209321201247
225 0.000544880261473
226 0.000413113887236
227 0.156676062447
228 0.0138975101062
229 0.000431148662818
230 0.00178693270558
231 0.00410647863317
232 0.000238068550774
233 0.00330650831592
234 0.00113073551861
235 0.000493827160494
236 0.00140885778804
237 0.000229684023653
238 0.00098559612461
239 0.000490792956074
240 0.00351165980796
241 0.0034344951467
242 0.00246030483825
243 0.0169298169079
244 0.00368079966715
245 0.00147234764329
246 0.00147234764329
247 0.00236490943195
248 0.00145135672728
249 0.000794736587134
250 0.000279265206326
251 0.0039555397334
252 0.000621542191972
253 0.000355461827381
254 0.000203061728395
255 0.000763778353429
256 0.000412014031411
257 0.000895551508845
258 0.00793950827703
259 0.00397467298762
260 0.000568883525188
261 0.00947589711122
262 0.00806929418891
263 0.00378614307326
264 0.000935021271962
265 0.0521877282688
266 0.03854808186
267 0.00157164776238
268 0.0621331277944
269 0.00165634261768
270 0.000177288330151
271 0.000287273771905
272 0.000490642956595
273 0.00050453312926
274 0.00083768018759
275 0.000344027157214
276 0.000838808348473
277 0.000159724873905
278 0.000579084331837
279 0.0010131640974
280 0.00405636147444
281 0.00441192508214
282 0.449765349679
283 0.228542390592
284 0.00498998627206
285 0.000906729231217
286 0.000245245506174
287 0.000681426749794
288 0.00168931462093
289 0.00185716318903
290 0.00402626602057
291 0.000544880261473
292 0.000292205420411
293 0.000414206842361
294 0.000404517914966
295 0.00325219890953
296 0.0010131640974
297 0.00156228030433
298 0.00065256448312
299 0.00050453312926
300 0.00145432347027
301 0.000695568168096
302 0.000224054763518
303 0.000696641575762
304 0.00132231404959
305 0.000183233556936
306 0.000537656572557
307 0.00262715260894
308 0.00120935617068
309 0.000181693138742
310 0.000551924269111
311 0.00171272941015
312 0.000947677079414
313 0.00147227808101
314 0.000458799648421
315 0.00256558078709
316 0.000244618161561
317 0.00143494897959
318 0.0107675662763
319 0.0100802546705
320 0.0115565068098
321 0.000760455833328
322 0.0231277789237
323 0.0271275098518
324 0.000663981748701
325 0.00226133488174
326 0.00314655734686
327 0.0172044853503
328 0.00106869632082
329 0.000763336747538
330 0.000693471360348
331 0.000176046196593
332 0.000493827160494
333 0.000420603232521
334 0.000214913580247
335 0.0119225615261
336 0.00231837725536
337 0.00833139683169
338 0.00993660150035
339 0.0010131640974
340 0.00175769687559
341 0.000875031817804
342 0.00225827892811
343 0.00209192897595
344 0.00017199677506
345 0.00196807780965
346 0.000314981790388
347 0.0010617026902
348 0.00275573965422
349 0.000650181711545
350 0.0261545095478
351 0.00199870845086
352 0.00923220242889
353 0.000488077507622
354 0.00225004662217
355 0.00176299243184
356 0.000526049995792
357 0.000458089998461
358 0.000843262396254
359 0.000476726225663
360 0.000315457977065
361 0.00430874424721
362 0.00163777602463
363 0.000808607174143
364 0.00459796311003
365 0.00311403858418
366 0.000746185468038
367 0.000778198242188
368 0.0118115699697
369 0.000931177336052
370 0.00172287581887
371 0.000677079970474
372 0.00390625
373 0.000539516875684
374 0.000612559716877
375 0.0100500485803
376 0.00542161353329
377 0.00111198923315
378 0.442447595567
379 0.00869447721286
380 0.000562114034172
381 0.000458921395209
382 0.000541840489096
383 0.00083768018759
384 0.000279265206326
385 0.00180357182958
386 0.00104966381956
387 0.00395593528737
388 0.00032866350694
389 0.000353858844858
390 0.00239857716755
391 0.00187701157243
392 0.000139226077044
393 0.000272664292233
394 0.033673429341
395 0.00279648142322
396 0.00399901026808
397 0.00295638117485
398 0.157650753097
399 0.0122586522707
400 0.00296083758127
401 0.000621542191972
402 0.00427744536941
403 0.000972038474426
404 0.00047839601852
405 0.000569582722137
406 0.000376745688824
407 0.000992767417634
408 0.00121451912633
409 0.00190724482955
410 0.00529638697772
411 0.00026680541103
412 0.000606327736654
413 0.00913058238726
414 0.00644724090057
415 0.00644724090057
416 0.000489383275444
417 0.0009172156911
418 0.00111976608058
419 0.00863347997331
420 0.000291374701796
421 0.00027302460219
422 0.00989925017393
423 0.00600310017079
424 0.000489383275444
425 0.000325386257915
426 0.00196108641975
427 0.0215911257698
428 0.000966096136234
429 0.00130578832415
430 0.000325386257915
431 0.000928466552572
432 0.001613813491
