1 0.00445749690365
2 0.000509947077444
3 0.000936719359894
4 0.000515591061218
5 0.000519357924031
6 0.000933218698889
7 0.00106912962454
8 0.000498246173469
9 0.00045039072296
10 0.0171490197301
11 0.000655525818365
12 0.00107221164673
13 0.00449458214658
14 0.00359900392783
15 0.00947366453263
16 0.2832992915
17 0.00908744158331
18 0.0657080074965
19 0.00123596191406
20 0.000540319880171
21 0.00261788970103
22 0.000204081632653
23 0.000824523083823
24 0.000229134239547
25 0.00422103351677
26 0.00922830029893
27 0.00517101521458
28 0.00136601084637
29 0.00221559665621
30 0.000519357924031
31 0.00187201133536
32 0.00110089405169
33 0.00639368369148
34 0.00159800187344
35 0.00105566343886
36 0.00339217670997
37 9.52772912961e-05
38 0.000515591061218
39 0.000132307878366
40 0.000455710097285
41 0.00030566893424
42 0.00406519875338
43 0.000655593079041
44 0.00329917151876
45 0.00980707365006
46 0.00116597263534
47 0.000215974302892
48 0.00197831651344
49 0.000399360767182
50 0.00124911288661
51 0.00129430892205
52 0.0124949387458
53 0.000575332256002
54 0.000473853486136
55 0.852408062702
56 0.000171434234881
57 0.00650944275137
58 0.000208875739645
59 0.00244597409251
60 0.000945129266117
61 0.00303415919884
62 0.000462879301815
63 0.000948366007811
64 0.00105647799398
65 0.000177758143055
66 0.000388186644536
67 0.00108087821355
68 0.00159202990031
69 0.000846965269849
70 0.000210626726898
71 0.000239338318194
72 0.00599097167268
73 0.000618532428082
74 0.0181305983259
75 0.00109830709179
76 0.0026172507238
77 0.0986294601124
78 0.002075
79 0.000348764071579
80 0.00179198117832
81 0.00193741232592
82 0.00119002267574
83 0.00527449205705
84 0.000785477448561
85 0.000538509944509
86 0.000671993287695
87 0.112471531365
88 0.00377744155646
89 0.00207076126752
90 0.000685476460958
91 0.0010931902579
92 0.000455791505651
93 0.000505617780268
94 0.00144677735846
95 0.000678077876624
96 0.000484231908407
97 0.000917138923819
98 0.000751189044803
99 0.002149923607
100 0.00106912962454
101 0.000861475373887
102 0.00186242008213
103 0.000273460504865
104 0.000707596253902
105 0.000436206081899
106 0.00242009560186
107 0.00578337512957
108 0.00122726062113
109 0.00454413580247
110 0.00122726062113
111 0.00124782148432
112 0.00058570559719
113 0.00104591836735
114 0.000350768750354
115 0.0376129576351
116 0.000752934387473
117 0.00909394985167
118 0.000470133721075
119 0.00145695092782
120 0.00603115294758
121 0.000377348481926
122 0.00156910772601
123 0.000483458375007
124 0.000459708904966
125 0.000505617780268
126 0.000516416006916
127 0.0192582708484
128 0.000867885814085
129 0.00212302670214
130 0.00101137484548
131 0.0019771015247
132 0.0333810041774
133 0.00249721749853
134 0.000156011116101
135 0.00175026275887
136 0.00709225457914
137 0.000678561031748
138 0.000469873481551
139 0.00130119959358
140 0.00815086329733
141 0.0296274556614
142 0.00117775247387
143 0.000669808634226
144 0.00134205903061
145 0.000567663570612
146 0.000376745688824
147 0.00326530612245
148 0.00200246033235
149 0.00388679174881
150 0.000171434234881
151 0.00175396303601
152 0.000581405895692
153 0.00134121365347
154 0.00679506534547
155 0.00405239851791
156 0.0343709743051
157 0.0007196146064
158 0.0036430489449
159 0.000986333095872
160 7.83146683374e-05
161 0.00273796646836
162 0.000613900072784
163 0.00215949931065
164 0.000398079558834
165 0.00153664
166 0.00193701954308
167 0.0356924703091
168 0.00205007515843
169 0.000465278672147
170 0.000247513025856
171 7.30513551026e-05
172 0.0648338456989
173 0.00304925030578
174 0.00255969001261
175 0.000669808634226
176 0.000418907976831
177 0.000514655748828
178 0.0003738375894
179 0.000167301781699
180 0.00100249928642
181 0.000190578144111
182 0.0190699285235
183 0.0016860860052
184 0.023703297607
185 0.0141098690815
186 0.0009005541218
187 0.0291443792958
188 0.176952379327
189 0.000531759009535
190 0.000591502480896
191 0.00129276606489
192 0.000543864167966
193 0.000737262553131
194 0.000783360686782
195 0.000948366007811
196 0.00200846096381
197 0.0121124091268
198 0.0265448874351
199 0.0421521513045
200 0.00102510197047
201 0.000921373301218
202 0.000209533482432
203 0.000797522987427
204 0.00117551020408
205 0.00117551020408
206 0.00115999208771
207 0.00159202990031
208 0.000283523851444
209 0.00144570472573
210 0.0270305934601
211 0.00566974865285
212 0.000656510176087
213 0.000582514919561
214 0.00065579351082
215 0.00038163484987
216 0.00208930858766
217 0.000444396468233
218 0.0042449256756
219 0.00129897774808
220 0.000163955207228
221 0.0191453384944
222 0.000456570969391
223 0.0165886587229
224 0.00181003922724
225 0.000784871837575
226 0.00287688307932
227 0.000710465263193
228 0.00058570559719
229 0.000224770843384
230 0.000132307878366
231 0.00159202990031
232 0.000264931092044
233 0.0348197267041
234 0.000221937864334
235 0.000765145777484
236 0.124201224943
237 0.00898777518929
238 0.0014104436927
239 0.0055770469594
240 0.00344653961691
241 0.00117266542643
242 0.0018899237062
243 0.0153774588564
244 0.000459708904966
245 0.00192948250205
246 0.00312565262792
247 0.0429060062435
248 0.00120424983652
249 0.000399360767182
250 0.00219118433338
251 0.00159800187344
252 0.000487738640762
253 0.00110464279202
254 8.3825853342e-05
255 0.000195267062032
256 0.0141739760011
257 0.00616777942328
258 0.00161343916829
259 0.366238778969
260 0.013623596546
261 0.000212729005683
262 0.00153728
263 0.000296561992897
264 0.00395243186494
265 0.00862499105746
266 0.000771604938272
267 0.00112676664401
268 0.00112402553616
269 0.000733076806267
270 0.000347036364969
271 0.00140945261571
272 0.166535176121
273 0.00381513768051
274 0.000527517632096
275 0.000550949568605
276 0.00198110466457
277 0.00108232875571
278 0.0002429244843
279 0.000465278672147
280 0.000604279848282
281 0.000933218698889
282 0.00106912962454
283 0.000666766776126
284 0.000227839088644
285 0.22269855053
286 0.00373331603413
287 0.00243865264441
288 0.00243189713095
289 0.000377532892408
290 0.000899900599215
291 0.000311272186859
292 0.000728271546386
293 0.00143613448344
294 0.00231684299505
295 0.000503627731274
296 0.00161612080503
297 0.0011678832617
298 0.000526049995792
299 0.0241681265634
300 0.127981216634
301 0.00050411688982
302 0.00484378748885
303 0.000248479873614
304 0.00569863175513
305 0.000596046447754
306 0.000323017281166
307 0.0010553198335
308 0.00225534823628
309 0.000604279848282
310 0.0057745988053
311 0.0033134675696
312 0.00136741136962
313 0.0145258331707
314 0.000600599500843
315 0.00537322669218
316 0.00125687225069
317 0.00117327433164
318 0.00199859839336
319 0.000610500322915
320 0.000536242008855
321 0.000628511532082
322 0.00176064708407
323 0.00105337987671
324 0.00174516440493
325 0.00167572928422
326 0.00520105456559
327 0.266110570648
328 0.000455195221701
329 0.00010533460336
330 0.00407870108054
331 0.00118246498333
332 0.000601864371132
333 0.000200558129081
334 0.00112950775185
335 0.000323017281166
336 0.000221937864334
337 0.00390137176133
338 0.000563667863446
339 0.000517240952614
340 0.000383407831688
341 0.00046134929521
342 0.00835973605128
343 0.00258527333654
344 0.00313725490196
345 0.00256027458422
346 0.472647293006
347 0.00311524979922
348 0.00110643978166
349 0.00157487464524
350 0.000241309116039
351 0.00119229262787
352 0.00153173452827
353 0.0122698224852
354 0.0147531896402
355 0.000450029845729
356 0.000357136353243
357 0.00106995457024
358 0.000781219860345
359 0.000487738640762
360 0.000576737988393
361 0.000564739984675
362 0.000467085076312
363 0.00159241857949
364 0.000139811535836
365 0.000519899415378
366 0.0202212381
367 0.000196645957389
368 0.00273796646836
369 0.00507242090319
370 0.00114048766408
371 0.000392012277869
372 0.00151096638448
373 0.0106498634351
374 0.000253067219613
375 0.000814792899408
376 0.0096429889383
377 0.00258038877242
378 0.00315334723749
379 0.00184693095699
380 0.000641572458167
381 0.00167971333384
382 0.000243455129519
383 0.000526049995792
384 0.000728498737343
385 0.000218393905525
386 0.000509911506731
387 0.000637930286689
388 0.000503627731274
389 0.000277905365503
390 0.000515594522311
391 0.0120704216855
392 0.0026172507238
393 0.0013124258481
394 0.0061099537302
395 0.000693265221445
396 0.00208541607134
397 0.000317724508467
398 7.41741260502e-05
399 8.40936439076e-05
400 0.000677522434402
401 0.011065554007
402 0.000682426906619
403 0.00515410433669
404 0.00220836487879
405 0.0054755368474
406 0.000323017281166
407 0.0152043308442
408 0.000447347551112
409 0.00301274827959
410 0.000608770785809
411 0.000564739984675
412 0.00159202990031
413 0.00329465704116
414 0.000193318986106
415 0.00060309324111
416 0.000232642463974
417 0.00452888437235
418 0.00131838926467
419 0.00489424037664
420 0.00110776005726
421 0.000947340344941
422 0.000378506866115
423 0.00160786561699
424 0.00109410087036
425 0.00176263691065
426 0.00358729587442
427 0.00487190283075
428 0.001134434968
429 0.00225004662217
430 0.0577372025936
431 0.0628207720948
432 0.0807768587081
