1 0.000499935711143
2 0.00297583613621
3 0.00211377420456
4 0.000822483385773
5 0.000492486150494
6 0.000492076001729
7 0.00042829810096
8 0.00661878770468
9 0.000106546217687
10 0.000647839311014
11 0.000698251167218
12 0.00139059745302
13 0.000198898251308
14 0.00533071583362
15 0.00303059761935
16 0.00596052794711
17 0.000574547543809
18 0.000491397510253
19 0.000317063173189
20 0.000232199546485
21 0.000996278939892
22 0.00208153442291
23 0.00798254847645
24 0.0114582504475
25 0.000822168242119
26 0.00119343102961
27 0.00339090621077
28 0.0107169381476
29 0.000555199734215
30 0.00194783795871
31 0.00573282576704
32 0.0012854442344
33 0.00160513231427
34 0.00209422579718
35 0.00100681169827
36 0.00111730976637
37 0.000698251167218
38 0.000476726225663
39 0.000459708904966
40 0.0174559833446
41 0.00117551020408
42 0.000314816894938
43 0.000759876659045
44 0.00220710778794
45 0.000698510116614
46 0.000445797503961
47 0.00420959350989
48 9.30990375645e-05
49 0.00405567867036
50 0.0137364117105
51 0.00236307579306
52 0.0276010515271
53 0.000679583464266
54 0.00185399106131
55 0.000288494913023
56 0.000393688957515
57 0.000444251874359
58 0.00376549586777
59 0.000581405895692
60 0.00207081640342
61 0.00217777777778
62 0.000413993424623
63 0.0183140836801
64 0.0273789024608
65 0.0015396637265
66 0.0158040690513
67 0.000276623977248
68 0.00066016779881
69 0.00219702131271
70 0.00248217582008
71 0.00197800866034
72 0.00632445225314
73 0.000140577120763
74 0.00124090318733
75 0.00116111273384
76 0.000701533966399
77 0.000516625309811
78 0.00257350857261
79 0.00243489364282
80 0.00420959350989
81 0.0059096435243
82 0.880705095522
83 0.0119146234394
84 0.000228729085084
85 0.00425330812854
86 0.00066016779881
87 0.000995482690046
88 0.000538974351771
89 0.000147593902296
90 0.00184255967808
91 0.00182183224271
92 0.00566489618759
93 0.00116439433077
94 0.000224268670303
95 0.000460278923345
96 0.00112356043819
97 0.000527016555066
98 0.0652259259259
99 0.000497095932021
100 0.000314387305176
101 0.000958433778947
102 0.000249471578268
103 0.0126183793732
104 0.00525929637195
105 0.000590824137647
106 0.00096953512365
107 0.00508112758825
108 0.000384596692468
109 0.00925255723204
110 0.000502724768244
111 0.000185984917173
112 0.00373681957759
113 0.000993740051098
114 0.000176116179115
115 0.000818924226761
116 0.00048516369423
117 0.000413674231543
118 0.00134577327505
119 0.00299730491358
120 0.000555849051553
121 0.0049350718065
122 0.00119440556078
123 0.000952353679338
124 0.000459655669441
125 0.001908756716
126 0.0328548327756
127 0.00157665215598
128 0.000784871837575
129 0.0020313429875
130 0.00104245007943
131 0.000225281513892
132 0.00065190643173
133 0.00104245007943
134 0.00239132612179
135 0.000567800453515
136 0.000491397510253
137 0.000258403084275
138 0.00184179290335
139 0.000901501877086
140 0.000567974765563
141 0.000574528266331
142 0.00137898673204
143 0.000227112862715
144 0.000333045507666
145 0.000541840489096
146 0.000711002977452
147 0.0232492157874
148 0.000455061579251
149 0.00790358959998
150 0.0017589394145
151 0.409950346082
152 0.0122996930445
153 0.00281327943175
154 0.00174451115261
155 0.0421014850331
156 0.00130224384656
157 0.00021750739906
158 0.00185329452431
159 0.00225175574968
160 0.0870175924649
161 0.0965788519434
162 0.00203087016982
163 8.77534566635e-05
164 8.82579835339e-05
165 0.0078797784079
166 0.000480074599752
167 0.00256775300924
168 0.000336479034423
169 0.00191748505184
170 0.00048893041704
171 0.0104585815959
172 0.356374490895
173 0.0105847802161
174 0.00181553992597
175 0.00481884194607
176 0.000341416435733
177 0.000769087525496
178 0.00125893933443
179 0.00234131113424
180 0.000862870038497
181 0.0059096435243
182 0.00773410502616
183 0.01296152157
184 0.000826192894741
185 0.00105647799398
186 0.00105795876519
187 0.000258893515764
188 0.000332510303829
189 0.000826221602955
190 0.00319193079894
191 0.000238978739294
192 0.000188063320993
193 0.00147928994083
194 0.00171439263926
195 0.0333125998435
196 0.00173316230296
197 0.0006718464
198 0.000480074599752
199 0.00121503669907
200 0.0058559488
201 0.00257778329443
202 0.000378573177618
203 0.000460278923345
204 0.0024785342913
205 0.000374996775028
206 0.000555807604191
207 0.000184480040124
208 0.000236345384851
209 0.00107948274738
210 0.0076946752847
211 0.000396187472108
212 0.001516527574
213 0.00138711165208
214 0.00231853607234
215 0.00132133724162
216 0.00226482743296
217 0.00509634305317
218 0.000794736587134
219 0.000515594522311
220 0.000227409811134
221 0.000940305134821
222 0.000540508178875
223 0.000575447511557
224 0.000538826083321
225 0.00908182359789
226 0.0680428818255
227 0.00184425458241
228 0.00389183999843
229 0.106645740142
230 0.00376331366743
231 0.000595835812017
232 0.0108293242981
233 0.000299325918033
234 0.000278357386964
235 0.000704333283748
236 0.00598241577784
237 0.00033009819497
238 0.000626313117414
239 0.0100050018756
240 0.00645824265467
241 0.00967353447123
242 0.00131769490181
243 0.114732798592
244 0.000157725208185
245 0.000682092564101
246 0.00420147752924
247 0.000567974765563
248 0.0078797784079
249 0.00082303144316
250 0.000331247361012
251 0.000232199546485
252 0.00141212773654
253 0.0169309318581
254 0.048498776185
255 0.00964272901609
256 0.00141782885302
257 0.00812849572757
258 0.000333984671325
259 0.00117551020408
260 0.00173906745134
261 0.00103385987328
262 0.000216571279917
263 0.00104245007943
264 0.000724893205943
265 0.00101675687507
266 0.000287343659344
267 0.355871310142
268 0.00136457321034
269 0.00202898019602
270 0.00166583547969
271 0.00113411294141
272 0.000383264172036
273 0.000526049995792
274 0.00467330588273
275 0.00111846335647
276 0.001024
277 0.000195973761157
278 0.000977316456737
279 0.00639120877499
280 0.000538826083321
281 0.00103744292608
282 0.138566978651
283 0.000216262975779
284 0.00202458679794
285 0.00334244835974
286 0.00369443633342
287 0.000175430902153
288 0.0006423205551
289 0.000485084804602
290 0.000541840489096
291 0.00120146092038
292 0.00313900162975
293 0.000328236577824
294 0.00104245007943
295 0.0101361919786
296 0.0135769921922
297 0.000567974765563
298 0.000539516875684
299 0.000701448725744
300 0.00175696511169
301 0.00300311942081
302 0.000136196220448
303 0.000394928735899
304 0.0082311719563
305 0.000394928735899
306 0.000459708904966
307 0.000459708904966
308 0.000413674231543
309 0.0061818740304
310 0.000332305937259
311 0.00321344607827
312 0.00555741767575
313 0.0383836317628
314 0.000468259186208
315 0.000509626233191
316 0.000278357386964
317 0.000574528266331
318 0.00604493965499
319 0.0016243970355
320 0.00106612888314
321 0.0350178730291
322 0.00552684685971
323 0.0629960142612
324 0.00152088733959
325 0.00101675687507
326 0.00147234764329
327 0.000237384012031
328 0.000419639026369
329 0.00017976967011
330 0.0054026501889
331 0.000743801652893
332 0.00358405317575
333 0.00300311942081
334 0.00048516369423
335 0.000953252385338
336 0.000940305134821
337 0.000157535404924
338 0.00241921097929
339 0.000232494684106
340 0.00700579745696
341 0.00108414184701
342 0.000567974765563
343 0.000301707417692
344 0.000901501877086
345 0.00202458679794
346 0.00204780742362
347 0.00206410186457
348 0.000599554315304
349 0.725040791672
350 0.00128313655603
351 0.00183139146851
352 0.000951619405106
353 0.00685276961537
354 0.000288494913023
355 0.00245757886482
356 9.12815935738e-05
357 0.00319193079894
358 0.00054692100973
359 0.000744248756488
360 0.000139775291805
361 0.00202458679794
362 0.000336479034423
363 0.000997229916898
364 0.000609061470382
365 0.00476280856225
366 0.000418781320821
367 0.000320761451517
368 0.000555849051553
369 0.000801703126486
370 0.00215724040341
371 0.0118640563556
372 0.00125684197907
373 0.0170927195792
374 0.00120990429063
375 0.00296822091444
376 0.00146737865935
377 0.00235007422132
378 0.00585350658597
379 0.00062833748665
380 0.0207514369215
381 0.000625312617227
382 0.00859831646111
383 0.00647099812826
384 0.000265831758034
385 0.00371466860978
386 0.00176601772932
387 0.000394928735899
388 0.00185399106131
389 0.00111730976637
390 0.00084015963033
391 0.000566893424036
392 0.000499137091796
393 0.00072330966392
394 0.00195928186322
395 0.000741303882925
396 0.00712136587798
397 0.00189317518735
398 0.000519111111111
399 0.000523073583642
400 0.000325179990422
401 0.00113743155471
402 0.00299301311528
403 0.00685915013251
404 0.0124411595463
405 0.000738083719273
406 0.00310514332766
407 0.000215865980955
408 0.00187622503833
409 0.000480917205294
410 0.000374996775028
411 0.00184102612862
412 0.000574528266331
413 0.000609061470382
414 0.00141356780364
415 0.000361983926755
416 0.00239366545265
417 0.000281289864721
418 0.00146901804717
419 0.00110810615418
420 0.00738151014105
421 0.000714887708923
422 0.000728271546386
423 0.00171022254938
424 0.000527985780709
425 0.000692942130882
426 0.000852723530055
427 0.000852723530055
428 0.00248304461574
429 0.000451891847688
430 0.00621058662298
431 0.0508469197327
432 0.0153702684492
