1 0.000230878356868
2 0.00754628684456
3 0.000250955788648
4 8.98546670236e-05
5 0.000618796564441
6 0.00322486928493
7 0.000998981747771
8 0.00115848738511
9 0.000655338143236
10 0.000181693138742
11 0.00117916382693
12 0.00118334106647
13 0.0359233550345
14 0.00471408526376
15 0.0587280582845
16 0.00101824202914
17 0.000107997835279
18 0.674509216597
19 0.000224473753166
20 0.00218061172428
21 0.00183608831859
22 0.00102036879719
23 0.00201085627659
24 0.00032394816622
25 0.00452973442935
26 0.000565832939243
27 0.00724309642372
28 0.0147392401139
29 0.00697838270304
30 0.00024527750949
31 0.00103132079886
32 0.000415123767891
33 0.000230003818423
34 0.00042368960275
35 0.00153190861957
36 0.00117680005049
37 0.00021878581914
38 0.000135011911109
39 0.000793753745864
40 0.0179243713996
41 0.00468489183287
42 0.000678301849213
43 0.00190346601617
44 0.00117383270133
45 0.0187816098015
46 0.000693630332037
47 0.00104749799109
48 0.0033402586018
49 0.00455532871746
50 0.000938705296514
51 0.000579803450835
52 0.00351307281752
53 0.000266199216307
54 0.00616028189763
55 0.00182183224271
56 0.000210039907582
57 0.00185245869884
58 0.000427589877682
59 0.000384596692468
60 0.000185423268447
61 0.000379612339634
62 0.00177893773274
63 0.000206748357605
64 0.00222413459303
65 0.000950130319875
66 0.00304344908894
67 0.00119933970241
68 0.00393255949928
69 0.000434027777778
70 0.000816956412195
71 0.00188942358395
72 0.0109814145635
73 0.00187607722138
74 0.000613676992449
75 0.000939504704863
76 0.00286861497139
77 0.00089535141895
78 0.00200236112944
79 0.0348485944298
80 0.00435947906569
81 0.0306177794674
82 0.0186051062799
83 0.000630240526162
84 0.00370395869594
85 0.00374968658108
86 0.000461480701136
87 0.00102036879719
88 0.00223943750077
89 0.000951619405106
90 0.00631861173523
91 0.000250459583552
92 0.00185399106131
93 0.000259621986331
94 0.00127144397608
95 0.000421068045357
96 0.00174211471805
97 0.0941278504449
98 0.00661248771534
99 0.00242495048421
100 0.000612685030879
101 0.000936239694686
102 0.000510017144736
103 0.00181550094518
104 0.000674650025299
105 0.000216008773067
106 0.000306487561441
107 0.000176859539546
108 0.0429477716198
109 0.00204500891872
110 0.0131491412983
111 0.0039831034535
112 0.0478520411842
113 0.00123723972418
114 0.00145018752839
115 0.00036814520682
116 0.000369670840006
117 0.000959826520244
118 0.00048010621161
119 9.91697346238e-05
120 0.000219522278522
121 0.000451923966866
122 0.00418762095896
123 0.000931177336052
124 0.000823611723599
125 0.000778283419415
126 0.0123755652011
127 0.000576806450888
128 0.00346020761246
129 0.000497265832277
130 0.0013410495169
131 0.00117501279154
132 0.00122325187322
133 0.00544340652457
134 0.000494589239445
135 0.00043143110251
136 0.0278983016718
137 0.0365653841813
138 0.00921638172692
139 0.101060369139
140 0.0018722192172
141 0.00124812083659
142 0.000233638218498
143 0.000232334862871
144 0.000369634107311
145 0.000396436415927
146 0.000258984059092
147 0.000479799942808
148 0.000384596692468
149 0.00236150243674
150 0.000651649154124
151 0.000330673704163
152 0.000597361773582
153 0.146056300011
154 0.00628914454799
155 0.000938504560636
156 0.000410828354477
157 0.0185435875994
158 0.0052561275505
159 0.00107890670787
160 0.0124122657057
161 0.000510017144736
162 0.00194090486035
163 0.00180626075276
164 0.00243497027024
165 0.000243677402934
166 0.00219446566909
167 0.00318387996542
168 0.000935517844498
169 0.000298863002079
170 0.000369634107311
171 0.000500224749966
172 0.000167844088577
173 0.00057715763761
174 0.00245377603543
175 0.00378326806693
176 0.00142025285001
177 0.00117327433164
178 0.0024785342913
179 0.00088084199837
180 0.00155497319987
181 0.00129628642975
182 0.000554607220119
183 0.00175229853975
184 0.000184246294113
185 0.000725144664539
186 0.00506579197325
187 0.000473161070089
188 0.00205125432526
189 0.0148678081579
190 0.00155497319987
191 0.00101137484548
192 0.00060309324111
193 0.000465867061454
194 0.00124812083659
195 0.000637361274723
196 0.000246542387474
197 0.000259621986331
198 0.000959826520244
199 0.00134514494955
200 0.000612685030879
201 0.0460703672131
202 0.00866331360947
203 0.000409640211007
204 0.00157446872266
205 0.00155999925401
206 0.000483250178477
207 0.00121629665278
208 0.0110480046886
209 0.00222547818211
210 0.00368288413355
211 0.000479133491703
212 0.00800658713377
213 0.0011532980281
214 0.270226706071
215 0.000475755441975
216 0.000777593312698
217 0.000346561418685
218 0.000360985265757
219 0.000846902477027
220 0.000181693138742
221 0.000412442975634
222 0.000880812359102
223 0.00103132079886
224 0.000379612339634
225 0.000676441685712
226 0.000462879301815
227 0.000201554330308
228 0.000777593312698
229 0.00621104618638
230 0.00458677755282
231 0.00373713065148
232 0.000646589623489
233 0.00126626405693
234 0.00201270378374
235 0.00185257867954
236 0.0026348508725
237 0.00350418242847
238 0.0125572054899
239 0.00199518142293
240 0.0179897300513
241 0.00105757155133
242 0.026295543332
243 0.00195928186322
244 0.00231190265034
245 0.108450843485
246 0.0646125253544
247 0.00060124669142
248 0.000370216113656
249 0.0277560204125
250 0.000721886001345
251 0.00317393846579
252 0.00018870847771
253 0.00023397884685
254 0.000488519022587
255 0.000571237419067
256 0.00323746643058
257 0.0115576850043
258 0.00959923945647
259 0.00174972096801
260 0.00174991687027
261 0.222105084777
262 0.0020159241098
263 0.000166762098883
264 0.0109922473722
265 0.00178344160787
266 0.000782810127356
267 0.000443586764507
268 0.00746773260825
269 0.000691283458965
270 0.000841354437748
271 0.0220930343637
272 0.0758049389806
273 0.0522404196314
274 0.000367223701636
275 0.000634881269763
276 0.00122636224621
277 0.00101695703391
278 0.00343792125426
279 0.000475062473969
280 0.00103132079886
281 0.000443586764507
282 0.00026048854241
283 0.00315727564728
284 0.000452693526483
285 0.000668419710527
286 0.000218220059637
287 0.00172744285109
288 0.000374768335456
289 0.0364600128492
290 0.000197012222725
291 0.000864014359696
292 0.000236482619472
293 0.000116558394845
294 0.00783943661227
295 0.000535974607376
296 0.000467234386437
297 0.00107973919761
298 0.000593781871775
299 0.000266640525439
300 0.000171600063341
301 0.00106332703214
302 0.00184238584752
303 0.00279935682215
304 0.00479272814604
305 0.000847750865052
306 0.000383034048034
307 0.00397341367772
308 0.00130837929592
309 0.00100592681619
310 0.00103296594283
311 0.00117680005049
312 0.000506428247134
313 0.00400735333684
314 0.000909594488634
315 0.000452213036018
316 0.00125277234841
317 0.0380358886055
318 0.0167987516049
319 0.16112171819
320 0.00599137256166
321 0.000277149311021
322 0.000510833172168
323 0.000626956678523
324 0.000185108056828
325 0.000339907414659
326 0.0026400890728
327 0.0397921437303
328 0.00317953383032
329 0.000601910125669
330 0.000841354437748
331 0.000794561613348
332 0.00023397884685
333 0.000482609085097
334 0.000532740567258
335 0.00082284408184
336 0.00318387996542
337 0.00125057414477
338 0.000475065159937
339 0.00287468820259
340 0.00126795164173
341 0.122345169035
342 0.00234115254745
343 0.000247450416297
344 0.000966678332627
345 0.00101383629118
346 0.00401176410709
347 0.00950867552783
348 0.00414739791957
349 0.00441918452502
350 0.00101150428205
351 0.00164492442825
352 0.000488642581034
353 0.00696812539724
354 0.00322943264333
355 0.000451423055846
356 0.013530213148
357 0.00155000310001
358 0.000199777747256
359 0.000393334922309
360 0.000502724768244
361 0.000365408107609
362 0.000367376647784
363 0.000199777747256
364 0.00102386095469
365 0.000475065159937
366 0.00113531638724
367 0.00242142846576
368 0.110791780307
369 0.000540832882639
370 0.00483412846065
371 0.00242366863905
372 0.000228183386424
373 0.000512792743121
374 0.00015383690884
375 0.00200352095457
376 0.000210039907582
377 0.00292989935097
378 0.000485512764663
379 0.0049058633674
380 0.00410631907969
381 0.00228327373156
382 0.00918159733176
383 0.00512008515526
384 0.000545899205171
385 0.00151234567901
386 0.000676441685712
387 0.00113197659184
388 0.000451111348117
389 8.78145140191e-05
390 0.000250459583552
391 0.000569473020337
392 0.00847311812646
393 0.0819851617765
394 0.0824617367139
395 0.000827717952584
396 0.125531544738
397 0.00104245007943
398 0.00930588403359
399 0.00339670951723
400 0.00249578874356
401 0.013520822066
402 0.00257963946987
403 0.000347485127096
404 0.168534543425
405 0.0674493250671
406 0.000691698928013
407 0.00593158966062
408 0.00163249941673
409 0.000437250102551
410 0.000185200665281
411 0.0019830720962
412 0.00100073819886
413 0.000497357638339
414 0.000202198261095
415 0.000111883342123
416 0.00210694132595
417 0.00469285614899
418 0.000510493312971
419 0.000649272029291
420 0.00519615851093
421 0.00882077917299
422 0.094491122375
423 0.118460902716
424 0.000360336675528
425 0.00143081155778
426 0.000552993392994
427 0.000185423268447
428 0.000268313169322
429 0.000656526639734
430 0.00157419397138
431 0.00171035951073
432 0.0685276811521
