1 0.000632459653941
2 0.00103200706813
3 0.000272544817089
4 0.00308106835443
5 0.000736158453618
6 0.000501109711756
7 0.000320465188851
8 0.000538290041218
9 9.08976139376e-05
10 0.00142064175827
11 0.000999752567021
12 0.0985133055876
13 0.00990223554363
14 0.118476478602
15 0.00401332200323
16 0.00278091430664
17 0.00115644911414
18 0.013311537506
19 0.00159088069888
20 0.000549740261502
21 0.000874474486724
22 0.00152577880105
23 0.000204315068874
24 0.00109596779888
25 0.000464476813317
26 0.00137174211248
27 0.0230459192443
28 0.00126632019423
29 0.0012613928783
30 0.00106590011536
31 0.00107613001688
32 0.00172039469954
33 0.000477560027385
34 0.000752974529656
35 0.000236977965978
36 0.0168016883082
37 0.000582411662752
38 0.000921761861383
39 0.0105350730517
40 0.000403273863414
41 0.300802573483
42 0.000426178690929
43 0.00308082122866
44 0.000273205382146
45 0.000515479198026
46 0.000332090124151
47 0.000742451722667
48 0.000724329623738
49 0.000437088865417
50 0.145676925034
51 0.00532924579587
52 0.00101137484548
53 0.000265400603652
54 0.000921373301218
55 0.00162235501856
56 0.0015844409352
57 0.000243455129519
58 0.000860847862309
59 0.000426860576835
60 0.000444166955717
61 0.00166733810885
62 0.0505481819468
63 0.0619034936183
64 0.00550846879588
65 0.0307004043488
66 0.00233596857232
67 0.00167413782326
68 0.00217257664893
69 0.00899731199681
70 0.000226129232857
71 0.00822207826549
72 0.00126544704651
73 0.00108087821355
74 0.00314629681105
75 0.000483458375007
76 0.656836697358
77 0.00324788344412
78 0.0330109440427
79 0.0009765625
80 0.0114380564122
81 0.00166457189098
82 0.000892546615933
83 0.000202140309156
84 0.000905757110849
85 0.000544343635401
86 0.00025976608719
87 0.00195929470652
88 0.00214280640891
89 0.000396134045926
90 0.000664706420974
91 0.00118044733398
92 0.000225940437847
93 0.408795275535
94 0.00625103736555
95 0.000550261762272
96 0.00425334786767
97 0.00102627935377
98 0.00153239107598
99 0.157494932743
100 0.00307230401559
101 0.00102205440726
102 0.000910374554102
103 0.000948433057864
104 0.00844734428055
105 0.000191237583564
106 0.0010084637875
107 0.000614348964135
108 0.00101137484548
109 0.000244866474936
110 0.00202327802469
111 0.00114654587597
112 0.00344200023389
113 0.0055080934556
114 0.00323317770888
115 0.00487125172766
116 0.00205985904858
117 0.00089402986722
118 0.000798738260375
119 0.000511757338731
120 0.0019084671924
121 0.00248959628986
122 0.00212831900964
123 0.00111402804283
124 0.00194383949029
125 0.00743162901308
126 0.00115999208771
127 0.000613730400253
128 0.00216334944135
129 0.000538290041218
130 0.000320465188851
131 0.000931485205401
132 0.000915189605254
133 0.00171833276932
134 0.0383362289759
135 0.00439227835785
136 0.00152951501272
137 0.00147448382978
138 0.00313577486717
139 0.000189356959973
140 0.0314193694835
141 0.00179874455196
142 0.000567592842978
143 0.00645079938838
144 0.000470133721075
145 0.0727958814751
146 0.00731837071305
147 0.00135530190606
148 0.134322956788
149 0.00325739024699
150 0.000667005327505
151 0.000187633610653
152 0.00110428415117
153 0.00357819113388
154 0.000910374554102
155 0.00141259550604
156 0.000101537505274
157 0.00227559340234
158 0.000195608587217
159 0.00030659650942
160 0.000183855214019
161 0.000193327276967
162 0.00100888380573
163 0.000488601513023
164 0.0495573674287
165 0.00388897210005
166 0.00169612524825
167 0.00118778036155
168 0.000846965269849
169 0.00689546710965
170 0.00406047187669
171 0.00103086689131
172 0.00312452370066
173 0.00413367466756
174 0.00124498549928
175 0.0193331114413
176 0.00260177253168
177 0.000361293097421
178 0.00149764226964
179 0.00155399602213
180 0.00132702368615
181 0.000905544482486
182 0.000938956891855
183 0.000422681137465
184 0.0029127055672
185 0.00403925254105
186 0.000320465188851
187 0.000538290041218
188 0.000948366007811
189 0.000491397510253
190 0.0294720845844
191 0.00109081727127
192 0.0206362135251
193 0.00148949265247
194 0.00360372243834
195 0.00360183085292
196 0.110718816248
197 0.00104202189324
198 0.00090433992109
199 0.000447734813954
200 0.000784896768586
201 0.00190130920402
202 0.00110786146009
203 0.00986500985224
204 0.00542745563778
205 0.0173977081201
206 0.000215755018289
207 0.00255147390986
208 0.00441077089546
209 0.000210548170936
210 0.000593724944807
211 0.00247272522261
212 0.000895316193904
213 0.000839455577137
214 0.000449846767693
215 0.00279300466887
216 0.000314816894938
217 0.0010499699835
218 0.0669444297069
219 0.000482169144334
220 0.00354595014636
221 0.000954889572473
222 0.00222046684014
223 0.0164206477313
224 0.0114290658832
225 0.000810250927194
226 0.000437088865417
227 8.11622433244e-05
228 0.00016569053797
229 0.000243227666155
230 0.000883724133511
231 0.0208501204712
232 0.00310737560002
233 0.0108506609
234 0.00385846757499
235 0.000184298042242
236 0.000543864167966
237 0.000261197836955
238 0.000464476813317
239 0.00283190716413
240 0.000213044238285
241 0.000283656509695
242 0.000692520775623
243 0.00172039469954
244 0.0018345946012
245 0.000164102458909
246 0.0105365091119
247 0.00143601108033
248 0.0214419621436
249 0.000957630748883
250 0.00779001018142
251 0.000652804313344
252 0.00162553913844
253 0.0088728609409
254 0.000472019548019
255 0.000223584165658
256 0.000204812452597
257 0.000963882282996
258 0.00695885340196
259 0.00494902957515
260 0.0014306152213
261 0.172367368595
262 0.00357059471762
263 0.0026201975743
264 0.0265835212079
265 0.00116088714333
266 0.000460498443515
267 0.000257500366766
268 0.00162235501856
269 0.00356426821118
270 0.000283656509695
271 0.00112775673869
272 0.000477593677034
273 0.000609640214694
274 0.00472044597853
275 0.000207401478222
276 0.00310199804348
277 0.000337958361133
278 0.00132329590517
279 0.000557726610476
280 0.00126842208107
281 0.000367557115435
282 0.000289113674896
283 0.00208930858766
284 0.00111938751537
285 0.000461290017832
286 0.000956530980976
287 0.0010497259049
288 0.00171276396198
289 0.000328053347236
290 0.000868908370911
291 0.000470885935028
292 0.000437088865417
293 0.000294134527089
294 0.0042474461265
295 0.00178083958076
296 0.000166368177962
297 0.00162377185769
298 0.00312973739547
299 0.00187701157243
300 0.000290547520661
301 0.000946758743595
302 0.0390217806343
303 0.0173618463621
304 0.00235568492652
305 0.000464476813317
306 0.000486591695502
307 0.00549705942426
308 0.00147292387202
309 0.000736158453618
310 0.000483458375007
311 0.000544734350635
312 0.00012903408594
313 0.000171138441662
314 0.000461290017832
315 0.00335272855419
316 0.00254950821348
317 0.0384104477097
318 0.00241823177387
319 0.000569563578094
320 0.0139418161296
321 0.00112775673869
322 0.000727180911501
323 0.000544343635401
324 0.000653771147207
325 0.000305562839119
326 0.000608924303394
327 0.00347391304951
328 0.000227409811134
329 0.0029416834243
330 0.000543864167966
331 0.00208930858766
332 0.00185150783808
333 0.0110501626162
334 0.104094468818
335 0.000641591631819
336 0.00567553395585
337 0.0118189488239
338 0.00944831590169
339 0.00162377185769
340 0.00149766603725
341 0.00429224841278
342 0.000298350599701
343 0.00200780232747
344 0.00447446925628
345 0.000743525736488
346 0.00804876580194
347 0.0120368826414
348 0.0101782585335
349 0.000236977965978
350 0.00213064482476
351 0.000625888546923
352 0.000522090865495
353 0.00121976682691
354 0.000597657686306
355 0.000894634307998
356 0.000668072536029
357 0.00209356814015
358 0.000280107140981
359 0.000637690031629
360 0.00186307012682
361 0.00109081727127
362 0.00326542163184
363 0.00989009420168
364 0.00154010613845
365 0.000554528176107
366 0.00463041987366
367 0.000922580035663
368 0.000174562791805
369 0.000450909027712
370 0.000250445897741
371 0.000249454294408
372 0.0436353717406
373 0.0022339108418
374 0.000314816894938
375 0.000103519226829
376 0.000653308020376
377 0.00607393093218
378 0.00194990880211
379 0.000343953895869
380 0.0227186571493
381 0.00179672186719
382 0.00103655082823
383 0.00106590011536
384 0.00186774724709
385 0.00270298628512
386 0.000959826520244
387 0.00089402986722
388 0.000860847862309
389 0.000184363775469
390 0.0033048218363
391 0.000660863625854
392 0.00849934235354
393 0.00291968397616
394 0.00469935228913
395 0.000129376334193
396 0.000790930041307
397 0.00220773152481
398 0.0033970093679
399 0.000204812452597
400 0.00040133667409
401 0.000500030401848
402 0.000914009738153
403 0.000221113583284
404 0.157580972166
405 0.00180811533888
406 0.00305657778906
407 0.00206170635168
408 0.000290547520661
409 0.0344520776428
410 0.000316726998823
411 0.000597657686306
412 0.00147112101125
413 0.000510939834995
414 0.000415136473625
415 0.000229134239547
416 0.00335455866997
417 0.00103316326531
418 0.000834513518044
419 0.00100191174106
420 0.00138867720029
421 0.00898027333721
422 0.000972388955582
423 0.00385546065703
424 0.00215004833277
425 0.00310556029484
426 0.00107622281437
427 0.00042523290462
428 0.000487657057122
429 0.000716872747242
430 0.000602205577929
431 0.600013454402
432 0.000144505326094
