1 0.000859719654181
2 0.0778395107968
3 0.00181658640535
4 0.000787928234743
5 0.0014062782732
6 0.00243497027024
7 0.000906572582122
8 0.000981668700448
9 0.00098559612461
10 0.015199849878
11 0.00036563747112
12 0.00166098070024
13 0.00427004450844
14 0.000493827160494
15 0.000991683242907
16 0.00126294986498
17 0.00658837915331
18 0.00108003262139
19 0.00524334181222
20 0.00282130970486
21 0.0061142861684
22 0.000641572458167
23 0.000395541252824
24 0.129790035936
25 0.0004581359073
26 0.000450346428631
27 0.00373484777136
28 0.000278862847222
29 0.00512622107069
30 0.00346320070728
31 0.00183153928834
32 0.000515479198026
33 0.00490121010063
34 0.0635942441075
35 0.168458439938
36 0.000191900451641
37 0.000583444187729
38 0.00124803888434
39 0.00344735963617
40 0.000971496036431
41 0.00400901896948
42 0.000974092695343
43 0.000657996713096
44 0.000467806652751
45 0.00146438867973
46 0.00751519507427
47 0.00139696902522
48 0.011104195745
49 0.0667140104942
50 0.000815032315151
51 0.00037696657759
52 0.000249471578268
53 0.00047258979206
54 0.000519357924031
55 0.000817623831211
56 0.000633842740067
57 0.00165630070308
58 0.0942809859127
59 0.00120088090177
60 0.000344464781645
61 0.00252707749468
62 0.0026708208312
63 0.000993966353922
64 0.00141332098869
65 0.00316282690009
66 0.00211899659905
67 0.00101150428205
68 0.00261641407369
69 0.00198069462078
70 0.000883724133511
71 0.016833098202
72 0.000883724133511
73 0.00344949194384
74 0.000918273645546
75 0.000678168402778
76 0.00137258225462
77 7.47452432958e-05
78 0.000668666462606
79 0.000506249676518
80 0.000166225023229
81 0.000295138888889
82 0.00210849645981
83 0.000277777777778
84 0.00132409674443
85 0.00145860886015
86 0.000308759621881
87 0.000840656839747
88 0.000166874339726
89 0.000166225023229
90 0.001024
91 0.00222181571156
92 0.0565525952717
93 0.0372407981447
94 0.254021032244
95 0.00211871490348
96 0.00101495810165
97 0.000237846648977
98 0.000320707547557
99 0.00258186437898
100 0.000403867826015
101 0.000590076873904
102 0.000552073322404
103 0.000841392111938
104 0.00939092363178
105 0.0017383387495
106 0.000863640149938
107 0.00241622837133
108 0.00362546963669
109 0.000954852503535
110 0.00161664812926
111 0.000633842740067
112 0.00474755398924
113 0.000210478900923
114 0.00350127796646
115 0.00107450707397
116 0.000394932498718
117 0.00265960037167
118 0.000590171928058
119 0.0156376132989
120 0.00123016173073
121 0.0141447047714
122 0.00803347050754
123 0.00155418548757
124 0.0440144225329
125 0.000545757514378
126 0.00141313232022
127 0.0015975131268
128 0.000507264020778
129 0.000105735489456
130 0.00142064175827
131 0.00152372879127
132 0.00545437012169
133 0.000354742480862
134 0.000648682644145
135 0.0166468170938
136 0.000150551394482
137 0.00130526538606
138 0.00298726417414
139 0.00453355389581
140 0.000170595585173
141 0.00105342942665
142 0.000156371309455
143 0.0032849477297
144 0.00103118212244
145 0.00262144
146 0.00423964289038
147 0.0442884542052
148 0.00140396898877
149 0.000785289930593
150 0.00143791368391
151 0.000590171928058
152 0.000667109327996
153 0.000280756035269
154 0.000951261710713
155 7.56143667297e-05
156 0.000574651978585
157 0.00182951319707
158 0.00668090658652
159 0.00190046351997
160 0.0018722192172
161 0.000229795550149
162 0.00213083757336
163 0.000738806370675
164 0.00332440548657
165 0.00139696902522
166 0.00470515114587
167 0.000506249676518
168 0.00143412345506
169 0.00115891231839
170 0.000230003818423
171 0.0042260434031
172 0.000762754525951
173 0.00302831130981
174 0.0103106557001
175 0.00240404848077
176 0.000353600532302
177 0.000889591165591
178 0.000485532127305
179 0.00401084371707
180 0.0061482712953
181 0.00476353183432
182 0.00337486966445
183 0.000300983464941
184 0.00107694059127
185 0.000970005966424
186 0.00110047515758
187 0.00597797969346
188 0.00170367690818
189 0.00346871050401
190 0.000586841235503
191 0.00121687398594
192 0.00139808204106
193 0.000261549974208
194 0.000981668700448
195 0.000467696746926
196 0.00161815302213
197 0.000246910556355
198 0.00106525596967
199 0.0017196826429
200 0.00606778801528
201 0.00224135919158
202 0.00137439033601
203 0.000586841235503
204 0.00157877284832
205 0.000212582557747
206 0.116081097305
207 0.00083008
208 0.000837460324025
209 0.0132455962481
210 0.000380280421825
211 0.00453582924704
212 0.0103106557001
213 0.0146533891794
214 0.00178126166148
215 0.00404414682065
216 0.00243106501096
217 0.000657969497001
218 0.00462305503191
219 0.000416493127863
220 0.000282638219961
221 0.000249516504649
222 0.000228701298237
223 0.00061026574388
224 0.000259621986331
225 0.000762166434567
226 0.000416493127863
227 0.00224269542714
228 0.0051623242258
229 0.000407134030477
230 0.00230699026501
231 0.000419340935829
232 0.00176752301091
233 0.0017098399473
234 0.0014711761132
235 0.00190723423777
236 0.000664067443837
237 0.00212724112412
238 0.000288338571559
239 0.000185108056828
240 0.00460527308009
241 0.000514655748828
242 0.0130826013017
243 0.0386454057123
244 8.81831462498e-05
245 0.00121687398594
246 0.00250194095127
247 0.000354742480862
248 0.00201717073531
249 0.00370198354754
250 0.0032802076351
251 0.00107450707397
252 0.0002055472052
253 0.00350127796646
254 0.00104058272633
255 0.00767644855609
256 0.0214976729661
257 0.00216385968767
258 0.0915348096236
259 0.000233165196852
260 0.000378833059701
261 0.000171871527094
262 0.00124134384506
263 0.000445085367373
264 0.00104808239739
265 0.000160994037561
266 0.00021826447345
267 0.000513722979199
268 0.000583444187729
269 0.0030524098776
270 0.00540375271432
271 0.00102455866704
272 0.0723289602752
273 0.00737017679518
274 0.0629986794207
275 0.0036648635605
276 0.000357616136556
277 0.000591502480896
278 0.000754049086501
279 0.000948531593292
280 0.000480845364746
281 0.00161815302213
282 0.000772891299851
283 0.000833478906455
284 0.00324788344412
285 0.00509461156239
286 0.000726652981462
287 0.00133036464925
288 0.00253767141008
289 0.00232813943353
290 0.0377131825287
291 0.00258409507148
292 0.000895516818925
293 0.001564980496
294 0.00382477491674
295 0.00560166719793
296 0.0593520408453
297 0.00162590370076
298 0.00046208363492
299 0.00226943242594
300 0.000531605180464
301 0.00119592389273
302 0.00210849645981
303 0.00229718847379
304 0.000275848360477
305 0.00109023615413
306 0.000262788078865
307 0.00024026230991
308 0.000982426160865
309 0.000487974934507
310 0.0546811189411
311 0.0212985489877
312 0.00101079098715
313 0.00263650178804
314 0.00156404609148
315 0.00343188682735
316 0.000208211640246
317 0.0391859254741
318 0.00453706360857
319 0.0238527477994
320 0.00219433561275
321 0.0238527477994
322 0.000344464781645
323 0.00202175652667
324 0.001564980496
325 0.400931189056
326 0.0911473760965
327 9.84105482396e-05
328 0.00145860886015
329 0.00723350750589
330 0.00121687398594
331 0.00229718847379
332 0.00321368154216
333 0.00481006051792
334 0.00386450156832
335 0.000140764148233
336 0.000246910556355
337 0.000732860995484
338 0.000259621986331
339 0.000865971834848
340 0.000237154660827
341 0.0090920742221
342 0.00466435326436
343 0.0655499742642
344 0.00119134181306
345 0.000612386442504
346 0.00265879998169
347 0.00100241470228
348 0.0445558564067
349 0.00231119407585
350 0.00109410087036
351 0.0467093349713
352 0.000483401920439
353 0.0335236480344
354 0.00703407036463
355 0.000586841235503
356 0.00220710778794
357 0.000741552820762
358 0.000199777747256
359 0.00243497027024
360 0.00107694059127
361 0.00047258979206
362 0.000948531593292
363 0.00161815302213
364 0.000340409308152
365 0.000247305613245
366 0.000140347029961
367 0.00818127048529
368 0.000471768967566
369 0.0299112382672
370 0.0137526748706
371 0.00103132079886
372 0.00538601617797
373 0.00207790521181
374 0.00507301077102
375 0.00106719016077
376 0.000222386266413
377 0.000264841110731
378 0.000200485550944
379 0.00235784217744
380 0.00133036464925
381 0.000532872249633
382 0.00106719016077
383 0.00667906638303
384 0.000511993729657
385 0.000466888631747
386 0.000322656964059
387 0.000511865031429
388 0.00350127796646
389 0.00192780796752
390 0.00210849645981
391 0.0002610132886
392 0.000493776663343
393 0.00438697729993
394 0.000463216970662
395 0.00277428828001
396 0.0059680775227
397 0.00479232339057
398 0.000374804865298
399 0.000835310234221
400 0.000414489858878
401 0.00444441838787
402 0.00572107527904
403 0.00343788382962
404 0.00105823399421
405 0.00199840777589
406 0.000878776080797
407 0.0100388223568
408 0.00891601890052
409 0.000861612123096
410 0.605171972152
411 0.00167427813488
412 0.0203292978568
413 0.00211614227774
414 0.00227502348824
415 0.00106140332917
416 0.000224394197314
417 0.000645269788578
418 0.000467696746926
419 0.00018765246763
420 0.00202689557085
421 0.0249953723722
422 0.00085385393827
423 0.00308289350024
424 0.00181866246125
425 0.000921154736219
426 0.00072609272473
427 0.000735056832443
428 0.00372122521424
429 0.143671246498
430 0.457989320592
431 0.0077464549467
432 0.0330296228746
