1 0.000133156996208
2 0.000260746820199
3 0.0386398053002
4 0.142138694418
5 0.000921373301218
6 0.000114222222222
7 0.000665972944849
8 0.00106912962454
9 0.00270293206952
10 0.00348653039352
11 0.000249471578268
12 0.00385255648038
13 0.00358035452074
14 0.00157753960772
15 0.00082284408184
16 0.0107125305014
17 0.00157930498741
18 0.00393795156182
19 0.000468506962013
20 0.00127905295164
21 0.00361522272633
22 7.22138829161e-05
23 0.000632307264968
24 0.00119358652761
25 0.000851549753307
26 0.00282435169169
27 0.00145137003024
28 0.00049604369774
29 0.00126549538097
30 0.00102537693549
31 0.00241363574905
32 0.000904516931426
33 0.00107840727793
34 0.000748907530418
35 0.000407134030477
36 0.00082944
37 0.00168742718439
38 0.000971496036431
39 0.00746174414921
40 0.0216322149381
41 0.00118097913095
42 0.000877649580585
43 0.00121343244278
44 0.00175396303601
45 0.0023150887574
46 0.000362917631286
47 0.136644242332
48 0.00217084305868
49 0.000817956283672
50 0.00114085568362
51 0.000552073322404
52 0.000621021888541
53 0.000413102884395
54 0.00155919626874
55 0.00399154525229
56 0.00549198969739
57 0.0045035552758
58 0.000170426211419
59 0.000855241754275
60 0.000488601513023
61 0.000339406630322
62 0.000576685413852
63 0.00137079738651
64 0.00427803372782
65 0.0141020319523
66 0.000851530922669
67 0.000568396122977
68 0.000369561294422
69 0.000641141498216
70 0.00111730976637
71 0.00131263206288
72 0.00265962573411
73 0.582212219426
74 0.000620029840796
75 0.0015297125861
76 0.000888272286671
77 0.0224749659838
78 0.0129031768791
79 0.0135253371335
80 0.000747194130375
81 0.00108483747109
82 0.000181251744688
83 0.000342582985838
84 0.002916
85 0.000278222222222
86 0.000257480954649
87 0.00082944
88 0.000429008085258
89 0.00173022100132
90 0.0817801509078
91 0.0054380420078
92 0.0117866134916
93 0.00884042142783
94 0.00655948201552
95 0.000582193503871
96 0.3481581385
97 0.00345385569528
98 0.00230263527324
99 0.00504847645429
100 0.000764509758118
101 0.00179447429336
102 0.000480917205294
103 0.012560925247
104 0.0020106324117
105 0.000131550211328
106 8.45122443635e-05
107 0.00124663590927
108 0.00222842208041
109 0.00168742718439
110 0.00082944
111 0.000499137091796
112 0.000131550211328
113 0.000576444444444
114 0.000442095717613
115 0.000463987368088
116 0.000784336062656
117 0.00156152445369
118 0.00391389058497
119 0.00362388628625
120 0.00187640606919
121 0.00180293696254
122 0.016391758494
123 0.118904243059
124 0.000843522372529
125 0.000231757892669
126 0.00103501067355
127 0.000470070195147
128 0.000730624994155
129 0.000635902604721
130 0.0003738375894
131 0.000393051849513
132 0.0119645523107
133 0.000877649580585
134 0.00126652676927
135 0.000922062309203
136 0.000249471578268
137 0.000437742162027
138 0.000859425564197
139 0.000257892924176
140 0.000859425564197
141 0.000113777777778
142 0.00123379709922
143 0.00202458679794
144 0.000419586095663
145 0.000460498443515
146 0.0119214178283
147 0.00105123090519
148 0.000646864725973
149 0.000739351092034
150 0.000902003338278
151 0.0109950051136
152 0.000332510303829
153 0.00613713565637
154 0.000454841535455
155 0.000137567985729
156 0.00260059364137
157 0.00391421067396
158 0.000718936654402
159 0.0158004637455
160 0.0127569940715
161 0.0284948734878
162 0.00093393020313
163 0.000624653444023
164 0.000407134030477
165 0.0015297125861
166 0.000590065039118
167 0.00124567474048
168 0.000468506962013
169 0.000175721711722
170 0.000468506962013
171 0.00187701157243
172 0.00451453788279
173 0.0154148014325
174 0.197018299285
175 0.00598365320571
176 0.000439990692241
177 0.497026759306
178 0.00216208984223
179 0.000906572582122
180 0.000228183386424
181 0.00202458679794
182 6.75548883468e-05
183 0.00197351819689
184 0.000268143787672
185 0.000260862336352
186 0.000236464633132
187 0.0458613952189
188 0.00843839001684
189 0.00891940915919
190 0.00689218946876
191 0.0016644426928
192 0.000844233125597
193 0.00084833631822
194 0.002401
195 0.0072554408551
196 0.000896207804125
197 0.000604203977755
198 0.000213506807615
199 0.00180080042024
200 0.00227737098355
201 0.000575753397174
202 0.00633567181926
203 0.00915317366861
204 0.00763756422546
205 0.011674078478
206 0.00828929845422
207 0.000260051117692
208 0.00123933498259
209 0.000792253036817
210 0.00196858371136
211 0.0157645759649
212 0.00149578773469
213 0.000341022567607
214 0.000382862506635
215 0.231385207857
216 0.000363994422453
217 0.000853277835588
218 0.00226317277783
219 0.0002044465528
220 0.000665972944849
221 0.000289794189421
222 0.000536559273896
223 0.00198069462078
224 0.000221668380157
225 0.0139923914225
226 0.000514723143983
227 0.0110538104055
228 0.000815032315151
229 0.00165800830778
230 0.0016631476196
231 0.00109036302772
232 0.000842814544416
233 0.00473496403145
234 0.000968035679299
235 0.0865920959618
236 0.000651878678135
237 0.000213506807615
238 0.185809766699
239 0.00144313919274
240 0.000249471578268
241 0.000956799832232
242 0.000895516818925
243 0.000983489814659
244 0.00286988705403
245 0.00053391250756
246 0.00444444444444
247 0.000329389396334
248 0.000199786451332
249 0.000953191394666
250 0.000515591061218
251 0.000257480954649
252 0.00118131549047
253 0.000662643605605
254 0.000399803199425
255 0.0183324027839
256 0.0201075128958
257 0.098986890304
258 0.000266012442316
259 0.000229012892143
260 0.00249497070226
261 0.0028476898214
262 0.0029632106445
263 0.00147521972656
264 0.00217178204435
265 0.00250966749774
266 0.00382454662868
267 0.00360791813481
268 0.00498755860744
269 0.0410491814008
270 0.00233106286921
271 0.000479581944909
272 0.000998981747771
273 0.000257480954649
274 0.00281154738755
275 0.000997229916898
276 0.000538826083321
277 0.000503778733464
278 0.000534324477087
279 0.00168742718439
280 0.000612
281 0.000201197122881
282 0.000174274853228
283 0.000592569276089
284 0.000564739984675
285 0.000738872938533
286 0.00317303903946
287 0.00432450922109
288 0.00105302399018
289 0.00150307999807
290 0.00026000469888
291 0.000921373301218
292 0.000339535011833
293 0.000985195041585
294 0.0015465219038
295 0.0104400456773
296 0.00195840778058
297 0.00383066590329
298 0.00217710796534
299 0.00365714077089
300 0.00370107996357
301 0.000209295167744
302 0.000895516818925
303 0.000246059207997
304 0.000989138835379
305 0.000855241754275
306 0.00128588384697
307 0.00672851246494
308 0.00808982491505
309 0.000426979826493
310 0.000718571609695
311 0.0693657173666
312 0.00665551794012
313 0.000660280894497
314 0.00523660668305
315 0.00180342967414
316 0.000575297361079
317 0.000403591844369
318 0.000718936654402
319 0.000245097100578
320 0.00036679476911
321 0.00308125335848
322 0.00191471211247
323 0.16320865714
324 0.00217913952718
325 0.00222436732052
326 0.00644478837978
327 0.00537265974069
328 0.000137239738232
329 0.000989550804906
330 0.000211186098675
331 0.00193126746969
332 0.00026710042663
333 0.00153664
334 0.00060287318187
335 0.00594827621421
336 0.000855799456551
337 0.013410344046
338 0.000468506962013
339 0.000565815167649
340 0.0700458069811
341 0.004062685975
342 0.00622357889793
343 0.000298912055769
344 0.000368306447658
345 0.00153640169081
346 0.000703793588636
347 0.0178395253668
348 0.00266701933038
349 0.000843522372529
350 0.00696210197436
351 0.000931208898185
352 0.000257480954649
353 0.000213506807615
354 0.000431865749868
355 0.00188779487953
356 0.000665972944849
357 0.00016893664282
358 0.000625
359 0.000407134030477
360 0.000488601513023
361 0.00656049206367
362 0.0253794444081
363 0.00876080174979
364 0.0272459123669
365 0.00607335510072
366 0.000538826083321
367 0.000652100650953
368 0.00304251451246
369 0.00303363848694
370 0.00206995428168
371 0.479462212465
372 0.00215296524888
373 0.303877102333
374 0.000236246023115
375 0.000842714114025
376 0.0115694279763
377 0.00378842120823
378 0.00480317121218
379 0.00427605324485
380 0.000148395709574
381 0.00161369662503
382 0.000582193503871
383 0.000200131179734
384 0.00153664
385 0.000989550804906
386 0.000442095717613
387 0.00263829809161
388 0.000852469497576
389 0.00122873669554
390 0.0110657584974
391 0.000447569585386
392 0.00390518226283
393 0.00152104753236
394 0.00150085888995
395 0.00479659763314
396 0.00244145648047
397 0.00214673231882
398 0.00383548896932
399 0.00281154738755
400 0.00189977004406
401 0.00612660958294
402 0.00330774556029
403 0.00119194625047
404 0.0156251529197
405 0.000994037759158
406 0.000316577832241
407 0.00036868719045
408 0.0185083417173
409 0.000530909554248
410 0.00026710042663
411 0.0015921919596
412 0.00707423883496
413 0.00210480338125
414 0.00033009819497
415 0.000409652233212
416 0.000225598849005
417 0.0129533292118
418 0.0203492271106
419 0.00114743672396
420 0.00233210668926
421 0.000214288883178
422 0.000565815167649
423 0.00472199762188
424 0.0376562033927
425 0.00117104483222
426 0.0027568522174
427 0.00295527228503
428 0.000971496036431
429 0.000308219448302
430 0.000889591165591
431 0.000563634869037
432 0.0422656333441
