1 0.00655632154006
2 0.000430433360307
3 0.000221525148729
4 0.00170269300686
5 0.000509096951609
6 0.000431526902672
7 0.00048176203114
8 0.000571237419067
9 0.000420603232521
10 0.0157099907121
11 0.041537932014
12 0.00192253418717
13 0.0019079319234
14 0.0313981681781
15 0.00042259273527
16 0.000615118732678
17 0.130135940049
18 0.000503627731274
19 0.000454293369263
20 0.000576552547331
21 0.00141578841261
22 0.0084767646448
23 0.251774929267
24 0.00424962260502
25 0.0659801310836
26 8.04970187803e-05
27 0.00038087437788
28 0.00382027738276
29 0.000149861056556
30 0.000203758078788
31 0.000473412760633
32 0.000799456862127
33 0.00522090815351
34 0.000666660933383
35 0.0776265595252
36 0.00279500393047
37 0.00160831389037
38 0.00121451912633
39 0.00242702298487
40 0.000257542939752
41 0.000194563977101
42 0.000280634085762
43 0.000811344160467
44 0.0239540949062
45 0.000746185468038
46 0.00334960917525
47 0.0196648111147
48 0.00570131007981
49 0.00180080042024
50 0.000546886421083
51 0.00858663406926
52 0.000508075643211
53 0.00675795726942
54 0.000293856188304
55 0.000507264020778
56 0.000353360680214
57 0.000998087380243
58 0.000812453100581
59 0.000990268472786
60 0.00108682526265
61 0.000793493354493
62 0.0038654336199
63 0.00190511694933
64 0.00489092797784
65 0.000290392245794
66 0.000206228613329
67 0.00608237792442
68 0.00202781067107
69 0.00442598363596
70 0.00886191547123
71 0.00308472887302
72 0.00379873071507
73 0.000196923157018
74 0.00038087437788
75 0.0025312822818
76 0.000670393604822
77 0.00119455056532
78 0.0014435740239
79 0.000188472496165
80 0.000920988297491
81 0.000417556661657
82 0.000430433360307
83 0.00171272941015
84 0.000953252385338
85 0.000952308390023
86 0.000628766942754
87 0.000152847734784
88 0.000903565709957
89 0.00117632065623
90 0.00699838006788
91 0.0457224662687
92 0.0108266402242
93 0.000429958660917
94 0.000953252385338
95 0.00762282059638
96 0.0671356302793
97 0.000164893630726
98 0.000521256854528
99 0.000219172736733
100 0.000214732845603
101 0.000419226463453
102 0.000809886109766
103 0.000389407863123
104 0.00623952474762
105 0.00150041400428
106 0.000677629619084
107 0.0505702170598
108 0.000426970533111
109 0.000120018649938
110 0.000732359602091
111 0.0021746461618
112 0.0068841168015
113 0.000408895677196
114 0.000740589796231
115 0.00073155821335
116 0.00156404609148
117 0.000276623977248
118 0.00393838595643
119 0.00266819358213
120 0.00256644459524
121 0.00116722629461
122 0.000844233125597
123 0.0173245188171
124 0.000494095139137
125 0.000585654742846
126 0.00176299243184
127 0.000953252385338
128 0.000206526978329
129 0.000439102267339
130 0.022625174815
131 0.0844895691627
132 0.00146903797196
133 0.00519912112152
134 0.00198783675247
135 0.000445837518262
136 0.000230465162994
137 0.00145755087781
138 0.00249609832287
139 0.000297835453266
140 0.000431526902672
141 0.00106484863242
142 0.000998087380243
143 0.000212836625858
144 0.00194951708465
145 0.000201311325872
146 0.00028295097241
147 0.0033658320379
148 0.0674202662928
149 0.000611819350972
150 0.00324090317676
151 0.00030735548391
152 0.0186313693941
153 0.0975843286751
154 0.000564650524458
155 0.0014129612903
156 0.000766863905325
157 0.000789781109972
158 0.00109769298281
159 0.00300945124717
160 0.000273639373487
161 0.00176358890987
162 0.00197169614984
163 0.00200086996707
164 0.000882049950881
165 0.00103664197531
166 0.000851059095764
167 0.000377486996273
168 0.000611819350972
169 0.0024844479382
170 0.000615118732678
171 0.000405822810618
172 0.000208526111379
173 0.000611819350972
174 0.000156739428048
175 0.00156152445369
176 0.0100026276342
177 0.00551803192027
178 0.000953987919586
179 0.000347074181285
180 0.00108285512802
181 0.0019084671924
182 0.00156657384233
183 0.000579065273086
184 0.000927481387849
185 0.00170489073881
186 0.147743386831
187 0.00170766872649
188 0.00239777690489
189 0.00111917436429
190 0.00483061983497
191 0.0243452804967
192 0.000940305134821
193 0.00202608645907
194 0.000239905012609
195 0.000568897885247
196 0.00136383811215
197 0.00103743209877
198 0.00105721533349
199 0.000405822810618
200 0.00275646534465
201 0.000172279084041
202 0.00414490702948
203 0.00229086643179
204 0.00146300226757
205 0.00112986668778
206 0.000997229916898
207 0.00331471606593
208 0.0124159645465
209 0.000475894605716
210 0.00119111885292
211 0.00287792227502
212 0.00181810613944
213 0.0126729097251
214 0.00116963616074
215 0.00180605065711
216 0.00038628317709
217 0.684011017433
218 0.000244136928644
219 0.00227095183154
220 0.000172279084041
221 0.00256775300924
222 0.000419226463453
223 0.000436854395298
224 0.00118225630331
225 0.0064297229655
226 0.000352796206284
227 0.000501824231446
228 0.00550205289216
229 0.000129377147863
230 0.00128360536571
231 0.0513423637948
232 0.00400533838684
233 0.00234127412618
234 0.00356844991927
235 0.00402602369062
236 0.00133490513964
237 0.00109597170967
238 0.0030690343011
239 0.00324401987064
240 0.00090173553544
241 0.00213937572231
242 0.00281011005729
243 0.00085190324405
244 0.000273516760003
245 0.00051363061136
246 0.000417126642341
247 0.000544784881794
248 0.000535578809461
249 0.00207766360195
250 0.000498461844729
251 0.00038628317709
252 0.000551918711014
253 0.000242244394313
254 0.000270404730393
255 0.000519313857578
256 0.000194058605699
257 0.000615896447855
258 0.097672844634
259 0.00470553953852
260 0.00054794568587
261 0.00217600190773
262 0.000844233125597
263 0.000797648243807
264 0.00511978145733
265 0.000193909866755
266 0.000460356219477
267 0.0006291928655
268 0.000470669782927
269 0.00118860512738
270 0.00228829341715
271 0.00555278616822
272 0.00169835490878
273 0.000924485164958
274 0.0746077944186
275 0.00114439374904
276 0.00058928135411
277 0.00112147106544
278 0.000155277996137
279 0.00193554209683
280 0.000924488677867
281 0.000161111455902
282 0.00073155821335
283 0.00020777534291
284 0.000160484563078
285 0.000310380524681
286 0.244997497057
287 0.0532647603268
288 0.000843829333191
289 0.00130381113249
290 0.00854896459981
291 0.000787320734177
292 0.0025094504751
293 0.00205672130698
294 0.000740432227313
295 0.00150041400428
296 0.0027340361099
297 0.000889406937548
298 0.0601187578819
299 0.0218749041691
300 0.00113531638724
301 0.001958772716
302 0.0032191539661
303 0.000503627731274
304 0.000540832882639
305 0.00105566343886
306 0.00119156300703
307 0.000568897885247
308 0.00166457189098
309 0.000664985770657
310 0.00107466666667
311 0.00126849803421
312 0.00281696293961
313 0.00177142473043
314 0.000123628436665
315 0.00115818985685
316 0.000188081632653
317 0.000666083509217
318 0.00549512785797
319 0.00314196293217
320 0.00565377088342
321 0.00140205261931
322 0.163100671581
323 0.114324718278
324 0.00141437094226
325 0.000312049348288
326 0.00104654054256
327 0.000537542433147
328 0.00543344741178
329 0.000380002528109
330 0.00058570559719
331 0.000644133370982
332 0.000456570969391
333 0.000187011469063
334 0.000570146751213
335 0.00018261504748
336 0.000559939383202
337 0.0033039985012
338 0.00621707429441
339 0.000740432227313
340 0.000953987919586
341 0.00379999446903
342 0.000444335118257
343 0.0111492612168
344 0.000405822810618
345 0.000571237419067
346 0.00156939797322
347 0.174949669884
348 0.0612995830085
349 0.202226696824
350 0.00025396422279
351 0.0032601292606
352 0.0104085579693
353 0.00145633776846
354 0.000799456862127
355 0.00023397884685
356 0.00073212268728
357 0.00104373680199
358 0.000551037051731
359 0.00073155821335
360 0.000523566686314
361 0.00092754820466
362 0.000776966164555
363 0.00136132833216
364 0.00307182998124
365 0.000507264020778
366 0.00521373900389
367 0.000890738760617
368 0.000910592594831
369 0.000245303097247
370 0.000290272576252
371 0.000446591577354
372 0.000983930563227
373 0.000235778677503
374 0.000220293885812
375 0.516069679045
376 0.00225213778782
377 0.0117880035206
378 0.0128159487362
379 0.00054329011858
380 0.000434215651408
381 0.00221134611205
382 0.00100781053162
383 0.000398518594618
384 0.000206350123971
385 0.000676432069363
386 0.000366644343763
387 0.00417274171967
388 0.038198003735
389 0.0175333991505
390 0.0015465219038
391 0.000814268060954
392 0.00172081553627
393 0.0133075516314
394 0.00146832886922
395 0.000405822810618
396 0.00327685449937
397 0.0205781131029
398 0.000941307111557
399 0.00656516196131
400 0.00278976113143
401 0.00074958120666
402 0.000878592355501
403 0.000208105180687
404 0.00050635126519
405 0.00614850307706
406 0.000407134030477
407 0.00105442011066
408 0.00094674556213
409 0.00135530190606
410 0.000382664619258
411 0.00170975984795
412 0.000953987919586
413 0.00215310060836
414 0.00962790784326
415 0.00337603763274
416 0.00428435282952
417 0.00367050455638
418 0.00102190437109
419 0.000213157761664
420 0.000555083468107
421 0.00994143803134
422 0.00127214252184
423 0.000290509966892
424 0.00798289124672
425 0.000459708904966
426 0.000179870142189
427 0.000554678204435
428 0.000892546615933
429 0.00174200849026
430 0.000383214155505
431 0.0491225462887
432 0.00245715501752
