1 0.00263751068407
2 0.00178507728894
3 0.00150041400428
4 0.000464476813317
5 0.00424456770829
6 0.000546466520492
7 0.000401283078567
8 0.000608723410706
9 0.000163316967612
10 0.000224438552932
11 0.00103848735452
12 8.42504618576e-05
13 0.00685650197411
14 0.0247402660681
15 0.0388537832993
16 0.000522447646392
17 0.0020404514393
18 0.00180819917195
19 0.00119123189843
20 0.00107934548868
21 9.55200195312e-05
22 0.00330063880087
23 0.0405371812213
24 0.000210283644037
25 0.0785694180765
26 0.000261600263929
27 0.000418582554992
28 0.00187622503833
29 0.00151234567901
30 0.000396029801243
31 0.000419226463453
32 0.00161117114434
33 0.00480110291454
34 0.000692520775623
35 0.00217585924222
36 0.00730113072803
37 0.0127116098302
38 0.00642052925707
39 0.0136321024447
40 0.00112220951382
41 0.00436378146273
42 0.00282088807011
43 0.00168094746998
44 0.000948366007811
45 0.00209255266931
46 0.0051239771901
47 0.00338077762349
48 0.00542251123002
49 0.00190046351997
50 0.00220379912215
51 0.000355998576006
52 0.00166736111111
53 0.000359043173167
54 0.000187331557098
55 0.000457352434322
56 0.000611305236816
57 0.216113433341
58 0.00062128417503
59 0.00850529920717
60 0.000306784588985
61 0.000389658541822
62 0.000569607144287
63 0.00177501435433
64 0.00273097185308
65 0.00598586482297
66 0.000258060353865
67 0.0173228469855
68 0.000500030401848
69 0.000166709524453
70 0.0093401758947
71 0.00167491382186
72 0.00160821451967
73 0.00212969530159
74 0.0130034854997
75 0.00166805555556
76 0.00106719016077
77 0.000457352434322
78 0.00020263167893
79 0.000358955537538
80 0.000860826991709
81 0.000477189806154
82 0.000399750779423
83 0.00400176693495
84 0.000920809533764
85 0.000311272186859
86 0.0209754209776
87 0.0125230973295
88 0.000112343957547
89 0.001779872063
90 0.00510291160439
91 0.00745974757502
92 0.00134115796506
93 0.0117511718874
94 0.000225281513892
95 0.00174336757598
96 0.00300345527823
97 0.00338535879273
98 0.000346593481213
99 0.0080762609784
100 0.00228905444014
101 0.000307192719901
102 0.000526452405412
103 0.00115343538626
104 0.000457352434322
105 0.000556247775009
106 0.00110928437716
107 0.000466653447022
108 0.00123691558838
109 0.00213688145247
110 0.000408236156584
111 0.0091698265678
112 0.000317930624888
113 0.00192681760204
114 0.00427546406455
115 0.000647786067345
116 0.00097531807515
117 0.0031755925707
118 0.000940662952291
119 0.000243664485425
120 0.000338906951876
121 0.00114767615626
122 0.000866644267072
123 0.00138819654206
124 0.00119007368626
125 0.00359192917408
126 0.00190046351997
127 0.00125122070313
128 0.00626340231193
129 0.000688923783706
130 0.0023959282475
131 0.000869307994615
132 0.000419226463453
133 0.000202341651911
134 0.00482887838686
135 0.000346593481213
136 0.00339128714085
137 0.000692520775623
138 0.0020862846328
139 0.000993178829717
140 0.0662751306998
141 0.00132199866424
142 0.00451920593654
143 0.00107302444691
144 0.0491069371256
145 0.0655009872818
146 0.000985750933324
147 0.00071217249707
148 0.00613357631361
149 0.000908477108921
150 0.00496105860113
151 0.0013068449615
152 0.0131299021892
153 0.000474996661365
154 7.79856776916e-05
155 0.00112147106544
156 0.0214476168724
157 0.016556882582
158 0.000947105302057
159 0.000487738640762
160 0.00176867333401
161 0.00325477134281
162 0.0100594467274
163 0.00609504734211
164 0.000278148518848
165 0.000434027777778
166 0.000210413145905
167 0.000500030401848
168 0.0011265242168
169 0.000174379629202
170 0.000290682329856
171 0.0051332325989
172 0.000228250276333
173 0.00327040897751
174 0.000578999629332
175 0.00572493525589
176 0.00210498814684
177 0.00816148700664
178 0.00605029585799
179 0.00275556106668
180 0.0228412775265
181 0.0324517693885
182 0.00190046351997
183 0.0248270540986
184 0.0174595933478
185 0.0389746235641
186 0.00201822384401
187 0.00465595399139
188 0.00144353803088
189 0.000865165633589
190 0.000238465962491
191 0.761921696703
192 0.000860826991709
193 0.00137671769313
194 0.00108285512802
195 0.000556247775009
196 0.000869307994615
197 0.00054794568587
198 0.000261977833424
199 0.000166493236212
200 0.000489399003447
201 0.00115343538626
202 0.00480183467844
203 0.000550883701938
204 0.0156560925589
205 0.00097531807515
206 0.00418563525197
207 0.00493606503921
208 0.0016917678313
209 0.000160602415285
210 0.0163367679094
211 0.00102661440458
212 0.00589620670014
213 0.00711607777163
214 0.0019771015247
215 0.00275174928748
216 0.0127091496289
217 0.452277910478
218 0.00355770961802
219 8.39829808825e-05
220 0.00101239669421
221 0.00274860967103
222 0.000356568173727
223 0.00022397818189
224 0.000368247098349
225 0.000492076001729
226 0.000692520775623
227 0.000464476813317
228 0.037708732645
229 0.00174500283081
230 0.00100112915039
231 0.00214028527231
232 0.00104511772692
233 0.00123355145747
234 0.000497357638339
235 0.000358051751605
236 0.00239979316958
237 0.0143276526142
238 0.000418987543566
239 0.00193968119792
240 0.000448105446023
241 0.0073005709162
242 0.00052212983357
243 0.0003808888705
244 0.000261832196982
245 0.0185249743831
246 0.00112164240378
247 0.00196959428638
248 0.000358955537538
249 0.000462260221185
250 0.000477189806154
251 0.00459002737217
252 7.46763616099e-05
253 0.000118545750976
254 0.0390136781217
255 0.00846445946648
256 0.00112485808654
257 0.00113622017422
258 0.000448105446023
259 0.272880710288
260 0.0423494927232
261 0.162751593967
262 0.0122912715155
263 0.0011676753293
264 0.000101274841398
265 0.000102278201946
266 0.00059488399762
267 0.00447637128487
268 0.52551525645
269 0.000212341697606
270 0.00100627349944
271 0.000159977503164
272 0.000646804423935
273 0.000832100591716
274 0.000498246173469
275 0.000415136473625
276 0.000860826991709
277 0.000832100591716
278 0.000150782567415
279 0.000188888888889
280 0.000682507353576
281 0.00496264161756
282 0.468380605066
283 0.000774988489
284 0.00171416003297
285 0.00152667349508
286 0.000763791267712
287 0.00321153690766
288 0.0033173517869
289 0.0019924718023
290 0.00364236304049
291 0.00229990945487
292 0.000935021271962
293 0.000520588076423
294 0.000520715173122
295 0.000210413145905
296 0.00110928437716
297 0.000582325335448
298 0.000163274989228
299 0.000364754555201
300 0.000192603891669
301 0.00182377305815
302 0.00794461828943
303 0.000290682329856
304 0.000408451615475
305 0.00258844130726
306 0.00053828125
307 0.00467386836124
308 0.000963139120095
309 0.000434805092113
310 0.0026638917794
311 0.00437042236328
312 0.000596046447754
313 0.00260310510745
314 0.0232398734557
315 0.000517013976322
316 0.028518285599
317 0.0752375664547
318 0.00432517387504
319 0.0042533134361
320 0.00727944537836
321 0.00202831017517
322 0.00794531389421
323 0.000246894121445
324 0.000430433360307
325 0.000582325335448
326 0.000225281513892
327 0.000608723410706
328 0.000979962192817
329 0.000259399414063
330 0.00529438968979
331 0.0302002951291
332 0.00159418629
333 0.0146736337463
334 0.000550003696025
335 0.00253346115647
336 0.285873147874
337 0.00624485425342
338 0.000334459077995
339 0.000278604330228
340 0.00410387565913
341 0.00909105658004
342 0.000824156956114
343 0.0026130714818
344 0.000866644267072
345 0.00621385777939
346 0.00576112624416
347 0.101807680059
348 0.00127096698346
349 0.000509096951609
350 0.000224438552932
351 0.000975057201572
352 0.000747312210751
353 0.000860826991709
354 0.000288788425618
355 0.000491310718304
356 0.000608723410706
357 0.000234876176216
358 0.00743885295793
359 0.00676786978827
360 0.0250096799801
361 0.000881754112882
362 0.00108134662238
363 0.00266071165527
364 0.0042023415463
365 0.000795830132271
366 0.00125195532075
367 0.000205530666715
368 0.000611096636933
369 0.000229779411765
370 0.000562610960489
371 0.000542850914031
372 0.00181553992597
373 0.00039745223578
374 0.13723948418
375 0.0019771015247
376 0.0112250980384
377 0.00413265306122
378 0.0020399534038
379 0.00105566343886
380 0.00147122889596
381 0.000861595685717
382 0.0021662883328
383 0.000394929134557
384 0.00087936186555
385 0.00026609427624
386 0.000398723065459
387 0.00115343538626
388 0.00525939928586
389 0.000788549482697
390 0.0191428256407
391 0.00651981019251
392 0.00059488399762
393 0.000436380618106
394 0.0004206805534
395 0.000264931092044
396 0.000765692762277
397 0.00187369676235
398 0.0040690383835
399 0.00229105568932
400 0.00128174484382
401 0.00867572954618
402 0.00301950749092
403 0.000625
404 0.000161249685059
405 0.000368121502478
406 0.00754351921927
407 0.000157248094563
408 0.00162980493908
409 0.000501815592738
410 0.00207766360195
411 0.000464476813317
412 0.00166736111111
413 0.000434722222222
414 0.000417187861901
415 0.00105735928346
416 0.00714014332524
417 0.00223419189453
418 0.00212572924434
419 0.210839934604
420 0.000646450077669
421 0.000738229714289
422 0.00858751821826
423 0.00268223324023
424 0.001631640625
425 0.00054794568587
426 0.00171416003297
427 0.0464359961976
428 0.00531732545196
429 0.000714083359121
430 0.00531722828216
431 0.00188236672825
432 0.00156152445369
