1 0.00101137484548
2 0.000346004287132
3 0.000276287753565
4 0.00084833631822
5 0.000439990692241
6 0.000455014036273
7 0.000221154408803
8 0.000220293885812
9 0.000536830432874
10 0.000328053347236
11 0.00127841322314
12 0.00165963860523
13 0.000431043075828
14 0.00320806134675
15 0.166676366406
16 0.00372623275063
17 0.000294971920337
18 0.00088405186634
19 0.401510334145
20 0.0016955017301
21 0.000356062055881
22 0.000409715845322
23 0.00100424892208
24 0.0026210584735
25 0.0027060487204
26 0.000257150745058
27 0.00179059206799
28 0.00713984679693
29 0.0242968859318
30 0.0947095924667
31 0.00320965745396
32 0.00144352862553
33 0.000580076551542
34 0.000345018654861
35 0.000598848239171
36 0.000249314195935
37 0.00400252356488
38 0.0308713595467
39 0.000264931092044
40 0.000429008085258
41 0.000487738640762
42 0.000251453469812
43 0.000580076551542
44 0.000572331219523
45 0.00111317158561
46 0.00376548155949
47 0.614283163918
48 0.00618149469648
49 0.0012426893018
50 0.000448261405868
51 0.0135096655056
52 0.00111764804416
53 0.000603492719933
54 0.00175396303601
55 0.000355494173814
56 0.0935050956182
57 0.000201633423993
58 0.000617736417538
59 0.0124240462751
60 0.00365448875028
61 0.000217613230884
62 0.00031179931129
63 0.000486878052239
64 0.00794950283964
65 0.000717474489796
66 0.00100050122522
67 0.000717474489796
68 0.000259691024468
69 0.000334459077995
70 0.000500030401848
71 0.000537826869658
72 0.000303923925215
73 0.00699789731547
74 0.00225658556084
75 0.00517571554267
76 0.00377747284025
77 0.00716699828334
78 0.00230169772685
79 0.000700692041522
80 0.000456252579604
81 0.000262524645767
82 0.00135820395649
83 0.000803933039856
84 0.0034085465817
85 0.000790012361302
86 9.79083936942e-05
87 0.000899195161401
88 0.000581004674025
89 0.0568755756485
90 0.000421986794852
91 0.000319790585774
92 0.000685487603306
93 0.000717474489796
94 0.00226757369615
95 0.00157887811938
96 0.000456570969391
97 0.00024138657511
98 0.00457749467191
99 0.00107450707397
100 0.188436538236
101 0.000548973244362
102 0.000532872249633
103 0.000446591577354
104 0.335070259947
105 0.000421986794852
106 0.00054692100973
107 0.00110390796202
108 0.00111196844993
109 0.0011034514244
110 0.0129640148351
111 0.00105376048577
112 0.00975699207438
113 0.000898501872919
114 0.0764190652424
115 0.00268116169709
116 0.00134606816663
117 0.00305699542219
118 0.00126143264514
119 0.000334459077995
120 0.000717474489796
121 0.000537689361567
122 8.96072635504e-05
123 0.000572646610039
124 0.000345544364446
125 0.0140678071883
126 0.00483696258453
127 0.000250955788648
128 0.00106853535001
129 0.000457250958729
130 0.00186637976351
131 0.00140235187298
132 0.000549505584645
133 0.00152109000357
134 0.00821105769734
135 0.000440982177995
136 0.000516610955187
137 0.968632094902
138 0.00571505283237
139 0.0158985569077
140 0.00174798192175
141 0.000647839311014
142 0.000251453469812
143 0.00025396422279
144 0.000291374701796
145 0.00033499421252
146 0.000404629706732
147 0.000520570013453
148 0.00142627269491
149 0.000585546457814
150 0.00415739143915
151 0.000998997956318
152 0.00238316748326
153 0.00114877881273
154 0.00238280501273
155 0.000943517105616
156 0.00208977350909
157 0.00193745281716
158 0.000613022180429
159 0.00259443034911
160 0.00320605108765
161 0.000603850947594
162 0.00288705725106
163 0.00113409540578
164 0.00586136413177
165 0.0113150914727
166 0.000367557115435
167 0.000486878052239
168 0.00126995041322
169 0.00016572253434
170 0.000429008085258
171 0.00033499421252
172 0.000409112807784
173 0.00210893561554
174 0.00172705894794
175 0.0148994300057
176 0.00525224836779
177 0.00116342708444
178 0.00189154562399
179 0.000802683926955
180 0.000513191106084
181 0.00112691444469
182 0.000467792432591
183 0.00707340584575
184 0.00229447231858
185 0.000276623977248
186 0.000576768768683
187 0.00472852482042
188 0.0425269155111
189 0.00168189148912
190 0.000143856107928
191 0.00388214980044
192 0.000188260829843
193 0.000443658793857
194 0.00122850751431
195 0.000455014036273
196 0.000443658793857
197 0.000301827237952
198 0.00114595161149
199 0.000220293885812
200 0.000500030401848
201 0.000482609085097
202 0.00329948292375
203 0.000945101079976
204 0.0101690623826
205 0.00188618287156
206 0.000429008085258
207 0.000413113887236
208 0.00283964836364
209 0.000220293885812
210 0.00292749710787
211 0.00751200139601
212 0.000494706247388
213 0.00805886540248
214 0.00222842208041
215 0.00053070988913
216 0.004565376187
217 0.00195016895123
218 0.00306880443398
219 0.0108753338895
220 0.0026161409687
221 0.000328731097962
222 0.00117086311289
223 0.000409112807784
224 0.000330578512397
225 0.00084833631822
226 0.000251897498142
227 0.000514862084783
228 0.00219191101355
229 0.000440587771624
230 0.0011749530719
231 0.00270738317139
232 0.00176565125283
233 0.0104582935323
234 0.00111317158561
235 0.00232220630124
236 0.000241908403243
237 0.0353659234739
238 0.00293396754018
239 0.000945129266117
240 0.0319618377654
241 0.00251278407436
242 0.00211328577447
243 0.00127779455641
244 0.00624993538115
245 0.00413223140496
246 0.000773357589469
247 0.00349450484067
248 0.000313095429538
249 7.95614494328e-05
250 0.00878357190979
251 0.00125060869782
252 0.000231066913836
253 0.000536830432874
254 0.000514862084783
255 0.000553112519016
256 0.000726332199546
257 0.000264931092044
258 0.0026161409687
259 0.000234426867517
260 0.000663117758662
261 0.000227409811134
262 0.00295507297971
263 0.00569030673328
264 0.000895059930809
265 0.00184359565988
266 0.00113036667853
267 0.00298197998812
268 0.00752939363729
269 0.0153366729332
270 0.000600741482734
271 0.0104677815083
272 0.0193824811497
273 0.00146688635088
274 0.00693854306851
275 0.0010825438991
276 0.00038628317709
277 0.00556916907997
278 0.000591009972848
279 0.00115869368677
280 0.000800996796013
281 0.000343642247208
282 0.00157164776238
283 0.00111523779692
284 0.000320813915649
285 0.00104849099531
286 0.000334289374025
287 0.00129430892205
288 0.00460419419707
289 0.00111196844993
290 0.48565956185
291 0.00524895846716
292 0.0141750223867
293 0.00152685250897
294 0.00432020787176
295 0.000963003576469
296 0.00181003922724
297 0.00510357505961
298 0.000746862983104
299 0.00226321402448
300 0.00730005936215
301 0.00102765062099
302 0.000825094442498
303 0.0102164699755
304 0.00383066590329
305 0.566040244554
306 0.0022663026914
307 0.0106954489006
308 0.00100073819886
309 0.00054692100973
310 0.000889591165591
311 0.000685487603306
312 0.00210105175098
313 0.00134121365347
314 0.00539672978132
315 0.000617801972591
316 0.000234426867517
317 0.00059345278557
318 0.00208714473447
319 0.00197351819689
320 0.00221390680947
321 0.000762166434567
322 0.000150551394482
323 0.000606738495252
324 0.000721764312765
325 0.001997440779
326 0.113588935298
327 0.00212398570405
328 0.000475894605716
329 0.00106607792643
330 0.000699526239861
331 0.000305296101497
332 0.000456570969391
333 0.000693534344131
334 0.000503618060628
335 0.000196084015664
336 0.00143780704877
337 0.00100501435571
338 0.000716450623369
339 0.121044169397
340 0.00191818126496
341 0.000617801972591
342 0.000263453935822
343 0.00575535916959
344 0.00503189784575
345 0.000224859440891
346 0.00170471476372
347 0.000133649637475
348 0.000839662861897
349 0.00197576670344
350 0.000393051849513
351 0.0129151173161
352 0.00418510039777
353 0.000958083777396
354 0.000535836762689
355 0.0011867860168
356 0.00127298319092
357 0.000824156956114
358 0.000386229862789
359 0.000761418846152
360 0.000681002959366
361 0.000532872249633
362 0.000604316881967
363 0.00364984962642
364 0.0055278395821
365 0.00171487447777
366 0.00548676193224
367 0.00836035978736
368 0.000781973605977
369 0.00307721254223
370 0.00621720012711
371 0.0034252940292
372 0.00260138542779
373 0.00152748843255
374 0.0031552917142
375 0.045711093473
376 0.00193690769019
377 0.000761418846152
378 0.00044685363673
379 0.000998997956318
380 0.000635902604721
381 0.00122850751431
382 0.00110496389684
383 0.000186692200715
384 0.00219657607302
385 0.000290880163413
386 0.00188111833346
387 0.00233716833545
388 0.00158472068576
389 0.0363087188359
390 0.00069264050553
391 0.132442220671
392 0.000348756945386
393 0.00196328705785
394 0.000646804423935
395 0.0181190722806
396 0.00369586571032
397 0.000264909532335
398 0.00294090347595
399 0.000603027420997
400 0.00146316701006
401 0.00062865230095
402 0.00478001596906
403 0.0131815605883
404 0.00371260703379
405 0.00177050995252
406 0.000294604496329
407 0.000251453469812
408 0.00289245109809
409 0.000717474489796
410 0.00129430892205
411 0.000319790585774
412 0.00174798192175
413 0.00037362526211
414 0.00539124678444
415 0.000681002959366
416 0.0101116781401
417 0.0561639653066
418 0.00345244446529
419 0.00282022214735
420 0.0031964439561
421 0.000339933488111
422 0.00863423658027
423 0.00354565764305
424 0.00817451098412
425 0.0014604098115
426 0.000812453100581
427 0.000494706247388
428 0.00107694059127
429 0.000521188635323
430 0.000909803110303
431 0.00412672997841
432 0.000675351506952
