1 0.000482816867421
2 0.0133784747598
3 0.000340409308152
4 0.00185632639203
5 0.000697610951631
6 0.00063550404655
7 0.00195960048449
8 0.000263321387868
9 0.000532872249633
10 0.00183397525178
11 0.217730675661
12 0.0122392778183
13 0.00054309152292
14 0.0142680863894
15 0.0028105433313
16 0.00221991760607
17 0.000763336747538
18 0.00097840061329
19 0.00267538644471
20 0.00170967255915
21 0.00259645421721
22 0.000643635827273
23 0.0123627046113
24 0.00567782716049
25 0.00262858516263
26 0.0001672693269
27 0.00902577854671
28 0.000561532759821
29 0.0213972647347
30 0.00167014352383
31 0.00109282152858
32 0.00162123257946
33 0.000434752062638
34 0.000780008197308
35 0.00386485435505
36 7.29136155655e-05
37 0.0148460060711
38 0.0172693449933
39 0.00342087085717
40 0.0197098726795
41 0.000143425723403
42 0.00038432
43 0.0290236163261
44 0.000985342935417
45 0.0106470850744
46 0.00107973919761
47 0.000657969497001
48 0.000586841235503
49 0.000107631170955
50 0.00171924610843
51 0.00232111680038
52 0.0122752885142
53 0.0024487185276
54 0.0910322697472
55 0.062741649538
56 0.0548260772409
57 0.000499840561224
58 0.00302798986886
59 0.000473099042288
60 0.000118147448015
61 0.000533625925729
62 0.000366681756451
63 0.000435447665938
64 0.00133848899465
65 0.00025396422279
66 0.000500030401848
67 0.00038416
68 0.00625574374789
69 0.00149227331098
70 0.000178074444856
71 0.00168698520076
72 0.00288759595652
73 0.000270012991985
74 0.00719405343292
75 0.00042829810096
76 0.00250928504308
77 0.000791488026229
78 0.00164534998465
79 0.00863671864861
80 0.00715522449902
81 0.0029250188197
82 0.00274744255088
83 0.00118072542153
84 0.00217607514172
85 0.00133654937724
86 0.000181360344047
87 0.00195960048449
88 0.000267282406136
89 0.000928986906169
90 0.0048359547432
91 0.0001242840369
92 0.00559387972775
93 0.00799969136993
94 0.00203109081285
95 0.0026281845858
96 0.000466082609227
97 0.00580941403926
98 0.00139542125223
99 0.00403660130719
100 0.00188451912386
101 0.000383264172036
102 0.000304930034706
103 0.000241117240847
104 0.00383328265136
105 0.0147098239837
106 0.00146536466818
107 0.000211955446303
108 0.000433548431407
109 0.00229481157446
110 0.000563667863446
111 0.000527016555066
112 0.00195960048449
113 0.00021507526374
114 0.000284254625522
115 0.001024
116 0.000705872741384
117 0.0120959025676
118 0.00230083558261
119 0.000432129942922
120 0.00111259407539
121 0.000274950386478
122 0.00148494867946
123 0.00221736069824
124 0.000629198780315
125 0.00123379709922
126 0.000730226567354
127 0.00575797647138
128 0.00268157441929
129 0.00343219614014
130 0.000888118942152
131 0.0011788728133
132 0.010564494312
133 0.000543689070422
134 0.00206569064391
135 0.00127047457391
136 0.000494389103832
137 0.00318637175164
138 0.00111547805411
139 0.000183855214019
140 0.000366964689905
141 0.000679606156632
142 0.000263321387868
143 0.0003303359171
144 0.00192337087645
145 0.0624949225626
146 0.00190724482955
147 0.00865193362497
148 0.000983815046405
149 0.000530535737878
150 0.00170374435872
151 0.00440008519326
152 0.0148239864183
153 0.000659332068842
154 0.000754126572558
155 0.000291374701796
156 0.000158727268108
157 0.00603487199911
158 0.0033798025245
159 0.000718489493672
160 0.00229537183119
161 0.0027135911197
162 0.000310395364233
163 0.0012026383654
164 0.000600599500843
165 0.000288907431474
166 0.00171906766293
167 0.00198129065829
168 0.000366681756451
169 0.000563667863446
170 0.000498246173469
171 0.000242716375486
172 0.000901501877086
173 0.000627223330193
174 0.000863640149938
175 0.0018208960916
176 0.00224826158793
177 0.000992300840825
178 0.0240324168403
179 0.00223090644191
180 0.0098761621851
181 0.00101928390063
182 0.000416493127863
183 0.000359244746836
184 0.000273226996238
185 0.00370282241786
186 0.000223299697849
187 0.000490334141142
188 0.000950524076603
189 0.00500995950588
190 0.0307690093163
191 0.00737100797129
192 0.000496471477912
193 0.001610500382
194 0.00165656466739
195 0.000286108756118
196 0.00220479510639
197 0.000679606156632
198 0.000802652358448
199 0.000196638556059
200 0.000490397085292
201 0.000292405321496
202 0.00045039072296
203 0.00201347797502
204 0.0054143752581
205 0.00360431812858
206 0.00565102117647
207 0.051138412362
208 0.000821753802168
209 0.0267509691072
210 0.00214952213123
211 0.0018499248468
212 0.00169822708465
213 0.00192410642907
214 0.000336425034544
215 0.0881926957394
216 0.000576768768683
217 0.00117327433164
218 0.00551586512131
219 0.00744800437669
220 0.0013225683203
221 0.00110809383861
222 0.00050817924661
223 0.000598121455577
224 0.000340409308152
225 0.000802257711671
226 0.000461290017832
227 0.00032582204903
228 0.000847799340371
229 0.00042829810096
230 0.000780008197308
231 0.0852954583349
232 0.00261763115197
233 0.00252032357426
234 0.016576044479
235 0.00408872791976
236 0.00208602202904
237 0.000930767020971
238 0.000576768768683
239 0.00150802179347
240 0.00207852893456
241 0.000858185398772
242 0.0034098779903
243 0.00586248566051
244 0.179473082718
245 0.00921486406718
246 0.000260670962986
247 0.000376161360585
248 0.00107803221412
249 0.000298800188679
250 0.000154075693295
251 0.000186373749257
252 0.0012287516509
253 0.00021507526374
254 0.000181360344047
255 0.00195960048449
256 0.00364589429035
257 0.00198080706282
258 0.0006428744821
259 0.0194151486098
260 0.00288916415891
261 0.00321345382739
262 0.00253115234752
263 0.1462294663
264 0.000661537558585
265 0.00678886893172
266 0.000494617283951
267 0.000356148889713
268 0.000955893487402
269 0.000606331674654
270 0.0010682771599
271 0.000427589877682
272 0.00261439579878
273 0.00147234764329
274 0.00177584281944
275 0.00351506703977
276 0.00224376731302
277 0.00274744255088
278 0.000359244746836
279 0.00177819712585
280 0.000448121385667
281 0.0011588954278
282 0.000763336747538
283 0.000524124837312
284 0.000208963306206
285 0.000255545494985
286 0.00534792787764
287 0.00472651563492
288 0.00114909508762
289 0.000226981745702
290 0.0226394362101
291 0.000801094292574
292 0.000571237419067
293 0.000584533379257
294 0.00281327943175
295 0.0010460848065
296 0.0955693584339
297 0.00225927092132
298 0.00961449910019
299 0.000286108756118
300 0.00204708203419
301 0.00252157164066
302 0.00201717073531
303 0.00121687398594
304 0.000527016555066
305 0.00118451791218
306 0.000366681756451
307 0.000487226828032
308 0.00317824645339
309 0.00210610625303
310 0.00036594043816
311 0.0244045429374
312 0.000226981745702
313 0.000782337770755
314 0.000397896433114
315 8.99399401067e-05
316 0.000424304308232
317 0.000514655748828
318 0.000762195121951
319 0.00566929065744
320 0.00179644784544
321 0.0017937716263
322 0.315889289413
323 0.0120342690215
324 0.00370351345508
325 0.00069461636142
326 0.0012924104127
327 0.000802652358448
328 0.000956530980976
329 0.00079723183391
330 0.00023397884685
331 0.000525086093116
332 0.000211626443918
333 0.00128569387787
334 0.000626739734719
335 0.00204251989475
336 0.000506153311986
337 0.000528471396486
338 0.265039186094
339 0.00487097146886
340 0.000480074599752
341 0.00666455643482
342 0.0010460848065
343 0.0019140625
344 0.0012287516509
345 0.00098998408543
346 0.00114040033229
347 0.00260461233434
348 0.000287324717002
349 0.00395426583655
350 0.000499105149913
351 0.000285364995153
352 0.000462879301815
353 0.000261726309935
354 0.000470500076326
355 0.0018608533273
356 0.000851395036916
357 0.00321834355539
358 0.000263321387868
359 0.000416493127863
360 0.000484309908748
361 0.000461550197922
362 0.0043470907069
363 0.00263434025899
364 0.0035737304473
365 0.00504395024537
366 0.00344424453045
367 0.000178968915337
368 0.0132810124387
369 0.00860023676208
370 0.00199027671187
371 0.000416493127863
372 0.000577213806313
373 0.00296306054158
374 0.000512792743121
375 0.0016936674822
376 0.00624917011973
377 0.000266271604938
378 0.0012314034892
379 0.000487986932288
380 0.00195960048449
381 0.000181999664438
382 0.000363088377454
383 7.60546241211e-05
384 0.00117327433164
385 0.00160016
386 0.0793748454791
387 0.019262917216
388 0.000586841235503
389 0.00141605130541
390 0.000906030133891
391 0.00652002650466
392 0.00997321871581
393 0.0015975131268
394 0.00142005416323
395 0.000772797066233
396 0.0040991509671
397 0.00385787585356
398 0.00253732494888
399 0.00268223324023
400 0.00103686304127
401 0.134171398996
402 0.00265162797672
403 0.0250285932432
404 0.000448871693423
405 0.000660280894497
406 0.00109049879818
407 0.00271534723085
408 0.000485084804602
409 0.00130156117364
410 0.000598121455577
411 0.000598121455577
412 0.00118451791218
413 0.000366681756451
414 0.00023397884685
415 0.000122475030281
416 0.00036868719045
417 0.000769908668483
418 0.00106719016077
419 0.60911199569
420 0.00097167623037
421 0.00664692279606
422 8.33165328802e-05
423 0.000333681137805
424 0.000278520002638
425 0.000241117240847
426 0.000352796206284
427 0.000312647660405
428 0.000654032177243
429 0.00124558800566
430 0.000939064088288
431 0.00714240700692
432 0.0241351075714
