1 0.000855241754275
2 0.00103954682074
3 0.000426178690929
4 0.00461761294536
5 0.000784759867667
6 0.000470669782927
7 0.000398669992608
8 0.000495947894794
9 9.68987031724e-05
10 0.00130889341306
11 0.000685945284361
12 0.0909281016569
13 0.00955342532251
14 0.172698882184
15 0.00412485744294
16 0.00245133936311
17 0.000684359699061
18 0.00168576270624
19 0.000927093608361
20 0.0015307327192
21 0.0015118206957
22 0.000949325279399
23 0.000216772729228
24 0.00170269300686
25 0.000978260131144
26 0.0009343834023
27 0.0197241805109
28 0.000754715558326
29 0.0012869754067
30 0.00109304456476
31 0.00106140332917
32 0.000311770222358
33 0.000863640149938
34 0.00056250270434
35 0.000243227666155
36 0.0198023005352
37 0.00172592709059
38 0.000493456803744
39 0.0142675384622
40 0.000642610722294
41 0.325165641087
42 0.000521256854528
43 0.00314960023482
44 0.000280694059922
45 0.000387379972565
46 0.000266461478857
47 0.000686063782918
48 0.000769599468195
49 0.000411832130145
50 0.144795288931
51 0.00499651264433
52 0.000497357638339
53 0.000177534818807
54 0.000837460324025
55 0.00126030166645
56 0.00182183224271
57 0.000641
58 0.000793133166803
59 0.0004
60 0.000138669206051
61 0.00166527893422
62 0.0398655117855
63 0.0210949218454
64 0.00495121505943
65 0.0247070875086
66 0.00204260359204
67 0.00153658125177
68 0.00103431731522
69 0.00655116956063
70 0.000309984699039
71 0.00877312927833
72 0.000597212308498
73 0.00125057414477
74 0.00322822496339
75 0.000505440970964
76 0.658521798352
77 0.00744520320022
78 0.0327315861105
79 0.000911496741428
80 0.0116516968649
81 0.00195303448057
82 0.0015844409352
83 0.0004
84 0.000444397917084
85 0.00025838909598
86 0.000121858660503
87 0.00191144487566
88 0.00334585126542
89 0.000638980248865
90 0.000625021543611
91 0.00109304456476
92 0.00019458668951
93 0.393605457772
94 0.00784346399173
95 0.00054259804299
96 0.00405257468102
97 0.000991078060261
98 0.00146005675274
99 0.0982335295228
100 0.00308349637068
101 0.0018024346664
102 0.0009343834023
103 0.000933641975309
104 0.00669938016529
105 0.000638980248865
106 0.000521256854528
107 0.00124812083659
108 0.00103132079886
109 0.000225605163482
110 0.00112338116076
111 0.00131742112483
112 0.00318391516771
113 0.00736049804723
114 0.00423054899685
115 0.00550818968961
116 0.00222940808116
117 0.000898501872919
118 0.000903007516701
119 0.000475825264193
120 0.00040827791433
121 0.00322932608917
122 0.0021922310305
123 0.00102836065349
124 0.00208676268861
125 0.00505734509809
126 0.00145569385744
127 0.000763502254362
128 0.00116439433077
129 0.000495947894794
130 0.00024527750949
131 0.000511865031429
132 0.000580076551542
133 0.000404514014537
134 0.0394822017447
135 0.00429585128427
136 0.00157472292989
137 0.00134539669565
138 0.00304087043225
139 0.000193572778828
140 0.0349334386786
141 0.00281733313499
142 0.000475065159937
143 0.00461781904573
144 0.00057753907747
145 0.0728493096431
146 0.00721922373674
147 0.0100999486575
148 0.122402557851
149 0.00221598999619
150 0.000390138243798
151 0.000311620665981
152 0.00120749541599
153 0.00361895104302
154 0.0009343834023
155 0.00120284673728
156 0.000104123281966
157 0.00209659416092
158 0.000884406019416
159 9.96260520569e-05
160 0.000165424261536
161 0.000199041456594
162 0.000414206842361
163 0.000433305301369
164 0.0389571334322
165 0.00368233257803
166 0.00151043489473
167 0.00137651753833
168 0.000886650370361
169 0.0107703167456
170 0.00288275302914
171 0.000886947380897
172 0.00297844937678
173 0.0039385504827
174 0.00115043097784
175 0.0184204724836
176 0.00260368208944
177 0.00045115636791
178 0.0015177262453
179 0.00297689779051
180 0.00126418879389
181 0.00109422238902
182 0.000588811742874
183 0.000407792024762
184 0.00423964289038
185 0.001296
186 0.000398669992608
187 0.000495947894794
188 0.00102479012346
189 0.000243227666155
190 0.0355487100913
191 0.00111938751537
192 0.0180796687033
193 0.00120095159371
194 0.00347470567317
195 0.00252272318332
196 0.111495277461
197 0.00182269180374
198 0.000986595878812
199 0.000460634076835
200 0.000832754116601
201 0.00181156062959
202 0.000682605008232
203 0.0101492212905
204 0.00740095251011
205 0.0174177978507
206 0.000221970931397
207 0.0024882819628
208 0.00439955045092
209 0.000215910037484
210 0.000601910125669
211 0.00201826683758
212 0.00041088
213 0.000941909066529
214 0.000414461610533
215 0.00262144
216 0.00064727990111
217 0.00094674556213
218 0.0601667340285
219 0.000883724133511
220 0.0031200603826
221 0.00161844365174
222 0.00215583247643
223 0.0103670759825
224 0.00131742112483
225 0.00128312795398
226 0.00022685098309
227 8.2311719563e-05
228 0.000162971674846
229 0.000385071309045
230 0.000230003818423
231 0.0207239356347
232 0.00291064769683
233 0.00864136759935
234 0.00424646726415
235 0.000247026991559
236 0.00050817924661
237 0.000207028621707
238 0.000978260131144
239 0.00270364619388
240 0.000217245816426
241 0.000209662835952
242 0.00111938751537
243 0.000403591844369
244 0.000863640149938
245 0.00044962702539
246 0.00798485198163
247 0.00172014695576
248 0.0189975490468
249 0.00161844365174
250 0.00685849963254
251 0.000318422499275
252 0.00173860561915
253 0.0079087739779
254 0.000230685530961
255 0.000222592112902
256 0.0002055472052
257 0.000978260131144
258 0.00820750508013
259 0.00360054125379
260 0.00172933729389
261 0.16402321539
262 0.00327099977847
263 0.00202696156625
264 0.0265386828921
265 0.000260145681582
266 0.000398669992608
267 0.000339782114719
268 0.00125999405071
269 0.00365231332497
270 0.000339782114719
271 0.000863640149938
272 0.000653422574654
273 0.000686938328436
274 0.00322745017707
275 8.59326851682e-05
276 0.00308823434202
277 0.00032000103143
278 0.000483413342147
279 0.000845901195491
280 0.00126279403663
281 0.000457301482943
282 0.000293609047105
283 0.000990337416714
284 0.00113622017422
285 0.0008588096061
286 0.00147928994083
287 0.00102836065349
288 0.00170987505006
289 0.00120377485976
290 0.00102481967308
291 0.000180875861448
292 0.00083968
293 0.00043987320391
294 0.00532713498623
295 0.00162922878228
296 0.000160549086974
297 0.00156657384233
298 0.00437217825906
299 0.00176299243184
300 0.000265110858683
301 0.000894634307998
302 0.0303660272172
303 0.0115695943856
304 0.00229740057383
305 0.000471768967566
306 0.000189922109679
307 0.00702366060307
308 0.00206651300046
309 0.000784759867667
310 0.000207028621707
311 0.000572179115021
312 0.000191349614913
313 0.000166899883194
314 0.000798483866436
315 0.00236438351223
316 0.0024863649505
317 0.032928418383
318 0.00252360333096
319 0.000549641845914
320 0.014271068704
321 0.00114477924134
322 0.000775189625379
323 0.000538742709202
324 0.000637690031629
325 0.000281527123269
326 0.000261951286691
327 0.00320065342413
328 0.000243189737393
329 0.000932346599849
330 0.000221113583284
331 0.000504356888538
332 0.00180681791683
333 0.0083811827404
334 0.104461687624
335 0.000683863066478
336 0.00608703553608
337 0.0108528664737
338 0.00534686670856
339 0.00116111273384
340 0.00153666458654
341 0.002748945047
342 0.000294550178223
343 0.000998693814599
344 0.00584692785417
345 0.00126279403663
346 0.00804480333269
347 0.00609951525627
348 0.0101732476986
349 0.000243227666155
350 0.00212959589194
351 0.00131577815808
352 0.000427589877682
353 0.00126995041322
354 0.000423586867146
355 0.00154688
356 0.000298237438667
357 0.00347673338844
358 0.000319240754843
359 0.000580076551542
360 0.00181810112614
361 0.0010155467924
362 0.00667478320304
363 0.03391214639
364 0.00296178343949
365 0.000453765624453
366 0.00573767503243
367 0.000892356611913
368 0.000521256854528
369 0.000304126066771
370 0.000123800441426
371 0.00026680541103
372 0.0339095142719
373 0.00147304926064
374 0.000312152730088
375 0.000169976097111
376 0.000312652174456
377 0.0138093517578
378 0.00261423828644
379 0.000259906796658
380 0.032107769752
381 0.00224378203919
382 0.000969128642854
383 0.00109304456476
384 0.00186998896446
385 0.00182183224271
386 0.000463677025582
387 0.000898501872919
388 0.000793133166803
389 0.000243227666155
390 0.00327685449937
391 0.000655271011
392 0.00681588504352
393 0.0041288668772
394 0.00521523671136
395 0.000193572778828
396 0.00084393887755
397 0.00184412975574
398 0.00486375922273
399 0.00021811605975
400 0.000548092303218
401 0.000502627150216
402 0.00100871377708
403 0.000224438552932
404 0.1418888323
405 0.00220773152481
406 0.0036
407 0.00124242806133
408 0.000265110858683
409 0.035970684038
410 0.00054794568587
411 0.000743507231585
412 0.00134232828293
413 0.000475065159937
414 0.00083477400555
415 0.000638980248865
416 0.00333040351058
417 0.00101137484548
418 0.000822214490471
419 0.00106950272541
420 0.00165905546469
421 0.00786526018551
422 0.00109773596939
423 0.00420974551375
424 0.00228114278421
425 0.00318642768664
426 0.00104754424864
427 0.000428551579734
428 0.000466828341402
429 0.000736420149186
430 0.00145239449658
431 0.607888807245
432 0.000220392008621
