1 0.00108153658309
2 0.199390756186
3 0.00513132076091
4 0.000363758227607
5 0.000305638417527
6 0.000499137091796
7 0.000252936433912
8 0.000198373338623
9 0.000552614715487
10 0.00038872413896
11 0.001300059512
12 0.00108483747109
13 0.000776203353164
14 0.0370585114642
15 0.0210031425109
16 0.182631532164
17 0.000467342022748
18 0.00120322447078
19 0.0065877801356
20 0.000565815167649
21 0.00302688784224
22 0.000718092612387
23 0.000787780202341
24 0.000386902175988
25 0.00171562620356
26 0.000208928465812
27 0.0747091097647
28 0.267469615611
29 0.000233326662999
30 0.00433984619293
31 0.00031887755102
32 0.000596046447754
33 0.000133013839308
34 0.00108567453704
35 0.000633771822583
36 7.87065810853e-05
37 0.00196710383821
38 0.000740432227313
39 0.00467582731644
40 0.00060309324111
41 0.0071020793037
42 0.00713588108624
43 0.00307680451498
44 0.00156877047995
45 0.015406215658
46 0.00444672529143
47 0.00213530738052
48 0.000418801034125
49 0.000865051903114
50 0.000898501872919
51 0.0013532866135
52 0.00108148281609
53 0.0422905040831
54 0.000540325306575
55 0.00108153658309
56 0.000404591244771
57 0.00112994669211
58 0.00283970962305
59 0.000981668700448
60 0.0004581359073
61 0.000437056139655
62 8.82579835339e-05
63 0.171117614656
64 0.0036430489449
65 0.0394410061701
66 0.00102949908787
67 0.00190586444167
68 0.0017655888677
69 0.00205932784636
70 0.0104582663173
71 0.00137870607075
72 0.00194084853155
73 0.0137461172337
74 0.000472144037694
75 0.00124807084426
76 0.00845186417299
77 0.000507264020778
78 0.0024375841144
79 0.000695086057763
80 0.00188700895327
81 0.00381503379701
82 0.0177780490451
83 0.000437811624889
84 0.000213636855918
85 0.000806058374548
86 0.000125189495819
87 0.000633771822583
88 0.000201197122881
89 7.72476196289e-05
90 0.000411346954969
91 0.000491203913284
92 0.000287003460208
93 0.00453706360857
94 0.00446941406196
95 0.000531930795848
96 0.0782676075567
97 0.0476094334929
98 0.0012224027668
99 0.00199809687115
100 0.00130513786947
101 0.00316205484236
102 0.0303595354389
103 0.000699868424736
104 0.00688693376491
105 0.000517449177369
106 0.00284792678373
107 0.00844671998084
108 0.000761034566167
109 0.00127418335827
110 0.00979300786042
111 0.000675197964384
112 0.000407792024762
113 0.000213636855918
114 0.00236949563957
115 0.00323172878628
116 0.000498246173469
117 0.000520249979709
118 0.000634260844051
119 0.000893158622793
120 0.00165424149033
121 0.0012530346934
122 0.000466517253138
123 0.0060801301408
124 0.00037510350107
125 0.000842381540096
126 0.000456631949186
127 0.000405971991821
128 0.001296
129 0.00326530612245
130 0.000302640603567
131 0.000566893424036
132 0.00077101002313
133 0.000926052294802
134 0.00129455980222
135 0.000604058190296
136 0.0227907490523
137 0.000582318391199
138 0.000983928124444
139 7.20897116412e-05
140 0.000582125763343
141 0.000807302291793
142 0.000300636475273
143 0.00038872413896
144 0.0017451888008
145 0.0069328848219
146 0.000544734350635
147 0.000198690735965
148 0.000845597542547
149 0.00427902487075
150 0.0452033728181
151 0.00177514049191
152 0.00272199772646
153 0.000525721235742
154 0.00323683816923
155 0.000222766763199
156 0.00251262643741
157 0.00127438615901
158 0.00230701107858
159 0.000229568411387
160 0.000611305236816
161 0.00323938237457
162 0.0130493407872
163 0.000175430902153
164 0.00204184764385
165 0.000986815054412
166 0.00336665955124
167 0.00101856043459
168 0.00047417022105
169 0.00730586602381
170 0.00163450751016
171 0.00010907430005
172 0.000443586764507
173 0.0057132116305
174 0.794720906198
175 0.000351128073666
176 0.00230246476766
177 0.00162569380128
178 0.00175145956337
179 0.000468506962013
180 0.000554496831038
181 0.00108153658309
182 0.0002044465528
183 0.000444335118257
184 0.0219927877605
185 0.357964822278
186 0.000675197964384
187 0.000567625776185
188 0.0004860197394
189 0.000636885629273
190 0.00315091999084
191 0.0012320301147
192 0.000246604432587
193 0.000896113653439
194 0.000469864186527
195 0.000981668700448
196 0.0241514989447
197 0.00221453287197
198 0.000370963031902
199 0.00127139520398
200 0.00656993829397
201 0.0428678817974
202 0.00159478827708
203 0.0043095406959
204 0.000385071309045
205 0.00177674542536
206 0.000408451615475
207 0.00380892512245
208 0.00060309324111
209 0.00395833116462
210 0.00102153132723
211 0.000334948948421
212 0.000150936926999
213 0.00196169142115
214 0.000256
215 0.000457352434322
216 0.0157330005716
217 0.00165355279696
218 0.000469319284292
219 0.000596046447754
220 0.000603045636717
221 0.00194870546222
222 0.00105078014552
223 0.000187741982614
224 0.000415123767891
225 0.000751753656823
226 0.00123629927283
227 0.00175997490148
228 0.0143921869493
229 0.000663950761581
230 0.00136494733999
231 0.000280764614135
232 0.742863323759
233 0.00267250581348
234 0.00217363554804
235 0.000227653387241
236 0.00196027205982
237 0.000153361002214
238 0.000566893424036
239 0.000267463761768
240 0.000888118942152
241 0.000633771822583
242 0.000806058374548
243 0.000543864167966
244 0.000473412760633
245 0.000272019847923
246 0.00020777534291
247 0.000175430902153
248 0.00467545489935
249 0.00450278706928
250 0.0895849562567
251 0.0252239215441
252 0.0395132103036
253 0.000694550139446
254 0.000724111438489
255 0.00176565125283
256 0.00154909943986
257 0.00111111111111
258 0.00118274412764
259 0.0317767211027
260 0.00139271645836
261 0.00702712275321
262 0.0229717885329
263 0.00110786146009
264 0.0162228328588
265 0.00294904481471
266 0.0103288838792
267 0.00104058272633
268 0.000647129527447
269 0.001300059512
270 0.000561532759821
271 0.00215718425013
272 0.000266294677856
273 0.00117414054477
274 0.000561532759821
275 5.92728754882e-05
276 0.000622403948807
277 0.00524654703949
278 0.102056362479
279 0.00237186293894
280 0.000522905825936
281 0.00164859737349
282 0.0328037344238
283 0.00790904404068
284 0.000469319284292
285 0.000658083169029
286 0.00161505877265
287 0.00119916592791
288 0.000574467066548
289 0.0721589875292
290 0.15249522407
291 0.00556538198959
292 0.431378315319
293 0.00358430152937
294 0.000127517084928
295 0.00956960019597
296 0.00166458564574
297 0.000287856061719
298 0.000219522278522
299 0.00103113525477
300 0.000633771822583
301 0.000373330663058
302 0.000699868424736
303 0.000618532428082
304 0.259605843363
305 0.000685382010859
306 0.00279208373665
307 0.00230246476766
308 0.00183723940927
309 0.00898067157785
310 0.0290780697949
311 0.00411188640118
312 0.00424196447355
313 0.00336717268331
314 0.00378034333962
315 0.00561937921594
316 0.000849793863292
317 0.00318517896413
318 0.00449223382616
319 0.00284023513027
320 0.00533196805202
321 0.00247922013481
322 0.000501824231446
323 0.000199073685258
324 0.000538223384643
325 0.00328875528321
326 0.000198373338623
327 0.000948366007811
328 0.00025602162095
329 0.000193909866755
330 0.00054692100973
331 0.000998997956318
332 0.000518297302287
333 0.00222300814848
334 0.00525914197264
335 0.00146692208875
336 0.000347591623153
337 0.000411346954969
338 0.00024177378851
339 0.00035858755662
340 0.000277038515889
341 0.000675624600868
342 0.000718028096655
343 0.000482609085097
344 0.00238019683786
345 0.00387644587016
346 0.031339076255
347 0.00996702393012
348 0.00870343696889
349 0.00349868969971
350 0.000395788650509
351 0.00100781053162
352 0.000665019170614
353 0.001300059512
354 0.000373330663058
355 0.000778509646046
356 0.000552188644002
357 0.000357075726906
358 0.00753564675581
359 0.00808567224989
360 0.00687583765654
361 0.000430433360307
362 0.000582193503871
363 0.41273237087
364 0.00113531638724
365 7.17560364766e-05
366 0.000904718182169
367 0.000211570247934
368 0.0024729461607
369 0.00299175712806
370 0.00216369767903
371 0.000443586764507
372 0.000272577611263
373 0.000595185172516
374 0.00182409345796
375 0.016604262489
376 0.000271519800263
377 0.000575907998473
378 0.00833598745621
379 0.00280689443445
380 0.000590268038355
381 0.00102299763445
382 0.00100426502678
383 0.000596046447754
384 0.000778509646046
385 0.00254952189833
386 0.00931112232129
387 0.000551483945433
388 0.126353334268
389 0.00180073491885
390 0.0209354688675
391 0.015607047594
392 0.0013077163982
393 0.000296372487916
394 0.020479209907
395 0.00019458668951
396 0.00308689017219
397 0.00394415402929
398 0.00124807084426
399 0.000219196824296
400 0.000451111348117
401 0.00849261210613
402 0.00108868969866
403 0.000589795823924
404 0.00046046793759
405 0.000251730599311
406 0.000169763074409
407 0.000311272186859
408 0.000300156225312
409 0.000806058374548
410 0.000373330663058
411 0.000288494913023
412 0.000552188644002
413 0.0012530346934
414 0.000406277005111
415 0.0353561740451
416 0.110896939433
417 0.0020159661376
418 0.00114937562841
419 0.00306423611111
420 0.00111214733376
421 0.00230246476766
422 0.00107948274738
423 0.00188700895327
424 0.00250889186267
425 0.00165084352162
426 0.00373023491522
427 0.00276396149268
428 0.00156501874023
429 0.000715452106532
430 0.0834416577031
431 0.0103272641067
432 0.00348117238973
