1 0.213406674819
2 0.012917636221
3 0.013472046059
4 0.0092059653857
5 0.0158616382116
6 0.00728195416178
7 0.00954834235105
8 0.0123625541021
9 0.0256325389227
10 0.00903108764694
11 0.0225263946234
12 0.0136498136754
13 0.00465340411968
14 0.287966271355
15 0.00815517711982
16 0.00920501817828
17 0.0261281614627
18 0.00994439743606
19 0.0120732234405
20 0.00535899887509
21 0.00458748528098
22 0.0092953904421
23 0.00372792506338
24 0.218078708246
25 0.0549890141551
26 0.00607568532212
27 0.0134473169892
28 0.00936588419574
29 0.0127556190357
30 0.0167261754206
31 0.0176471793014
32 0.00834528125
33 0.0254889071015
34 0.0112551245351
35 0.00811449311872
36 0.0153019889934
37 0.0039447904372
38 0.00442046489603
39 0.289855371325
40 0.0241915854177
41 0.0468395033977
42 0.00560399338374
43 0.00629834259622
44 0.00922517278615
45 0.0062119128438
46 0.031985179189
47 0.00358397675903
48 0.0356115009257
49 0.0604444191509
50 0.0145310505693
51 0.0142508576947
52 0.0103436592653
53 0.00936701518797
54 0.0195794067041
55 0.00797203483257
56 0.00615510800382
57 0.0073937401832
58 0.0124376548458
59 0.00953237315236
60 0.00517468213732
61 0.287022419085
62 0.0108978140098
63 0.0102863171688
