1 0.182712716911
2 0.012776401006
3 0.0544407589627
4 0.0117460906569
5 0.0146770528462
6 0.00958211942936
7 0.00982043299806
8 0.00561229684926
9 0.0208127762379
10 0.0126546173979
11 0.00940708398454
12 0.0328633845504
13 0.00841112961455
14 0.300133143209
15 0.00497730247855
16 0.0143362840999
17 0.0183614168502
18 0.0346792001759
19 0.01098862252
20 0.0282808204928
21 0.00471760644523
22 0.00944102893715
23 0.00664862767442
24 0.295283133889
25 0.0551859534362
26 0.0267341004338
27 0.0132519952599
28 0.0209957178057
29 0.0139324946251
30 0.0112064147978
31 0.0221836110023
32 0.00682132556168
33 0.0210879532069
34 0.0066574569437
35 0.0396371073109
36 0.00652113989812
37 0.00555885240513
38 0.00769210931183
39 0.32108627964
40 0.00507750255093
41 0.0386174809519
42 0.0266782430008
43 0.0120439613376
44 0.0137285236563
45 0.0146587199306
46 0.0204036648549
47 0.0079224128577
48 0.0216737670296
49 0.0390525682796
50 0.012735184281
51 0.00668089008695
52 0.0447153620731
53 0.0072057560155
54 0.0066815977782
55 0.0149453232308
56 0.0306442255144
57 0.00669318695177
58 0.0193579286664
59 0.0194241330726
60 0.00708556994446
61 0.185747296423
62 0.00406231781955
63 0.00755332244275
