1 0.175500325395
2 0.0284068140281
3 0.0300199367162
4 0.013201826477
5 0.0258290816327
6 0.0168504482965
7 0.034794215383
8 0.00919397263435
9 0.0208244817696
10 0.0559287097764
11 0.00747661286871
12 0.0216151938802
13 0.00622098789923
14 0.259208562717
15 0.0522328439518
16 0.0065575977059
17 0.0369076579174
18 0.013341649043
19 0.0283697994616
20 0.0126273660508
21 0.0136021407692
22 0.0120842098953
23 0.0411997499006
24 0.286747355557
25 0.0404079927541
26 0.00675452597255
27 0.0114105904893
28 0.00421710276369
29 0.0183444630518
30 0.00754929678762
31 0.0942761745123
32 0.00917283352737
33 0.0284644643797
34 0.00774562375324
35 0.0656584648217
36 0.0118696258159
37 0.0142260735744
38 0.0133765344201
39 0.207359150529
40 0.0158126324043
41 0.0404517221421
42 0.0758020710993
43 0.0194715695997
44 0.0147342981273
45 0.0139618248057
46 0.0126395906493
47 0.0387106527922
48 0.0232598115223
49 0.0282451694021
50 0.016412091835
51 0.052153776366
52 0.0802454716544
53 0.024036081346
54 0.0230145885609
55 0.0459123805036
56 0.00872451912979
57 0.0117378121352
58 0.00980006519084
59 0.00633787815273
60 0.0110118766917
61 0.298377356307
62 0.00789174462468
63 0.013601840231
