1 0.0776012773229
2 0.0123710276264
3 0.0132584010255
4 0.0151006093136
5 0.0263322434036
6 0.0219946224667
7 0.00573635211142
8 0.00961198251324
9 0.0205788329906
10 0.00792319469975
11 0.0120665063071
12 0.0140472800915
13 0.0048689868193
14 0.21421358648
15 0.0071391722221
16 0.00594000178585
17 0.0199565084083
18 0.0178291196098
19 0.0134730999873
20 0.00698872710224
21 0.00560871125186
22 0.0067178523905
23 0.0051490230557
24 0.265011553642
25 0.0435054137643
26 0.0127129408585
27 0.0153155283704
28 0.00631994350081
29 0.0107797348297
30 0.00538644100371
31 0.0159261817848
32 0.00790139064167
33 0.0183115224769
34 0.0159769871782
35 0.00475793617796
36 0.0175809135179
37 0.00630258508591
38 0.00793181144961
39 0.211258038895
40 0.00405388138684
41 0.0578074484693
42 0.0131359768413
43 0.00359628487147
44 0.0136126203775
45 0.00889391259207
46 0.00891104194759
47 0.00536034808535
48 0.0362832177824
49 0.0494438909872
50 0.0109818621503
51 0.00702239144984
52 0.00427273670573
53 0.00991746940369
54 0.00979167486156
55 0.00414580389798
56 0.0103297428435
57 0.00350951959309
58 0.0131582347974
59 0.00991025848516
60 0.00728976248119
61 0.223222101081
62 0.00552374572591
63 0.00456938802287
