1 0.205598166789
2 0.0158452123821
3 0.0175922335665
4 0.0116075557311
5 0.0156826746356
6 0.00665017971582
7 0.010121359648
8 0.0103101878112
9 0.029656365747
10 0.00708349771021
11 0.0208755675936
12 0.0144879373124
13 0.0141789479848
14 0.257682843316
15 0.0135146658217
16 0.0505383798213
17 0.038749598783
18 0.0253034605051
19 0.0129237188112
20 0.00856223911277
21 0.00762477785816
22 0.0118359876497
23 0.00633340662393
24 0.2376183379
25 0.115042877107
26 0.00461109774575
27 0.0160680634831
28 0.00491327930771
29 0.0144156862733
30 0.0087796386068
31 0.0175524882014
32 0.00647524893744
33 0.0405577688947
34 0.0163365109818
35 0.00580272512172
36 0.019335985601
37 0.00449782347851
38 0.00384510896253
39 0.250349271562
40 0.00615468706746
41 0.0598010934308
42 0.00461109774575
43 0.00665852911526
44 0.0161271542309
45 0.00940882358373
46 0.0073286845695
47 0.0111721162312
48 0.00983423552451
49 0.068820135071
50 0.0149012466717
51 0.00772269227788
52 0.00565355006995
53 0.00903911975191
54 0.0130577516616
55 0.0118740924218
56 0.00491519770815
57 0.00378273771491
58 0.00423544021469
59 0.00576223368394
60 0.00402231124448
61 0.246632424334
62 0.00517045547488
63 0.00319555143001
