1 0.236106503493
2 0.00887033284173
3 0.0168219886526
4 0.0130650418013
5 0.00973034318577
6 0.00565138169247
7 0.0104464225969
8 0.00492203557377
9 0.0209508209268
10 0.0146532472174
11 0.0181076708196
12 0.0145352803558
13 0.00691442647969
14 0.189497310999
15 0.00372319362864
16 0.0213082848689
17 0.0211647203557
18 0.0110641280811
19 0.0127651105927
20 0.00778238986287
21 0.00590406261186
22 0.00327784743823
23 0.00549656045291
24 0.219135853901
25 0.0190001012902
26 0.00852630118834
27 0.0148412416569
28 0.0105118647279
29 0.0117462090553
30 0.00792450464311
31 0.0452806914101
32 0.00682351819441
33 0.0217968164947
34 0.013730709015
35 0.0122062821617
36 0.0128765752473
37 0.0111718858608
38 0.00659545033542
39 0.30329987113
40 0.00652937804419
41 0.0491367529125
42 0.0264058700254
43 0.0102413744297
44 0.01170671543
45 0.00506442867063
46 0.0134059805487
47 0.00749061258379
48 0.0116620595123
49 0.0435968514647
50 0.0143188241631
51 0.00985373105724
52 0.0184100245228
53 0.00950545167868
54 0.0141732990012
55 0.00731388594011
56 0.0104037982633
57 0.00363094765788
58 0.00430967208445
59 0.00689028655209
60 0.00710953209223
61 0.257179843124
62 0.00728651731966
63 0.0190026959792
