1 0.31348845852
2 0.0156860351562
3 0.0140231520767
4 0.0182932309873
5 0.0193792168968
6 0.00732204425064
7 0.00630034035108
8 0.0125130086143
9 0.0253464791669
10 0.00658547214097
11 0.014360002342
12 0.0138464926382
13 0.00377645846816
14 0.292182068411
15 0.00643395153829
16 0.0129482722957
17 0.0250967057557
18 0.0113070430617
19 0.0099274369715
20 0.00427927786384
21 0.00374799149304
22 0.00398589173665
23 0.00701516769989
24 0.226203295146
25 0.057329302681
26 0.00823586152917
27 0.0140231520767
28 0.010448577249
29 0.00805004719069
30 0.00809029132731
31 0.0174667539461
32 0.0180890990803
33 0.0254658537792
34 0.0204425257381
35 0.0118442474093
36 0.0138149705277
37 0.0123548375283
38 0.00465386658175
39 0.283217691411
40 0.0191919974172
41 0.0601155983626
42 0.00736204033278
43 0.00763049404846
44 0.0140298536244
45 0.0120141157996
46 0.00566961803919
47 0.0110529954876
48 0.0457078505236
49 0.0575530083642
50 0.0156631039476
51 0.00504022602951
52 0.0104486039918
53 0.0184456275156
54 0.0174667455693
55 0.00878867765921
56 0.0064440379086
57 0.00489194205552
58 0.00834017490764
59 0.0118442474093
60 0.00611739341751
61 0.282674202072
62 0.00455104303234
63 0.00397043834088
