1 0.257926001269
2 0.0150665538039
3 0.0139966214821
4 0.00936076817015
5 0.0177558607807
6 0.0173229281152
7 0.00973415369312
8 0.0151444781571
9 0.0255166124332
10 0.00796931879729
11 0.0125360927249
12 0.0149302830601
13 0.00505894646481
14 0.299999940798
15 0.010933984172
16 0.0107471589989
17 0.0262338267138
18 0.00935606865767
19 0.00659104647461
20 0.0077538330301
21 0.00503017660435
22 0.0040897991004
23 0.00946857476614
24 0.215738238774
25 0.0480650703094
26 0.0152523442329
27 0.0165328282288
28 0.0108457127642
29 0.00917484477176
30 0.00884217879633
31 0.0198124688858
32 0.0178068501668
33 0.0258432068194
34 0.010792158791
35 0.00690476341105
36 0.0148998943544
37 0.00503017660435
38 0.0046095761707
39 0.287791562042
40 0.0107472949238
41 0.0490327045535
42 0.00955162683394
43 0.00857693109061
44 0.0204142754047
45 0.00837252041011
46 0.0226438899206
47 0.00813776573419
48 0.107441300321
49 0.0431738798793
50 0.0150665538039
51 0.00425240022179
52 0.0117215971588
53 0.0317682959651
54 0.0141269086776
55 0.0106506738434
56 0.0121492790544
57 0.0113741057188
58 0.00758415995922
59 0.00951026108377
60 0.00504157284391
61 0.281923767478
62 0.00380294416723
63 0.00416702360426
