1 0.156858444816
2 0.0120050398952
3 0.0145918585806
4 0.00662797672443
5 0.022745376625
6 0.00523889646955
7 0.0153789373113
8 0.00615771941511
9 0.0329278424933
10 0.0151683092974
11 0.0144633922092
12 0.00990074889854
13 0.00405531388904
14 0.201551812353
15 0.0109536753011
16 0.00902649208177
17 0.0318032158371
18 0.0117862621829
19 0.027717386559
20 0.0147392528203
21 0.0101313340912
22 0.00908019071408
23 0.0125310343802
24 0.176661085232
25 0.0689998637705
26 0.008030845063
27 0.0103277858472
28 0.0077192760206
29 0.0492288637187
30 0.0101721883203
31 0.0124917117868
32 0.00908034802837
33 0.0277300127143
34 0.0129767029014
35 0.0206049621116
36 0.0140694974092
37 0.029087352065
38 0.0111643544003
39 0.297737424252
40 0.00825107428735
41 0.0364770514345
42 0.0420195441154
43 0.0181843175307
44 0.0140957268624
45 0.0110984621421
46 0.0103735305806
47 0.012090451557
48 0.0201304185337
49 0.0421742307052
50 0.0102038053752
51 0.0174630065014
52 0.0203308276776
53 0.0116356391286
54 0.0202776056998
55 0.0275375571283
56 0.0105514692001
57 0.00671429935721
58 0.0127793654911
59 0.033798767896
60 0.011298939763
61 0.300203544459
62 0.00705027139909
63 0.0188099848076
