1 0.210851583361
2 0.0124370426476
3 0.00729038562424
4 0.0103471676002
5 0.00885308524922
6 0.0141485094022
7 0.0122692818192
8 0.00641912904963
9 0.020875213551
10 0.0134572088905
11 0.0161694691434
12 0.012490529
13 0.00633233208932
14 0.300270754144
15 0.0124727032656
16 0.00936499070326
17 0.0201763081907
18 0.0202721847659
19 0.0143992531507
20 0.00753496202947
21 0.00480548799998
22 0.00668049279722
23 0.0105488694004
24 0.282863259263
25 0.0545837308627
26 0.0109029065979
27 0.0145951069408
28 0.0117590751233
29 0.00939665339403
30 0.00480331075362
31 0.180569481575
32 0.00675405598495
33 0.0205584046569
34 0.0114287483692
35 0.00960508742454
36 0.0122294854988
37 0.0163572808475
38 0.014802500022
39 0.2896599617
40 0.00755025858665
41 0.0296963881444
42 0.0532069481458
43 0.0131153571235
44 0.0118799493769
45 0.00775909513736
46 0.0105693366543
47 0.0219663118642
48 0.0105818557037
49 0.0375846033353
50 0.0109307096367
51 0.0189355480509
52 0.0155388935931
53 0.00772832929614
54 0.012391498794
55 0.00656255207417
56 0.0434440891598
57 0.0128508975424
58 0.00698786061922
59 0.00939939330999
60 0.00781976706276
61 0.226594380602
62 0.00457624004641
63 0.0158748168002
