1 0.266790560409
2 0.00942169018675
3 0.0591924590409
4 0.012397660022
5 0.0827779868244
6 0.00774090844143
7 0.0208214406269
8 0.00757475597832
9 0.0182875090234
10 0.0207584830428
11 0.00902480085439
12 0.0191681158904
13 0.00896457267495
14 0.297969712782
15 0.0145989221562
16 0.0239577355015
17 0.0187339547629
18 0.0152869889236
19 0.0151138140798
20 0.0151555188622
21 0.00682157410108
22 0.015742876206
23 0.0132875265303
24 0.296167393921
25 0.027978349043
26 0.0458319338838
27 0.0148687319528
28 0.0231584149995
29 0.0256824380547
30 0.00757476668799
31 0.0170512640326
32 0.00757492733302
33 0.0177544243776
34 0.00611050789316
35 0.0510651380765
36 0.0053371533077
37 0.0124988318424
38 0.00363032435523
39 0.289715709043
40 0.00412890875287
41 0.0474247658403
42 0.0355046785357
43 0.0136715119501
44 0.00891759439683
45 0.00949123552357
46 0.00870189658644
47 0.00587212038827
48 0.0334012357775
49 0.0534099131808
50 0.00983170363459
51 0.0124440205123
52 0.0482174991802
53 0.0060577648799
54 0.048061442037
55 0.0080141716828
56 0.0174000043989
57 0.00283575846783
58 0.0261091044966
59 0.0308863723083
60 0.0159693261714
61 0.182197969288
62 0.00364909405247
63 0.0145989221562
