1 0.0888472655018
2 0.0132659949401
3 0.0132145921087
4 0.0164167037729
5 0.00952037059847
6 0.00614277408411
7 0.00567389980821
8 0.00695854818565
9 0.0187459634944
10 0.00408141532924
11 0.0146221717239
12 0.022557784871
13 0.00797100600925
14 0.229282334952
15 0.00327598533749
16 0.00439996903502
17 0.0187409354162
18 0.0215097344661
19 0.0168803255163
20 0.00919661576049
21 0.00549781774008
22 0.0101509549514
23 0.00482122538665
24 0.274828735848
25 0.0641809893965
26 0.0111913748644
27 0.0116323789579
28 0.00952974825253
29 0.00831948773124
30 0.0158782052297
31 0.0733163923091
32 0.00656671736893
33 0.0206178886665
34 0.0146263935545
35 0.00533788057495
36 0.0127507636892
37 0.00411617590661
38 0.00353228954191
39 0.220711429285
40 0.00799111137629
41 0.0532508968562
42 0.0144636057498
43 0.0221764238994
44 0.0164530689169
45 0.00841977884127
46 0.00751167229254
47 0.012638124963
48 0.0182133002431
49 0.0520286378341
50 0.0132659949401
51 0.00688707261303
52 0.0093654257699
53 0.00697450293087
54 0.0177181064031
55 0.007885491497
56 0.00603568044517
57 0.00389192068325
58 0.00516448724531
59 0.00506827477107
60 0.0101174052953
61 0.24295505013
62 0.00359319390088
63 0.00341915579638
