1 0.105338905649
2 0.0148120507457
3 0.0107665026001
4 0.00960248503118
5 0.0172068055533
6 0.0128549526927
7 0.00770768110764
8 0.0206335361416
9 0.0270390791433
10 0.0102235678039
11 0.0162592768716
12 0.0150803685636
13 0.0065027834707
14 0.301154432044
15 0.0099257484056
16 0.0255080882361
17 0.0257258498718
18 0.0247705231629
19 0.0131529431868
20 0.0130475528177
21 0.00814123017998
22 0.00525945743412
23 0.00215471111538
24 0.226784041379
25 0.0593878526479
26 0.0241275477778
27 0.0107665026001
28 0.00929656897587
29 0.00829645360758
30 0.0078655047589
31 0.0136901112951
32 0.00836766828274
33 0.0285705484714
34 0.0202171754709
35 0.00807750564563
36 0.0134338582331
37 0.00649220876213
38 0.00418515903758
39 0.283911306932
40 0.0193285592919
41 0.0485961497484
42 0.00534933963575
43 0.00675162660083
44 0.0173357121703
45 0.00382316079356
46 0.0140365970818
47 0.00539894965775
48 0.0610686660306
49 0.0432522136741
50 0.0148120507457
51 0.00715257937337
52 0.0102936689822
53 0.00721250016412
54 0.0554882190673
55 0.00686030145894
56 0.00883494599745
57 0.00634633215093
58 0.0161909644565
59 0.00623340221977
60 0.00487585088019
61 0.288135482121
62 0.00419360739277
63 0.00471350586084
