1 0.128986481963
2 0.0270493957587
3 0.00866383977669
4 0.0292802628335
5 0.0591910521712
6 0.00767125885765
7 0.0136860890291
8 0.00961491544088
9 0.0256466090026
10 0.00978559452409
11 0.00907551181614
12 0.00993678118687
13 0.00690944123269
14 0.304515916135
15 0.00779234517312
16 0.0036047056878
17 0.0242522974821
18 0.0067421785386
19 0.00751167862649
20 0.0066138750248
21 0.00729602598909
22 0.0194946484495
23 0.00630600547075
24 0.292222519209
25 0.0552676616499
26 0.00815797589607
27 0.0146548540506
28 0.0318067119991
29 0.015874653265
30 0.0124300058987
31 0.0894705005238
32 0.00663917202901
33 0.0365625240527
34 0.00928976050503
35 0.0373019531293
36 0.0155787163695
37 0.00846601571549
38 0.0093092672746
39 0.307035478184
40 0.00499962267191
41 0.0358222642426
42 0.0111468763048
43 0.0110104071608
44 0.00632756154663
45 0.00772086857715
46 0.00706766301721
47 0.00960762306265
48 0.0140726619866
49 0.0388954244404
50 0.0281661437397
51 0.0078317485494
52 0.0111485210536
53 0.0169783674132
54 0.012335608101
55 0.0105445149443
56 0.00819109544657
57 0.00577934149741
58 0.0175040624712
59 0.00736043628179
60 0.0110958542162
61 0.228204201762
62 0.0172020860288
63 0.00594576445784
