1 0.0958039723765
2 0.0153968393629
3 0.0128723693096
4 0.0201436893687
5 0.00828255848138
6 0.00874633378915
7 0.0108542853832
8 0.015280702617
9 0.0234086936389
10 0.00594437859165
11 0.0217054597411
12 0.0143331194307
13 0.00543638625397
14 0.26706669246
15 0.0102431724707
16 0.00445323751998
17 0.0236794736136
18 0.00866496138702
19 0.0211784329424
20 0.00707200688476
21 0.00436389341613
22 0.00566576334703
23 0.00495109758463
24 0.255007583133
25 0.0528387331999
26 0.00585270559682
27 0.0133722074462
28 0.00865264374343
29 0.00738500252068
30 0.00698391813524
31 0.00765068138101
32 0.0246694825142
33 0.0228315495518
34 0.0181065815609
35 0.00617759257863
36 0.0140152839117
37 0.00495581531597
38 0.0114357039765
39 0.268538845767
40 0.0106416128474
41 0.0502071555724
42 0.00892527374564
43 0.00837140319282
44 0.00941595538693
45 0.00591034733221
46 0.0183476323859
47 0.0107677148575
48 0.134490408918
49 0.0551138134169
50 0.0172897069306
51 0.0311068632026
52 0.00916070298951
53 0.010710774118
54 0.0138125488786
55 0.00561088235866
56 0.0154790807914
57 0.009251992838
58 0.013008511482
59 0.0342561356332
60 0.0144723885525
61 0.303424963325
62 0.0094598709989
63 0.00636646491395
