1 0.23018202461
2 0.0145578557947
3 0.0163169731599
4 0.0119329430863
5 0.0155908158717
6 0.00743023607129
7 0.00632818396635
8 0.00854269962594
9 0.0225107117351
10 0.00923363297605
11 0.0191053023382
12 0.0144799022223
13 0.00386586807895
14 0.270294368526
15 0.00394789019594
16 0.00557689638821
17 0.0225953346091
18 0.0119067626158
19 0.0119383421327
20 0.00528751115458
21 0.00219161020756
22 0.007839368101
23 0.00206348440239
24 0.229478866732
25 0.0660359904718
26 0.00473778393524
27 0.0163169731599
28 0.00902172058811
29 0.00632818396635
30 0.00673050044508
31 0.0155908158717
32 0.00853923618345
33 0.0199436071274
34 0.0175038911269
35 0.00634269721361
36 0.0144799022223
37 0.00452233099786
38 0.00769674522675
39 0.266016020779
40 0.00642413217701
41 0.0649195801752
42 0.00452617098359
43 0.0124474918427
44 0.0133994749418
45 0.00460907161665
46 0.0131111752179
47 0.00452263144023
48 0.070112030481
49 0.064758474092
50 0.0145578557947
51 0.00842023859348
52 0.0106215639992
53 0.00677370292806
54 0.0173458798062
55 0.00675187043517
56 0.0109310956375
57 0.00667363888634
58 0.0108710553206
59 0.00654439153722
60 0.00546580840034
61 0.266108043963
62 0.00661972997239
63 0.00473186513453
