1 0.228019986482
2 0.0142952009084
3 0.011433819668
4 0.0162198937806
5 0.00949823012814
6 0.00923682102908
7 0.0186922468823
8 0.0143588504754
9 0.0204619396933
10 0.00895925963408
11 0.0160222824462
12 0.0166806680854
13 0.0065613018793
14 0.21841117322
15 0.00910870713346
16 0.0200644107089
17 0.0176829500523
18 0.00834688405305
19 0.0123642427131
20 0.0236660648583
21 0.00667088191587
22 0.0216455829667
23 0.0121253861886
24 0.299353699601
25 0.0246309066894
26 0.0141418360441
27 0.0181298423726
28 0.0160042459926
29 0.0164978144821
30 0.0133816424819
31 0.017190095903
32 0.00608516635
33 0.0210344644441
34 0.00897577186345
35 0.063955001811
36 0.00650574806967
37 0.00358994926072
38 0.0121242103659
39 0.234663411943
40 0.00384865097121
41 0.0318313199915
42 0.0133331099378
43 0.00887057759702
44 0.0145647984639
45 0.0349432584375
46 0.00603844505239
47 0.00709567325246
48 0.00617518064273
49 0.0463573197302
50 0.0140312622421
51 0.00748174277036
52 0.0119749820084
53 0.00960547694221
54 0.0240211692388
55 0.00953416315668
56 0.00847830180584
57 0.0249782807499
58 0.0132031671395
59 0.0107015209348
60 0.0164990665105
61 0.293121826202
62 0.00468976624001
63 0.0151448918066
