1 0.0729921336982
2 0.0114907053191
3 0.0279002261627
4 0.0154094257845
5 0.0159844866195
6 0.00670449352856
7 0.00740139558141
8 0.00655405086505
9 0.0208557481662
10 0.0087170667558
11 0.0157843903549
12 0.0151931155401
13 0.00590287817481
14 0.221704010606
15 0.0063673643001
16 0.00438911187287
17 0.0208557481662
18 0.0139668587562
19 0.0195393206034
20 0.00516448724531
21 0.00517917072988
22 0.00354964974418
23 0.00650428812164
24 0.195066540689
25 0.0617142744024
26 0.00899409755878
27 0.0129751915626
28 0.00674927343957
29 0.00967528516826
30 0.0126749935926
31 0.00975211813527
32 0.00581530787233
33 0.0191713305941
34 0.0180757096248
35 0.0118749034339
36 0.0150930594922
37 0.00803069287519
38 0.00389742305071
39 0.229785099139
40 0.00712418472411
41 0.0881363819695
42 0.0153238052355
43 0.00523330899652
44 0.0106406808422
45 0.0100380228124
46 0.0066912967277
47 0.0140397452544
48 0.00985519702078
49 0.0436619285045
50 0.0102508894005
51 0.0148982439747
52 0.0121443566956
53 0.0113591511247
54 0.00847454702974
55 0.0110131969854
56 0.00486496997418
57 0.0042140895871
58 0.00794102332599
59 0.0378107832564
60 0.00645003287307
61 0.212565997392
62 0.00588133948915
63 0.0037176502881
