1 0.0720751874878
2 0.0188823386337
3 0.0271569699349
4 0.0150254778468
5 0.0250856527721
6 0.035204993495
7 0.0113642134457
8 0.0246081482081
9 0.0324697321929
10 0.00736163956092
11 0.0172498900571
12 0.00786096927509
13 0.00644349288556
14 0.301779805676
15 0.00680034353368
16 0.00892719463462
17 0.0279791748185
18 0.0100315525621
19 0.0113849030811
20 0.0262755216957
21 0.0102220547046
22 0.0129853718693
23 0.00526319512492
24 0.289214347726
25 0.0389873828553
26 0.00773359656147
27 0.0112302028885
28 0.00662501970337
29 0.0132853617707
30 0.0123011465683
31 0.0741321544273
32 0.00751576772894
33 0.0312823822369
34 0.0162207188103
35 0.0190728498022
36 0.0121141721913
37 0.00694570723511
38 0.0102047096696
39 0.298014875928
40 0.0116511562161
41 0.0748281207585
42 0.011731916752
43 0.00981335494746
44 0.0111618786413
45 0.0183650522344
46 0.0120413001583
47 0.0092920028307
48 0.0154453190221
49 0.0547137929455
50 0.00649697302093
51 0.00578163437185
52 0.0092059260455
53 0.0116209339063
54 0.0173075094443
55 0.0092407132656
56 0.00619410074973
57 0.00972149991248
58 0.00597576459155
59 0.0334129915463
60 0.0075124022472
61 0.236090493882
62 0.00670711893409
63 0.0167189305231
