1 0.225589237283
2 0.0134216474693
3 0.0120658739581
4 0.0133697320308
5 0.0128274139397
6 0.00766696163926
7 0.00659582063823
8 0.0142563453185
9 0.0226034188075
10 0.0080974623256
11 0.0131237587831
12 0.016036101947
13 0.00669523202047
14 0.279350797928
15 0.00475915820809
16 0.0227926436481
17 0.0230090737027
18 0.0134216474693
19 0.0190776361727
20 0.00419323681617
21 0.0030788875048
22 0.00593068525319
23 0.00883498070735
24 0.227219560035
25 0.0656078793475
26 0.00375492841247
27 0.0121271298547
28 0.00713181945942
29 0.00743238308742
30 0.00754237534152
31 0.0128274053916
32 0.0188638002357
33 0.0228028448091
34 0.0160334303046
35 0.00690190178611
36 0.0140887934451
37 0.00593163374739
38 0.00624933345475
39 0.271200034731
40 0.00456234708939
41 0.0550866470275
42 0.0069157374443
43 0.00504625496631
44 0.0146574889436
45 0.0124112641818
46 0.00612910477518
47 0.0163567074394
48 0.0282504532235
49 0.0555842383549
50 0.0134096833369
51 0.00538964926074
52 0.0112144778891
53 0.00701517303534
54 0.0178238299167
55 0.00684435462549
56 0.0194322846698
57 0.00341624959481
58 0.00967111133668
59 0.00607500237174
60 0.00528271758906
61 0.26886702154
62 0.0031654567402
63 0.0101334630536
