1 0.123148409991
2 0.013579524707
3 0.00733715117471
4 0.017078958563
5 0.0228777740534
6 0.00688307754492
7 0.00977213297194
8 0.00602048221949
9 0.0284134962101
10 0.00914228000568
11 0.02399428088
12 0.0147603985079
13 0.00692467756931
14 0.279542899915
15 0.0152444401471
16 0.00410745344259
17 0.0195075472987
18 0.0132577131987
19 0.0135410165406
20 0.00656024203728
21 0.0154573341756
22 0.0141320943096
23 0.0145905863344
24 0.198208930557
25 0.0259405688953
26 0.00631549115332
27 0.0148408753689
28 0.00597769241201
29 0.0268503843239
30 0.00507289413072
31 0.0154410926658
32 0.0257188216266
33 0.0214445813882
34 0.0203911741603
35 0.00737745900217
36 0.0126665981324
37 0.00294715740991
38 0.00360864633969
39 0.20426795791
40 0.0164843246948
41 0.0501618395274
42 0.0319102716233
43 0.00681325013484
44 0.0131418864138
45 0.00941596688108
46 0.00856267335305
47 0.0107792585245
48 0.0115016876852
49 0.0385117565216
50 0.0153701411962
51 0.0102458560269
52 0.0122427544764
53 0.00846884464231
54 0.0163125878434
55 0.00490594884271
56 0.0579885077767
57 0.00391912311377
58 0.0129011548907
59 0.0162395928806
60 0.0115628916417
61 0.300010369845
62 0.00670169186123
63 0.00427261674786
