1 0.170513799741
2 0.0124159645465
3 0.019887758575
4 0.0082613938013
5 0.0320303814772
6 0.00578410796009
7 0.00679165544049
8 0.0091855808452
9 0.0324519022744
10 0.0167051043906
11 0.00985066205649
12 0.0137700418494
13 0.0127429020744
14 0.300955698956
15 0.00842152855187
16 0.00568312964628
17 0.0302077444112
18 0.010594450954
19 0.0114921981159
20 0.00727478717132
21 0.0216422080409
22 0.00360896925593
23 0.00477461842537
24 0.274888180047
25 0.0262120054374
26 0.0122190605285
27 0.0115074672098
28 0.0238016624454
29 0.0144954487879
30 0.0143757544615
31 0.0129189457807
32 0.00722939936661
33 0.0311911301222
34 0.0114378562609
35 0.039658507591
36 0.0173327078765
37 0.0127433482357
38 0.0108765096505
39 0.304822602467
40 0.00838749888966
41 0.053721948909
42 0.0134664153187
43 0.00677093877551
44 0.0220660188196
45 0.00828220712599
46 0.00828191756772
47 0.0112171441435
48 0.0231913046594
49 0.0289812298307
50 0.0127881205498
51 0.0058375392731
52 0.0134664153187
53 0.0107092199262
54 0.0254374552438
55 0.0112908047924
56 0.0062312786546
57 0.00511754581133
58 0.0212665332549
59 0.0129298030139
60 0.0213928584688
61 0.226845130404
62 0.0062710642818
63 0.00581928728836
