1 0.260944895357
2 0.0135524054692
3 0.068668963159
4 0.00876100322568
5 0.0100787389466
6 0.00721659389763
7 0.00704754498922
8 0.00897734188348
9 0.0280197169973
10 0.00786298290327
11 0.024622756587
12 0.0137672945586
13 0.0257097837709
14 0.285091110462
15 0.00374437808817
16 0.0373945974446
17 0.0260517144737
18 0.0110398051989
19 0.00900169356038
20 0.00569735317918
21 0.00752519812059
22 0.00540021932667
23 0.0025528302939
24 0.222322657279
25 0.0470361828547
26 0.00555544893434
27 0.045976035109
28 0.0103144845876
29 0.00733269689878
30 0.0171829399104
31 0.0113987024221
32 0.0154892412293
33 0.0231592957654
34 0.0106223718041
35 0.0108594827477
36 0.019067230426
37 0.00460533574765
38 0.00466895909066
39 0.283762734372
40 0.00762558073072
41 0.0538946728479
42 0.0069562111733
43 0.0186691214315
44 0.0174280350722
45 0.00966782074392
46 0.010204400524
47 0.00562533093758
48 0.0447910520905
49 0.0663713100656
50 0.0124972211407
51 0.00992780227706
52 0.00505409317179
53 0.00721659389763
54 0.0144236928105
55 0.00649423485414
56 0.0105049200617
57 0.0101008243911
58 0.00659080246684
59 0.0093829495369
60 0.00523612138166
61 0.284088641711
62 0.00555629015602
63 0.00519240503456
