1 0.341704749448
2 0.0151739715052
3 0.0120710464702
4 0.0149307338637
5 0.00960496689822
6 0.00530468331116
7 0.00745336900772
8 0.00550954841058
9 0.0228069421713
10 0.00465103847847
11 0.0151359279685
12 0.0178362360457
13 0.00381622726828
14 0.270482480003
15 0.00317657991963
16 0.00528505138575
17 0.0235027215268
18 0.0214710306461
19 0.0218855211758
20 0.00487126004284
21 0.00378454447184
22 0.00640364981006
23 0.00862397732762
24 0.265039051443
25 0.0627175803403
26 0.00421175925504
27 0.0105739700471
28 0.00483091715976
29 0.0058808786135
30 0.00581328006734
31 0.0116835748766
32 0.00968840950323
33 0.0254106532453
34 0.0143788718006
35 0.00566379292224
36 0.0121301562525
37 0.00346312804723
38 0.00562177336018
39 0.259000189554
40 0.00301745095032
41 0.0558272534158
42 0.0101160293528
43 0.0086071006766
44 0.0140371737468
45 0.00625550004355
46 0.0163032246448
47 0.00718364607871
48 0.0145018706682
49 0.0519005484717
50 0.0137458176574
51 0.0214406566334
52 0.00949708571686
53 0.00736656496704
54 0.0180031549471
55 0.00637792430565
56 0.00600219087702
57 0.0154210498171
58 0.00708028613161
59 0.00562916281207
60 0.00622025427817
61 0.273236341297
62 0.00315990776518
63 0.00469208324169
