1 0.0909218136544
2 0.012770345887
3 0.0166420899147
4 0.0191018274421
5 0.00782398021729
6 0.00902505072099
7 0.00843641039849
8 0.0064111053476
9 0.0227251968635
10 0.00540203741773
11 0.0147563946994
12 0.012481821086
13 0.00361036632972
14 0.244134729439
15 0.00325146122528
16 0.0180656436299
17 0.0247665558303
18 0.024216459362
19 0.0216017467038
20 0.0176731546837
21 0.00605812890368
22 0.00919790988509
23 0.00622111654579
24 0.27423440703
25 0.068119979938
26 0.0158922833037
27 0.0258229227883
28 0.00487887843302
29 0.00802910148165
30 0.0186186839286
31 0.00999165557479
32 0.00642135485383
33 0.0232125411563
34 0.0157109151339
35 0.00489593364149
36 0.014496582458
37 0.00495417967603
38 0.00311209754164
39 0.231050243667
40 0.0135143064233
41 0.0457538992797
42 0.0209937577989
43 0.00582914373822
44 0.0162317022579
45 0.00663965494101
46 0.00746910126829
47 0.00791483404395
48 0.0224073218932
49 0.0474748122538
50 0.012770079135
51 0.00536595342222
52 0.00403596611219
53 0.00742834871272
54 0.0102621774421
55 0.0184082596
56 0.0105258483624
57 0.00420023702601
58 0.00602773958384
59 0.00489593364149
60 0.0161034527248
61 0.24460907952
62 0.00567555329199
63 0.00586980978398
