1 0.0800001179886
2 0.0145702220354
3 0.0377430427526
4 0.0205667578198
5 0.0731770756649
6 0.00855326811183
7 0.0325160277498
8 0.0113275229915
9 0.0193723741596
10 0.00582099811224
11 0.0154990051276
12 0.0175273558848
13 0.00658471803877
14 0.233331989814
15 0.00321336862004
16 0.00716620375336
17 0.0177755375638
18 0.0166219518164
19 0.0154674588599
20 0.00491503972342
21 0.00437510292728
22 0.00331147420629
23 0.00579206281708
24 0.226964657766
25 0.0838821664096
26 0.00777793762797
27 0.0149285894148
28 0.0183776361996
29 0.0108258963814
30 0.00803235892171
31 0.0101118185255
32 0.00905853010407
33 0.0177755375638
34 0.022361946348
35 0.0209166758216
36 0.0157735828459
37 0.00585926975872
38 0.00506765089009
39 0.235482526966
40 0.00532883709869
41 0.0429095436971
42 0.00847646286093
43 0.00885856465019
44 0.0115644185439
45 0.023677648303
46 0.0053081059225
47 0.00797590682921
48 0.0101094500992
49 0.0531559598875
50 0.0102446451766
51 0.00599667905414
52 0.0103330376974
53 0.00696300444484
54 0.0112463847455
55 0.00978805469834
56 0.00874182095225
57 0.00383409617644
58 0.00585331628805
59 0.0371698803948
60 0.00690262012522
61 0.217069968076
62 0.00345044818252
63 0.00789616392164
