1 0.0756115772309
2 0.0113297109674
3 0.0128612061817
4 0.0140532144528
5 0.00815068710468
6 0.00991565413888
7 0.00656897495185
8 0.0190157306122
9 0.0189655830057
10 0.0053389430823
11 0.0128620303678
12 0.0146099373898
13 0.00689830577294
14 0.208573169431
15 0.00316984449259
16 0.00605234646527
17 0.01736940437
18 0.0137672482959
19 0.0143419557754
20 0.0156019872592
21 0.00565451342703
22 0.00617513117628
23 0.00459411299417
24 0.29057084995
25 0.0581095988694
26 0.00915126279964
27 0.0215693086159
28 0.00556226426528
29 0.00584271936833
30 0.00885811099497
31 0.0111621395898
32 0.0130853529368
33 0.0211336117091
34 0.0110164142049
35 0.0157086433286
36 0.0139120249368
37 0.00917790780982
38 0.00525546107995
39 0.188652195452
40 0.0120001898469
41 0.0659243664877
42 0.0134899513492
43 0.00727447901722
44 0.0113101187263
45 0.00974082317252
46 0.0105874339526
47 0.0103801989305
48 0.0141162631115
49 0.0493590103886
50 0.0113297109674
51 0.0154579299878
52 0.00481238110807
53 0.00750596869013
54 0.0130733349353
55 0.0185468611584
56 0.0195643210695
57 0.00571611600112
58 0.00461729879122
59 0.0105572309693
60 0.0048547181261
61 0.202594166277
62 0.00334397089695
63 0.00805621381774
