1 0.242878932775
2 0.015665702278
3 0.00848044914542
4 0.0202096915549
5 0.0825021081341
6 0.0122100046552
7 0.012437454639
8 0.00434130244219
9 0.0189913720985
10 0.0107716333497
11 0.0103717651445
12 0.0131298098352
13 0.00655797596038
14 0.271039556464
15 0.00364778905562
16 0.0109665202089
17 0.0204812452597
18 0.0114887812309
19 0.0117797181355
20 0.00779557317604
21 0.00373114413009
22 0.0102188162337
23 0.00384815907402
24 0.215711888081
25 0.0600513239199
26 0.0105757626503
27 0.00907473296631
28 0.00721144395899
29 0.00699678363392
30 0.0153588236794
31 0.01127974824
32 0.00894661299931
33 0.0213156269749
34 0.0145207476744
35 0.00907154721549
36 0.0165164415965
37 0.0184435858091
38 0.00823302158846
39 0.302362045718
40 0.0056815592845
41 0.0334054344207
42 0.0170102337676
43 0.00706447219332
44 0.0296196102596
45 0.0162310493552
46 0.0140105813955
47 0.0077534208906
48 0.0101752841516
49 0.0408851737558
50 0.0197858760847
51 0.00698474248086
52 0.0156989026975
53 0.0178068383006
54 0.00689834110531
55 0.0104556407644
56 0.00647280199853
57 0.0162875799398
58 0.0293777211367
59 0.0142788838938
60 0.00817903867509
61 0.189336348301
62 0.00321425118535
63 0.00819872421157
