1 0.0901594206361
2 0.0156740321763
3 0.0091150279525
4 0.0062154284061
5 0.0227436494897
6 0.00858211124727
7 0.00614630491175
8 0.0168195089552
9 0.0257258498718
10 0.0115022520969
11 0.00662918624005
12 0.0155641203795
13 0.00990937926455
14 0.305360227389
15 0.0087125318647
16 0.0530941537233
17 0.0258196712742
18 0.00760125929843
19 0.00872917596771
20 0.0299361337459
21 0.00537295766794
22 0.0076141263253
23 0.00366613921782
24 0.30048304847
25 0.0520543126038
26 0.0300957315892
27 0.0091150279525
28 0.0128343212273
29 0.00784153199464
30 0.00856890673148
31 0.0383954231267
32 0.0146814419255
33 0.0296831470939
34 0.0203633679199
35 0.00673862390838
36 0.0139059540988
37 0.00847650923214
38 0.00523032948486
39 0.278974424747
40 0.00887626101098
41 0.0437572641972
42 0.00416487902947
43 0.0104472602355
44 0.016263029791
45 0.00698782666539
46 0.0065192835936
47 0.0136439328569
48 0.0286309976269
49 0.0456340150675
50 0.0139115073938
51 0.016696111311
52 0.0136654128524
53 0.0222062941576
54 0.0927412625305
55 0.0186365006586
56 0.0298042833964
57 0.0109504582854
58 0.016993722319
59 0.00781592208141
60 0.00537829845849
61 0.29161848388
62 0.00774802823017
63 0.00698400708731
