1 0.0596985345613
2 0.00817219361135
3 0.00899588977796
4 0.00772772686503
5 0.0547349673753
6 0.00803889098522
7 0.0162697016265
8 0.00790397876674
9 0.0206248164708
10 0.00364999671842
11 0.0129793992991
12 0.0148874526304
13 0.00682153939595
14 0.188362603427
15 0.0112267855683
16 0.00398081088782
17 0.0199981778897
18 0.0126144813846
19 0.0143165948041
20 0.00568705548572
21 0.00898938668087
22 0.00528152537214
23 0.014891233341
24 0.2386011016
25 0.0531359346503
26 0.0142502332856
27 0.0075473373139
28 0.0157773277346
29 0.00886371164906
30 0.00970549671293
31 0.0144869585167
32 0.00604035488109
33 0.0206248164708
34 0.0130476149112
35 0.0254635775801
36 0.0241532441504
37 0.022767127997
38 0.0045318815882
39 0.305956249755
40 0.00416737078597
41 0.0505343776619
42 0.0309722766937
43 0.0237642500089
44 0.00873235698437
45 0.00935032658206
46 0.00513419193085
47 0.0151353478475
48 0.0259495861443
49 0.0334792758436
50 0.014334857829
51 0.0165881163437
52 0.0214087722789
53 0.00938704708654
54 0.0117913754563
55 0.00860812116975
56 0.008828585076
57 0.00474990329533
58 0.00530104522192
59 0.00782686118209
60 0.00604779859862
61 0.257270377296
62 0.00787057186775
63 0.00596200469829
