1 0.125178679577
2 0.0328837525571
3 0.0173303573839
4 0.0133014579946
5 0.0115297830375
6 0.0294165998786
7 0.00742884527415
8 0.00642484603753
9 0.0234705212575
10 0.00925363304675
11 0.0127125915914
12 0.0138334257358
13 0.0055326571282
14 0.222044505148
15 0.00453911387209
16 0.00344854756792
17 0.0195003839655
18 0.0165300786555
19 0.014563512809
20 0.00994238588545
21 0.00345391452182
22 0.00407821493941
23 0.00578707868191
24 0.282199036327
25 0.0459557788783
26 0.0138134492768
27 0.0134195576141
28 0.00790801325329
29 0.0116330822601
30 0.00641803804007
31 0.0186560752931
32 0.0107011098111
33 0.02567815279
34 0.016399462688
35 0.00473955108249
36 0.0160616961773
37 0.00931718081051
38 0.0137502958926
39 0.255608912973
40 0.00832339294595
41 0.045266008245
42 0.0146976383915
43 0.00798126925166
44 0.0124547304444
45 0.00840837945069
46 0.00780811977772
47 0.00888566228149
48 0.0229047552992
49 0.0349520407305
50 0.00836831419013
51 0.00676838421426
52 0.00766426657841
53 0.00817175322322
54 0.0595341165864
55 0.00401185821521
56 0.0182441116037
57 0.00737063606192
58 0.00598938846577
59 0.040141797605
60 0.010941123549
61 0.205333334249
62 0.0112269168353
63 0.0188571732264
