1 0.374115023281
2 0.0275125976461
3 0.015226419325
4 0.014523176982
5 0.0123188560879
6 0.00602480301918
7 0.00975867330593
8 0.00942271833253
9 0.0259495861443
10 0.00722682887776
11 0.0120040677005
12 0.0153012404164
13 0.00596500822922
14 0.283530591778
15 0.0037414038366
16 0.00478957223522
17 0.0286311419969
18 0.017042994527
19 0.0207526396014
20 0.00471793440853
21 0.00322756556143
22 0.0143147064277
23 0.00414711298491
24 0.251735422873
25 0.0660261261429
26 0.00348065572104
27 0.0105524287696
28 0.00554763964228
29 0.00696954792429
30 0.0084717329855
31 0.0100970239349
32 0.00939196468536
33 0.02552123438
34 0.0135055678647
35 0.00886191793441
36 0.013157907715
37 0.006788919376
38 0.00308631180155
39 0.271669535837
40 0.00750801797475
41 0.0539107072495
42 0.00724098291607
43 0.00599184374967
44 0.0167404056735
45 0.00479289940828
46 0.0119720256001
47 0.0110482385376
48 0.0133591029613
49 0.0529597690255
50 0.0129117012694
51 0.0052776411417
52 0.00942390170193
53 0.00688658118517
54 0.0153852589816
55 0.00620468639053
56 0.0369644352822
57 0.0138230900414
58 0.0102948342821
59 0.00614671734916
60 0.00481624743157
61 0.275206343903
62 0.00380294416723
63 0.00276949517367
