1 0.266977700147
2 0.013151341885
3 0.011280449827
4 0.0146371328346
5 0.0100543965134
6 0.00680783318796
7 0.0105452546023
8 0.00545693355203
9 0.020584221371
10 0.00501770505267
11 0.0168306228374
12 0.0141573618259
13 0.00545164186785
14 0.241669790627
15 0.00554729887302
16 0.00862545336525
17 0.0207364147262
18 0.0142316031318
19 0.0153253914246
20 0.00862358341301
21 0.00699584120983
22 0.00563112873174
23 0.00839264524471
24 0.264426502675
25 0.0470892970494
26 0.0067155324056
27 0.0126479207539
28 0.00396075564527
29 0.00678378509291
30 0.00656844706543
31 0.0117482924949
32 0.00961688863902
33 0.0204665974896
34 0.015870251932
35 0.0126481822711
36 0.0137988920493
37 0.00562074307696
38 0.00696825216086
39 0.243808488918
40 0.00748141013523
41 0.0466013199535
42 0.00786391933508
43 0.00616097736009
44 0.0146773377886
45 0.00817770865814
46 0.0066841295453
47 0.00573025169304
48 0.0252731441117
49 0.0464898686636
50 0.0131850209123
51 0.00544903568069
52 0.00642179951425
53 0.00850553776162
54 0.0134214116163
55 0.0058526106714
56 0.00771803084043
57 0.00413095201292
58 0.00501770505267
59 0.00614164380726
60 0.00753716548429
61 0.26301147775
62 0.00682092615317
63 0.00648014830362
