1 0.279537098451
2 0.0161864877755
3 0.0132252357967
4 0.0106752403707
5 0.0229525028354
6 0.012187035878
7 0.00857014189326
8 0.0139728928482
9 0.0255489924503
10 0.0143887778952
11 0.0146808028769
12 0.0147544260483
13 0.00458679390136
14 0.299070994977
15 0.00568348703384
16 0.0144924760952
17 0.025768006112
18 0.00942306434856
19 0.0109812763708
20 0.0067522390269
21 0.00395623602008
22 0.00437284314751
23 0.0150596147691
24 0.216204578919
25 0.0538297916264
26 0.0163902917715
27 0.0132252357967
28 0.00872575643035
29 0.00761320422709
30 0.00797045456897
31 0.0150592746809
32 0.0119296461864
33 0.0281725376412
34 0.021701588981
35 0.0102964770619
36 0.0131220067177
37 0.0183515163329
38 0.00511442146235
39 0.284503844545
40 0.00593272653471
41 0.0559882948211
42 0.00780446864612
43 0.00700476218367
44 0.018598618853
45 0.0205577143371
46 0.0130104849153
47 0.00808801275055
48 0.0751765722831
49 0.0515798534049
50 0.0153227714693
51 0.0049702001262
52 0.00736061256384
53 0.0147725478526
54 0.0645777887665
55 0.00710883725852
56 0.00756198068027
57 0.0054606920922
58 0.0117248482544
59 0.0103010889273
60 0.00487425155578
61 0.288836209503
62 0.0051219209582
63 0.00523008075966
