1 0.0726307770162
2 0.0137360329487
3 0.0233514266414
4 0.0140849632989
5 0.0141470297112
6 0.00716682478597
7 0.0164493878092
8 0.0153573706166
9 0.0213858210887
10 0.00818750734303
11 0.0110241611034
12 0.0120362500158
13 0.00639351140908
14 0.205689389121
15 0.0123735293645
16 0.00392535599304
17 0.0221648842449
18 0.0116465843633
19 0.0153208747557
20 0.00641131672012
21 0.0154590425941
22 0.00489473582672
23 0.0160098091311
24 0.248847320753
25 0.0407646329609
26 0.0169625884039
27 0.0158411188193
28 0.015937063299
29 0.0250981343079
30 0.00814040379677
31 0.00759367188776
32 0.013798108477
33 0.0216786096168
34 0.0172156789418
35 0.01406669962
36 0.0149712059793
37 0.014119917655
38 0.0105182412471
39 0.301750437237
40 0.0115914506519
41 0.0407169457794
42 0.0331012351988
43 0.0174700773424
44 0.0126217755165
45 0.0104837304777
46 0.00943701529117
47 0.011385432249
48 0.00803296798898
49 0.0582123431644
50 0.0144113162909
51 0.0050991025041
52 0.0173641868643
53 0.00647074368812
54 0.0177157357799
55 0.00928714505291
56 0.0199981837392
57 0.00395347067078
58 0.0115792217708
59 0.0511759060513
60 0.00581062702771
61 0.216624022098
62 0.00662886679917
63 0.00548655696493
