1 0.101258687816
2 0.0200927019976
3 0.0327119448683
4 0.00709410051732
5 0.210626989917
6 0.0248630237487
7 0.00699462338397
8 0.00958538919469
9 0.0279836263605
10 0.00748353861611
11 0.0135011208218
12 0.0129280487495
13 0.00485598783822
14 0.297335629602
15 0.0171446339021
16 0.0107969804351
17 0.0273933867946
18 0.0147018878677
19 0.0163811524369
20 0.00997466132942
21 0.00654946390988
22 0.00861712590289
23 0.00660657158079
24 0.296801282762
25 0.0350247839263
26 0.0275291055652
27 0.0142440600683
28 0.00883971124474
29 0.0162250503948
30 0.00678818901061
31 0.0214023754746
32 0.0101220672773
33 0.0282802572007
34 0.0100642393114
35 0.00989537857063
36 0.0293020558545
37 0.00699095801414
38 0.00583778065276
39 0.296963775948
40 0.00639149686195
41 0.0393397568672
42 0.0161955761201
43 0.00840131828497
44 0.0106635204082
45 0.00847925429537
46 0.0100786262467
47 0.00749661287484
48 0.0182536362091
49 0.0489124786107
50 0.00538516048835
51 0.0175141643536
52 0.0122695306591
53 0.00914237988194
54 0.0085691219826
55 0.00891466872119
56 0.00696681751066
57 0.0109343466874
58 0.00553870379123
59 0.0554115840361
60 0.00896235096647
61 0.334680027695
62 0.00960398415312
63 0.00673564781634
