1 0.0823087444411
2 0.0117926443214
3 0.00807163741896
4 0.0151425452456
5 0.0119027040159
6 0.0199365467494
7 0.0131337136714
8 0.00652893900011
9 0.0194111742194
10 0.0155277471017
11 0.0148788391517
12 0.0131589635651
13 0.00659989656656
14 0.297814254557
15 0.00871695762408
16 0.00940943247692
17 0.0191895849298
18 0.0184929229036
19 0.0131994714932
20 0.00710258632788
21 0.0081676474048
22 0.00778467738079
23 0.00666912563389
24 0.28076991116
25 0.0306906776745
26 0.0150713718259
27 0.0156462407675
28 0.0101249821023
29 0.0127537427121
30 0.0105235079949
31 0.119111487121
32 0.00516736654835
33 0.0190950366009
34 0.0227990520075
35 0.0156528580818
36 0.014485722833
37 0.0162697098523
38 0.0100752616151
39 0.263426564655
40 0.00924656223942
41 0.036767306091
42 0.0520218687905
43 0.0101199106492
44 0.0102024207701
45 0.0118792101467
46 0.0164318943706
47 0.0163378053503
48 0.0643228746946
49 0.036924639621
50 0.00836279313593
51 0.0171504157214
52 0.018727523268
53 0.0135214654678
54 0.0105808304152
55 0.00665933375341
56 0.051488261552
57 0.00851560820621
58 0.00691680750672
59 0.0244982160979
60 0.0121821279422
61 0.213199587247
62 0.0049063488584
63 0.00880295583925
