1 0.0884856391784
2 0.0234774913763
3 0.0369271454192
4 0.0111428673277
5 0.254407530469
6 0.0190468597897
7 0.0123821205482
8 0.00884538444819
9 0.0280420999904
10 0.00827292849681
11 0.0104683334467
12 0.0115158806937
13 0.00705977963136
14 0.295695517948
15 0.00840815293595
16 0.00825405622484
17 0.0262720618798
18 0.016256787977
19 0.00852652301943
20 0.010511268645
21 0.0108981728201
22 0.0176544435235
23 0.00840946616053
24 0.302313381176
25 0.0273840938908
26 0.0374807207034
27 0.00889454526871
28 0.00575636052343
29 0.0124117216345
30 0.00681803146817
31 0.00817400989502
32 0.00708916547749
33 0.0303184211021
34 0.00426170621033
35 0.0113049956865
36 0.014723957875
37 0.0101410966553
38 0.0110508566478
39 0.29529042944
40 0.0104241828908
41 0.038644668615
42 0.0428804096876
43 0.00720738586681
44 0.0123827194364
45 0.00731031227618
46 0.0136405823647
47 0.00808085367782
48 0.024046567343
49 0.0454178984144
50 0.00611228329326
51 0.0210487270833
52 0.0446557173857
53 0.0107353398732
54 0.00794770508313
55 0.00845928330835
56 0.00884825793168
57 0.0134522017563
58 0.00572553271529
59 0.0666689484712
60 0.0136134085564
61 0.378571154618
62 0.0147554137134
63 0.00604565732811
