1 0.114339278431
2 0.0128019177167
3 0.0114066689244
4 0.0161672531887
5 0.0331644148695
6 0.010245108901
7 0.00859677259381
8 0.0120568070365
9 0.0294742264397
10 0.0127588111581
11 0.0117022583052
12 0.0123530867523
13 0.00486914462832
14 0.286498718329
15 0.00890311380806
16 0.00584504430349
17 0.0285601041109
18 0.00987823014867
19 0.0103198106468
20 0.00869188270917
21 0.00647227467197
22 0.00294132510829
23 0.011842078404
24 0.291642344944
25 0.0514058683323
26 0.00645384577788
27 0.0163853243668
28 0.00624861716448
29 0.00817081526194
30 0.012738166251
31 0.0165044201153
32 0.00934382405276
33 0.0306242090804
34 0.00953395169923
35 0.00897569643327
36 0.0408974786396
37 0.0371311076492
38 0.00449684412002
39 0.244612311025
40 0.00263813343006
41 0.0462050595697
42 0.0052851121799
43 0.00568768452406
44 0.0155709059852
45 0.0123624708436
46 0.00512595819041
47 0.00809399766218
48 0.0199165234427
49 0.0476749166148
50 0.0126713992822
51 0.00784735349716
52 0.00451452233276
53 0.0121352786984
54 0.00917485063343
55 0.0138835296994
56 0.00749895212593
57 0.00590168147139
58 0.00820575336479
59 0.0071457082334
60 0.0190704897823
61 0.296690802911
62 0.00787209314453
63 0.0105092988199
