1 0.110607343283
2 0.0138068084189
3 0.0150189628107
4 0.0103151891969
5 0.01866312702
6 0.00706738286069
7 0.00709343770025
8 0.00869403919983
9 0.0258149680234
10 0.0101797182316
11 0.0186824267519
12 0.0151775183773
13 0.0127410937293
14 0.290764653828
15 0.00767073673509
16 0.0161610220855
17 0.0260469476809
18 0.0142233608073
19 0.0225988985577
20 0.00695579463846
21 0.00259888930183
22 0.00589169308184
23 0.00734101088774
24 0.237781000269
25 0.0549890141551
26 0.00466256100031
27 0.0167543333016
28 0.00970933558624
29 0.00755192658503
30 0.0084337052817
31 0.01866312702
32 0.00727117067507
33 0.0255304820416
34 0.0102222746379
35 0.0086068989327
36 0.0135387823109
37 0.0038084812068
38 0.00386550434759
39 0.281075871066
40 0.00832127260382
41 0.0517404815734
42 0.00578607241381
43 0.00623921364745
44 0.0117058126816
45 0.0147116725
46 0.0294304103109
47 0.00905271813825
48 0.0524638803649
49 0.0597372849954
50 0.0138068084189
51 0.00546983731665
52 0.00970931073142
53 0.0184451741141
54 0.0322064808659
55 0.00641452303476
56 0.0138731120818
57 0.00931388624766
58 0.00753487526527
59 0.00622615982222
60 0.00582283749605
61 0.282734794746
62 0.00385474751088
63 0.00376123082855
