1 0.123444631658
2 0.0150773228397
3 0.0166284944882
4 0.014954419418
5 0.0119597811915
6 0.00623534129704
7 0.0116159663038
8 0.0112606384605
9 0.0188001105102
10 0.00694135378093
11 0.0110857548202
12 0.0179945243644
13 0.00427791511475
14 0.247876456288
15 0.00573111586593
16 0.0113576620439
17 0.0193544008675
18 0.0124737445597
19 0.011238038554
20 0.00985238667691
21 0.00362174897862
22 0.0236713325739
23 0.00586280958123
24 0.280725547666
25 0.0545047214478
26 0.00978031890449
27 0.0176232007269
28 0.00478832489801
29 0.00757211283359
30 0.00698374430574
31 0.0133224467456
32 0.012792395193
33 0.0290761011886
34 0.0141021102948
35 0.0132415772971
36 0.0301684366095
37 0.0106756030892
38 0.00463315669269
39 0.221851627285
40 0.00357746471139
41 0.0416361855991
42 0.00362175435975
43 0.00676862186229
44 0.0135200300771
45 0.00681029999534
46 0.0095381031375
47 0.0078605460285
48 0.0105743984143
49 0.0621757463316
50 0.0173147506925
51 0.00680753455579
52 0.00446471067408
53 0.00857067529342
54 0.0105745698513
55 0.00451209653495
56 0.00814514424149
57 0.0051651441707
58 0.00428319475939
59 0.00610722928671
60 0.00489623896649
61 0.235933205979
62 0.0160661170497
63 0.0101092319201
