1 0.0637328506793
2 0.0094337422298
3 0.0125112663019
4 0.0110666469052
5 0.035026594016
6 0.00991962975713
7 0.00846531516368
8 0.0107882664161
9 0.0228527265676
10 0.00496248291651
11 0.00895778425346
12 0.0229152091425
13 0.00809753534729
14 0.196515684379
15 0.00594311955511
16 0.00639616794155
17 0.0192754444426
18 0.0130341733194
19 0.00895778425346
20 0.012405719993
21 0.00852420670235
22 0.00442246774318
23 0.00363973660321
24 0.201052191408
25 0.0268683222115
26 0.00839064904901
27 0.0172841005049
28 0.0195397839566
29 0.0105994394125
30 0.00733237778877
31 0.0131153653558
32 0.0100202567793
33 0.0267397448244
34 0.0144608789389
35 0.0463858120895
36 0.0144414655186
37 0.00530340369191
38 0.00833068031156
39 0.207446249754
40 0.00434752435653
41 0.0493832574374
42 0.0108447837056
43 0.00895778425346
44 0.0132260450002
45 0.00674716275582
46 0.0131210752373
47 0.00535776167885
48 0.0107578638641
49 0.0290938148789
50 0.0152611114624
51 0.00733370775558
52 0.00892280491029
53 0.00605286699349
54 0.0391338266022
55 0.00810514507596
56 0.0107246467884
57 0.00552607998081
58 0.00893943437786
59 0.0158481012394
60 0.0242585584426
61 0.274911940408
62 0.00585039379874
63 0.00554343978765
