1 0.0608499660658
2 0.006111804609
3 0.018702175979
4 0.0100590357967
5 0.0166695096709
6 0.0147112303837
7 0.036579470943
8 0.00953364440487
9 0.0398627354604
10 0.0169210449662
11 0.0108808981722
12 0.00709752727291
13 0.00809028874101
14 0.20304173241
15 0.0164319070874
16 0.00745730559924
17 0.037383431013
18 0.016000886259
19 0.0133535602572
20 0.0505680573394
21 0.00787482746833
22 0.0119274034501
23 0.012101470726
24 0.232793612406
25 0.0342003590329
26 0.0111625182844
27 0.0140857525466
28 0.0123938729853
29 0.0227597792527
30 0.0245526231023
31 0.0150639479311
32 0.01459393721
33 0.0425688499394
34 0.0120994875062
35 0.0860079456197
36 0.022099936077
37 0.0161253882521
38 0.0163750740039
39 0.19416677793
40 0.0130715705848
41 0.0287252494128
42 0.0622405638876
43 0.0194629347211
44 0.0133209813731
45 0.0089367403602
46 0.0152548797254
47 0.0282087182085
48 0.0105870592696
49 0.0171040429197
50 0.0154840625583
51 0.0108450037834
52 0.0694855844177
53 0.0103110041155
54 0.0219312210904
55 0.0319958154126
56 0.00898166799824
57 0.0131170541319
58 0.0136117485435
59 0.00672613428585
60 0.0187705469993
61 0.24873354666
62 0.0137366827602
63 0.0304378103672
