1 0.0988610666151
2 0.01429029624
3 0.0126660083359
4 0.0174928752413
5 0.0131066214936
6 0.00832067702479
7 0.0183698570347
8 0.00652650743276
9 0.024132406533
10 0.00636265672022
11 0.0113683011206
12 0.0155723907622
13 0.00585923636208
14 0.263135658191
15 0.00893962954601
16 0.0212219015504
17 0.0236318571164
18 0.00590758015853
19 0.011405353738
20 0.0319394175054
21 0.00637318466003
22 0.00322718908365
23 0.0171121629077
24 0.30192451206
25 0.0458822467054
26 0.0116181831168
27 0.0276090228805
28 0.00547182305643
29 0.0247757771166
30 0.0238781164465
31 0.139264415593
32 0.00490706917937
33 0.0256651399228
34 0.00744368879802
35 0.0203594870206
36 0.00767729810004
37 0.005012881848
38 0.00439055136862
39 0.214676479071
40 0.00456042870513
41 0.113559616489
42 0.00831242712891
43 0.00440046870878
44 0.0174722604307
45 0.0158785738915
46 0.00694322883494
47 0.00586914291287
48 0.00868625367508
49 0.0462476072145
50 0.0141894519167
51 0.00918170013175
52 0.00907282885539
53 0.011114659348
54 0.00827482993974
55 0.0142606720736
56 0.00904801877664
57 0.00809983419044
58 0.0131545448712
59 0.00692647527681
60 0.0105330918685
61 0.294670710667
62 0.00601080721059
63 0.0214434839052
