1 0.0828267614923
2 0.0204531149768
3 0.0333694553222
4 0.0086961774894
5 0.0633413982393
6 0.0137638762635
7 0.0123511847384
8 0.00982762867662
9 0.0204619396933
10 0.00515855518348
11 0.00919389833117
12 0.0117188118642
13 0.00728971555387
14 0.236347805806
15 0.0097941863413
16 0.00593417093353
17 0.0209556416676
18 0.0213955814326
19 0.0124848383872
20 0.00807042166821
21 0.00647944712793
22 0.00392518947387
23 0.0127920813785
24 0.280780786395
25 0.0268069250802
26 0.0274138840503
27 0.0126978715473
28 0.00541794966889
29 0.0125667144657
30 0.0083274829311
31 0.0198446012252
32 0.0112916821831
33 0.0219934002544
34 0.0172345405305
35 0.0126540722358
36 0.0168149540279
37 0.00794397829949
38 0.00693887475178
39 0.297802392269
40 0.00952845227694
41 0.0386485741015
42 0.0440083357263
43 0.00724033683586
44 0.0162281594075
45 0.00922323364494
46 0.0114639985395
47 0.0117487407697
48 0.0060430241484
49 0.0445259825323
50 0.0102568094136
51 0.00786967562812
52 0.0175868713009
53 0.018473979856
54 0.0113613203469
55 0.0115099439475
56 0.0150190348696
57 0.00705250051543
58 0.0048027944821
59 0.102708927526
60 0.0106544382936
61 0.275173540667
62 0.0151844080393
63 0.00394538638255
