1 0.0723998700678
2 0.0101739693098
3 0.00721369634418
4 0.0110842004851
5 0.0135333429832
6 0.017961834691
7 0.0231583707674
8 0.00880444129093
9 0.0189982567721
10 0.00884820702918
11 0.0109948122911
12 0.016512649958
13 0.0132926632704
14 0.20226693532
15 0.0118682600698
16 0.00501421754219
17 0.0171295971762
18 0.0172724848771
19 0.0146832325217
20 0.00461673057066
21 0.00778960880652
22 0.00788012264241
23 0.0118682407636
24 0.187763274855
25 0.0562814314308
26 0.00590139535694
27 0.0133818053416
28 0.0517900244185
29 0.0379516382346
30 0.00661404149636
31 0.0583813174453
32 0.0058423803577
33 0.0189193084125
34 0.0139102521973
35 0.0288866509464
36 0.00914376417234
37 0.00877187098908
38 0.00703538129855
39 0.30253103603
40 0.00853449231161
41 0.0183167099499
42 0.0135891485134
43 0.0143807698111
44 0.0160354832778
45 0.0062484259491
46 0.00602676533488
47 0.0158154743263
48 0.00927663858736
49 0.0474653149171
50 0.0114444308362
51 0.00882306095084
52 0.0202819619218
53 0.00787685661548
54 0.013494932786
55 0.0130807695507
56 0.0123856590055
57 0.00504642060894
58 0.0182648316035
59 0.00592281347818
60 0.0244999034635
61 0.243479511055
62 0.0234100031348
63 0.0144160105889
