1 0.0751706229174
2 0.0134307341283
3 0.111343164123
4 0.0152167511554
5 0.0573609316177
6 0.0128082467743
7 0.01151502817
8 0.0115026574426
9 0.0188549788372
10 0.00759826828493
11 0.0118444592018
12 0.00951052239742
13 0.00557837507645
14 0.239365771072
15 0.0100696230926
16 0.00418449895881
17 0.0188549788372
18 0.0103108395494
19 0.0106010895152
20 0.0112328739584
21 0.00832374637868
22 0.0129660845377
23 0.012362853325
24 0.211482506535
25 0.0440653581264
26 0.00609956074621
27 0.0158082177538
28 0.00720135184854
29 0.00506755018801
30 0.0142425711235
31 0.0136792771276
32 0.00601580416554
33 0.0188549788372
34 0.00904900754708
35 0.0335725902667
36 0.0125132001061
37 0.0122432963226
38 0.00984873261527
39 0.206741505805
40 0.0157386881431
41 0.0364094102484
42 0.00779484020118
43 0.00435203251327
44 0.0167888758297
45 0.00470505930303
46 0.00563653470251
47 0.00566692681857
48 0.0106589627731
49 0.0500432266557
50 0.0145362681777
51 0.00564512357354
52 0.0122026090685
53 0.0113688366776
54 0.0087525555301
55 0.00869037520158
56 0.00661687365726
57 0.00843555611272
58 0.0184031412944
59 0.00704784269371
60 0.0189956524581
61 0.281629620322
62 0.0106025484896
63 0.0124626888371
