1 0.25602366311
2 0.0392103742063
3 0.0116249191966
4 0.0165218358241
5 0.0373458801207
6 0.00737378707769
7 0.00715078398229
8 0.00737423713021
9 0.0197476119776
10 0.00460880554953
11 0.0153071962947
12 0.010966281338
13 0.00504437815519
14 0.21833971406
15 0.00305377509164
16 0.00634585478506
17 0.0170461560334
18 0.0198818611792
19 0.0168694961707
20 0.0215609334243
21 0.0112825649951
22 0.00739436259198
23 0.00587086150049
24 0.279403706178
25 0.0672899820278
26 0.025193388635
27 0.0141385357624
28 0.00602683337675
29 0.00845048674394
30 0.0083400498398
31 0.0288190812572
32 0.00813127927761
33 0.0191966927938
34 0.0169191283598
35 0.00475773646234
36 0.0140262443453
37 0.00373362500711
38 0.00305197278044
39 0.222079425974
40 0.00768120307899
41 0.0538674206895
42 0.0144916012986
43 0.0141261054963
44 0.0166064978362
45 0.0123929783783
46 0.00789436221612
47 0.0105741336788
48 0.0211805072917
49 0.0539635506932
50 0.0124270937451
51 0.00647201989846
52 0.00516506801835
53 0.00619400392656
54 0.01011387201
55 0.00615132376691
56 0.00706060831181
57 0.00388035505709
58 0.00707426479896
59 0.00498361447565
60 0.00801667978087
61 0.227742691018
62 0.00502229185406
63 0.00373362500711
