1 0.349506750172
2 0.0121050817984
3 0.0130632199861
4 0.0160464888036
5 0.00962653440786
6 0.0074366454961
7 0.00758193481493
8 0.0062441721299
9 0.0205989956187
10 0.00391643611512
11 0.0148459824663
12 0.0119822658583
13 0.00506679667894
14 0.251593063925
15 0.00589884304038
16 0.0040081070441
17 0.0204081632653
18 0.0334740577941
19 0.0147927662716
20 0.00986530814548
21 0.0046627390928
22 0.00476370808678
23 0.00777166130346
24 0.280988429332
25 0.0622116497501
26 0.0106153704392
27 0.014252244673
28 0.00486258005528
29 0.0116719403508
30 0.00741513991472
31 0.0159947789677
32 0.0163214271403
33 0.0211032731869
34 0.0158966769166
35 0.00565527739476
36 0.0168133765861
37 0.00343660012825
38 0.00373792145112
39 0.237392769164
40 0.00829963326685
41 0.0625663626006
42 0.0060268879356
43 0.00815020018424
44 0.0144291681979
45 0.0070896282308
46 0.00820380819384
47 0.0120364346765
48 0.0151680978216
49 0.0573282470134
50 0.0121050817984
51 0.00691798967265
52 0.00420469911559
53 0.00596754934874
54 0.0098101833589
55 0.0059505076233
56 0.00788108567885
57 0.00561308568601
58 0.0039326086959
59 0.00441616038926
60 0.00553342054171
61 0.244073618073
62 0.0066670491239
63 0.00438712795312
