1 0.106116029397
2 0.0151144221862
3 0.0160021137621
4 0.0112978293338
5 0.0208849225097
6 0.0065558716775
7 0.0117522074123
8 0.00842435929656
9 0.0257024744245
10 0.00993857832162
11 0.012852909568
12 0.0142806533012
13 0.00388921816873
14 0.291680443511
15 0.0186513003767
16 0.00896982297468
17 0.0248295822555
18 0.0127500367681
19 0.0267268882855
20 0.010097109211
21 0.00332664470538
22 0.00493889363639
23 0.00884946373787
24 0.247284948167
25 0.0498183150689
26 0.00604877711676
27 0.0160021137621
28 0.0100975227717
29 0.0146970399846
30 0.00857647369554
31 0.0168232364114
32 0.0111784802034
33 0.0253831202596
34 0.0101412050557
35 0.00834085239966
36 0.0142248399941
37 0.0102478431677
38 0.00380931789177
39 0.271775922182
40 0.00732926893417
41 0.0517818385714
42 0.00574131087416
43 0.00705902023848
44 0.0112532863313
45 0.00535936889636
46 0.00808122721417
47 0.00962689321171
48 0.0372813213623
49 0.0527653017433
50 0.0150836586886
51 0.00548368820822
52 0.0072340288045
53 0.00757152558369
54 0.0333985197561
55 0.0166028156068
56 0.033754158694
57 0.0124378847415
58 0.00701955196897
59 0.00969996059836
60 0.00723444236515
61 0.279575204795
62 0.00390717010887
63 0.0043202486502
