1 0.0733768170845
2 0.0148593674597
3 0.012582249823
4 0.0116952225317
5 0.0143941288736
6 0.00763156749312
7 0.0111862929497
8 0.0084885394993
9 0.0195825976083
10 0.00587634246313
11 0.0139819556834
12 0.0177806702261
13 0.0196073159019
14 0.197193095468
15 0.00684335784766
16 0.00538333845727
17 0.0214758047782
18 0.0112028237276
19 0.0129183294373
20 0.00497378166806
21 0.00383996109621
22 0.0129922302163
23 0.00479784302763
24 0.209678248512
25 0.036403317456
26 0.00432142435134
27 0.0158308156069
28 0.00766673892854
29 0.00901464246732
30 0.00789703085559
31 0.0144584153552
32 0.00904836714558
33 0.0179344898794
34 0.0112028237276
35 0.0313500926348
36 0.0146975270664
37 0.00674063235578
38 0.00646983379377
39 0.196601352788
40 0.00489372487796
41 0.0492988399392
42 0.00366131303872
43 0.00557433953103
44 0.013201123546
45 0.00959477780325
46 0.00621881179981
47 0.00868707045877
48 0.0263766645784
49 0.0373869755165
50 0.0154118498431
51 0.0083611989152
52 0.00792146370654
53 0.00937243383836
54 0.00824878849341
55 0.00800024109654
56 0.00879442983396
57 0.00564645644018
58 0.0104900762629
59 0.0134474434602
60 0.0121131001539
61 0.286927786618
62 0.00572449133218
63 0.00548392253663
